# Undirected graph (each unordered pair of nodes is saved once): output/networks/CelganasremoveRandom-60percent.txt
# Nodes: 1590 Edges: 1360
# NodeId	NodeId
2	446
3	446
7	2907
12	3822
14	2335
14	2549
14	2717
22	26
23	26
32	38
32	1145
36	38
36	39
38	39
49	2660
53	2934
74	589
94	446
99	279
104	3661
114	211
119	232
128	1921
134	135
135	211
143	2609
143	3471
152	153
161	809
164	2420
170	2416
170	3557
178	3763
180	3840
181	1542
197	3028
203	3585
207	2800
208	209
209	242
209	2579
209	2835
209	3861
211	3606
213	1791
214	1451
214	2426
223	2835
223	3421
231	1404
232	394
232	543
242	3465
246	2907
259	260
266	3613
270	2955
301	303
310	407
318	327
322	327
323	327
325	327
328	329
331	3854
346	2683
371	2112
372	2112
378	3357
382	384
383	384
383	1227
384	512
391	394
392	394
407	1277
411	1020
411	1779
411	3636
412	413
421	442
423	442
424	442
426	442
432	442
435	442
439	442
442	571
442	1114
442	2031
442	2156
442	2618
442	2736
442	3286
442	3466
443	1120
443	1930
449	785
455	805
456	785
456	787
457	785
458	785
458	787
460	787
461	787
461	1120
465	1347
469	1347
469	3465
470	805
474	787
475	787
475	1120
476	512
476	785
476	787
476	1120
477	1120
478	793
478	1120
478	2712
479	2712
481	2712
482	1120
484	785
484	787
484	1347
488	793
493	2712
496	785
501	513
501	785
501	787
501	805
501	1347
502	513
502	3852
503	513
503	1120
504	513
504	785
507	513
507	785
507	787
507	1120
509	785
511	512
511	513
511	785
511	787
511	805
511	1120
511	1347
512	642
512	1637
512	2549
513	649
513	957
513	1023
513	1286
513	2549
513	2930
515	782
518	782
518	805
521	1201
523	1201
527	772
529	772
539	782
542	772
542	787
542	2712
543	782
543	805
543	1201
543	3783
544	782
547	781
547	782
547	785
547	787
547	805
547	1201
550	781
555	1201
556	1201
558	781
558	787
558	1201
559	772
560	805
565	805
566	781
566	782
566	1201
567	805
571	1201
575	772
579	781
579	805
587	1201
589	782
589	805
589	1201
595	1201
596	805
598	772
602	1201
608	1201
612	772
617	772
617	781
617	805
619	1201
621	772
621	781
625	772
632	781
632	805
632	1174
632	1201
632	1537
639	772
640	782
640	2712
641	805
641	1201
642	1201
646	1201
647	772
649	785
649	787
649	805
649	1201
649	1347
658	772
659	781
661	1201
663	781
663	1201
665	805
668	781
668	782
668	805
670	781
670	1201
671	772
671	781
671	782
671	805
671	1201
672	772
672	781
672	787
672	805
672	1201
673	781
673	805
673	1201
676	787
680	1201
682	772
682	781
682	805
682	1201
685	782
690	1201
699	1201
701	781
702	782
706	1201
709	1201
711	781
711	782
714	781
714	1201
718	805
722	772
722	781
722	805
722	1201
723	782
723	805
727	781
727	782
727	805
727	1201
728	1201
732	781
739	781
739	805
746	781
747	1201
748	781
748	1201
752	772
752	781
752	782
752	787
752	805
752	1201
755	772
755	781
763	805
768	1201
769	782
771	772
772	864
772	957
772	1019
772	1095
772	1097
772	1617
772	1778
772	1827
772	2094
772	2133
772	2316
772	2403
772	2549
772	2566
772	2707
772	2712
772	2717
772	2905
772	3140
772	3161
772	3230
772	3239
772	3431
772	3489
772	3546
772	3705
772	3948
774	1201
780	1201
781	805
781	964
781	1019
781	1095
781	1097
781	1201
781	1343
781	1369
781	1600
781	1617
781	1778
781	2027
781	2094
781	2145
781	2316
781	2549
781	2712
781	2717
781	2952
781	2977
781	3140
781	3161
781	3239
781	3370
781	3431
781	3489
781	3585
781	3818
781	3842
781	3948
782	805
782	1095
782	1097
782	1212
782	1369
782	1757
782	2027
782	2316
782	2717
782	2832
782	2977
782	3140
782	3161
782	3239
782	3568
782	3577
782	3585
782	3842
782	3916
785	788
785	966
785	1023
785	1081
785	1637
785	2549
785	3500
787	788
787	957
787	1023
787	1081
787	1637
787	2316
787	2549
787	2566
787	2780
787	2982
788	1347
793	805
793	1145
793	2511
793	2930
803	1097
803	1611
803	2712
803	3407
805	829
805	969
805	1019
805	1081
805	1095
805	1097
805	1120
805	1201
805	1212
805	1532
805	1930
805	2094
805	2316
805	2549
805	2707
805	2712
805	2717
805	2905
805	2977
805	3140
805	3161
805	3239
805	3370
805	3431
805	3489
805	3492
805	3770
805	3840
805	3842
805	3948
805	3954
809	3341
815	1024
817	2707
818	2707
820	2707
823	2707
829	2707
830	2707
832	2707
835	2707
837	2707
840	2707
842	2707
844	2707
845	2707
850	2707
851	2707
852	2707
854	2707
857	2707
858	2707
859	2707
861	2707
862	2707
864	1201
864	2707
867	2707
871	2707
872	2707
874	2707
875	2707
876	2707
878	2707
880	2707
881	2707
892	2707
893	2707
895	2707
897	2707
900	2707
901	1201
901	2707
902	2707
903	2707
905	2707
911	2707
912	2707
915	2707
917	2707
919	2707
923	2707
924	2707
926	2707
929	2707
931	2707
932	2707
935	2707
936	2707
936	3178
937	2707
938	2707
939	2707
942	2707
944	2707
948	2707
949	2707
950	2707
952	2707
953	2707
955	2707
957	2707
961	2707
962	2707
964	1201
964	2707
966	2707
969	2707
970	2707
975	2707
976	2707
978	2707
979	2707
985	2707
986	2707
987	2707
989	2707
991	2707
992	2707
994	2707
995	2707
999	2707
1000	2707
1001	2707
1003	2707
1006	2707
1009	2707
1011	2707
1012	2707
1013	2707
1014	2707
1015	2707
1016	2707
1017	2707
1019	1201
1019	2707
1019	2835
1020	2707
1021	2707
1023	1120
1023	2707
1024	2707
1028	2707
1030	2707
1032	2707
1036	2707
1043	2707
1050	2707
1052	2707
1053	2707
1058	2707
1060	2707
1061	2707
1062	2707
1063	2707
1064	1779
1064	2707
1066	2707
1081	1201
1081	2707
1086	2707
1095	1201
1095	2707
1097	1201
1097	2707
1098	2707
1101	2707
1104	2707
1107	2707
1109	2707
1109	2800
1114	2707
1118	2707
1120	1201
1120	1930
1120	2707
1120	3403
1123	2707
1124	2707
1126	2707
1130	2707
1131	2707
1133	2707
1134	2707
1137	2707
1138	1347
1138	2707
1139	2707
1142	2707
1145	2707
1147	2707
1149	2707
1153	2707
1159	2707
1161	2707
1171	1172
1171	1848
1171	2614
1174	2712
1192	3902
1193	3752
1197	1201
1201	1348
1201	1369
1201	1757
1201	2027
1201	2094
1201	2145
1201	2437
1201	2549
1201	2712
1201	2717
1201	2832
1201	2905
1201	2977
1201	3161
1201	3239
1201	3370
1201	3431
1201	3443
1201	3489
1201	3577
1201	3585
1201	3773
1201	3818
1201	3948
1208	3019
1220	1594
1220	3353
1220	3568
1220	3801
1220	3937
1234	1852
1238	2192
1238	2348
1239	2707
1245	1248
1246	1248
1248	2012
1248	2326
1248	2663
1248	3693
1253	3362
1261	1262
1262	1636
1265	1267
1267	1267
1267	1843
1267	2251
1268	3028
1271	2151
1272	2151
1273	2151
1274	3019
1274	3828
1275	3559
1277	2707
1280	1282
1281	1282
1282	3066
1282	3431
1282	3444
1285	1286
1286	2873
1286	2954
1286	3353
1296	3346
1299	1301
1300	1301
1300	2707
1301	3748
1312	3346
1318	1319
1319	2827
1319	3402
1320	2707
1330	2707
1336	2707
1341	1735
1343	1735
1344	1735
1346	2311
1346	2800
1346	3019
1346	3608
1347	2116
1351	1357
1353	1357
1357	2446
1357	2755
1357	3075
1357	3142
1357	3705
1362	2706
1365	3756
1365	3828
1369	1921
1382	2707
1382	3046
1382	3801
1382	3948
1385	1386
1389	3002
1398	3809
1404	2707
1407	1409
1414	3588
1415	3588
1416	3588
1418	3588
1423	1921
1423	2292
1423	3156
1423	3948
1432	1434
1434	2437
1434	3484
1438	2495
1438	2735
1440	3103
1444	1445
1445	3853
1446	3756
1450	1451
1451	2707
1457	2403
1457	2707
1463	2403
1465	2403
1465	3528
1465	3828
1466	2403
1467	2403
1470	2403
1473	2403
1474	2403
1483	2403
1485	2403
1486	2403
1503	2043
1506	2305
1520	3722
1521	3840
1530	3948
1531	1532
1533	1537
1534	1537
1537	2039
1537	2707
1537	3087
1537	3577
1537	3933
1542	3028
1552	2707
1556	2908
1560	3321
1562	2707
1562	3484
1564	3009
1566	2707
1569	1575
1572	1575
1575	3948
1595	1735
1610	1611
1614	1616
1616	2952
1616	3722
1616	3809
1631	3465
1663	2403
1665	2707
1687	3028
1704	2707
1724	2707
1727	2707
1729	1730
1731	1945
1731	2898
1731	3869
1732	2898
1733	2898
1735	2043
1735	2220
1735	2528
1735	2639
1735	2800
1735	3762
1750	2978
1755	3147
1779	1791
1779	2707
1791	2707
1791	3661
1822	3789
1827	2030
1829	1830
1864	2707
1871	1932
1872	1873
1873	3346
1873	3705
1874	2403
1878	3913
1894	3500
1919	2707
1921	2707
1930	3403
1934	2707
1940	2800
1940	2835
1940	3028
1940	3163
1940	3642
1940	3695
1940	3828
1941	3948
1942	1946
1944	1946
1945	1946
1946	2623
1949	3403
1951	3403
1953	3403
1961	3403
1964	3403
1969	1969
1979	3403
1991	2020
1993	2020
1993	3403
1995	2020
1997	2020
1998	2020
2002	2020
2003	2020
2004	2020
2012	2020
2014	2020
2015	2020
2018	2020
2019	2020
2020	2536
2020	2539
2020	2639
2020	2930
2020	2993
2020	3088
2020	3094
2020	3175
2020	3403
2020	3407
2020	3483
2020	3490
2020	3491
2020	3570
2020	3592
2020	3608
2020	3648
2020	3687
2020	3695
2020	3761
2020	3893
2024	3471
2026	2707
2033	2227
2043	2800
2045	2047
2045	2049
2047	2049
2048	2049
2049	3140
2059	3443
2064	2068
2068	2326
2068	3286
2068	3948
2072	2322
2072	2707
2072	3150
2094	2907
2097	3948
2118	3403
2125	2707
2127	2128
2128	2633
2128	2819
2128	3471
2128	3559
2132	2629
2133	2629
2134	2146
2136	2146
2142	2146
2143	2146
2145	2146
2146	3676
2146	3861
2147	2148
2151	2154
2151	3516
2154	2154
2154	3828
2156	2707
2156	2710
2192	2378
2197	2200
2211	2707
2218	2219
2220	2221
2227	3299
2228	2403
2268	2427
2268	3321
2268	3403
2286	2707
2290	2291
2291	3346
2291	3948
2292	3049
2293	3049
2295	2297
2296	2297
2303	3046
2305	3489
2305	3927
2311	2316
2312	2316
2313	2316
2313	3028
2316	3161
2318	3892
2320	2322
2322	3156
2322	3913
2323	3853
2323	3948
2332	3948
2335	2707
2345	3028
2347	2348
2378	2555
2403	2407
2403	2536
2403	2608
2403	2864
2403	2993
2403	3257
2403	3431
2403	3661
2403	3722
2403	3748
2403	3761
2403	3789
2403	3828
2403	3863
2416	2707
2420	3451
2421	3705
2426	2644
2426	2819
2426	3023
2426	3347
2426	3948
2437	2446
2442	2443
2453	2707
2459	2707
2489	2490
2506	2507
2507	3773
2509	2511
2511	2712
2511	3289
2523	2633
2523	2908
2524	2525
2526	2539
2527	2539
2528	2539
2530	2539
2530	2710
2532	2539
2533	2539
2536	2539
2539	2662
2539	3353
2539	3490
2539	3500
2539	3668
2539	3756
2539	3761
2543	2549
2546	2549
2547	2549
2548	2549
2549	2780
2579	2707
2609	3403
2609	3613
2614	3237
2616	3809
2618	2707
2618	3582
2618	3853
2619	2620
2636	3403
2644	2707
2644	2831
2646	2707
2646	3948
2655	2707
2657	3937
2662	2663
2666	2668
2667	2668
2668	3828
2681	2686
2683	2686
2683	2707
2684	2686
2685	2686
2689	2690
2690	2707
2696	2698
2697	2698
2698	3362
2700	2702
2702	2905
2702	3453
2703	3357
2707	2717
2707	2780
2707	2805
2707	2859
2707	2907
2707	2908
2707	2952
2707	2982
2707	3163
2707	3210
2707	3230
2707	3352
2707	3357
2707	3412
2707	3418
2707	3431
2707	3451
2707	3455
2707	3498
2707	3500
2707	3542
2707	3568
2707	3590
2707	3594
2707	3700
2707	3711
2707	3842
2707	3847
2707	3894
2707	3937
2710	3066
2712	2930
2717	2930
2717	3205
2717	3210
2717	3453
2717	3582
2717	3735
2717	3756
2723	2724
2730	2731
2735	2739
2736	2739
2737	2739
2738	2739
2739	3210
2739	3705
2739	3756
2740	3606
2741	3606
2742	2910
2742	3353
2742	3557
2742	3606
2742	3948
2744	3606
2745	3606
2746	3606
2747	3606
2751	2752
2755	3451
2755	3562
2762	2764
2785	2786
2800	2802
2800	2819
2802	3484
2804	2805
2819	2831
2819	3341
2819	3403
2819	3613
2819	3949
2831	2832
2840	3866
2871	2977
2871	3606
2873	2875
2886	3425
2902	3883
2903	3591
2905	3591
2906	3591
2907	2907
2907	3591
2908	3591
2910	3591
2911	3591
2913	3591
2914	3591
2917	3175
2917	3705
2923	2934
2926	2934
2930	2934
2931	2934
2934	3175
2934	3204
2934	3215
2934	3483
2934	3485
2934	3490
2934	3500
2934	3559
2934	3582
2934	3698
2934	3705
2934	3756
2934	3948
2939	2940
2940	3645
2944	2945
2945	3756
2952	3402
2952	3484
2954	2955
2971	2971
2972	2982
2977	2982
2978	2982
2978	3321
2981	2982
2982	3418
2982	3429
2982	3529
2982	3948
2988	3698
2991	3705
2993	2994
2993	3403
3002	3012
3004	3012
3005	3012
3009	3012
3011	3012
3012	3156
3012	3592
3012	3608
3012	3924
3012	3925
3012	3927
3014	3756
3014	3863
3014	3948
3017	3018
3017	3403
3019	3020
3019	3588
3019	3701
3021	3046
3028	3853
3028	3913
3033	3034
3045	3403
3046	3402
3049	3050
3050	3484
3052	3058
3054	3058
3059	3061
3062	3063
3075	3680
3076	3680
3079	3680
3080	3680
3081	3680
3084	3893
3094	3095
3103	3924
3135	3137
3140	3538
3150	3531
3150	3597
3161	3588
3163	3163
3175	3491
3175	3606
3176	3948
3178	3179
3201	3248
3202	3248
3203	3248
3203	3705
3204	3248
3205	3248
3206	3248
3209	3248
3210	3248
3215	3248
3216	3248
3223	3248
3224	3248
3225	3248
3230	3248
3233	3248
3237	3248
3239	3248
3248	3485
3248	3559
3248	3582
3248	3648
3248	3756
3266	3272
3272	3568
3277	3729
3286	3289
3287	3289
3289	3347
3289	3948
3310	3948
3321	3687
3333	3403
3346	3349
3347	3349
3349	3608
3349	3948
3352	3357
3352	3949
3353	3357
3353	3591
3362	3403
3362	3828
3367	3369
3377	3380
3379	3380
3396	3397
3399	3948
3403	3405
3403	3407
3403	3471
3403	3483
3403	3648
3403	3695
3403	3748
3403	3761
3403	3877
3412	3421
3416	3421
3418	3421
3421	3421
3421	3425
3421	3429
3421	3516
3421	3528
3424	3424
3429	3745
3434	3661
3443	3773
3450	3948
3453	3455
3464	3468
3465	3468
3465	3948
3466	3468
3466	3817
3468	3763
3490	3591
3490	3763
3521	3705
3538	3773
3559	3562
3561	3562
3575	3586
3577	3586
3581	3586
3582	3582
3582	3586
3582	3606
3585	3586
3588	3590
3588	3676
3588	3948
3591	3761
3591	3822
3606	3680
3606	3695
3627	3686
3627	3948
3632	3636
3636	3948
3637	3640
3638	3640
3639	3640
3661	3883
3676	3680
3695	3695
3698	3701
3700	3701
3701	3948
3751	3752
3755	3763
3756	3763
3758	3763
3761	3763
3762	3763
3763	3768
3765	3768
3768	3866
3769	3772
3770	3772
3773	3777
3776	3777
3777	3948
3843	3844
3861	3878
3863	3878
3866	3878
3869	3878
3870	3878
3874	3878
3875	3878
3877	3878
3878	3937
3878	3948
3880	3883
3906	3907
