# Undirected graph (each unordered pair of nodes is saved once): output/networks/CelganasremoveCentrality-10percent.txt
# Nodes: 3560 Edges: 1800
# NodeId	NodeId
2	446
3	446
5	2195
7	13
8	9
10	280
12	3822
13	14
14	2335
14	3427
15	16
16	809
16	2674
16	2747
17	692
18	692
19	692
20	692
21	791
22	26
23	26
23	812
24	812
25	26
25	412
27	2629
27	3658
28	38
29	2013
30	38
30	1215
30	1810
32	38
32	1145
36	38
36	39
37	38
38	39
41	44
42	44
43	44
44	354
45	1227
46	1663
47	2909
48	2396
49	2660
50	81
51	81
52	53
53	80
53	83
53	87
53	3238
54	55
55	1431
57	81
74	81
74	589
80	81
81	83
81	379
81	590
81	670
81	1431
81	1695
81	3182
81	3186
81	3242
81	3822
91	2614
92	1899
93	284
94	446
95	669
95	1488
96	279
96	284
96	411
96	669
96	1488
97	1819
98	280
99	279
102	2609
102	3405
103	2491
107	669
107	1588
110	232
110	2912
111	1072
114	211
117	2456
119	232
120	394
121	3465
122	2840
123	2485
124	2485
126	2485
127	3324
128	1921
131	132
132	170
133	460
133	1593
133	2562
136	137
140	2842
141	2257
142	143
143	2609
143	3471
144	2408
145	288
148	232
148	1895
148	2303
149	1580
149	2844
150	151
151	3332
152	153
154	3280
155	3283
156	2863
161	809
163	214
164	2420
164	3657
165	166
165	1080
169	3800
170	2416
170	3557
172	1427
175	3545
176	3366
176	3854
178	3428
180	3840
181	1542
182	1084
188	189
189	2098
189	2496
189	2760
189	2804
190	3126
192	193
194	195
196	1954
196	2472
196	3184
198	406
201	3268
202	227
202	3268
208	209
209	242
209	3861
210	2303
210	3156
214	1202
214	1451
217	1895
218	543
219	221
221	2350
224	1616
225	1616
227	228
231	1404
232	233
232	394
232	543
232	2457
233	2350
234	2472
234	3427
235	1048
236	237
240	3301
241	3822
242	3465
243	244
244	245
252	252
253	1815
254	2980
254	3844
255	256
257	816
257	1686
259	260
259	806
261	262
262	1690
263	267
264	267
265	267
266	267
268	269
269	2584
270	2955
273	274
275	502
276	374
278	1488
278	3067
279	669
279	1488
280	669
280	1488
284	286
284	519
285	286
287	2863
287	2866
288	2863
289	2863
289	2866
290	2863
290	2866
291	1033
291	2863
291	2866
292	2104
293	294
293	1115
294	1115
294	1278
294	3331
294	3849
297	300
298	300
299	300
301	303
304	309
305	309
306	309
307	309
308	309
309	3453
310	407
311	2365
312	313
312	2365
314	1826
315	316
315	370
316	370
316	446
316	512
317	379
318	327
319	327
320	327
321	327
322	327
323	327
324	327
325	327
326	327
328	329
330	331
331	3854
333	3394
334	3479
335	1851
336	512
336	2597
337	3838
338	3838
339	342
339	3838
342	343
342	1082
342	3838
343	3838
345	2153
346	2683
349	801
350	876
351	352
353	979
353	2698
355	356
355	1819
355	3040
356	1394
356	2703
356	2709
356	2793
357	359
358	360
359	360
360	1082
360	2051
360	3541
361	362
363	2652
364	365
366	2414
366	3678
367	2414
367	3678
368	1488
368	2909
369	445
370	446
371	2112
372	2112
373	2374
374	3674
374	3683
375	3674
375	3683
376	3674
376	3683
377	3674
377	3683
379	3822
380	405
380	1616
382	384
383	384
383	1227
384	512
385	386
387	390
389	390
391	394
392	394
393	394
395	2502
395	3598
396	3186
401	2836
402	1186
403	793
404	405
406	3414
407	1277
407	3414
408	3414
409	2303
409	2831
409	3414
409	3818
410	887
411	669
411	1020
411	1779
411	3636
412	413
412	3691
414	415
414	791
416	3274
417	3274
443	1930
446	795
447	744
447	2457
448	568
449	785
456	785
457	785
458	785
469	3465
472	785
473	785
476	512
476	785
478	793
478	3274
480	793
483	2106
484	785
484	2106
485	2106
488	793
494	657
494	713
494	785
496	785
499	2106
501	513
501	657
501	713
501	785
501	789
501	2106
502	513
502	3852
503	513
504	513
504	785
505	785
507	513
507	785
507	2106
508	512
508	785
508	789
509	785
511	512
511	513
511	689
511	785
511	789
512	642
512	773
512	1637
513	649
513	689
513	773
513	888
513	894
513	957
513	1023
513	1286
519	1152
543	3783
547	785
585	1176
632	1174
632	2502
632	3598
636	3818
649	657
649	713
649	785
649	2106
657	688
657	1559
676	2106
684	809
689	1106
692	1184
692	2374
692	3902
713	1559
716	785
748	2485
773	785
773	2106
785	788
785	909
785	966
785	1023
785	1068
785	1551
785	1637
785	1970
785	2106
785	2241
785	3519
786	793
788	789
789	1637
793	1145
793	2330
793	3449
794	3274
795	3274
797	798
797	804
798	804
800	802
800	803
801	803
801	1475
801	1611
802	803
803	1611
803	2106
803	3407
806	808
806	885
809	3341
810	812
811	812
813	814
815	1024
866	1320
866	2229
936	3178
1020	1331
1033	2866
1047	1819
1058	2315
1064	1779
1069	1819
1080	2018
1082	3838
1106	2106
1118	3414
1152	1488
1171	1172
1171	1848
1171	2614
1171	3411
1172	2621
1172	3411
1173	1174
1174	3274
1174	3719
1176	2018
1183	1186
1192	3902
1202	2077
1202	2144
1203	1205
1204	1205
1205	2077
1205	2144
1210	1211
1211	2134
1215	1810
1218	1220
1219	1220
1220	1594
1220	1597
1220	3801
1224	1225
1225	3769
1225	3770
1225	3771
1234	1852
1234	3795
1235	1431
1237	1238
1238	2192
1238	2348
1239	2170
1239	2172
1239	2359
1239	2651
1239	3395
1240	1241
1242	1431
1242	2265
1243	1248
1244	1248
1245	1248
1246	1248
1247	1248
1247	2170
1247	2172
1248	2012
1248	2326
1248	2663
1248	3572
1248	3693
1248	3709
1249	1821
1250	1251
1251	1341
1251	3359
1252	2030
1254	3443
1255	2266
1258	1260
1259	1260
1260	1540
1261	1262
1262	1491
1262	1636
1262	1977
1264	1267
1265	1267
1266	1267
1267	1267
1267	1843
1267	2251
1269	2003
1275	3330
1275	3559
1276	1292
1276	2732
1277	3414
1283	1284
1285	1286
1286	2873
1286	2954
1286	3744
1287	3577
1292	2229
1292	3330
1297	1298
1298	2022
1298	2162
1299	1301
1300	1301
1300	3510
1301	2664
1301	3748
1302	3382
1303	1984
1304	1652
1305	1306
1306	2542
1307	1309
1308	1309
1309	1445
1309	3558
1310	1311
1311	2195
1317	1319
1318	1319
1319	2182
1319	2827
1319	3398
1319	3402
1320	1323
1321	1323
1322	1323
1323	3413
1323	3414
1323	3425
1324	3363
1325	1932
1328	2689
1329	3679
1358	2188
1362	2706
1363	1365
1364	1365
1365	2315
1369	1921
1370	2178
1371	1373
1372	1373
1373	2297
1373	3859
1375	1376
1376	3748
1379	1380
1383	1595
1383	2670
1384	3572
1385	1386
1389	3002
1394	1395
1395	2762
1396	1397
1397	3391
1398	3106
1398	3809
1399	1401
1400	1401
1402	2569
1402	3414
1404	3051
1405	3051
1406	3413
1407	1409
1408	1409
1410	1755
1411	1755
1412	1755
1419	3702
1424	1425
1426	1429
1427	1429
1428	1429
1429	2122
1430	3697
1431	1743
1432	1434
1433	1434
1434	2437
1435	1438
1436	1438
1437	1438
1438	2445
1438	2495
1438	2735
1438	2899
1440	3103
1441	1442
1442	3344
1443	1445
1444	1445
1445	2975
1447	1452
1447	1941
1447	3267
1448	1449
1450	1451
1452	1453
1454	3394
1455	2340
1465	3528
1488	1779
1488	3636
1489	1490
1490	3709
1497	1498
1498	3321
1498	3858
1499	1501
1500	1501
1501	3139
1502	1503
1504	2305
1505	2305
1506	2305
1507	2305
1513	1514
1515	1517
1516	1517
1517	2633
1517	3177
1518	1519
1519	1892
1520	3722
1521	3840
1522	1523
1524	1528
1525	1528
1526	1528
1527	1528
1528	2989
1528	3352
1528	3748
1529	2519
1531	1532
1532	2476
1538	1543
1539	1543
1540	1543
1541	1543
1543	2777
1543	3858
1547	1548
1548	2781
1548	3016
1549	1550
1551	1552
1553	1554
1554	3029
1557	1558
1558	3267
1559	3321
1560	3321
1561	2573
1563	3177
1564	2836
1564	3009
1565	1566
1567	2747
1568	1575
1569	1575
1570	1575
1571	1575
1572	1575
1573	1575
1574	1575
1577	1578
1579	2416
1580	1582
1581	1582
1582	2150
1582	2891
1584	1585
1587	2541
1595	2732
1603	2847
1610	1611
1612	1616
1613	1616
1614	1616
1615	1616
1616	1764
1616	2315
1616	2372
1616	3722
1616	3809
1616	3848
1631	3465
1632	2485
1634	2485
1634	2831
1655	3321
1663	3427
1663	3428
1683	1685
1684	1685
1685	1988
1685	2139
1685	2321
1685	2706
1685	2964
1685	3368
1685	3394
1686	3676
1714	1721
1715	1721
1716	1721
1717	1721
1718	1721
1719	1721
1720	1721
1721	2124
1722	3215
1722	3221
1722	3584
1723	3149
1724	3149
1725	3149
1726	3149
1727	1728
1731	1945
1731	2898
1732	2898
1733	2898
1734	3871
1740	1741
1742	1746
1743	1746
1744	1746
1745	1746
1746	2268
1747	1750
1748	1750
1749	1750
1750	2978
1751	2409
1752	2409
1753	3554
1755	3147
1762	3883
1769	1770
1770	2276
1786	3149
1787	1790
1788	1790
1789	1790
1793	3821
1794	2203
1795	2627
1802	1804
1803	1804
1804	2190
1804	2292
1808	1809
1809	2687
1809	3809
1810	1812
1811	1812
1812	3470
1814	1815
1815	2734
1815	3226
1816	1818
1817	1818
1819	1820
1819	2444
1822	3789
1825	1826
1827	2030
1828	1828
1828	1860
1828	2024
1829	1830
1832	3471
1833	1834
1834	3528
1841	2898
1869	1870
1871	1932
1872	1873
1874	1875
1875	2578
1878	2630
1895	1895
1895	1950
1895	2491
1896	2614
1896	3411
1899	3258
1910	2364
1910	3660
1912	1913
1914	1915
1916	1916
1917	2268
1918	2268
1919	2880
1920	2880
1921	2880
1922	2880
1923	1924
1925	1926
1925	2045
1934	1935
1936	1937
1938	2978
1942	1946
1943	1946
1944	1946
1945	1946
1946	2623
1946	2818
1946	3737
1969	1969
1970	1971
1984	1985
1984	2947
2022	2468
2024	3471
2025	3471
2026	2464
2028	2464
2033	2227
2045	2047
2053	2054
2058	3443
2059	3443
2060	2061
2070	3665
2071	2995
2072	2322
2072	3150
2073	2077
2074	2077
2075	2077
2076	2077
2077	2734
2098	2099
2099	3016
2099	3858
2100	2101
2103	3684
2104	2305
2106	2486
2110	2111
2110	2292
2110	2973
2124	2125
2126	2764
2126	3893
2129	2130
2130	3554
2131	2629
2131	3779
2132	2629
2133	2629
2134	2146
2135	2146
2136	2146
2137	2146
2138	2146
2139	2146
2140	2146
2141	2146
2142	2146
2143	2146
2144	2146
2145	2146
2146	3016
2146	3676
2146	3736
2146	3775
2146	3861
2147	2148
2149	2404
2150	2404
2152	3356
2153	2614
2155	2710
2156	2710
2159	2573
2161	2670
2161	2702
2162	2165
2163	2165
2164	2165
2165	2844
2165	2851
2165	3063
2180	3331
2181	2183
2182	2183
2183	3398
2186	2187
2187	2595
2188	2191
2189	2191
2189	2902
2190	2191
2191	2737
2192	2378
2192	3849
2193	3849
2194	3849
2195	3849
2196	3849
2197	2200
2198	2200
2199	2200
2201	3343
2201	3402
2201	3687
2206	2208
2207	2208
2208	3143
2209	3424
2210	2214
2211	2214
2212	2214
2213	2214
2214	3402
2214	3861
2215	2217
2216	2217
2218	2219
2220	2221
2222	2223
2224	2225
2226	2229
2227	2229
2227	3299
2228	2229
2229	3440
2230	2233
2231	2233
2232	2233
2233	2778
2234	2603
2235	2682
2268	2427
2268	3321
2290	2291
2292	3049
2293	3049
2294	3049
2295	2297
2296	2297
2299	3809
2300	2301
2301	3660
2303	2562
2304	2578
2305	2578
2308	2309
2309	2894
2309	3146
2310	3029
2318	3892
2319	3892
2320	2322
2322	3156
2334	2335
2337	2694
2338	3770
2339	2342
2340	2342
2341	2342
2343	2344
2347	2348
2349	3676
2364	2365
2365	3517
2365	3660
2366	2396
2367	2396
2368	2396
2369	2396
2370	2396
2370	3779
2371	2396
2372	2396
2373	2396
2374	2396
2374	3212
2375	2396
2376	2396
2377	2396
2378	2396
2378	2408
2378	2555
2379	2396
2380	2396
2381	2396
2382	2396
2383	2396
2384	2396
2385	2396
2386	2396
2387	2396
2388	2396
2389	2396
2390	2396
2391	2396
2392	2396
2393	2396
2394	2396
2395	2396
2396	3742
2397	2591
2397	3514
2398	2399
2399	3267
2401	2402
2404	2407
2405	2407
2406	2407
2407	2963
2409	2410
2409	3903
2420	2485
2420	3451
2422	2423
2427	2430
2428	2430
2429	2430
2430	2512
2430	3826
2431	2432
2432	2842
2433	2434
2437	2446
2438	2441
2439	2441
2440	2441
2442	2443
2444	3744
2445	2447
2446	2447
2446	2578
2449	2456
2450	2456
2451	2456
2452	2456
2453	2456
2454	2456
2455	2456
2455	2578
2456	3169
2456	3525
2457	2459
2458	2459
2460	2461
2461	3010
2462	2669
2464	2464
2464	2541
2464	3132
2464	3858
2466	2469
2466	2863
2466	2866
2467	2469
2468	2469
2468	2730
2468	3080
2468	3679
2469	2584
2471	2473
2472	2473
2472	2831
2473	3453
2473	3838
2474	2476
2475	2476
2477	2478
2479	3158
2480	3216
2480	3711
2481	2731
2482	2486
2483	2486
2484	2486
2485	2486
2485	3067
2485	3691
2486	2635
2486	3486
2487	2490
2488	2490
2489	2490
2490	3166
2491	2492
2491	2609
2493	3795
2494	2495
2501	2502
2502	3274
2502	3598
2503	3183
2506	2507
2509	3275
2512	2515
2513	2515
2514	2515
2515	3814
2516	2517
2524	2525
2528	3275
2530	2710
2540	2541
2543	2866
2550	2553
2551	2553
2552	2553
2553	3840
2555	2557
2555	2961
2556	2557
2557	2961
2557	3149
2558	2559
2562	2563
2564	3270
2565	2566
2567	2839
2573	3126
2578	3655
2597	2598
2598	2939
2599	3082
2614	2621
2614	3237
2616	3809
2621	3411
2629	3779
2650	2652
2651	2652
2651	3283
2652	2656
2653	2654
2654	3394
2656	2657
2658	2661
2659	2661
2660	2661
2661	2950
2661	3194
2662	2663
2664	2668
2665	2668
2666	2668
2667	2668
2669	3330
2670	2672
2671	2672
2672	3809
2673	3017
2674	2675
2676	2677
2678	2679
2681	2686
2682	2686
2683	2686
2683	3134
2684	2686
2685	2686
2687	2688
2688	2823
2689	2690
2691	2692
2693	2698
2694	2698
2695	2698
2696	2698
2697	2698
2700	2702
2701	2702
2702	2876
2702	2905
2702	3453
2702	3510
2703	2709
2704	2709
2705	2709
2706	2709
2708	2709
2709	3069
2709	3321
2710	2711
2710	3764
2711	2923
2713	2714
2713	3394
2718	2722
2719	2722
2720	2722
2721	2722
2723	2724
2726	3826
2728	2729
2730	2731
2731	3679
2732	2733
2734	2739
2735	2739
2736	2739
2737	2739
2738	2739
2739	3226
2748	3267
2749	2750
2750	3750
2751	2752
2753	2753
2753	2754
2755	2758
2755	3451
2756	2758
2757	2758
2758	3218
2759	2781
2762	2764
2765	2767
2766	2767
2767	3684
2768	2773
2769	2773
2770	2773
2771	2773
2771	3849
2772	2773
2785	2786
2787	3150
2788	3150
2793	2796
2794	2796
2795	2796
2804	2805
2808	2809
2811	2814
2812	2814
2813	2814
2815	2863
2815	2866
2817	2818
2830	2832
2831	2832
2836	2841
2837	2841
2838	2841
2839	2841
2840	2841
2841	2894
2841	3226
2843	2844
2845	2846
2847	2848
2848	3838
2849	2850
2851	2852
2853	2854
2855	2856
2857	2858
2858	3074
2858	3139
2860	2867
2861	2867
2862	2867
2863	2867
2864	2867
2865	2867
2866	2866
2866	2867
2867	2993
2867	3091
2868	2870
2869	2870
2871	2872
2871	2977
2873	2875
2874	2875
2876	2877
2877	3458
2878	2879
2880	2999
2880	3858
2880	3949
2885	2886
2886	3425
2887	2889
2888	2889
2892	2893
2894	2895
2896	2897
2898	2899
2899	2968
2900	2902
2901	2902
2902	3883
2916	2917
2917	3744
2918	2919
2921	2922
2938	3469
2939	2940
2940	3645
2941	2945
2942	2945
2943	2945
2944	2945
2947	3494
2947	3673
2953	2955
2954	2955
2957	3660
2958	2959
2960	2968
2961	2968
2962	2968
2963	2968
2964	2968
2965	2968
2966	2968
2967	2968
2968	3471
2968	3893
2969	2970
2970	3528
2971	2971
2978	3321
2978	3326
2983	2985
2984	2985
2984	3040
2987	2988
2988	3698
2989	2990
2990	3352
2990	3706
2993	2994
2995	2996
2997	2998
3000	3001
3013	3014
3014	3863
3015	3018
3016	3018
3017	3018
3029	3030
3029	3146
3029	3781
3031	3032
3032	3082
3033	3034
3035	3036
3037	3040
3038	3040
3039	3040
3042	3044
3043	3044
3049	3050
3051	3058
3052	3058
3054	3058
3055	3058
3056	3058
3057	3058
3059	3061
3060	3061
3062	3063
3065	3067
3067	3774
3068	3072
3069	3072
3070	3072
3071	3072
3073	3267
3074	3680
3075	3680
3076	3680
3077	3680
3078	3680
3079	3680
3080	3680
3081	3680
3082	3115
3084	3893
3085	3086
3087	3090
3088	3090
3089	3090
3093	3095
3094	3095
3101	3637
3126	3127
3131	3317
3132	3137
3133	3137
3134	3137
3135	3137
3136	3137
3139	3140
3140	3538
3141	3145
3142	3145
3143	3145
3144	3145
3146	3147
3146	3196
3149	3149
3149	3309
3150	3301
3150	3309
3150	3531
3150	3597
3151	3153
3154	3771
3155	3771
3156	3771
3158	3160
3164	3165
3172	3173
3178	3179
3180	3187
3181	3187
3182	3187
3183	3187
3184	3187
3185	3187
3186	3187
3188	3189
3190	3191
3249	3892
3250	3264
3251	3264
3252	3264
3253	3264
3254	3264
3254	3579
3255	3264
3256	3264
3257	3264
3258	3264
3259	3264
3260	3264
3261	3264
3262	3264
3263	3264
3264	3592
3264	3596
3264	3709
3264	3710
3265	3722
3266	3272
3267	3272
3268	3272
3269	3272
3270	3272
3273	3277
3274	3277
3274	3598
3275	3277
3276	3277
3277	3729
3278	3280
3279	3280
3281	3283
3282	3283
3283	3417
3290	3291
3292	3293
3295	3400
3296	3297
3309	3597
3311	3320
3312	3320
3313	3320
3314	3320
3315	3320
3316	3320
3317	3320
3318	3320
3319	3320
3320	3550
3321	3323
3321	3497
3321	3687
3322	3323
3324	3325
3326	3327
3330	3330
3330	3713
3331	3498
3331	3510
3331	3517
3331	3713
3332	3332
3332	3713
3340	3342
3341	3342
3342	3451
3343	3344
3351	3411
3352	3949
3359	3361
3360	3361
3363	3365
3364	3365
3366	3369
3367	3369
3368	3369
3370	3775
3372	3373
3374	3376
3375	3376
3377	3380
3378	3380
3379	3380
3381	3385
3382	3385
3383	3385
3384	3385
3386	3388
3387	3388
3391	3393
3391	3470
3392	3393
3394	3397
3395	3397
3396	3397
3398	3399
3400	3401
3402	3408
3405	3408
3406	3408
3407	3408
3410	3411
3411	3596
3413	3414
3414	3629
3422	3423
3424	3424
3425	3426
3427	3428
3430	3432
3433	3437
3434	3437
3435	3437
3436	3437
3437	3877
3438	3442
3439	3442
3440	3442
3442	3730
3442	3736
3443	3449
3444	3449
3445	3449
3446	3449
3451	3452
3453	3455
3454	3455
3456	3457
3458	3459
3502	3632
3503	3505
3504	3505
3521	3724
3521	3749
3523	3526
3524	3526
3525	3526
3527	3527
3541	3543
3542	3543
3543	3811
3543	3953
3564	3571
3565	3571
3566	3571
3569	3571
3570	3571
3572	3572
3573	3574
3575	3586
3576	3586
3577	3586
3578	3586
3579	3586
3580	3586
3581	3586
3583	3586
3584	3586
3587	3590
3589	3590
3592	3593
3594	3598
3595	3598
3596	3598
3597	3598
3614	3621
3615	3621
3616	3621
3617	3621
3618	3621
3619	3621
3620	3621
3622	3623
3630	3631
3632	3636
3633	3636
3634	3636
3637	3640
3638	3640
3639	3640
3657	3658
3658	3779
3659	3660
3671	3672
3673	3683
3674	3683
3675	3680
3675	3683
3676	3680
3676	3683
3677	3683
3678	3683
3679	3680
3679	3683
3680	3681
3680	3683
3681	3683
3682	3683
3683	3722
3689	3694
3690	3694
3691	3694
3692	3694
3693	3694
3694	3694
3697	3701
3698	3701
3699	3701
3700	3701
3713	3713
3717	3718
3744	3892
3769	3771
3769	3772
3770	3771
3770	3772
3770	3953
3771	3772
3774	3777
3775	3777
3776	3777
3779	3780
3781	3784
3783	3784
3785	3805
3786	3805
3788	3805
3789	3805
3790	3805
3791	3805
3792	3805
3793	3805
3794	3805
3795	3805
3796	3805
3797	3805
3798	3805
3799	3805
3800	3805
3801	3805
3802	3805
3803	3805
3804	3805
3806	3808
3807	3808
3809	3810
3811	3812
3820	3823
3821	3823
3822	3823
3824	3825
3835	3836
3837	3838
3838	3855
3839	3840
3843	3844
3848	3851
3849	3851
3852	3855
3854	3855
3858	3859
3880	3883
3881	3883
3882	3883
3906	3907
3909	3910
3949	3951
3950	3951
3953	3954
