# Undirected graph (each unordered pair of nodes is saved once): output/networks/CelganasremoveCentrality-5percent.txt
# Nodes: 3757 Edges: 3106
# NodeId	NodeId
2	446
3	446
5	2195
7	13
7	3243
7	3850
8	9
10	280
11	1191
12	3822
13	14
14	2335
14	3427
15	16
16	809
16	1187
16	2674
16	2747
17	692
18	692
19	692
20	692
21	791
22	26
23	26
23	812
24	812
25	26
25	412
27	2629
27	3658
28	38
29	2013
30	38
30	1215
30	1810
32	38
32	1145
36	38
36	39
37	38
38	39
41	44
42	44
42	2160
43	44
43	2160
44	354
44	2160
44	3023
45	1227
46	1663
47	2909
48	2396
49	2660
50	81
51	81
52	53
53	80
53	83
53	87
53	3238
54	55
55	1431
56	73
57	73
57	81
58	73
59	73
60	73
61	73
62	73
63	73
64	73
65	73
66	73
67	73
68	73
69	73
70	73
71	73
72	73
73	74
73	76
73	78
73	80
73	83
73	306
73	1109
73	1315
73	1431
73	1879
73	1894
73	1895
73	1896
73	2042
73	2066
73	2160
73	2268
73	2621
73	2799
73	2833
73	3238
73	3242
73	3554
73	3708
73	3761
73	3822
73	3826
74	81
74	589
80	81
81	83
81	379
81	590
81	670
81	1431
81	1695
81	2160
81	3182
81	3186
81	3242
81	3822
82	90
83	90
84	90
85	90
86	90
87	90
88	90
89	90
90	201
90	510
90	1828
90	1903
90	2160
90	2944
90	3242
90	3425
90	3481
90	3731
91	2614
92	1899
93	284
94	446
95	669
95	1488
96	279
96	284
96	411
96	669
96	1488
97	1819
98	280
99	279
100	3661
102	2609
102	3405
103	2491
104	3661
107	669
107	1588
110	232
110	2912
111	1072
114	211
114	212
117	2456
119	232
120	394
121	3465
122	2840
123	2485
124	2485
126	2485
127	3324
128	1921
129	3159
129	3540
129	3754
129	3862
131	132
132	170
133	460
133	1593
133	2562
134	135
135	211
135	2406
135	3914
135	3929
135	3942
136	137
138	3028
140	2842
141	2257
142	143
142	3754
143	2609
143	3471
144	2408
145	288
146	3516
147	199
148	232
148	1895
148	2303
148	3152
149	1580
149	2844
149	3028
150	151
151	3332
152	153
154	3280
155	3283
156	2863
160	161
160	212
160	1361
160	1432
160	2378
160	3023
160	3754
161	809
163	214
164	2420
164	3657
165	166
165	1080
167	3028
168	3476
169	3800
170	2416
170	3557
171	3562
172	1427
175	3545
176	3366
176	3854
178	3428
178	3763
180	3840
181	1542
182	1084
186	212
187	3028
188	189
189	2098
189	2496
189	2760
189	2804
190	3126
192	193
193	3028
194	195
196	1954
196	2472
196	3184
197	3028
198	406
199	2528
199	2769
199	3023
199	3417
199	3562
199	3613
201	3268
202	227
202	3268
205	212
208	209
209	242
209	2835
209	3159
209	3861
210	2062
210	2303
210	3156
211	2062
212	460
212	1427
212	2062
212	2303
214	1202
214	1451
215	3429
217	1895
218	543
219	221
221	2350
223	2835
224	1616
225	1616
227	228
229	3562
231	1404
232	233
232	394
232	543
232	2363
232	2457
233	2350
233	3028
234	2472
234	3427
235	1048
236	237
240	3301
241	3822
242	2929
242	3465
243	244
244	245
249	277
250	277
251	277
252	252
253	1815
254	2980
254	3844
255	256
257	816
257	1686
259	260
259	806
261	262
262	1690
263	267
264	267
265	267
266	267
266	3613
268	269
269	2584
270	2955
271	277
273	274
275	502
276	374
277	1991
277	2012
277	2095
277	3046
277	3175
277	3537
277	3710
277	3769
278	1488
278	3067
279	669
279	1488
280	669
280	1488
281	3028
284	286
284	519
285	286
287	2863
287	2866
288	2863
289	2863
289	2866
290	2863
290	2866
291	1033
291	2863
291	2866
292	2104
293	294
293	1115
294	1115
294	1278
294	3331
294	3849
297	300
298	300
299	300
301	303
304	309
305	309
306	309
307	309
308	309
309	3453
310	407
311	2365
312	313
312	2365
314	1826
314	3336
315	316
315	370
316	370
316	446
316	512
316	2810
317	379
318	327
319	327
320	327
321	327
322	327
323	327
324	327
325	327
326	327
328	329
330	331
331	3854
333	3394
334	3479
335	1851
336	512
336	2597
337	3838
338	3027
338	3838
339	342
339	3027
339	3838
340	3027
341	3027
342	343
342	1082
342	3838
343	3027
343	3838
344	3712
345	2153
346	2683
349	801
350	876
351	352
353	979
353	2698
354	2160
355	356
355	1819
355	3040
356	1394
356	2703
356	2709
356	2793
357	359
358	360
359	360
360	1082
360	2051
360	3541
361	362
363	2652
364	365
366	2414
366	3678
367	2414
367	3678
368	1488
368	2909
369	445
370	446
370	2810
371	2112
372	2112
373	2374
374	3674
374	3683
375	3674
375	3683
376	3674
376	3683
377	3674
377	3683
379	3822
380	405
380	1616
382	384
383	384
383	1227
384	512
385	386
387	390
389	390
391	394
392	394
393	394
395	2502
395	3598
396	3186
399	3866
401	2836
402	1186
403	793
404	405
406	3041
406	3414
407	1277
407	3414
408	3414
408	3862
409	2303
409	2831
409	3414
409	3818
410	887
411	669
411	1020
411	1779
411	3636
412	413
412	3691
414	415
414	791
416	3274
417	3274
418	442
419	442
420	442
421	442
422	442
423	442
424	442
425	442
426	442
427	442
428	442
429	442
430	442
431	442
432	442
433	442
434	442
435	442
436	442
437	442
438	442
439	442
440	442
441	442
442	571
442	610
442	737
442	816
442	1051
442	1114
442	1793
442	2031
442	2156
442	2388
442	2434
442	2736
442	2921
442	2947
442	2963
442	3286
442	3308
442	3466
442	3872
443	1930
446	795
446	2810
447	744
447	2457
448	568
449	785
453	1347
456	785
457	785
458	785
462	1347
463	1347
464	1347
465	1347
466	1347
467	1347
468	1347
469	1347
469	3465
472	785
473	785
476	512
476	785
478	793
478	3274
480	793
482	3601
483	2106
484	785
484	1347
484	2106
485	2106
488	793
491	1347
494	657
494	713
494	785
496	785
499	2106
501	513
501	657
501	713
501	785
501	789
501	1347
501	2106
502	513
502	3852
503	513
504	513
504	785
505	785
507	513
507	785
507	2106
508	512
508	785
508	789
509	785
511	512
511	513
511	689
511	785
511	789
511	1347
512	642
512	773
512	1637
512	3243
513	649
513	689
513	773
513	888
513	894
513	957
513	1023
513	1286
513	3243
519	1152
543	3783
547	785
547	3601
585	1176
632	1174
632	2502
632	3598
636	3818
642	3601
649	657
649	713
649	785
649	1347
649	2106
657	688
657	1559
676	2106
684	809
689	1106
692	1184
692	2374
692	3429
692	3902
713	1559
716	785
748	2485
773	785
773	2106
785	788
785	909
785	966
785	1023
785	1068
785	1551
785	1637
785	1970
785	2106
785	2241
785	3048
785	3243
785	3519
786	793
788	789
788	1347
789	1637
789	3601
793	1145
793	2330
793	2511
793	3449
794	3274
795	2511
795	3274
797	798
797	804
798	804
800	802
800	803
801	803
801	1475
801	1611
802	803
803	1611
803	2106
803	3407
806	808
806	885
807	3712
808	3712
809	3341
810	812
811	812
813	814
815	1024
866	1320
866	2229
936	3178
1020	1331
1033	2866
1047	1819
1058	2315
1064	1779
1069	1819
1080	2018
1082	3027
1082	3838
1105	1361
1106	2106
1118	3414
1138	1347
1152	1488
1171	1172
1171	1848
1171	2614
1171	3411
1172	2621
1172	2937
1172	3411
1173	1174
1174	3274
1174	3719
1175	1186
1175	3752
1175	3918
1176	2018
1178	2038
1179	2038
1183	1186
1184	2065
1185	2065
1186	1187
1186	2065
1187	2192
1187	2437
1187	3942
1190	1191
1191	1433
1191	2038
1191	2339
1191	3174
1191	3645
1191	3752
1191	3912
1191	3922
1191	3936
1192	3130
1192	3336
1192	3902
1193	3752
1202	2077
1202	2144
1202	3667
1203	1205
1203	3667
1203	3768
1204	1205
1204	3768
1205	2077
1205	2144
1205	3667
1205	3768
1206	3667
1206	3768
1208	3019
1209	3019
1210	1211
1211	2134
1212	3540
1213	3540
1214	3540
1215	1810
1216	1217
1217	1730
1217	2043
1217	2573
1217	2923
1217	3175
1217	3337
1217	3487
1217	3862
1217	3922
1218	1220
1219	1220
1220	1594
1220	1597
1220	3353
1220	3801
1224	1225
1225	3769
1225	3770
1225	3771
1234	1852
1234	3795
1235	1236
1235	1431
1235	2065
1236	2591
1236	2619
1236	3159
1236	3556
1236	3684
1236	3811
1237	1238
1238	2192
1238	2348
1239	2170
1239	2172
1239	2359
1239	2651
1239	3395
1240	1241
1241	2065
1242	1431
1242	2265
1243	1248
1244	1248
1245	1248
1246	1248
1247	1248
1247	2170
1247	2172
1248	2012
1248	2326
1248	2663
1248	3572
1248	3693
1248	3709
1249	1821
1250	1251
1251	1341
1251	3359
1252	2030
1253	3362
1254	3443
1255	2266
1258	1260
1259	1260
1260	1540
1261	1262
1262	1491
1262	1636
1262	1977
1264	1267
1265	1267
1266	1267
1267	1267
1267	1843
1267	2065
1267	2251
1268	3028
1269	2003
1270	2151
1271	2151
1272	2151
1273	2151
1274	1334
1274	2508
1274	3019
1274	3470
1274	3828
1275	3330
1275	3559
1275	3604
1276	1292
1276	2732
1277	3414
1277	3506
1278	3912
1279	3912
1280	1282
1281	1282
1282	3066
1282	3116
1282	3444
1282	3628
1283	1284
1284	3041
1285	1286
1286	2873
1286	2954
1286	3353
1286	3744
1287	3577
1292	2062
1292	2229
1292	3330
1292	3613
1296	3346
1297	1298
1298	2022
1298	2162
1299	1301
1300	1301
1300	3510
1301	2664
1301	3064
1301	3748
1302	3382
1303	1984
1304	1652
1305	1306
1306	2542
1307	1309
1308	1309
1309	1445
1309	3023
1309	3558
1310	1311
1311	2195
1312	3346
1317	1319
1318	1319
1319	2182
1319	2827
1319	3398
1319	3402
1320	1323
1321	1323
1322	1323
1323	3413
1323	3414
1323	3425
1324	3363
1325	1932
1326	3601
1327	3601
1328	2689
1329	3679
1330	1337
1331	1337
1332	1337
1334	1337
1335	1337
1336	1337
1336	2080
1336	3267
1337	2742
1337	2822
1337	3064
1337	3116
1337	3556
1337	3817
1337	3934
1339	1735
1340	1735
1341	1735
1342	1735
1343	1735
1344	1735
1345	1346
1346	2204
1346	2311
1346	3019
1346	3449
1346	3478
1346	3608
1347	1349
1347	2116
1347	3048
1347	3138
1347	3243
1348	1349
1349	2935
1349	3914
1349	3922
1349	3926
1349	3936
1349	3946
1350	1357
1351	1357
1352	1357
1352	3601
1353	1357
1354	1357
1355	1357
1356	1357
1357	1725
1357	1816
1357	2088
1357	2157
1357	2446
1357	2755
1357	3051
1357	3075
1357	3142
1357	3218
1357	3723
1358	2188
1359	1381
1360	1381
1361	1381
1361	1453
1361	2062
1362	2706
1363	1365
1364	1365
1365	2315
1365	3828
1366	1367
1367	3023
1367	3046
1367	3721
1369	1921
1370	2178
1371	1373
1372	1373
1373	2297
1373	3116
1373	3429
1373	3859
1375	1376
1376	3748
1379	1380
1379	3712
1381	2308
1381	2842
1381	2915
1381	3066
1381	3850
1383	1595
1383	2670
1384	3572
1385	1386
1387	1393
1388	1393
1389	1393
1389	3002
1390	1393
1391	1393
1392	1393
1393	3180
1393	3412
1393	3613
1393	3833
1393	3889
1393	3926
1394	1395
1394	2160
1394	3712
1395	2762
1396	1397
1397	3391
1398	3106
1398	3809
1399	1401
1400	1401
1401	3628
1402	2569
1402	3414
1404	3051
1405	3051
1406	3413
1407	1409
1408	1409
1410	1755
1411	1755
1412	1755
1414	3588
1415	3588
1416	3588
1417	3588
1418	3588
1419	3702
1424	1425
1426	1429
1427	1429
1428	1429
1429	2122
1430	3697
1431	1743
1432	1434
1433	1434
1434	2437
1434	3484
1435	1438
1436	1438
1437	1438
1438	2445
1438	2495
1438	2735
1438	2899
1440	3103
1441	1442
1442	3344
1443	1445
1444	1445
1445	2975
1445	3853
1447	1452
1447	1941
1447	3267
1448	1449
1450	1451
1452	1453
1454	3394
1455	2340
1455	3626
1465	3528
1465	3828
1488	1779
1488	3636
1489	1490
1490	3709
1490	3930
1491	3879
1492	3879
1493	3879
1494	3879
1495	3879
1496	3879
1497	1498
1498	3321
1498	3858
1499	1501
1500	1501
1501	3139
1502	1503
1503	2043
1504	2305
1505	2305
1506	2305
1507	2305
1508	1509
1509	2781
1509	2810
1509	3828
1509	3894
1510	3626
1513	1514
1515	1517
1516	1517
1517	2633
1517	3177
1517	3516
1517	3556
1518	1519
1519	1892
1519	3482
1520	3722
1521	3840
1522	1523
1524	1528
1525	1528
1525	3023
1525	3152
1526	1528
1527	1528
1528	2989
1528	3352
1528	3748
1529	2519
1531	1532
1532	2476
1538	1543
1539	1543
1540	1543
1541	1543
1542	3028
1543	2777
1543	3858
1547	1548
1548	2781
1548	3016
1549	1550
1551	1552
1553	1554
1554	3029
1555	1556
1556	2319
1556	2908
1556	3461
1556	3914
1556	3922
1556	3942
1556	3943
1557	1558
1558	3267
1559	3321
1560	3321
1561	2573
1562	3484
1562	3604
1563	3177
1564	2836
1564	3009
1564	3918
1565	1566
1567	2747
1568	1575
1569	1575
1570	1575
1571	1575
1572	1575
1573	1575
1574	1575
1576	2158
1577	1578
1578	2822
1579	2416
1580	1582
1581	1582
1582	2150
1582	2891
1582	3019
1584	1585
1587	2541
1595	1735
1595	2732
1603	2847
1610	1611
1612	1616
1613	1616
1614	1616
1615	1616
1616	1764
1616	2315
1616	2372
1616	3722
1616	3809
1616	3848
1631	3465
1632	2485
1634	2485
1634	2831
1655	3321
1658	3588
1663	3427
1663	3428
1683	1685
1684	1685
1685	1988
1685	2139
1685	2321
1685	2706
1685	2964
1685	3152
1685	3368
1685	3394
1686	3676
1687	3028
1714	1721
1715	1721
1716	1721
1717	1721
1718	1721
1719	1721
1720	1721
1721	2124
1721	3116
1722	3215
1722	3221
1722	3584
1722	3850
1723	3149
1724	3149
1725	3149
1726	3149
1727	1728
1729	1730
1730	3520
1731	1945
1731	2898
1731	3869
1732	2898
1733	2898
1734	3871
1735	1739
1735	1817
1735	2010
1735	2043
1735	2220
1735	2331
1735	2528
1735	2600
1735	2639
1735	3356
1735	3762
1735	3824
1736	1739
1737	1739
1738	1739
1739	2843
1739	3137
1739	3410
1739	3484
1739	3869
1740	1741
1742	1746
1743	1746
1743	3347
1744	1746
1745	1746
1746	2268
1746	3353
1747	1750
1748	1750
1749	1750
1750	2978
1751	2409
1752	2409
1753	3554
1754	2107
1755	2107
1755	3147
1756	2107
1757	2107
1758	2107
1759	2107
1760	2107
1761	2107
1762	3879
1762	3883
1769	1770
1770	2276
1776	3562
1786	3149
1787	1790
1788	1790
1789	1790
1792	3661
1792	3773
1793	3821
1794	2203
1794	3613
1795	2627
1802	1804
1803	1804
1804	2190
1804	2292
1804	3626
1807	2806
1808	1809
1809	2687
1809	3600
1809	3809
1810	1812
1811	1812
1812	3470
1813	3556
1814	1815
1815	2734
1815	3226
1816	1818
1817	1818
1819	1820
1819	2444
1822	3789
1824	3518
1824	3828
1825	1826
1826	3667
1827	2030
1828	1828
1828	1860
1828	2024
1829	1830
1831	3828
1832	3471
1833	1834
1834	3528
1841	2898
1844	3754
1866	3019
1869	1870
1871	1932
1872	1873
1873	3346
1874	1875
1875	2578
1876	1877
1877	2627
1877	2954
1877	3019
1877	3066
1877	3485
1877	3773
1877	3862
1878	2630
1878	3913
1895	1895
1895	1950
1895	2491
1896	2614
1896	3411
1899	3258
1910	2364
1910	3660
1912	1913
1914	1915
1916	1916
1917	2268
1918	2268
1919	2880
1920	2880
1921	2880
1922	2880
1923	1924
1925	1926
1925	2045
1927	1933
1928	1933
1929	1933
1930	1933
1931	1933
1932	1933
1933	2687
1933	3237
1933	3518
1933	3600
1933	3809
1934	1935
1936	1937
1938	2978
1938	3353
1939	1940
1940	2835
1940	2878
1940	3028
1940	3163
1940	3518
1940	3533
1940	3695
1940	3828
1942	1946
1943	1946
1944	1946
1945	1946
1946	2623
1946	2818
1946	3737
1969	1969
1970	1971
1972	1983
1973	1983
1974	1983
1975	1983
1976	1983
1977	1983
1978	1983
1979	1983
1980	1983
1981	1983
1982	1983
1983	2910
1983	2912
1983	3261
1983	3646
1983	3853
1983	3927
1983	3930
1984	1985
1984	2947
2022	2468
2023	2043
2024	3471
2025	3471
2026	2464
2026	3138
2028	2464
2029	2032
2030	2032
2031	2032
2032	2175
2032	2639
2032	2678
2032	2779
2032	3754
2032	3880
2033	2227
2034	3731
2035	3731
2036	3731
2037	3731
2038	3731
2038	3748
2038	3749
2038	3751
2038	3752
2038	3766
2038	3912
2038	3914
2038	3918
2038	3942
2039	3731
2040	3731
2041	3731
2042	3731
2043	3731
2044	3731
2045	2047
2045	2049
2045	3116
2046	2049
2047	2049
2048	2049
2049	3140
2049	3626
2049	3930
2050	3695
2051	3866
2053	2054
2056	2057
2057	3028
2057	3773
2058	3443
2059	3443
2060	2061
2062	2068
2062	3862
2063	2068
2064	2068
2065	2068
2065	2706
2065	3429
2065	3902
2066	2068
2067	2068
2068	2326
2068	3232
2068	3286
2068	3664
2068	3781
2069	3889
2070	3665
2071	2995
2072	2322
2072	3150
2073	2077
2074	2077
2075	2077
2076	2077
2077	2734
2077	3667
2077	3768
2078	2096
2078	3731
2079	2096
2080	2096
2080	3028
2081	2096
2082	2096
2083	2096
2084	2096
2085	2096
2086	2096
2087	2096
2088	2096
2089	2096
2090	2096
2091	2096
2092	2096
2093	2096
2094	2096
2095	2096
2096	2311
2096	2458
2096	2595
2096	2647
2096	2662
2096	2779
2096	3131
2096	3303
2096	3528
2096	3570
2096	3888
2098	2099
2099	3016
2099	3353
2099	3858
2100	2101
2101	3518
2102	2833
2103	3684
2104	2105
2104	2305
2105	3085
2105	3608
2105	3889
2105	3895
2106	2486
2106	3243
2107	2108
2107	2137
2107	2446
2107	2747
2107	2871
2107	3146
2107	3163
2107	3556
2107	3751
2107	3896
2110	2111
2110	2292
2110	2973
2110	3913
2124	2125
2126	2764
2126	3893
2129	2130
2130	3554
2131	2629
2131	3779
2132	2629
2133	2629
2134	2146
2135	2146
2136	2146
2137	2146
2138	2146
2139	2146
2140	2146
2141	2146
2142	2146
2143	2146
2144	2146
2144	3768
2145	2146
2146	3016
2146	3676
2146	3736
2146	3775
2146	3861
2147	2148
2148	3482
2149	2404
2150	2404
2151	2154
2151	3356
2151	3516
2151	3904
2152	2154
2152	3356
2153	2154
2153	2614
2154	2154
2154	2753
2154	2778
2154	3482
2154	3754
2154	3775
2154	3828
2155	2710
2156	2710
2157	2158
2158	2929
2158	3023
2158	3028
2158	3499
2158	3628
2158	3674
2159	2573
2160	2161
2160	3023
2160	3186
2161	2670
2161	2702
2162	2165
2163	2165
2164	2165
2165	2844
2165	2851
2165	3063
2165	3754
2166	3926
2167	3926
2168	3926
2169	3926
2170	3926
2171	3926
2172	3926
2173	3926
2174	3926
2175	3926
2176	3926
2177	3926
2178	2179
2179	2484
2179	3347
2179	3761
2180	3331
2181	2183
2182	2183
2183	3398
2184	3925
2185	3626
2186	2187
2187	2595
2188	2191
2189	2191
2189	2902
2189	3879
2190	2191
2191	2737
2191	3023
2192	2378
2192	3849
2193	3849
2194	3849
2195	3849
2196	3849
2197	2200
2198	2200
2199	2200
2201	3343
2201	3402
2201	3687
2205	3064
2206	2208
2207	2208
2208	3143
2209	3424
2209	3556
2210	2214
2211	2214
2212	2214
2213	2214
2214	3402
2214	3613
2214	3861
2215	2217
2216	2217
2217	3518
2218	2219
2220	2221
2222	2223
2224	2225
2226	2229
2227	2229
2227	3299
2228	2229
2229	3440
2229	3484
2230	2233
2231	2233
2232	2233
2233	2778
2234	2603
2235	2682
2236	3048
2237	3048
2238	3048
2239	3048
2240	3048
2241	3048
2242	3048
2243	3048
2244	3048
2245	3048
2246	3048
2247	3048
2248	3048
2268	2427
2268	3321
2290	2291
2291	3346
2292	3049
2293	3049
2294	3049
2295	2297
2296	2297
2299	3809
2300	2301
2301	3660
2302	3046
2303	2562
2303	3046
2304	2578
2305	2578
2305	3927
2308	2309
2309	2894
2309	3146
2310	3029
2313	3028
2317	2363
2318	3892
2319	3892
2320	2322
2322	3156
2322	3604
2322	3913
2323	3853
2324	2331
2325	2331
2325	3879
2326	2331
2327	2331
2328	2331
2329	2331
2330	2331
2331	3710
2331	3879
2334	2335
2336	2742
2337	2694
2338	3770
2339	2342
2340	2342
2341	2342
2343	2344
2345	3028
2345	3336
2346	2833
2347	2348
2349	3676
2350	2363
2351	2363
2352	2363
2353	2363
2354	2363
2355	2363
2356	2363
2357	2363
2358	2363
2359	2363
2360	2363
2361	2363
2362	2363
2363	2458
2363	2477
2363	2944
2363	2960
2363	3666
2363	3720
2363	3840
2363	3906
2363	3923
2364	2365
2365	3517
2365	3660
2366	2396
2367	2396
2368	2396
2369	2396
2370	2396
2370	3779
2371	2396
2372	2396
2373	2396
2374	2396
2374	3212
2375	2396
2376	2396
2377	2396
2378	2396
2378	2408
2378	2555
2379	2396
2380	2396
2381	2396
2382	2396
2383	2396
2384	2396
2385	2396
2386	2396
2387	2396
2388	2396
2389	2396
2390	2396
2391	2396
2392	2396
2393	2396
2394	2396
2395	2396
2396	3742
2397	2591
2397	3514
2397	3922
2398	2399
2399	3267
2401	2402
2404	2407
2405	2407
2406	2407
2407	2963
2409	2410
2409	3903
2416	3556
2420	2485
2420	3451
2422	2423
2427	2430
2428	2430
2429	2430
2430	2512
2430	3826
2431	2432
2432	2842
2433	2434
2437	2446
2438	2441
2439	2441
2440	2441
2442	2443
2444	3744
2444	3926
2445	2447
2446	2447
2446	2578
2448	3850
2449	2456
2450	2456
2451	2456
2452	2456
2453	2456
2454	2456
2455	2456
2455	2578
2456	3169
2456	3525
2457	2459
2458	2459
2460	2461
2461	3010
2462	2669
2464	2464
2464	2541
2464	3132
2464	3858
2466	2469
2466	2863
2466	2866
2467	2469
2468	2469
2468	2730
2468	3080
2468	3679
2469	2584
2469	3626
2470	3346
2471	2473
2472	2473
2472	2831
2473	3453
2473	3838
2474	2476
2475	2476
2477	2478
2479	3158
2480	3066
2480	3216
2480	3711
2481	2731
2482	2486
2483	2486
2484	2486
2484	3048
2485	2486
2485	3067
2485	3691
2486	2635
2486	3116
2486	3486
2487	2490
2488	2490
2489	2490
2490	3166
2491	2492
2491	2609
2493	3795
2494	2495
2501	2502
2502	3274
2502	3598
2503	3183
2506	2507
2507	3773
2508	2511
2509	2511
2509	3275
2510	2511
2511	3289
2511	3895
2512	2515
2513	2515
2514	2515
2515	3814
2516	2517
2518	3163
2519	2523
2520	2523
2521	2523
2522	2523
2523	2633
2523	2908
2523	3231
2523	3922
2523	3942
2524	2525
2528	3275
2530	2710
2540	2541
2541	3346
2541	3626
2543	2866
2550	2553
2551	2553
2552	2553
2553	3840
2554	2756
2554	3040
2554	3090
2554	3485
2554	3506
2554	3761
2554	3781
2555	2557
2555	2961
2556	2557
2557	2961
2557	3149
2558	2559
2559	3520
2562	2563
2564	3270
2565	2566
2567	2839
2573	3126
2573	3759
2578	3655
2584	2806
2589	3506
2597	2598
2598	2939
2599	3082
2600	2915
2609	3613
2614	2621
2614	3237
2616	3809
2619	2620
2620	3041
2620	3518
2620	3936
2620	3945
2620	3946
2621	3411
2626	3362
2627	3850
2629	3779
2639	3926
2649	3853
2650	2652
2651	2652
2651	3283
2651	3661
2651	3923
2652	2656
2652	3028
2653	2654
2654	3394
2656	2657
2658	2661
2659	2661
2660	2661
2661	2950
2661	3194
2662	2663
2664	2668
2665	2668
2666	2668
2667	2668
2668	3828
2669	3330
2670	2672
2671	2672
2672	3809
2673	3017
2674	2675
2674	3731
2676	2677
2678	2679
2680	3064
2681	2686
2682	2686
2683	2686
2683	3134
2684	2686
2685	2686
2687	2688
2688	2823
2689	2690
2691	2692
2693	2698
2694	2698
2695	2698
2696	2698
2697	2698
2698	3116
2698	3362
2700	2702
2701	2702
2702	2876
2702	2905
2702	3453
2702	3510
2703	2709
2704	2709
2705	2709
2706	2709
2708	2709
2709	3069
2709	3321
2710	2711
2710	3066
2710	3764
2711	2923
2713	2714
2713	3394
2716	3773
2718	2722
2719	2722
2720	2722
2721	2722
2723	2724
2723	3879
2724	3923
2726	3826
2727	3175
2728	2729
2730	2731
2731	3679
2732	2733
2734	2739
2735	2739
2736	2739
2737	2739
2738	2739
2739	3226
2739	3850
2740	3731
2742	2910
2742	3353
2742	3557
2743	3588
2744	3601
2748	3267
2749	2750
2750	3750
2751	2752
2753	2753
2753	2754
2755	2758
2755	3451
2755	3562
2756	2758
2757	2758
2758	3218
2759	2781
2760	2761
2761	3353
2761	3912
2761	3921
2761	3927
2761	3936
2761	3942
2762	2764
2765	2767
2766	2767
2767	3684
2768	2773
2769	2773
2770	2773
2771	2773
2771	3849
2772	2773
2773	3562
2785	2786
2787	3150
2788	3150
2789	2792
2790	2792
2791	2792
2792	2833
2792	2915
2792	3182
2792	3518
2792	3922
2793	2796
2794	2796
2795	2796
2798	2802
2799	2802
2801	2802
2802	3484
2802	3934
2804	2805
2806	2807
2806	3175
2806	3347
2806	3712
2808	2809
2809	3759
2810	3175
2810	3346
2810	3405
2811	2814
2812	2814
2813	2814
2814	3347
2814	3895
2815	2863
2815	2866
2817	2818
2820	2824
2821	2824
2822	2824
2823	2824
2824	3347
2824	3362
2824	3516
2824	3518
2824	3687
2825	3362
2825	3695
2826	3064
2830	2832
2831	2832
2831	3448
2833	2834
2834	2925
2834	3175
2834	3215
2834	3273
2834	3334
2834	3484
2834	3789
2835	2841
2835	3667
2836	2841
2837	2841
2838	2841
2839	2841
2840	2841
2840	3866
2841	2894
2841	3226
2843	2844
2845	2846
2847	2848
2847	3773
2848	3838
2849	2850
2851	2852
2853	2854
2855	2856
2857	2858
2858	3074
2858	3139
2858	3601
2860	2867
2861	2867
2862	2867
2863	2867
2864	2867
2865	2867
2866	2866
2866	2867
2867	2993
2867	3091
2868	2870
2869	2870
2871	2872
2871	2977
2873	2875
2874	2875
2876	2877
2877	3458
2878	2879
2880	2999
2880	3448
2880	3858
2880	3949
2881	3448
2885	2886
2886	3159
2886	3425
2887	2889
2888	2889
2891	3028
2892	2893
2894	2895
2896	2897
2898	2899
2899	2968
2900	2902
2901	2902
2902	3883
2903	3591
2905	3591
2906	3591
2908	3591
2909	3591
2910	3591
2911	3591
2912	3591
2913	3591
2914	3591
2915	2917
2916	2917
2917	3175
2917	3744
2918	2919
2921	2922
2929	3028
2935	2937
2936	2937
2937	3410
2937	3429
2937	3930
2938	3469
2939	2940
2940	3645
2941	2945
2942	2945
2943	2945
2944	2945
2947	3494
2947	3673
2953	2955
2954	2955
2956	3346
2957	3660
2958	2959
2960	2968
2961	2968
2962	2968
2963	2968
2964	2968
2965	2968
2966	2968
2967	2968
2968	3471
2968	3893
2969	2970
2970	3528
2971	2971
2978	3321
2978	3326
2983	2985
2984	2985
2984	3040
2987	2988
2988	3698
2989	2990
2990	3352
2990	3706
2993	2994
2995	2996
2995	3347
2997	2998
2999	3476
3000	3001
3013	3014
3014	3863
3015	3018
3016	3018
3017	3018
3019	3020
3019	3536
3019	3588
3019	3701
3021	3046
3021	3064
3022	3027
3023	3027
3024	3027
3025	3027
3026	3027
3027	3809
3027	3838
3027	3855
3027	3930
3028	3030
3028	3078
3028	3126
3028	3317
3028	3759
3028	3853
3028	3913
3029	3030
3029	3146
3029	3604
3029	3781
3031	3032
3032	3082
3033	3034
3035	3036
3037	3040
3038	3040
3039	3040
3040	3761
3041	3664
3042	3044
3043	3044
3046	3114
3046	3144
3046	3398
3046	3402
3046	3719
3048	3050
3048	3194
3048	3601
3048	3695
3049	3050
3050	3484
3051	3058
3052	3058
3054	3058
3055	3058
3056	3058
3057	3058
3059	3061
3060	3061
3062	3063
3064	3067
3065	3067
3066	3067
3067	3774
3068	3072
3069	3072
3069	3731
3070	3072
3071	3072
3073	3267
3074	3680
3075	3680
3076	3680
3077	3680
3078	3680
3079	3680
3080	3680
3081	3680
3082	3115
3083	3484
3084	3335
3084	3336
3084	3893
3085	3086
3087	3090
3088	3090
3089	3090
3093	3095
3094	3095
3096	3669
3097	3669
3098	3669
3099	3669
3100	3669
3101	3637
3101	3669
3102	3669
3103	3669
3103	3924
3104	3669
3105	3669
3106	3669
3107	3669
3108	3588
3108	3669
3109	3669
3110	3669
3111	3669
3112	3669
3113	3669
3114	3669
3115	3669
3116	3669
3117	3669
3118	3669
3119	3669
3120	3669
3121	3669
3122	3669
3123	3669
3124	3669
3125	3669
3126	3127
3128	3130
3129	3130
3130	3336
3130	3540
3130	3543
3130	3754
3130	3762
3130	3848
3131	3317
3131	3448
3132	3137
3132	3138
3133	3137
3134	3137
3135	3137
3136	3137
3137	3476
3138	3140
3138	3410
3138	3661
3139	3140
3140	3538
3141	3145
3142	3145
3143	3145
3143	3731
3144	3145
3145	3773
3146	3147
3146	3196
3149	3149
3149	3309
3150	3301
3150	3309
3150	3531
3150	3597
3151	3153
3152	3153
3152	3402
3152	3562
3154	3771
3155	3771
3156	3771
3158	3160
3159	3160
3159	3671
3160	3347
3162	3773
3163	3163
3163	3165
3164	3165
3165	3751
3172	3173
3174	3175
3175	3482
3175	3491
3175	3666
3177	3537
3177	3669
3178	3179
3180	3187
3181	3187
3181	3924
3182	3187
3183	3187
3184	3187
3185	3187
3186	3187
3188	3189
3190	3191
3207	3731
3243	3601
3249	3892
3250	3264
3251	3264
3252	3264
3252	3626
3253	3264
3254	3264
3254	3579
3255	3264
3256	3264
3257	3264
3258	3264
3259	3264
3260	3264
3261	3264
3262	3264
3263	3264
3264	3506
3264	3592
3264	3596
3264	3709
3264	3710
3265	3722
3266	3272
3267	3272
3268	3272
3269	3272
3270	3272
3273	3277
3274	3277
3274	3598
3275	3277
3276	3277
3277	3729
3277	3943
3278	3280
3279	3280
3281	3283
3282	3283
3283	3417
3284	3289
3285	3289
3286	3289
3287	3289
3287	3731
3288	3289
3289	3347
3289	3646
3289	3655
3290	3291
3292	3293
3295	3400
3296	3297
3298	3300
3299	3300
3300	3664
3300	3679
3300	3682
3300	3751
3301	3308
3302	3308
3303	3308
3304	3308
3306	3308
3307	3308
3308	3412
3308	3506
3308	3520
3308	3664
3309	3597
3311	3320
3312	3320
3313	3320
3314	3320
3315	3320
3316	3320
3317	3320
3318	3320
3319	3320
3320	3550
3321	3323
3321	3497
3321	3687
3322	3323
3324	3325
3326	3327
3330	3330
3330	3713
3331	3498
3331	3510
3331	3517
3331	3713
3332	3332
3332	3713
3333	3336
3334	3889
3335	3335
3335	3336
3335	3540
3335	3608
3336	3336
3336	3482
3337	3482
3340	3342
3341	3342
3342	3451
3343	3344
3344	3346
3344	3626
3345	3349
3346	3349
3346	3669
3347	3349
3347	3540
3347	3879
3348	3349
3349	3608
3351	3411
3352	3949
3353	3591
3355	3926
3359	3361
3360	3361
3362	3713
3362	3828
3363	3365
3364	3365
3366	3369
3367	3369
3368	3369
3370	3775
3372	3373
3374	3376
3375	3376
3377	3380
3378	3380
3379	3380
3381	3385
3382	3385
3383	3385
3384	3385
3386	3388
3387	3388
3391	3393
3391	3470
3392	3393
3394	3397
3395	3397
3396	3397
3398	3399
3400	3401
3402	3408
3405	3408
3406	3408
3407	3408
3410	3411
3411	3596
3413	3414
3414	3629
3422	3423
3424	3424
3425	3426
3427	3428
3428	3731
3429	3432
3429	3745
3430	3432
3432	3828
3433	3437
3434	3437
3434	3661
3434	3923
3435	3437
3436	3437
3437	3877
3438	3442
3439	3442
3440	3442
3442	3730
3442	3736
3443	3449
3443	3773
3444	3449
3445	3449
3446	3449
3448	3449
3448	3664
3451	3452
3453	3455
3454	3455
3456	3457
3458	3459
3461	3462
3462	3922
3462	3936
3462	3942
3464	3468
3464	3754
3465	3468
3466	3468
3466	3518
3466	3817
3467	3468
3468	3763
3469	3476
3470	3476
3471	3476
3473	3476
3474	3476
3475	3476
3476	3608
3482	3540
3490	3591
3490	3763
3502	3632
3503	3505
3504	3505
3507	3520
3508	3520
3509	3520
3510	3520
3511	3520
3512	3520
3513	3520
3514	3520
3515	3520
3516	3520
3517	3520
3517	3562
3518	3520
3519	3520
3520	3671
3520	3895
3521	3724
3521	3749
3523	3526
3524	3526
3525	3526
3526	3828
3527	3527
3528	3536
3529	3536
3530	3536
3531	3536
3532	3536
3533	3536
3534	3536
3535	3536
3536	3712
3536	3828
3536	3923
3537	3537
3537	3538
3537	3684
3537	3850
3538	3773
3540	3540
3540	3543
3541	3543
3542	3543
3543	3811
3543	3953
3556	3557
3558	3562
3559	3562
3560	3562
3561	3562
3564	3571
3565	3571
3566	3571
3569	3571
3570	3571
3572	3572
3573	3574
3575	3586
3576	3586
3577	3586
3578	3586
3579	3586
3580	3586
3581	3586
3583	3586
3584	3586
3586	3850
3587	3590
3588	3590
3588	3626
3588	3676
3589	3590
3591	3761
3591	3822
3591	3944
3592	3593
3594	3598
3595	3598
3596	3598
3597	3598
3599	3612
3600	3612
3601	3612
3601	3628
3601	3717
3601	3735
3602	3612
3603	3612
3604	3612
3605	3612
3607	3612
3608	3612
3608	3771
3608	3926
3610	3612
3611	3612
3612	3626
3612	3754
3612	3869
3612	3934
3613	3621
3614	3621
3615	3621
3616	3621
3617	3621
3618	3621
3619	3621
3620	3621
3622	3623
3625	3627
3626	3627
3627	3686
3627	3754
3628	3629
3630	3631
3632	3636
3633	3636
3634	3636
3637	3640
3638	3640
3639	3640
3657	3658
3658	3779
3659	3660
3661	3663
3661	3883
3661	3923
3664	3664
3664	3665
3665	3666
3666	3670
3667	3670
3667	3768
3667	3889
3668	3670
3669	3670
3669	3752
3671	3672
3673	3683
3674	3683
3675	3680
3675	3683
3676	3680
3676	3683
3677	3683
3678	3683
3679	3680
3679	3683
3680	3681
3680	3683
3681	3683
3682	3683
3683	3722
3689	3694
3690	3694
3691	3694
3692	3694
3693	3694
3694	3694
3694	3850
3695	3695
3695	3696
3697	3701
3698	3701
3699	3701
3700	3701
3712	3849
3713	3713
3717	3718
3724	3731
3731	3749
3731	3751
3731	3752
3731	3914
3731	3918
3731	3942
3744	3892
3751	3752
3752	3912
3752	3942
3754	3763
3755	3763
3758	3763
3759	3763
3760	3763
3761	3763
3762	3763
3763	3768
3763	3862
3764	3768
3765	3768
3766	3768
3768	3866
3769	3771
3769	3772
3770	3771
3770	3772
3770	3953
3771	3772
3773	3777
3774	3777
3775	3777
3776	3777
3779	3780
3781	3784
3783	3784
3785	3805
3786	3805
3788	3805
3789	3805
3790	3805
3791	3805
3792	3805
3793	3805
3794	3805
3795	3805
3796	3805
3797	3805
3798	3805
3799	3805
3800	3805
3801	3805
3802	3805
3803	3805
3804	3805
3805	3912
3806	3808
3807	3808
3809	3810
3811	3812
3813	3945
3814	3945
3815	3945
3816	3945
3817	3945
3818	3945
3819	3945
3820	3823
3821	3823
3822	3823
3824	3825
3835	3836
3837	3838
3838	3855
3839	3840
3843	3844
3848	3851
3849	3851
3850	3851
3852	3855
3853	3855
3854	3855
3858	3859
3866	3926
3879	3883
3880	3883
3881	3883
3882	3883
3884	3904
3885	3904
3886	3904
3887	3904
3888	3904
3889	3904
3890	3904
3891	3904
3892	3904
3893	3904
3894	3904
3895	3904
3896	3904
3897	3904
3898	3904
3899	3904
3900	3904
3901	3904
3902	3904
3903	3904
3906	3907
3909	3910
3912	3914
3912	3933
3912	3936
3912	3942
3912	3946
3913	3946
3914	3924
3914	3946
3915	3946
3916	3946
3918	3946
3920	3946
3921	3946
3922	3924
3922	3946
3923	3923
3923	3946
3924	3946
3925	3946
3926	3946
3927	3946
3928	3946
3929	3946
3930	3946
3931	3946
3932	3946
3933	3946
3934	3946
3935	3946
3936	3946
3938	3946
3939	3946
3940	3946
3941	3946
3942	3946
3943	3946
3944	3946
3945	3946
3949	3951
3950	3951
3953	3954
