# Undirected graph (each unordered pair of nodes is saved once): output/networks/CelganasremoveRandom-50percent.txt
# Nodes: 1984 Edges: 2113
# NodeId	NodeId
2	446
3	446
7	2907
11	1191
12	3822
14	2335
14	2549
14	2717
22	26
23	26
32	38
32	1145
36	38
36	39
38	39
49	2660
53	87
53	2934
74	589
79	3500
94	446
99	279
104	3661
107	3271
110	232
114	211
119	232
128	1921
134	135
135	211
135	3753
142	143
143	2609
143	3471
146	3516
147	199
152	153
160	161
160	1361
160	1432
160	2378
160	3023
161	809
161	3271
164	2420
170	2416
170	3557
178	3763
180	3840
181	1542
196	2644
197	3028
199	1382
199	2528
199	3023
199	3562
199	3613
203	1333
203	3585
205	1333
207	2800
208	209
209	242
209	2579
209	2835
209	3861
211	3606
213	1791
214	1202
214	1451
214	2426
223	2835
223	3421
229	3562
231	1404
232	394
232	543
232	2363
236	237
242	3465
243	244
244	245
246	2907
252	252
257	1686
259	260
266	3613
270	2955
297	300
298	300
301	303
310	407
318	327
320	327
322	327
323	327
325	327
328	329
331	3854
335	1851
346	2683
361	362
371	2112
372	2112
378	3357
382	384
383	384
383	1227
384	512
391	394
392	394
396	3186
399	3866
405	796
407	1277
408	3862
411	1020
411	1779
411	3636
412	413
421	442
423	442
424	442
425	442
425	526
426	442
428	442
430	442
430	526
432	442
435	442
439	442
442	571
442	610
442	1114
442	1793
442	2031
442	2156
442	2618
442	2736
442	3286
442	3466
443	1120
443	1930
447	744
449	785
452	2606
455	805
456	785
456	787
457	785
458	785
458	787
460	787
461	787
461	1120
465	1347
466	1347
469	1347
469	3465
470	805
472	785
472	787
474	787
475	787
475	1120
475	3555
476	512
476	785
476	787
476	1120
477	1120
478	793
478	1120
478	2712
479	2712
481	2712
481	3555
482	1120
484	785
484	787
484	1347
488	793
493	2712
496	785
496	2606
501	513
501	785
501	787
501	805
501	1347
501	2606
502	513
502	3852
503	513
503	1120
504	513
504	785
507	513
507	785
507	787
507	1120
507	2606
507	3555
509	785
510	3555
511	512
511	513
511	689
511	785
511	787
511	805
511	1120
511	1347
511	2606
512	642
512	1637
512	2549
513	649
513	689
513	957
513	1023
513	1286
513	2549
513	2930
515	782
515	3555
518	782
518	796
518	805
520	796
521	1201
523	1201
526	571
526	772
526	782
526	805
526	2156
526	2736
526	3028
526	3466
526	3555
527	772
529	772
529	796
530	805
532	3555
539	782
542	772
542	787
542	2712
543	782
543	796
543	805
543	1201
543	3783
544	782
545	782
545	1201
546	772
547	781
547	782
547	785
547	787
547	796
547	805
547	1201
547	2606
548	1201
550	781
555	1201
556	1201
558	781
558	787
558	1201
559	772
560	805
563	796
565	805
566	781
566	782
566	796
566	1201
567	805
568	796
568	805
568	1201
570	796
571	1201
575	772
575	796
579	781
579	796
579	805
580	796
584	782
586	782
587	1201
587	3555
589	782
589	796
589	805
589	1201
595	1201
596	805
598	772
600	781
601	772
601	781
601	782
601	796
601	1120
601	1201
602	1201
603	796
604	781
604	796
604	805
604	1201
608	1201
610	781
610	782
610	796
610	805
610	1201
612	772
613	781
613	796
614	1201
617	772
617	781
617	796
617	805
617	3555
618	796
619	796
619	1201
621	772
621	781
622	1201
625	772
631	3555
632	781
632	805
632	1174
632	1201
632	1537
635	782
637	782
639	772
639	796
640	782
640	2712
641	805
641	1201
641	3555
642	1201
646	796
646	1201
647	772
647	796
649	785
649	787
649	796
649	805
649	1201
649	1347
649	2606
650	3555
655	1201
658	772
658	3555
659	781
660	1201
661	796
661	1201
662	781
663	781
663	796
663	1201
665	805
666	796
668	781
668	782
668	796
668	805
670	781
670	1201
671	772
671	781
671	782
671	796
671	805
671	1201
671	3555
672	772
672	781
672	787
672	805
672	1201
672	3555
673	781
673	796
673	805
673	1201
673	3555
675	772
675	781
675	782
675	787
675	796
675	805
675	1201
675	3028
675	3555
676	787
678	782
678	805
680	1201
681	796
682	772
682	781
682	796
682	805
682	1201
682	3555
685	782
686	3555
688	796
689	796
689	805
689	3161
690	1201
691	782
693	782
695	772
699	796
699	1201
701	781
702	782
704	782
704	796
704	805
704	3555
706	1201
709	1201
711	781
711	782
711	796
714	781
714	1201
716	781
716	782
716	785
716	2934
718	805
722	772
722	781
722	805
722	1201
723	782
723	805
725	1201
727	781
727	782
727	805
727	1201
728	796
728	1201
732	781
739	781
739	805
740	796
743	772
744	781
744	1201
744	3555
746	781
747	1201
748	781
748	1201
751	3555
752	772
752	781
752	782
752	787
752	796
752	805
752	1201
752	3555
755	772
755	781
755	796
755	3555
757	796
760	3555
761	3555
763	805
766	796
767	772
768	1201
769	782
771	772
772	864
772	909
772	957
772	982
772	1019
772	1045
772	1095
772	1097
772	1617
772	1778
772	1801
772	1827
772	2094
772	2133
772	2316
772	2403
772	2549
772	2566
772	2612
772	2707
772	2712
772	2717
772	2905
772	3140
772	3161
772	3230
772	3239
772	3431
772	3489
772	3546
772	3652
772	3705
772	3948
774	1201
775	796
777	796
780	1201
780	3555
781	805
781	964
781	982
781	1019
781	1095
781	1097
781	1201
781	1343
781	1369
781	1600
781	1617
781	1778
781	2027
781	2094
781	2145
781	2316
781	2400
781	2452
781	2549
781	2612
781	2712
781	2717
781	2952
781	2977
781	3140
781	3161
781	3239
781	3370
781	3431
781	3489
781	3555
781	3585
781	3651
781	3652
781	3818
781	3842
781	3948
782	805
782	1095
782	1097
782	1191
782	1212
782	1369
782	1736
782	1757
782	1801
782	2027
782	2316
782	2717
782	2832
782	2977
782	3140
782	3161
782	3219
782	3239
782	3568
782	3577
782	3585
782	3652
782	3842
782	3916
785	788
785	909
785	966
785	1023
785	1045
785	1081
785	1637
785	2549
785	3500
785	3519
785	3652
787	788
787	957
787	1023
787	1045
787	1081
787	1637
787	2316
787	2549
787	2566
787	2780
787	2982
787	3519
787	3555
788	1347
793	805
793	1145
793	2511
793	2930
793	3652
796	805
796	873
796	982
796	1019
796	1064
796	1095
796	1210
796	1262
796	1343
796	1736
796	1778
796	1801
796	2027
796	2094
796	2187
796	2316
796	2400
796	2549
796	2612
796	2618
796	2707
796	2712
796	2717
796	2832
796	2913
796	3140
796	3161
796	3239
796	3431
796	3443
796	3489
796	3591
796	3652
796	3660
796	3840
796	3948
800	803
803	1097
803	1611
803	2712
803	3407
805	829
805	873
805	959
805	969
805	1019
805	1081
805	1095
805	1097
805	1120
805	1201
805	1212
805	1532
805	1736
805	1801
805	1930
805	2094
805	2316
805	2400
805	2452
805	2549
805	2612
805	2707
805	2712
805	2717
805	2905
805	2977
805	3140
805	3161
805	3239
805	3370
805	3431
805	3489
805	3492
805	3555
805	3651
805	3652
805	3712
805	3770
805	3840
805	3842
805	3948
805	3954
809	3341
815	1024
817	2707
818	2707
819	2707
820	2707
823	2707
828	2707
829	2707
830	2707
832	2707
835	2707
836	2707
837	2707
840	2707
842	2707
844	2707
845	2707
847	2707
850	2707
851	2707
852	2707
853	2707
854	2707
857	2707
858	2707
859	2707
861	2707
862	2707
864	1201
864	2707
864	3555
865	2707
867	2707
871	2707
872	2707
873	2707
874	2707
875	2707
876	2707
878	2707
880	2707
881	2707
891	2707
892	2707
893	2707
895	2707
897	2707
898	2707
900	2707
901	1201
901	2707
902	2707
903	2707
905	2707
909	2707
911	2707
912	2707
914	2707
915	2707
916	2707
917	2707
919	2707
923	2707
924	2707
925	2707
926	2707
927	2707
929	2707
931	2707
932	2707
933	2707
935	2707
936	2707
936	3178
937	2707
938	2707
939	2707
942	2707
944	2707
948	2707
949	2707
950	2707
952	2707
953	2707
955	2707
957	2707
959	2707
961	2707
962	2707
964	1201
964	2707
966	2707
969	2707
970	2707
974	2707
975	2707
976	2707
978	2707
979	2707
982	2707
985	2707
986	2707
987	2707
989	2707
991	2707
992	2707
993	2707
994	2707
995	2707
999	2707
1000	2707
1001	2707
1003	2707
1006	2707
1009	2707
1011	2707
1012	2707
1013	2707
1014	2707
1015	2707
1016	2707
1017	2707
1019	1201
1019	2707
1019	2835
1019	3555
1020	2707
1021	2707
1023	1120
1023	2606
1023	2707
1024	2707
1028	2707
1030	2707
1032	2707
1036	2707
1037	2707
1043	2707
1044	2707
1045	1120
1045	2707
1050	2707
1052	2707
1053	2707
1054	2707
1057	2707
1058	2707
1058	3271
1060	2707
1061	2707
1062	2707
1063	2707
1064	1779
1064	2707
1065	1201
1065	2707
1066	2707
1071	2707
1081	1201
1081	2707
1085	2707
1086	2707
1092	2707
1093	2707
1095	1201
1095	2707
1097	1201
1097	2707
1098	2707
1101	2707
1104	2707
1107	2707
1109	2707
1109	2800
1112	2707
1113	2707
1114	2707
1116	2707
1118	2707
1120	1201
1120	1930
1120	2707
1120	3403
1120	3519
1123	2707
1124	2707
1126	2707
1130	2707
1131	2707
1133	2707
1134	2707
1137	2707
1138	1347
1138	2707
1139	2707
1142	2707
1145	2707
1147	2707
1149	2707
1153	2707
1154	2707
1156	2707
1158	2707
1159	2707
1161	2707
1170	2707
1171	1172
1171	1848
1171	2614
1171	3411
1172	3411
1174	2712
1183	1186
1190	1191
1191	3645
1191	3752
1191	3919
1192	3902
1193	3752
1194	1201
1197	1201
1199	1201
1201	1348
1201	1369
1201	1736
1201	1757
1201	1801
1201	2027
1201	2094
1201	2145
1201	2437
1201	2549
1201	2612
1201	2712
1201	2717
1201	2832
1201	2905
1201	2977
1201	2979
1201	3161
1201	3239
1201	3370
1201	3431
1201	3443
1201	3489
1201	3555
1201	3577
1201	3585
1201	3651
1201	3652
1201	3773
1201	3818
1201	3948
1202	2077
1207	2077
1207	2707
1207	2835
1207	3768
1208	3019
1220	1594
1220	3353
1220	3568
1220	3801
1220	3937
1234	1852
1238	2192
1238	2348
1239	2651
1239	2707
1243	1248
1245	1248
1246	1248
1248	2012
1248	2326
1248	2663
1248	3693
1253	3362
1261	1262
1262	1636
1262	1977
1265	1267
1267	1267
1267	1843
1267	2251
1268	3028
1269	2003
1271	2151
1272	2151
1273	2151
1274	3019
1274	3828
1275	3559
1277	2707
1280	1282
1281	1282
1282	3066
1282	3431
1282	3444
1284	3041
1285	1286
1286	2606
1286	2873
1286	2954
1286	3353
1296	3346
1299	1301
1300	1301
1300	2707
1301	3064
1301	3748
1312	3346
1318	1319
1319	2827
1319	3402
1320	2707
1330	2707
1333	3023
1333	3267
1333	3585
1333	3756
1333	3949
1336	2707
1336	3267
1341	1735
1343	1735
1344	1735
1346	2204
1346	2311
1346	2800
1346	3019
1346	3478
1346	3608
1347	1349
1347	2116
1348	1349
1351	1357
1353	1357
1354	1357
1357	1816
1357	2446
1357	2755
1357	3075
1357	3142
1357	3705
1357	3723
1362	2706
1365	3756
1365	3828
1368	2707
1368	2819
1368	3046
1369	1921
1377	1378
1378	2707
1378	3948
1379	3712
1382	2707
1382	3046
1382	3801
1382	3948
1385	1386
1389	3002
1394	3712
1398	3809
1399	1401
1400	1401
1404	2707
1407	1409
1412	1755
1414	3588
1415	3588
1416	3588
1418	3588
1423	1921
1423	2292
1423	3156
1423	3948
1432	1434
1434	2437
1434	3484
1438	2445
1438	2495
1438	2735
1438	2899
1440	3103
1444	1445
1445	2975
1445	3853
1446	3756
1450	1451
1451	2707
1457	2403
1457	2707
1459	2403
1462	2403
1463	2403
1465	2403
1465	3528
1465	3828
1466	2403
1467	2403
1470	2403
1473	2403
1474	2403
1475	2403
1476	2403
1477	2403
1483	2403
1485	2403
1486	2403
1489	3555
1494	3879
1499	1501
1500	1501
1503	2043
1506	2305
1511	2403
1512	3404
1519	1892
1520	3722
1521	3840
1530	3948
1531	1532
1533	1537
1534	1537
1537	2039
1537	2707
1537	3087
1537	3558
1537	3577
1537	3933
1542	2606
1542	3028
1552	2707
1556	2908
1556	3460
1556	3461
1556	3919
1556	3943
1558	3267
1560	3321
1562	2707
1562	3484
1564	3009
1565	1566
1566	2707
1569	1575
1572	1575
1575	3948
1587	2541
1595	1735
1610	1611
1612	1616
1613	1616
1614	1616
1616	1764
1616	2952
1616	3722
1616	3809
1616	3848
1631	3465
1663	2403
1665	2707
1686	3676
1687	3028
1704	2707
1724	2707
1727	2707
1729	1730
1731	1945
1731	2898
1731	3869
1732	2898
1733	2898
1735	2043
1735	2220
1735	2528
1735	2639
1735	2800
1735	3404
1735	3460
1735	3762
1750	2978
1755	3147
1757	3555
1770	2276
1779	1791
1779	2707
1791	2707
1791	3661
1793	3821
1796	1801
1797	1801
1798	1801
1799	1801
1801	2581
1801	2804
1801	3853
1819	1820
1822	3789
1827	2030
1829	1830
1834	3528
1843	3919
1864	2707
1871	1932
1872	1873
1873	3346
1873	3705
1874	2403
1876	2707
1878	2630
1878	3913
1894	3500
1896	2614
1896	3411
1917	2268
1919	2707
1921	2707
1930	1933
1930	3403
1930	3652
1932	1933
1933	2687
1933	3237
1933	3600
1933	3809
1934	2707
1936	1937
1940	2800
1940	2835
1940	2878
1940	3028
1940	3163
1940	3642
1940	3695
1940	3828
1940	3845
1941	3948
1942	1946
1944	1946
1945	1946
1946	2623
1949	3403
1951	3403
1953	3403
1955	3403
1961	3403
1962	3403
1964	3403
1967	3403
1969	1969
1979	3403
1989	2020
1991	2020
1993	2020
1993	3403
1995	2020
1997	2020
1998	2020
2001	2020
2002	2020
2003	2020
2004	2020
2012	2020
2014	2020
2015	2020
2016	2020
2018	2020
2019	2020
2020	2536
2020	2539
2020	2639
2020	2784
2020	2930
2020	2993
2020	3088
2020	3094
2020	3175
2020	3213
2020	3403
2020	3404
2020	3407
2020	3483
2020	3490
2020	3491
2020	3570
2020	3584
2020	3592
2020	3608
2020	3648
2020	3652
2020	3687
2020	3695
2020	3761
2020	3845
2020	3848
2020	3893
2024	3471
2026	2707
2033	2227
2043	2800
2045	2047
2045	2049
2047	2049
2048	2049
2049	3140
2059	3443
2064	2068
2067	2068
2068	2326
2068	3286
2068	3948
2070	3665
2072	2322
2072	2707
2072	3150
2073	2077
2075	2077
2076	2077
2077	3768
2077	3948
2094	2907
2094	3555
2097	3948
2100	2101
2112	2123
2114	2123
2116	2123
2117	2123
2118	2123
2118	3403
2119	2123
2120	2123
2123	2147
2123	2403
2123	2804
2123	3064
2123	3267
2123	3429
2123	3564
2123	3568
2123	3570
2123	3608
2123	3724
2123	3732
2123	3751
2123	3753
2123	3817
2125	2707
2127	2128
2128	2633
2128	2819
2128	2927
2128	3471
2128	3559
2128	3848
2129	2130
2130	3554
2131	2629
2132	2629
2133	2629
2134	2146
2136	2146
2142	2146
2143	2146
2145	2146
2146	3676
2146	3861
2147	2148
2151	2154
2151	3516
2152	2154
2154	2154
2154	3271
2154	3828
2156	2707
2156	2710
2158	3023
2158	3028
2180	3331
2184	3925
2186	2187
2192	2378
2197	2200
2211	2707
2218	2219
2220	2221
2227	2229
2227	3299
2228	2229
2228	2403
2229	3404
2229	3440
2229	3484
2235	2682
2268	2427
2268	3321
2268	3403
2286	2707
2290	2291
2291	3346
2291	3948
2292	3049
2293	3049
2295	2297
2296	2297
2303	3046
2305	2578
2305	3489
2305	3927
2311	2316
2312	2316
2313	2316
2313	3028
2316	3161
2316	3271
2316	3555
2318	3892
2320	2322
2322	3156
2322	3913
2323	3853
2323	3948
2325	3879
2332	3948
2335	2707
2345	3028
2347	2348
2351	2363
2352	2363
2358	2363
2360	2363
2361	2363
2362	2363
2363	2477
2363	2944
2363	2960
2363	3840
2363	3906
2378	2555
2399	3267
2400	2707
2400	3705
2400	3712
2403	2407
2403	2536
2403	2608
2403	2784
2403	2861
2403	2864
2403	2993
2403	3257
2403	3431
2403	3661
2403	3722
2403	3748
2403	3761
2403	3789
2403	3828
2403	3845
2403	3863
2409	2410
2416	2707
2420	3451
2421	3705
2422	2423
2426	2644
2426	2819
2426	3023
2426	3347
2426	3948
2427	2430
2430	2819
2437	2446
2437	3919
2442	2443
2446	2578
2453	2707
2459	2707
2471	2473
2473	3453
2480	3066
2480	3216
2480	3642
2480	3711
2489	2490
2506	2507
2507	3773
2509	2511
2510	2511
2511	2712
2511	3289
2516	2517
2521	2523
2523	2633
2523	2908
2524	2525
2526	2539
2527	2539
2528	2539
2530	2539
2530	2710
2532	2539
2533	2539
2536	2539
2537	2539
2538	2539
2539	2630
2539	2662
2539	3041
2539	3353
2539	3373
2539	3490
2539	3500
2539	3668
2539	3756
2539	3761
2541	3346
2543	2549
2546	2549
2547	2549
2548	2549
2549	2606
2549	2780
2549	3555
2555	2961
2564	3270
2565	2566
2570	3845
2574	3845
2577	3845
2578	3845
2579	2707
2579	3845
2581	3845
2583	3845
2585	3845
2586	3845
2587	3845
2589	3845
2591	3845
2594	3845
2598	2939
2606	2930
2606	2982
2606	3519
2606	3555
2609	3403
2609	3613
2612	3555
2614	3237
2616	3809
2617	2618
2617	3845
2618	2707
2618	3582
2618	3853
2619	2620
2620	3041
2636	3403
2644	2707
2644	2831
2646	2707
2646	3948
2650	2652
2651	2652
2651	2800
2651	3661
2652	3028
2655	2707
2657	3937
2662	2663
2666	2668
2667	2668
2668	3828
2681	2686
2682	2686
2683	2686
2683	2707
2684	2686
2685	2686
2689	2690
2690	2707
2695	2698
2696	2698
2697	2698
2698	3362
2700	2702
2702	2905
2702	3453
2703	3357
2707	2717
2707	2780
2707	2805
2707	2859
2707	2907
2707	2908
2707	2952
2707	2982
2707	3073
2707	3163
2707	3210
2707	3219
2707	3230
2707	3352
2707	3357
2707	3404
2707	3412
2707	3418
2707	3431
2707	3451
2707	3455
2707	3498
2707	3500
2707	3542
2707	3568
2707	3590
2707	3594
2707	3700
2707	3711
2707	3767
2707	3842
2707	3846
2707	3847
2707	3894
2707	3937
2710	3066
2710	3764
2712	2930
2712	3555
2712	3652
2713	2714
2717	2924
2717	2930
2717	3205
2717	3210
2717	3213
2717	3355
2717	3404
2717	3453
2717	3555
2717	3582
2717	3735
2717	3756
2723	2724
2723	3879
2730	2731
2735	2739
2736	2739
2737	2739
2738	2739
2739	3210
2739	3705
2739	3756
2740	3606
2741	3606
2742	2910
2742	3353
2742	3557
2742	3606
2742	3948
2744	3606
2745	3606
2746	3606
2747	3606
2751	2752
2755	3451
2755	3562
2762	2764
2775	3271
2776	3271
2779	3271
2780	3271
2783	3271
2783	3606
2785	2786
2800	2802
2800	2819
2802	3271
2802	3484
2802	3934
2804	2805
2819	2831
2819	3341
2819	3403
2819	3613
2819	3949
2827	3271
2831	2832
2834	2925
2834	3175
2834	3215
2834	3484
2834	3789
2834	3845
2840	3866
2842	3845
2845	2846
2858	3074
2871	2977
2871	3606
2873	2875
2886	3425
2892	2893
2898	2899
2899	2968
2901	2902
2902	3883
2903	3591
2905	3591
2906	3591
2907	2907
2907	3591
2908	3591
2910	3591
2911	3591
2913	3591
2914	3591
2916	2917
2917	3175
2917	3705
2918	3845
2923	2934
2923	3271
2924	2934
2925	2934
2925	3845
2926	2934
2927	2934
2927	3403
2930	2934
2930	3555
2931	2934
2934	3175
2934	3204
2934	3215
2934	3267
2934	3483
2934	3485
2934	3490
2934	3500
2934	3559
2934	3582
2934	3584
2934	3698
2934	3705
2934	3756
2934	3845
2934	3919
2934	3948
2939	2940
2940	3645
2944	2945
2945	3756
2952	3402
2952	3461
2952	3484
2954	2955
2960	2968
2961	2968
2962	2968
2964	2968
2968	3471
2968	3893
2971	2971
2972	2982
2973	2982
2975	2982
2977	2982
2978	2982
2978	3321
2978	3326
2979	2982
2980	2982
2981	2982
2982	3418
2982	3429
2982	3461
2982	3529
2982	3766
2982	3948
2988	3698
2991	3705
2993	2994
2993	3403
3002	3012
3004	3012
3005	3012
3007	3012
3009	3012
3011	3012
3012	3156
3012	3592
3012	3608
3012	3845
3012	3924
3012	3925
3012	3927
3014	3756
3014	3863
3014	3948
3017	3018
3017	3403
3019	3020
3019	3588
3019	3701
3021	3046
3021	3064
3028	3759
3028	3853
3028	3913
3033	3034
3045	3403
3046	3144
3046	3402
3049	3050
3050	3484
3052	3058
3054	3058
3055	3058
3059	3061
3062	3063
3066	3845
3073	3267
3074	3680
3075	3680
3076	3680
3079	3680
3080	3680
3081	3680
3082	3115
3083	3484
3084	3893
3094	3095
3103	3924
3133	3137
3135	3137
3136	3137
3140	3538
3140	3555
3140	3767
3150	3531
3150	3597
3161	3555
3161	3588
3163	3163
3175	3491
3175	3606
3176	3948
3178	3179
3201	3248
3202	3248
3203	3248
3203	3705
3204	3248
3205	3248
3206	3248
3209	3248
3210	3248
3213	3248
3213	3404
3215	3248
3216	3248
3217	3248
3219	3248
3219	3763
3221	3248
3223	3248
3224	3248
3225	3248
3230	3248
3233	3248
3237	3248
3239	3248
3239	3555
3240	3248
3240	3585
3241	3248
3247	3248
3248	3485
3248	3559
3248	3578
3248	3582
3248	3584
3248	3648
3248	3756
3248	3846
3266	3272
3267	3272
3267	3845
3270	3272
3270	3568
3271	3272
3271	3485
3271	3605
3271	3695
3271	3770
3271	3919
3272	3568
3277	3729
3277	3943
3284	3289
3286	3289
3287	3289
3289	3347
3289	3948
3310	3948
3321	3404
3321	3687
3331	3498
3331	3713
3333	3403
3346	3349
3347	3349
3347	3879
3349	3608
3349	3948
3352	3357
3352	3949
3353	3357
3353	3591
3355	3357
3362	3403
3362	3713
3362	3828
3367	3369
3373	3948
3377	3380
3379	3380
3381	3385
3382	3385
3396	3397
3396	3404
3399	3948
3403	3405
3403	3407
3403	3460
3403	3471
3403	3483
3403	3648
3403	3652
3403	3695
3403	3748
3403	3761
3403	3877
3412	3421
3416	3421
3418	3421
3421	3421
3421	3425
3421	3429
3421	3516
3421	3528
3422	3423
3424	3424
3429	3745
3434	3661
3443	3773
3450	3948
3451	3452
3453	3455
3456	3457
3460	3462
3461	3462
3462	3919
3464	3468
3465	3468
3465	3948
3466	3468
3466	3817
3468	3763
3468	3767
3485	3845
3489	3555
3490	3591
3490	3763
3490	3845
3521	3705
3521	3724
3523	3526
3524	3526
3525	3526
3526	3828
3538	3773
3546	3555
3552	3555
3554	3555
3555	3770
3555	3818
3555	3948
3558	3562
3559	3562
3561	3562
3564	3571
3566	3571
3568	3571
3569	3571
3570	3571
3575	3586
3577	3586
3578	3586
3581	3586
3582	3582
3582	3586
3582	3606
3584	3586
3585	3586
3588	3590
3588	3676
3588	3948
3591	3761
3591	3822
3606	3680
3606	3695
3606	3919
3627	3686
3627	3948
3632	3636
3633	3636
3636	3948
3637	3640
3638	3640
3639	3640
3652	3713
3652	3949
3661	3883
3676	3680
3686	3845
3695	3695
3698	3701
3700	3701
3701	3948
3713	3713
3721	3753
3722	3753
3723	3753
3724	3753
3729	3753
3732	3753
3733	3753
3735	3753
3738	3753
3739	3753
3740	3753
3741	3753
3742	3753
3743	3753
3745	3753
3748	3753
3751	3752
3751	3753
3752	3753
3753	3937
3755	3763
3756	3763
3758	3763
3759	3763
3760	3763
3761	3763
3762	3763
3763	3768
3763	3845
3763	3862
3764	3768
3765	3768
3766	3768
3767	3768
3768	3866
3769	3772
3770	3772
3770	3953
3773	3777
3776	3777
3777	3948
3821	3823
3822	3823
3828	3845
3843	3844
3845	3846
3845	3919
3860	3878
3861	3878
3862	3878
3863	3878
3866	3878
3869	3878
3870	3878
3874	3878
3875	3878
3877	3878
3878	3937
3878	3948
3879	3883
3880	3883
3906	3907
3953	3954
