# Undirected graph (each unordered pair of nodes is saved once): output/networks/CelganasremoveRandom-10percent.txt
# Nodes: 3560 Edges: 6487
# NodeId	NodeId
1	3555
2	446
3	446
4	1169
5	2195
7	13
7	2907
7	3243
7	3850
8	9
10	280
11	1191
12	3822
13	14
14	2335
14	2549
14	2717
15	16
16	809
16	1187
16	2674
16	2747
16	2797
16	3339
17	692
18	692
19	692
20	692
21	791
22	26
23	26
23	812
24	812
25	26
25	412
27	2629
27	3658
28	38
29	2013
32	38
32	1145
36	38
36	39
37	38
38	39
41	44
41	2933
42	44
42	2160
42	2933
43	44
43	2160
43	2933
44	354
44	2160
44	3023
47	2909
48	2396
49	2660
50	81
51	81
52	53
53	83
53	87
53	2934
53	3238
54	55
55	1431
56	73
57	73
57	81
58	73
60	73
61	73
63	73
64	73
65	73
66	73
67	73
68	73
69	73
70	73
72	73
73	74
73	76
73	78
73	83
73	1109
73	1315
73	1431
73	1879
73	1894
73	1895
73	1896
73	2042
73	2066
73	2160
73	2268
73	2621
73	2784
73	2799
73	2833
73	2904
73	2934
73	3238
73	3547
73	3554
73	3642
73	3708
73	3757
73	3761
73	3822
73	3826
74	81
74	589
78	3500
79	3500
81	83
81	590
81	670
81	1431
81	1695
81	2160
81	2784
81	2934
81	3182
81	3186
81	3403
81	3822
83	90
83	3500
84	90
85	90
87	90
88	90
89	90
90	201
90	510
90	1828
90	1903
90	2160
90	2784
90	2934
90	2944
90	3425
90	3481
90	3642
90	3731
90	3937
91	2614
93	284
94	446
95	669
95	1488
96	279
96	284
96	411
96	669
96	1488
97	1819
98	280
99	279
100	3661
101	2946
102	1624
102	2609
102	3405
104	3661
107	669
107	1588
107	3271
108	3211
109	3211
110	232
110	239
110	1624
110	2912
111	1072
113	3778
114	211
114	212
115	2819
115	3715
115	3726
116	2426
117	2456
119	232
120	394
122	2840
123	2485
124	2485
125	3647
126	2485
126	3647
127	3324
128	1921
129	3540
129	3754
129	3862
131	132
132	170
132	3271
132	3715
132	3726
133	460
133	2562
134	135
135	211
135	1624
135	2406
135	2946
135	3753
135	3914
135	3929
135	3942
136	137
138	3028
139	675
140	2842
141	2257
142	143
142	3754
143	2609
143	3471
143	3834
144	2408
145	288
146	3516
147	199
148	232
148	1895
148	2303
148	2800
149	1580
149	2844
149	3028
151	3332
151	3726
152	153
154	3280
155	3283
157	1019
158	1019
160	161
160	212
160	1361
160	1432
160	1624
160	2378
160	3023
160	3726
160	3754
161	809
161	3271
162	3421
163	214
164	2420
164	3657
165	166
167	3028
167	3726
168	3476
169	3800
170	2416
170	3557
171	3562
172	1427
172	3715
173	3656
174	3656
175	3545
176	3366
176	3854
177	2819
178	3305
178	3428
178	3763
179	3715
180	3840
181	1542
182	1084
183	3585
185	2797
186	212
186	3715
187	3028
187	3715
190	3126
191	3782
194	195
196	1954
196	2472
196	2624
196	2644
196	3148
196	3184
196	3726
197	3028
198	406
199	1382
199	2528
199	2769
199	3023
199	3488
199	3562
199	3613
199	3715
200	2819
201	3268
202	227
202	3268
203	1333
203	3211
203	3585
204	1333
205	212
205	1333
205	2946
207	2800
208	209
209	242
209	2579
209	2835
209	3463
209	3861
210	1333
210	2062
210	2303
210	3156
211	1316
211	2062
211	3211
211	3305
211	3606
211	3917
212	460
212	1316
212	1333
212	1427
212	2062
212	2303
213	1791
214	1202
214	1451
214	2426
215	3429
216	1624
216	2062
216	2800
216	2804
216	2924
216	3006
216	3177
216	3488
216	3562
216	3684
216	3715
216	3726
216	3754
216	3854
216	3949
217	239
217	1895
217	3782
219	221
220	2933
222	1609
223	2835
223	3421
224	1616
227	3624
229	3053
229	3562
230	3463
231	1404
232	394
232	543
232	1316
232	2363
232	2457
232	3868
234	2472
234	2819
235	1048
236	237
238	239
239	1292
239	2546
239	2619
239	2644
239	2769
239	2774
239	2819
239	3023
239	3148
239	3271
239	3488
239	3516
239	3613
239	3706
239	3715
239	3726
239	3834
241	3822
242	3465
242	3715
243	244
244	245
246	2907
247	2797
248	2797
249	277
250	277
251	277
252	252
253	1815
253	3328
255	256
257	816
257	1686
259	260
259	806
263	267
264	267
265	267
266	267
266	3613
270	2955
273	274
275	502
276	374
277	1368
277	1991
277	2012
277	2095
277	2400
277	2797
277	3046
277	3175
277	3537
277	3710
277	3715
277	3769
278	1488
279	669
279	1488
279	3053
280	669
280	1488
280	3053
281	3028
284	519
291	1033
292	2104
293	294
293	1115
294	1115
294	1278
294	3331
294	3421
294	3726
294	3849
297	300
298	300
299	300
301	303
310	407
311	2365
312	313
312	2365
312	2707
314	1826
314	3336
314	3339
315	316
316	446
316	512
316	2810
318	327
319	327
320	327
321	327
322	327
323	327
324	327
325	327
326	327
328	329
330	331
331	3854
333	3394
335	1851
337	3838
338	3838
342	343
342	1082
342	3838
343	3838
345	2153
345	2797
346	2683
349	801
350	876
351	352
353	979
353	2698
354	2160
354	2933
355	356
355	1819
355	3040
356	1394
356	2703
356	2709
357	359
361	362
363	2652
364	365
366	2414
366	3678
367	2414
367	3678
368	1488
368	2909
369	445
371	2112
372	2112
373	2374
374	3674
374	3683
375	3674
375	3683
376	3674
376	3683
377	3674
377	3683
378	3357
380	405
380	796
380	1616
382	384
383	384
383	1227
384	512
384	1169
385	386
387	390
388	2539
389	390
391	394
392	394
393	394
394	1609
394	3208
394	3726
394	3778
395	3598
396	3186
399	3866
401	2907
402	1186
403	793
403	2712
404	405
405	796
406	3041
407	1277
408	3463
408	3862
408	3917
409	2303
409	2831
409	3818
411	669
411	1020
411	1779
411	3636
412	413
412	3691
414	415
414	791
416	2712
416	3274
417	2712
417	3274
418	442
420	442
421	442
421	3092
422	442
422	3092
423	442
423	3092
424	442
424	3092
425	442
425	526
426	442
426	3092
427	442
427	526
427	3092
428	442
428	3092
429	442
429	3092
430	442
430	526
430	3092
432	442
434	442
435	442
437	442
438	442
439	442
441	442
442	571
442	610
442	816
442	825
442	1051
442	1114
442	1793
442	2031
442	2156
442	2388
442	2434
442	2618
442	2736
442	2921
442	2947
442	3148
442	3286
442	3328
442	3463
442	3466
442	3544
442	3688
442	3872
443	1120
443	1930
444	1546
446	2810
447	744
447	2457
448	568
449	785
450	3952
451	3952
452	2606
453	1347
455	805
456	785
456	787
457	785
457	3952
458	785
458	787
459	3544
460	787
461	787
461	1120
462	1347
463	1347
465	1347
466	1347
467	1347
468	1347
469	1347
469	3465
470	805
471	3544
472	785
472	787
473	785
473	787
473	3544
474	787
474	3544
475	787
475	1120
475	3555
476	512
476	785
476	787
476	1120
477	1120
478	793
478	1120
478	2712
478	2946
478	3274
479	2712
480	793
480	2712
481	2712
481	3555
482	1120
482	3601
483	2106
484	785
484	787
484	1347
484	2106
485	2106
485	3544
486	3952
488	793
488	3952
489	3952
490	3952
492	3952
493	2712
493	3952
494	713
494	785
494	2606
494	3952
495	3952
496	785
496	2606
498	2606
501	513
501	713
501	785
501	787
501	789
501	805
501	1169
501	1347
501	2106
501	2606
501	3544
501	3952
502	513
502	3852
503	513
503	1120
504	513
504	785
504	3952
506	3544
507	513
507	785
507	787
507	1120
507	2106
507	2606
507	3544
507	3555
507	3952
508	512
508	785
508	787
508	789
508	2606
509	785
510	3555
510	3952
511	512
511	513
511	689
511	785
511	787
511	789
511	805
511	1120
511	1169
511	1347
511	2606
511	3544
512	642
512	773
512	1637
512	2549
512	2615
512	3243
513	649
513	689
513	773
513	888
513	894
513	910
513	957
513	1023
513	1286
513	2549
513	2930
513	3243
514	784
515	782
515	2946
515	3555
518	782
518	796
518	805
519	781
519	1152
520	796
521	1201
521	3778
522	781
523	1201
525	2946
526	571
526	772
526	782
526	805
526	825
526	2156
526	2736
526	3028
526	3148
526	3328
526	3466
526	3544
526	3555
527	772
528	805
529	772
529	796
530	805
531	2946
531	3555
532	3555
533	781
533	784
533	796
533	805
533	1201
533	3555
533	3952
534	805
535	784
535	805
536	781
536	784
536	796
536	805
536	3952
537	782
539	782
541	3544
542	772
542	787
542	2712
543	782
543	784
543	796
543	805
543	1201
543	1624
543	3783
543	3952
544	782
545	782
545	1201
546	772
546	3952
547	781
547	782
547	785
547	787
547	796
547	805
547	1201
547	2606
547	2946
547	3601
547	3952
548	1201
549	772
549	781
549	784
549	805
549	1201
549	3544
549	3555
549	3952
550	781
550	3952
552	2946
552	3544
552	3555
553	772
553	781
554	772
554	3555
555	1201
556	1201
557	1201
558	781
558	787
558	1201
559	772
560	805
562	3544
563	796
564	796
565	805
566	781
566	782
566	796
566	1201
567	805
568	796
568	805
568	1201
568	3952
569	3952
570	796
571	1201
571	3092
571	3952
572	1201
572	2946
572	3555
572	3952
574	772
574	781
574	784
574	805
574	1201
574	2946
574	3555
574	3952
575	772
575	796
577	772
577	782
577	796
578	784
579	781
579	796
579	805
579	2884
579	3834
580	796
581	784
581	796
581	805
581	1201
581	2946
581	3555
581	3952
583	3555
584	782
585	805
586	782
587	1201
587	3555
588	796
589	782
589	796
589	805
589	1201
590	781
590	796
590	805
590	1201
590	2797
591	781
592	781
594	2946
595	1201
596	805
598	772
600	781
601	772
601	781
601	782
601	796
601	1120
601	1201
602	1201
603	796
604	781
604	796
604	805
604	1201
605	781
605	796
605	805
607	2946
608	1201
609	781
609	1201
610	781
610	782
610	796
610	805
610	1201
610	3092
612	772
613	781
613	796
614	1201
615	1201
616	772
617	772
617	781
617	784
617	796
617	805
617	2946
617	3555
617	3952
618	796
619	796
619	1201
620	1201
620	3952
621	772
621	781
622	1201
623	805
623	1201
624	796
624	1201
625	772
626	782
628	3952
629	784
629	2946
630	1201
631	3555
632	781
632	784
632	805
632	1174
632	1201
632	1537
632	3598
634	772
634	781
634	782
634	796
634	805
634	1201
635	782
637	782
638	805
639	772
639	796
640	782
640	784
640	2712
641	805
641	1201
641	3555
642	1169
642	1201
642	3601
643	796
643	1201
643	3952
645	772
646	796
646	1201
647	772
647	796
649	713
649	784
649	785
649	787
649	796
649	805
649	1169
649	1201
649	1347
649	2106
649	2606
649	3544
649	3952
650	3555
651	772
651	796
651	3555
651	3952
653	781
653	3952
654	805
655	1201
656	772
656	3544
658	772
658	3544
658	3555
659	781
660	1201
661	796
661	1201
662	781
663	781
663	796
663	1201
664	805
665	805
666	796
667	796
667	805
668	781
668	782
668	796
668	805
669	805
669	3053
670	781
670	1201
671	772
671	781
671	782
671	784
671	796
671	805
671	1201
671	2946
671	3544
671	3555
671	3952
672	772
672	781
672	784
672	787
672	805
672	1201
672	3544
672	3555
672	3952
673	781
673	784
673	796
673	805
673	1201
673	3555
673	3952
674	772
674	781
674	784
674	805
674	1201
674	3544
674	3555
675	772
675	781
675	782
675	784
675	787
675	796
675	805
675	1201
675	2946
675	3028
675	3544
675	3555
675	3952
676	787
676	2106
676	2946
676	3952
677	796
678	782
678	805
680	1201
681	796
682	772
682	781
682	784
682	796
682	805
682	1201
682	2946
682	3555
682	3952
683	3952
684	796
684	809
685	782
685	2946
686	3555
687	772
688	796
688	2946
688	3952
689	796
689	805
689	910
689	1106
689	3161
689	3952
690	1201
691	782
692	1184
692	2374
692	3429
692	3902
692	3952
693	782
694	805
695	772
696	796
698	781
698	796
698	805
699	796
699	1201
700	782
700	3952
701	781
702	782
703	781
703	784
703	796
703	805
703	1201
703	2946
703	3952
704	782
704	796
704	805
704	3555
704	3952
706	1201
707	772
708	3952
709	1201
710	1201
711	781
711	782
711	796
713	781
713	796
713	1201
713	1559
713	2946
713	3544
713	3555
713	3952
714	781
714	1201
716	781
716	782
716	785
716	2934
716	3715
717	2946
718	805
720	1201
722	772
722	781
722	805
722	1201
723	782
723	805
725	1201
726	1201
727	781
727	782
727	805
727	1201
728	796
728	1201
729	784
730	1201
731	1201
732	781
733	805
734	2946
735	782
735	805
736	781
736	796
736	805
739	781
739	805
740	796
741	781
741	3952
742	772
742	781
742	782
742	796
742	805
742	1201
743	772
744	781
744	784
744	1201
744	3555
744	3952
745	805
746	781
747	1201
748	781
748	1201
748	2485
748	3647
749	781
750	1201
750	2946
750	3555
750	3952
751	3555
752	772
752	781
752	782
752	784
752	787
752	796
752	805
752	1201
752	3544
752	3555
752	3952
753	3555
754	781
754	3555
755	772
755	781
755	784
755	796
755	3555
756	1201
757	796
758	784
758	796
759	2946
760	3555
761	2946
761	3555
762	796
763	805
765	781
765	805
766	796
767	772
768	1201
769	782
771	772
772	773
772	789
772	825
772	864
772	909
772	957
772	982
772	1019
772	1045
772	1095
772	1097
772	1181
772	1505
772	1617
772	1778
772	1801
772	1827
772	1985
772	2094
772	2133
772	2284
772	2316
772	2333
772	2403
772	2408
772	2424
772	2465
772	2500
772	2549
772	2566
772	2604
772	2612
772	2707
772	2712
772	2717
772	2884
772	2905
772	2915
772	3140
772	3161
772	3230
772	3239
772	3431
772	3441
772	3489
772	3546
772	3548
772	3652
772	3705
772	3824
772	3856
772	3948
772	3952
773	781
773	782
773	785
773	796
773	805
773	1169
773	1201
773	2106
774	1201
775	796
776	782
776	796
776	805
776	1201
777	796
778	2946
779	2946
780	1201
780	3555
781	805
781	831
781	920
781	964
781	982
781	1019
781	1070
781	1095
781	1097
781	1201
781	1343
781	1369
781	1487
781	1505
781	1546
781	1574
781	1600
781	1617
781	1643
781	1778
781	1823
781	2021
781	2027
781	2061
781	2094
781	2104
781	2124
781	2145
781	2277
781	2316
781	2400
781	2405
781	2452
781	2465
781	2549
781	2612
781	2632
781	2712
781	2717
781	2884
781	2915
781	2952
781	2977
781	3053
781	3140
781	3161
781	3198
781	3239
781	3274
781	3280
781	3365
781	3370
781	3431
781	3441
781	3489
781	3544
781	3548
781	3555
781	3585
781	3623
781	3651
781	3652
781	3656
781	3778
781	3818
781	3824
781	3842
781	3868
781	3948
781	3952
782	805
782	1095
782	1097
782	1191
782	1212
782	1255
782	1369
782	1736
782	1757
782	1801
782	1831
782	2027
782	2277
782	2284
782	2316
782	2405
782	2500
782	2717
782	2773
782	2829
782	2832
782	2915
782	2977
782	3140
782	3161
782	3219
782	3239
782	3394
782	3419
782	3441
782	3544
782	3568
782	3577
782	3585
782	3614
782	3652
782	3719
782	3842
782	3916
783	784
784	793
784	831
784	1019
784	1081
784	1097
784	1181
784	1343
784	1369
784	1379
784	1546
784	1574
784	1635
784	1643
784	1801
784	2104
784	2316
784	2406
784	2486
784	2549
784	2612
784	2618
784	2667
784	2707
784	2712
784	2717
784	2773
784	2884
784	2905
784	2915
784	2992
784	3053
784	3140
784	3161
784	3239
784	3274
784	3356
784	3394
784	3431
784	3489
784	3546
784	3548
784	3555
784	3577
784	3585
784	3652
784	3948
784	3952
785	788
785	909
785	966
785	1023
785	1045
785	1068
785	1081
785	1181
785	1637
785	1970
785	2106
785	2241
785	2425
785	2549
785	2604
785	2933
785	3048
785	3243
785	3500
785	3519
785	3652
786	793
787	788
787	894
787	910
787	957
787	1023
787	1045
787	1081
787	1084
787	1106
787	1181
787	1546
787	1637
787	2316
787	2425
787	2549
787	2566
787	2604
787	2615
787	2780
787	2933
787	2982
787	3208
787	3232
787	3243
787	3519
787	3555
787	3635
788	789
788	1347
789	1081
789	1637
789	2549
789	2615
789	3601
789	3952
790	3198
791	3198
792	2946
792	3092
793	805
793	1145
793	2330
793	2511
793	2930
793	3092
793	3449
793	3652
793	3952
794	3274
796	805
796	831
796	873
796	982
796	1019
796	1064
796	1070
796	1095
796	1181
796	1210
796	1262
796	1343
796	1487
796	1505
796	1546
796	1574
796	1643
796	1736
796	1778
796	1801
796	1823
796	1824
796	1831
796	2021
796	2027
796	2094
796	2104
796	2150
796	2187
796	2277
796	2316
796	2400
796	2465
796	2500
796	2549
796	2612
796	2618
796	2632
796	2707
796	2712
796	2717
796	2773
796	2788
796	2832
796	2884
796	2913
796	3053
796	3140
796	3161
796	3198
796	3239
796	3274
796	3419
796	3431
796	3441
796	3443
796	3489
796	3548
796	3591
796	3614
796	3652
796	3656
796	3660
796	3719
796	3778
796	3824
796	3839
796	3840
796	3868
796	3948
798	804
798	3092
798	3198
799	3198
800	802
800	803
801	803
801	1475
801	1611
802	803
802	3092
803	1097
803	1611
803	2106
803	2712
803	3407
804	805
804	3092
804	3198
805	829
805	831
805	873
805	910
805	920
805	959
805	969
805	1019
805	1070
805	1081
805	1095
805	1097
805	1120
805	1181
805	1201
805	1212
805	1449
805	1487
805	1505
805	1532
805	1546
805	1574
805	1736
805	1801
805	1831
805	1926
805	1930
805	1970
805	2021
805	2094
805	2104
805	2124
805	2277
805	2316
805	2400
805	2406
805	2452
805	2465
805	2549
805	2612
805	2615
805	2632
805	2707
805	2712
805	2717
805	2773
805	2884
805	2905
805	2915
805	2933
805	2946
805	2977
805	3053
805	3140
805	3161
805	3198
805	3208
805	3239
805	3274
805	3280
805	3356
805	3370
805	3419
805	3431
805	3489
805	3492
805	3548
805	3555
805	3635
805	3651
805	3652
805	3712
805	3719
805	3770
805	3778
805	3824
805	3839
805	3840
805	3842
805	3867
805	3948
805	3954
806	885
807	3712
809	3341
809	3726
809	3778
810	812
811	812
813	814
815	1024
816	2707
817	2707
818	2707
819	2707
820	2707
822	2707
823	2707
824	2707
825	1120
825	2606
825	2707
825	3092
826	2707
827	2707
828	2707
829	2707
830	2707
831	1115
831	1201
831	2707
831	2946
831	3544
831	3555
831	3952
832	2707
833	2707
834	2707
835	2707
836	2707
837	2707
838	2707
839	2707
840	2707
841	2707
842	1546
842	2707
843	2707
844	2707
845	2707
847	2707
850	2707
851	2707
852	2707
853	2707
854	2707
857	2707
858	2707
859	2707
860	2707
860	3715
861	2707
862	2707
863	2707
864	1201
864	2707
864	2946
864	3544
864	3555
864	3952
865	2707
866	1320
866	2229
866	2707
867	2707
868	2707
869	2707
870	2707
871	2707
872	2707
873	2707
874	2707
875	2707
876	2707
877	2707
878	2707
879	2707
880	2707
881	2707
882	2707
883	2707
884	2707
885	2707
886	2707
887	1019
887	2707
887	3211
888	1120
888	2707
889	2707
890	2707
891	2707
892	2707
893	2707
894	2707
895	2707
896	2707
897	2707
898	2707
899	2707
900	2707
901	1201
901	2707
902	2707
903	2707
905	2707
906	2707
907	2707
908	2707
909	2707
910	2707
911	2707
912	2707
913	2707
914	2707
915	2707
916	2707
917	2707
918	2707
919	2707
920	1201
920	2707
921	2707
923	2707
924	2707
925	2707
926	2707
927	2707
928	2707
929	2707
930	2707
931	2707
932	2707
933	2707
934	2707
935	2707
936	2707
936	3178
937	2707
938	2707
939	2707
939	3544
940	2707
941	2707
942	2707
943	2707
944	2707
945	2707
946	2707
947	2707
948	2707
949	2707
950	2707
951	2707
952	2707
953	2707
955	2707
956	2707
957	2707
958	2707
959	2707
960	2707
961	2707
962	2707
963	2707
964	1201
964	2707
965	2707
966	2707
967	2707
969	2707
970	2707
972	2707
973	2707
974	2707
975	2707
976	2707
977	1201
977	2707
978	2707
979	2707
980	2707
982	2707
985	2707
986	2707
987	2707
989	2707
990	2707
991	2707
992	2707
993	2707
994	2707
995	2707
996	2707
997	2707
998	2707
999	2707
1000	2707
1001	2707
1002	2707
1003	2707
1004	2707
1005	2707
1006	2707
1007	2707
1008	2707
1009	2707
1010	2707
1011	2707
1012	2707
1013	2707
1014	2707
1015	2707
1016	2707
1017	2707
1018	2707
1019	1201
1019	1624
1019	2707
1019	2835
1019	3537
1019	3544
1019	3555
1019	3952
1020	1331
1020	2707
1020	2797
1021	2707
1022	2707
1023	1120
1023	2606
1023	2707
1024	2707
1025	2707
1026	2707
1027	2707
1028	2707
1029	2707
1030	2707
1031	2707
1032	2707
1033	2707
1033	3715
1035	2707
1036	2707
1037	2707
1039	2707
1041	2707
1042	2707
1043	2707
1044	2707
1045	1120
1045	2707
1047	1819
1047	2707
1048	2707
1049	2707
1050	2707
1051	2707
1052	2707
1053	2707
1054	2707
1056	2707
1057	2707
1058	1546
1058	2315
1058	2707
1058	3271
1059	2707
1060	2707
1061	2707
1062	2707
1062	3092
1063	2707
1064	1779
1064	2707
1065	1201
1065	2707
1066	2707
1067	2707
1068	1120
1068	2707
1069	1819
1069	2707
1070	1201
1070	2707
1071	2707
1072	2707
1073	2707
1076	2707
1077	2707
1078	2707
1079	2707
1081	1201
1081	2707
1081	3952
1082	2707
1082	3838
1083	2707
1084	2707
1085	2707
1086	2707
1088	2707
1089	2707
1091	2707
1092	2707
1093	2707
1094	2707
1095	1201
1095	2707
1096	2707
1097	1201
1097	2707
1097	2946
1097	3601
1097	3952
1098	2707
1099	2707
1100	2707
1101	2707
1103	2707
1104	2707
1105	1361
1105	2707
1106	2106
1106	2707
1107	2707
1109	2707
1109	2800
1110	2707
1111	2707
1112	2707
1113	2707
1114	2707
1114	3092
1115	2707
1116	2707
1117	2707
1118	2707
1120	1201
1120	1930
1120	2604
1120	2707
1120	3198
1120	3372
1120	3403
1120	3519
1122	2707
1123	2707
1124	2707
1126	2707
1127	2707
1128	2707
1129	2707
1130	2707
1131	2707
1132	2707
1133	2707
1134	2707
1136	2707
1137	2707
1138	1347
1138	2707
1139	2707
1140	2707
1141	2707
1142	2707
1143	2707
1144	2707
1145	2707
1147	2707
1148	2707
1149	2707
1150	2707
1151	2707
1152	1488
1152	2707
1153	2707
1154	2707
1156	2707
1157	2707
1158	2707
1159	2707
1160	2707
1161	2707
1163	2707
1166	2707
1167	2707
1168	2707
1169	1637
1169	2549
1169	2604
1169	2707
1169	2810
1169	2955
1169	3555
1170	2707
1171	1172
1171	1848
1171	2614
1171	3411
1172	2621
1172	2937
1172	3411
1173	1174
1174	2712
1174	2946
1174	3274
1174	3719
1175	1186
1175	3752
1175	3908
1175	3918
1177	3787
1178	2038
1179	2038
1181	1201
1181	1347
1181	2707
1181	3544
1181	3555
1181	3919
1181	3952
1183	1186
1184	2065
1185	2065
1186	1187
1186	2065
1187	2192
1187	2437
1187	3555
1187	3908
1187	3942
1188	3419
1189	3419
1190	1191
1191	1433
1191	2038
1191	2339
1191	2946
1191	3174
1191	3419
1191	3645
1191	3752
1191	3912
1191	3919
1191	3922
1192	3130
1192	3336
1192	3339
1192	3419
1192	3902
1193	3752
1194	1201
1195	1201
1195	2819
1197	1201
1198	1201
1199	1201
1200	1201
1201	1255
1201	1348
1201	1369
1201	1487
1201	1505
1201	1546
1201	1574
1201	1643
1201	1658
1201	1736
1201	1757
1201	1801
1201	1823
1201	1824
1201	1984
1201	2021
1201	2027
1201	2061
1201	2094
1201	2104
1201	2106
1201	2145
1201	2406
1201	2408
1201	2437
1201	2465
1201	2500
1201	2549
1201	2604
1201	2612
1201	2632
1201	2712
1201	2717
1201	2773
1201	2832
1201	2884
1201	2905
1201	2915
1201	2977
1201	2979
1201	3053
1201	3161
1201	3198
1201	3208
1201	3222
1201	3239
1201	3274
1201	3280
1201	3356
1201	3365
1201	3370
1201	3431
1201	3443
1201	3489
1201	3541
1201	3544
1201	3545
1201	3547
1201	3548
1201	3555
1201	3577
1201	3585
1201	3635
1201	3647
1201	3651
1201	3652
1201	3726
1201	3773
1201	3778
1201	3818
1201	3824
1201	3856
1201	3867
1201	3868
1201	3948
1202	2077
1202	2144
1203	1207
1203	2707
1203	3768
1204	1207
1204	3768
1206	1207
1206	3768
1207	2077
1207	2144
1207	2707
1207	2835
1207	3726
1207	3768
1208	3019
1209	3019
1210	1211
1211	2134
1212	3540
1213	2707
1213	3540
1214	3540
1215	1810
1216	1217
1217	1730
1217	2043
1217	2573
1217	2923
1217	3175
1217	3845
1217	3862
1217	3922
1218	1220
1219	1220
1220	1594
1220	1597
1220	3353
1220	3568
1220	3801
1220	3937
1221	2797
1223	2797
1226	3911
1227	3911
1228	3911
1229	3911
1230	3911
1231	3952
1232	3952
1234	1852
1234	3795
1235	1236
1235	1431
1235	2065
1236	2591
1236	2619
1236	2624
1236	2636
1236	2819
1236	3148
1236	3409
1236	3556
1236	3684
1236	3811
1237	1238
1238	2192
1238	2348
1239	2170
1239	2172
1239	2359
1239	2651
1239	2707
1239	3395
1239	3917
1240	1241
1241	2065
1242	1431
1242	2265
1243	1248
1244	1248
1245	1248
1246	1248
1247	1248
1247	2170
1247	2172
1248	2012
1248	2326
1248	2663
1248	3572
1248	3693
1248	3709
1248	3917
1249	1821
1250	1251
1251	1341
1253	3362
1254	3443
1255	2266
1256	2333
1257	2333
1258	1260
1260	1540
1261	1262
1262	1636
1262	1977
1264	1267
1265	1267
1267	1267
1267	1843
1267	2065
1267	2251
1268	3028
1269	2003
1270	2151
1271	2151
1272	2151
1273	2151
1274	1334
1274	2508
1274	3019
1274	3470
1274	3828
1275	3330
1275	3559
1275	3604
1275	3868
1276	1292
1276	2732
1277	2707
1277	3506
1278	3912
1279	3912
1280	1282
1281	1282
1282	3066
1282	3116
1282	3431
1282	3444
1282	3628
1284	3041
1285	1286
1286	2606
1286	2873
1286	2954
1286	3353
1286	3744
1288	1990
1289	1990
1290	1990
1291	1990
1292	1990
1292	2062
1292	2229
1292	3330
1292	3613
1293	1990
1294	1990
1295	1990
1296	3346
1297	1298
1298	2022
1298	2162
1299	1301
1300	1301
1300	1624
1300	2707
1300	3834
1301	2664
1301	3064
1301	3748
1303	1984
1304	1652
1304	2707
1305	1306
1306	2542
1307	1309
1308	1309
1309	1445
1309	1990
1309	2252
1309	3023
1309	3558
1309	3642
1311	2195
1312	3346
1313	1316
1314	1316
1315	1316
1316	1895
1316	2083
1316	2164
1316	2262
1316	2326
1316	2446
1316	2452
1316	2578
1316	2636
1316	2662
1316	2760
1316	2908
1316	2927
1316	2946
1316	3161
1316	3266
1316	3366
1316	3393
1316	3403
1316	3418
1316	3490
1316	3507
1316	3556
1316	3715
1316	3726
1316	3731
1316	3767
1316	3861
1316	3877
1316	3922
1317	1319
1318	1319
1319	2182
1319	2827
1319	3398
1319	3402
1320	1323
1320	2707
1321	1323
1322	1323
1323	2707
1323	3413
1323	3421
1323	3425
1327	3601
1328	2689
1328	2707
1329	3679
1330	2707
1333	1525
1333	1624
1333	1883
1333	2062
1333	2588
1333	2933
1333	3023
1333	3267
1333	3488
1333	3579
1333	3580
1333	3585
1333	3609
1333	3643
1333	3715
1333	3726
1333	3756
1333	3782
1333	3800
1333	3949
1334	2539
1336	2080
1336	2707
1336	3267
1339	1735
1340	1735
1341	1735
1342	1735
1342	2992
1343	1735
1344	1735
1346	2204
1346	2311
1346	2800
1346	3019
1346	3449
1346	3478
1346	3608
1347	1349
1347	2116
1347	2604
1347	2904
1347	2933
1347	3048
1347	3243
1348	1349
1349	3609
1349	3782
1349	3914
1349	3922
1349	3926
1349	3946
1350	1357
1351	1357
1352	1357
1352	3601
1353	1357
1354	1357
1357	1725
1357	1816
1357	2088
1357	2157
1357	2446
1357	2755
1357	3051
1357	3075
1357	3142
1357	3218
1357	3409
1357	3705
1357	3723
1358	2188
1359	1381
1359	2707
1360	1381
1361	1381
1361	1453
1361	2062
1362	2706
1363	1365
1364	1365
1365	2315
1365	3756
1365	3828
1366	1368
1368	2707
1368	2819
1368	3046
1369	1921
1369	2904
1369	2946
1369	3952
1371	1373
1372	1373
1373	2297
1373	3116
1373	3429
1373	3431
1373	3859
1374	3271
1377	1378
1378	2707
1378	3948
1379	1380
1379	3712
1380	2707
1380	2819
1380	3846
1381	1382
1381	2308
1381	2842
1381	2915
1381	3066
1381	3850
1382	2252
1382	2707
1382	2933
1382	3046
1382	3801
1382	3948
1383	1595
1383	2670
1384	3572
1385	1386
1387	1393
1388	1393
1389	1393
1389	3002
1390	1393
1391	1393
1392	1393
1393	3180
1393	3412
1393	3613
1393	3833
1393	3889
1393	3926
1394	1395
1394	2160
1394	2933
1394	3712
1395	2762
1398	3106
1398	3809
1399	1401
1400	1401
1401	3628
1402	2569
1404	2707
1404	3051
1405	2946
1405	3051
1406	3413
1407	1409
1408	1409
1410	1755
1411	1755
1412	1755
1414	3588
1415	3588
1416	3588
1417	3588
1418	3588
1419	3702
1420	1423
1421	1423
1422	1423
1422	3911
1423	1921
1423	2292
1423	2424
1423	3146
1423	3156
1423	3409
1423	3750
1423	3895
1423	3948
1424	1425
1426	1429
1427	1429
1427	2707
1428	1429
1428	3911
1429	2122
1430	3697
1431	1743
1431	1990
1431	3419
1432	1434
1433	1434
1434	2437
1434	3484
1435	1438
1437	1438
1438	2445
1438	2495
1438	2735
1438	2899
1439	1546
1440	3103
1441	1442
1442	2707
1444	1445
1445	2975
1445	3853
1446	3756
1450	1451
1451	2707
1452	1453
1454	3394
1455	3626
1456	2403
1457	2403
1457	2707
1459	2403
1462	2403
1463	2403
1464	2403
1465	2403
1465	3528
1465	3828
1466	2403
1467	2403
1468	2403
1470	2403
1471	2403
1472	2403
1473	2403
1474	2403
1475	2403
1476	2403
1477	2403
1478	2403
1481	2403
1482	2403
1483	2403
1484	2403
1485	2403
1486	2403
1487	2403
1487	3544
1487	3952
1488	1779
1488	1791
1488	3636
1489	1490
1489	3555
1490	3709
1490	3757
1492	3879
1493	3879
1494	3879
1496	3879
1497	1498
1498	2707
1498	3321
1499	1501
1500	1501
1501	3139
1501	3908
1502	1503
1503	2043
1503	3726
1504	2305
1505	2305
1505	2946
1505	3544
1505	3555
1505	3952
1506	2305
1507	2305
1508	1509
1509	2781
1509	2810
1509	3828
1509	3894
1510	3626
1511	2403
1511	3472
1512	3404
1512	3488
1513	1514
1514	3908
1515	1517
1515	2707
1516	1517
1517	2633
1517	2819
1517	2904
1517	2927
1517	3177
1517	3488
1517	3516
1517	3556
1518	1519
1519	1892
1519	3482
1520	3722
1521	3840
1522	1523
1523	2707
1525	3023
1525	3211
1525	3488
1525	3715
1525	3726
1529	2519
1529	3609
1530	3948
1531	1532
1532	2476
1533	1537
1534	1537
1535	1537
1536	1537
1537	2039
1537	2707
1537	3087
1537	3274
1537	3533
1537	3558
1537	3577
1537	3917
1537	3933
1539	1543
1540	1543
1541	1543
1542	2606
1542	3028
1543	2777
1543	3705
1544	1546
1545	1546
1546	1655
1546	2606
1546	2946
1546	3116
1546	3544
1546	3555
1546	3863
1546	3952
1552	2707
1553	1554
1554	3029
1554	3715
1556	2908
1556	3460
1556	3461
1556	3609
1556	3914
1556	3919
1556	3922
1556	3942
1556	3943
1558	3267
1559	2606
1559	3321
1560	3321
1562	2707
1562	3484
1562	3604
1563	3177
1563	3409
1564	3009
1564	3918
1565	1566
1566	2707
1566	3635
1567	2618
1567	2747
1568	1575
1569	1575
1570	1575
1571	1575
1572	1575
1574	1575
1574	3544
1574	3555
1574	3952
1575	3419
1575	3441
1575	3948
1576	2158
1576	2707
1577	1578
1579	2416
1580	1582
1581	1582
1582	2150
1582	2707
1582	2891
1582	3019
1584	1585
1587	2465
1587	2541
1587	2797
1588	3415
1589	3415
1590	2707
1590	3415
1591	3415
1592	3415
1594	3415
1595	1735
1595	2732
1595	3415
1596	3415
1597	3415
1598	3415
1599	3415
1600	3415
1601	3415
1602	3415
1603	2847
1605	1609
1607	1609
1608	1609
1609	1612
1609	1723
1609	2707
1609	3814
1610	1611
1612	1616
1613	1616
1614	1616
1615	1616
1616	1764
1616	2315
1616	2372
1616	2952
1616	3722
1616	3726
1616	3787
1616	3809
1616	3848
1617	1670
1618	1670
1619	1670
1620	1670
1621	1670
1622	1670
1623	1670
1624	1670
1624	1929
1624	2303
1624	2378
1624	2388
1624	2426
1624	2707
1624	2831
1624	2842
1624	3283
1624	3335
1624	3339
1624	3540
1624	3606
1624	3624
1624	3726
1624	3778
1624	3800
1625	1670
1626	1670
1627	1670
1628	1670
1629	1670
1630	1670
1631	1670
1631	3465
1632	1670
1632	2485
1633	1670
1634	1670
1634	2485
1634	2831
1635	1670
1636	1670
1636	2797
1637	1670
1638	1670
1639	1670
1640	1670
1641	1670
1642	1670
1643	1670
1643	2946
1643	3555
1643	3952
1644	1670
1645	1670
1646	1670
1647	1670
1648	1670
1650	1670
1652	1670
1653	1670
1654	1670
1655	1670
1655	3321
1657	1670
1658	1670
1658	3588
1659	1670
1660	1670
1661	1670
1661	2797
1662	1670
1663	1670
1663	2403
1663	3428
1665	1670
1665	2707
1666	1670
1667	1670
1668	1670
1669	1670
1670	1677
1670	1799
1670	1817
1670	1823
1670	1837
1670	1838
1670	1854
1670	1856
1670	1868
1670	1869
1670	1899
1670	1903
1670	1932
1670	1967
1670	1994
1670	1996
1670	2013
1670	2118
1670	2157
1670	2178
1670	2182
1670	2194
1670	2217
1670	2252
1670	2267
1670	2268
1670	2284
1670	2288
1670	2311
1670	2347
1670	2437
1670	2475
1670	2577
1670	2591
1670	2609
1670	2613
1670	2619
1670	2634
1670	2636
1670	2644
1670	2779
1670	2780
1670	2817
1670	2819
1670	2823
1670	2839
1670	2855
1670	2904
1670	2924
1670	2925
1670	2927
1670	2928
1670	2932
1670	2954
1670	2992
1670	3006
1670	3019
1670	3039
1670	3040
1670	3041
1670	3070
1670	3089
1670	3125
1670	3148
1670	3157
1670	3158
1670	3175
1670	3200
1670	3201
1670	3208
1670	3213
1670	3244
1670	3267
1670	3271
1670	3332
1670	3334
1670	3362
1670	3398
1670	3403
1670	3404
1670	3405
1670	3409
1670	3410
1670	3425
1670	3445
1670	3460
1670	3461
1670	3468
1670	3482
1670	3485
1670	3488
1670	3506
1670	3516
1670	3518
1670	3579
1670	3584
1670	3585
1670	3600
1670	3609
1670	3642
1670	3643
1670	3648
1670	3652
1670	3686
1670	3687
1670	3756
1670	3757
1670	3775
1670	3800
1670	3834
1670	3838
1670	3845
1670	3848
1670	3862
1670	3911
1670	3922
1670	3953
1671	3092
1672	3092
1673	3092
1675	3092
1676	3092
1677	3092
1678	3092
1679	3092
1681	3092
1682	3092
1683	1685
1684	1685
1685	1988
1685	2139
1685	2321
1685	2706
1685	2964
1685	3394
1685	3782
1686	3676
1687	3028
1687	3726
1688	3726
1689	3726
1690	3726
1691	3726
1692	3726
1694	3726
1695	3726
1696	3726
1697	3726
1698	3726
1699	3726
1700	3726
1701	3726
1702	3726
1703	3726
1704	2707
1704	3726
1705	3726
1706	3726
1707	3726
1708	3726
1709	3726
1710	3726
1711	3726
1712	3726
1713	3726
1715	1721
1716	1721
1717	1721
1718	1721
1718	3555
1720	1721
1721	2124
1721	3116
1722	3215
1722	3221
1722	3582
1722	3584
1722	3756
1722	3782
1722	3850
1722	3868
1723	3149
1724	2707
1724	3149
1725	3149
1726	3149
1727	1728
1727	2707
1729	1730
1730	3520
1731	1945
1731	2898
1731	3869
1732	2898
1733	2898
1734	3871
1735	1739
1735	1817
1735	2043
1735	2220
1735	2331
1735	2528
1735	2600
1735	2639
1735	2800
1735	3356
1735	3404
1735	3460
1735	3762
1735	3824
1736	1739
1737	1739
1738	1739
1739	2843
1739	3137
1739	3410
1739	3484
1739	3869
1740	1741
1740	3911
1742	1746
1743	1746
1743	3347
1744	1746
1745	1746
1746	2268
1746	3211
1746	3353
1750	2978
1751	2409
1752	2409
1753	3554
1755	3147
1757	3555
1763	1768
1764	1768
1765	1768
1766	1768
1767	1768
1768	1968
1768	2241
1768	2522
1768	2707
1768	3484
1768	3604
1768	3754
1768	3834
1768	3845
1768	3848
1768	3851
1768	3862
1768	3879
1768	3883
1768	3897
1769	1770
1770	2276
1771	3463
1772	3463
1773	3463
1774	3463
1776	3463
1776	3562
1777	3463
1778	3463
1779	1791
1779	2707
1779	3463
1780	3463
1781	3463
1782	3463
1783	3463
1784	3463
1785	3463
1786	3149
1788	1790
1789	1790
1791	2707
1791	3482
1791	3661
1791	3715
1791	3726
1791	3834
1793	3821
1796	1801
1797	1801
1798	1801
1799	1801
1800	1801
1801	2277
1801	2339
1801	2581
1801	2804
1801	2946
1801	3116
1801	3211
1801	3607
1801	3682
1801	3853
1801	3952
1802	1804
1803	1804
1804	2190
1804	2292
1804	3626
1805	3908
1807	2806
1808	1809
1809	2687
1809	3600
1809	3809
1810	1812
1810	3213
1811	1812
1812	3470
1813	3556
1815	2734
1815	3210
1815	3226
1815	3705
1816	1818
1817	1818
1818	2952
1819	1820
1819	2444
1822	3789
1823	1824
1823	3544
1823	3555
1823	3952
1824	3518
1824	3828
1825	1826
1827	2030
1828	1828
1828	1860
1828	2024
1829	1830
1831	3828
1831	3948
1832	3471
1833	1834
1834	3528
1835	2707
1841	2898
1843	3919
1844	3754
1850	3726
1856	3092
1864	2707
1866	3019
1869	1870
1871	1932
1872	1873
1873	3346
1873	3705
1874	1875
1874	2403
1875	2465
1875	2578
1876	2707
1878	2630
1878	3913
1879	3409
1880	3409
1881	3409
1882	3409
1882	3415
1883	3211
1883	3409
1883	3726
1884	3409
1885	3409
1886	3409
1887	3409
1888	3409
1890	3409
1892	3409
1894	3409
1894	3500
1895	1895
1895	1950
1895	3211
1895	3409
1896	2614
1896	3409
1896	3411
1896	3911
1897	3409
1898	3409
1899	3258
1899	3409
1900	3409
1901	3409
1902	3409
1903	3409
1904	3409
1906	3409
1906	3415
1907	3409
1908	3409
1909	3409
1910	3660
1911	3635
1912	1913
1916	1916
1917	2268
1919	2707
1919	2880
1920	2880
1921	2707
1921	2880
1923	1924
1925	1926
1925	2045
1927	1933
1928	1933
1929	1933
1930	1933
1930	3403
1930	3652
1931	1933
1932	1933
1933	2687
1933	3237
1933	3518
1933	3600
1933	3809
1934	1935
1934	2707
1936	1937
1938	2978
1938	3353
1938	3917
1939	1940
1940	2800
1940	2835
1940	2878
1940	3028
1940	3163
1940	3518
1940	3533
1940	3642
1940	3695
1940	3828
1940	3845
1941	3948
1942	1946
1944	1946
1945	1946
1946	2623
1946	2818
1946	3737
1946	3834
1947	3908
1949	3403
1950	3403
1951	3403
1952	3403
1953	3403
1954	3403
1955	3403
1955	3911
1956	3403
1957	3403
1958	3403
1959	3403
1960	3403
1960	3415
1961	3403
1962	3403
1963	3403
1964	3403
1965	2403
1965	3403
1966	3403
1967	3211
1967	3403
1968	3403
1969	1969
1970	1971
1970	2946
1970	3555
1972	1983
1973	1983
1974	1983
1975	1983
1976	1983
1977	1983
1978	1983
1979	1983
1979	3403
1980	1983
1981	1983
1982	1983
1983	2910
1983	2912
1983	3261
1983	3646
1983	3853
1983	3917
1983	3927
1984	1985
1984	2947
1984	3555
1988	2020
1989	2020
1990	2020
1990	2584
1990	3266
1990	3347
1990	3528
1990	3628
1990	3948
1991	2020
1991	3726
1991	3911
1992	2020
1993	2020
1993	3403
1994	2020
1994	3403
1995	2020
1996	2020
1996	3403
1997	2020
1998	2020
1999	2020
2000	2020
2001	2020
2002	2020
2003	2020
2003	3409
2004	2020
2005	2020
2006	2020
2007	2020
2008	2020
2009	2020
2011	2020
2011	2707
2012	2020
2013	2020
2014	2020
2015	2020
2016	2020
2018	2020
2019	2020
2020	2115
2020	2233
2020	2284
2020	2536
2020	2539
2020	2569
2020	2639
2020	2648
2020	2777
2020	2784
2020	2833
2020	2930
2020	2993
2020	3088
2020	3089
2020	3090
2020	3094
2020	3148
2020	3175
2020	3213
2020	3403
2020	3404
2020	3407
2020	3441
2020	3481
2020	3483
2020	3490
2020	3491
2020	3518
2020	3570
2020	3572
2020	3584
2020	3592
2020	3608
2020	3614
2020	3648
2020	3652
2020	3687
2020	3695
2020	3709
2020	3754
2020	3761
2020	3782
2020	3834
2020	3845
2020	3848
2020	3893
2020	3903
2020	3917
2021	3948
2022	2468
2023	2043
2024	3471
2025	3471
2026	2464
2026	2707
2027	2464
2027	2946
2027	3409
2027	3834
2028	2464
2029	2032
2030	2032
2031	2032
2031	3092
2032	2175
2032	2639
2032	2779
2032	3754
2032	3880
2033	2227
2034	3731
2035	3731
2036	3731
2037	3731
2038	3731
2038	3734
2038	3748
2038	3749
2038	3751
2038	3752
2038	3766
2038	3908
2038	3912
2038	3914
2038	3917
2038	3918
2038	3919
2038	3942
2039	3731
2040	3731
2041	3731
2042	3731
2043	2800
2043	3731
2044	3731
2045	2047
2045	2049
2045	3116
2046	2049
2047	2049
2048	2049
2049	3140
2049	3626
2050	3695
2051	2707
2051	3866
2052	3908
2053	2054
2056	2057
2057	3028
2057	3773
2058	3443
2059	3443
2061	3948
2062	2068
2062	3726
2062	3834
2062	3862
2063	2068
2064	2068
2065	2068
2065	2706
2065	3429
2065	3609
2065	3787
2065	3902
2065	3919
2066	2068
2067	2068
2068	2326
2068	3232
2068	3286
2068	3488
2068	3664
2068	3781
2068	3948
2069	3889
2070	3665
2071	2995
2072	2322
2072	2707
2072	3150
2073	2077
2075	2077
2076	2077
2077	2734
2077	3768
2077	3948
2078	2096
2078	3731
2080	2096
2080	3028
2081	2096
2082	2096
2083	2096
2084	2096
2085	2096
2086	2096
2088	2096
2089	2096
2090	2096
2091	2096
2092	2096
2093	2096
2094	2096
2094	2907
2094	3544
2094	3555
2094	3952
2095	2096
2096	2311
2096	2458
2096	2595
2096	2647
2096	2662
2096	2779
2096	3131
2096	3210
2096	3303
2096	3528
2096	3570
2096	3609
2096	3756
2097	3948
2098	2099
2099	3353
2099	3908
2100	2101
2101	3518
2102	2833
2103	3684
2104	2105
2104	2305
2104	3544
2104	3555
2104	3952
2105	3085
2105	3608
2105	3889
2105	3895
2106	2486
2106	2549
2106	2615
2106	2933
2106	3243
2112	2123
2112	3409
2113	2123
2113	3409
2114	2123
2115	2123
2115	2403
2115	3409
2116	2123
2117	2123
2117	3409
2117	3726
2118	2123
2118	3403
2118	3409
2118	3911
2119	2123
2120	2123
2121	2123
2122	2123
2123	2147
2123	2173
2123	2252
2123	2403
2123	2804
2123	2833
2123	2876
2123	2936
2123	3064
2123	3267
2123	3410
2123	3415
2123	3429
2123	3564
2123	3568
2123	3570
2123	3608
2123	3609
2123	3709
2123	3724
2123	3731
2123	3732
2123	3734
2123	3749
2123	3751
2123	3753
2123	3817
2123	3895
2123	3908
2123	3917
2124	2125
2125	2707
2127	2128
2128	2603
2128	2633
2128	2819
2128	2904
2128	2927
2128	3409
2128	3463
2128	3471
2128	3488
2128	3559
2128	3715
2128	3726
2128	3848
2129	2130
2130	3554
2131	2629
2131	3779
2132	2629
2133	2629
2134	2146
2135	2146
2136	2146
2137	2146
2138	2146
2139	2146
2140	2146
2141	2146
2142	2146
2143	2146
2144	2146
2144	3768
2145	2146
2146	3676
2146	3736
2146	3775
2146	3861
2147	2148
2147	3409
2148	3482
2149	2404
2150	2404
2150	2946
2151	2154
2151	3356
2151	3516
2151	3904
2152	2154
2152	3356
2153	2154
2153	2614
2154	2154
2154	2753
2154	2778
2154	3271
2154	3482
2154	3609
2154	3754
2154	3775
2154	3782
2154	3828
2155	2710
2156	2707
2156	2710
2156	3092
2157	2158
2157	3403
2157	3726
2158	3023
2158	3028
2158	3628
2158	3674
2158	3726
2159	2573
2159	3908
2160	2161
2160	2797
2160	2933
2160	3023
2160	3186
2161	2670
2161	2702
2162	2165
2163	2165
2164	2165
2165	2844
2165	2851
2165	3063
2165	3754
2165	3948
2166	3926
2167	3926
2168	3926
2169	3926
2170	3926
2171	3926
2172	3926
2173	3926
2174	3926
2175	3911
2175	3926
2177	3926
2178	2179
2179	2484
2179	3347
2179	3761
2180	3331
2182	3403
2182	3409
2184	3925
2185	3626
2186	2187
2187	2595
2188	2191
2189	2191
2189	2902
2189	3879
2190	2191
2191	2737
2191	3023
2191	3845
2192	2378
2192	3849
2194	3849
2195	3849
2196	3849
2197	2200
2198	2200
2201	3343
2201	3402
2201	3547
2201	3687
2202	3547
2203	3547
2204	3547
2205	3064
2207	2208
2208	3143
2209	3424
2209	3556
2210	2214
2211	2214
2211	2707
2212	2214
2213	2214
2214	2819
2214	3402
2214	3613
2214	3861
2215	2217
2216	2217
2217	3518
2218	2219
2220	2221
2222	2223
2227	2229
2227	3299
2228	2229
2228	2403
2229	3404
2229	3409
2229	3440
2229	3484
2230	2233
2231	2233
2232	2233
2233	2778
2233	3403
2233	3937
2234	2603
2235	2682
2236	3048
2237	3048
2238	3048
2239	3048
2240	3048
2241	3048
2241	3415
2242	3048
2243	3048
2244	3048
2244	3952
2245	3048
2246	3048
2247	3048
2248	3048
2249	3488
2250	3488
2251	3488
2252	3126
2252	3403
2252	3409
2252	3488
2253	3488
2254	3488
2255	3488
2256	3488
2257	3488
2260	3488
2261	2707
2261	3488
2262	3488
2263	3488
2264	3488
2265	3488
2266	3488
2267	3488
2268	2427
2268	3321
2268	3403
2268	3488
2269	3488
2270	3488
2271	3488
2272	3488
2273	3488
2274	3488
2275	3488
2276	3488
2277	3488
2279	3488
2280	3488
2281	3488
2282	3488
2283	3488
2284	3403
2284	3488
2286	2707
2286	3488
2287	3488
2288	3488
2289	3488
2290	2291
2291	3346
2291	3948
2292	3049
2293	3049
2295	2297
2296	2297
2298	3213
2299	3809
2302	2426
2302	3046
2303	2562
2303	2933
2303	3046
2303	3211
2303	3726
2303	3868
2305	2578
2305	3489
2305	3927
2307	3472
2308	2309
2309	2894
2309	3146
2309	3705
2310	3029
2311	2316
2312	2316
2313	2316
2313	3028
2314	2316
2315	2316
2316	2573
2316	3161
2316	3271
2316	3343
2316	3544
2316	3555
2316	3696
2316	3782
2316	3952
2317	2363
2318	3892
2320	2322
2322	3156
2322	3604
2322	3726
2322	3913
2323	3853
2323	3948
2325	2331
2325	3879
2326	2331
2326	2333
2327	2331
2327	3463
2328	2331
2329	2331
2330	2331
2331	2579
2331	3710
2331	3879
2331	3948
2332	3948
2333	2335
2333	2437
2333	2611
2333	2633
2333	2712
2333	2760
2333	2819
2333	3143
2333	3609
2333	3726
2333	3756
2334	2335
2335	2604
2335	2707
2336	2742
2337	2694
2339	2342
2341	2342
2342	3917
2345	3028
2345	3336
2345	3726
2347	2348
2348	3488
2349	3676
2351	2363
2352	2363
2353	2363
2354	2363
2355	2363
2356	2363
2358	2363
2359	2363
2360	2363
2361	2363
2362	2363
2363	2458
2363	2477
2363	2944
2363	2960
2363	3666
2363	3840
2363	3868
2363	3906
2363	3923
2365	2707
2365	3517
2365	3660
2367	2396
2368	2396
2368	3488
2369	2396
2370	2396
2370	3779
2371	2396
2372	2396
2372	3726
2373	2396
2374	2396
2374	3212
2375	2396
2376	2396
2377	2396
2378	2396
2378	2408
2378	2555
2379	2396
2380	2396
2382	2396
2383	2396
2384	2396
2386	2396
2387	2396
2388	2396
2389	2396
2390	2396
2391	2396
2392	2396
2393	2396
2394	2396
2395	2396
2396	2604
2396	3742
2397	2591
2397	3514
2397	3922
2398	2399
2399	3267
2400	2707
2400	3705
2400	3712
2401	2402
2403	2406
2403	2407
2403	2536
2403	2608
2403	2624
2403	2784
2403	2861
2403	2864
2403	2879
2403	2993
2403	3149
2403	3257
2403	3431
2403	3661
2403	3666
2403	3722
2403	3748
2403	3761
2403	3789
2403	3824
2403	3828
2403	3845
2403	3863
2404	2407
2405	2407
2405	3952
2406	2407
2406	3544
2406	3952
2408	2646
2408	3606
2409	2410
2409	3903
2411	2419
2412	2419
2412	3409
2413	2419
2414	2419
2415	2419
2416	2419
2416	2707
2416	3556
2417	2419
2418	2419
2419	3163
2419	3443
2419	3518
2419	3556
2419	3635
2419	3751
2419	3752
2419	3753
2419	3795
2419	3897
2419	3914
2419	3946
2419	3948
2420	2485
2420	3441
2420	3451
2421	3705
2422	2423
2424	2426
2424	3415
2425	2426
2425	2707
2425	3544
2425	3555
2426	2457
2426	2486
2426	2644
2426	2819
2426	2843
2426	3023
2426	3347
2426	3441
2426	3488
2426	3948
2427	2430
2428	2430
2429	2430
2430	2512
2430	2819
2430	3757
2430	3826
2431	2432
2432	2842
2433	2434
2434	3092
2434	3409
2435	3219
2437	2446
2437	3919
2442	2443
2444	3744
2444	3926
2445	2447
2446	2447
2446	2578
2449	2456
2450	2456
2452	2456
2452	3339
2453	2456
2453	2707
2454	2456
2456	3169
2456	3525
2456	3635
2456	3948
2457	2459
2458	2459
2459	2707
2460	2461
2461	3010
2462	2669
2463	2465
2463	3778
2464	2464
2464	2465
2464	2541
2464	2797
2464	3132
2465	2946
2465	3412
2465	3555
2465	3705
2465	3952
2468	2730
2468	3080
2468	3679
2470	3346
2471	2473
2472	2473
2472	2831
2473	3453
2473	3838
2474	2476
2475	2476
2477	2478
2479	3158
2480	3066
2480	3216
2480	3642
2480	3711
2481	2731
2482	2486
2483	2486
2483	3463
2484	2486
2484	3048
2485	2486
2485	2707
2485	3691
2486	2635
2486	3116
2487	2490
2488	2490
2489	2490
2490	3166
2493	3795
2494	2495
2496	2500
2497	2500
2498	2500
2499	2500
2500	2723
2500	2946
2500	3328
2500	3555
2500	3635
2500	3948
2503	3183
2504	3609
2505	3948
2506	2507
2507	3773
2508	2511
2509	2511
2510	2511
2511	2712
2511	3289
2511	3895
2512	2515
2514	2515
2515	3814
2516	2517
2518	3163
2519	2523
2520	2523
2521	2523
2522	2523
2523	2633
2523	2908
2523	3231
2523	3787
2523	3922
2523	3942
2524	2525
2526	2539
2527	2539
2528	2539
2529	2539
2530	2539
2530	2710
2531	2539
2532	2539
2533	2539
2535	2539
2536	2539
2536	3409
2537	2539
2538	2539
2539	2630
2539	2662
2539	3026
2539	3041
2539	3148
2539	3332
2539	3335
2539	3353
2539	3373
2539	3490
2539	3500
2539	3668
2539	3674
2539	3726
2539	3756
2539	3761
2541	3346
2541	3626
2542	2549
2542	3403
2543	2549
2545	2549
2545	3403
2546	2549
2547	2549
2548	2549
2549	2606
2549	2780
2549	2946
2549	3089
2549	3544
2549	3555
2549	3952
2555	2961
2558	2559
2559	3520
2560	3647
2561	3647
2562	2563
2564	3270
2565	2566
2567	2839
2568	3845
2569	3403
2569	3845
2570	3845
2571	3845
2572	3845
2573	3092
2573	3126
2573	3759
2573	3845
2574	3845
2575	3845
2577	2797
2577	3845
2578	3305
2578	3655
2578	3656
2578	3845
2578	3917
2579	2707
2579	2773
2579	3845
2580	3845
2581	3845
2582	3845
2583	3845
2584	2806
2584	3488
2584	3845
2585	3845
2586	3845
2587	3845
2588	2707
2588	3845
2589	3506
2589	3845
2590	3845
2591	3845
2592	3845
2593	3845
2594	3845
2595	3845
2596	3948
2597	2598
2598	2939
2599	3082
2600	2915
2601	3948
2602	2613
2602	2707
2603	2613
2604	2613
2604	2707
2604	2946
2604	3544
2604	3555
2604	3952
2605	2613
2606	2613
2606	2904
2606	2930
2606	2982
2606	3208
2606	3519
2606	3555
2606	3911
2607	2613
2608	2613
2609	2613
2609	3403
2609	3613
2610	2613
2611	2613
2611	3463
2611	3911
2612	2613
2612	3544
2612	3555
2612	3952
2613	2619
2613	2624
2613	2636
2613	2819
2613	2904
2613	2989
2613	3004
2613	3148
2613	3403
2613	3548
2613	3726
2613	3736
2613	3811
2613	3848
2613	3914
2613	3922
2614	2615
2614	2621
2614	3237
2614	3409
2614	3726
2615	2707
2615	3470
2615	3705
2615	3828
2616	3809
2617	2618
2617	3845
2618	2707
2618	3482
2618	3582
2618	3829
2618	3853
2619	2620
2620	3041
2620	3488
2620	3518
2620	3624
2620	3908
2620	3911
2620	3945
2620	3946
2621	3411
2624	3403
2629	3779
2635	3415
2636	3403
2639	3488
2639	3926
2644	2707
2644	2831
2644	3283
2644	3488
2646	2648
2646	2707
2646	3413
2646	3415
2646	3778
2646	3948
2647	2648
2648	2670
2648	2904
2648	3488
2648	3528
2648	3642
2648	3652
2648	3726
2648	3754
2649	3853
2650	2652
2651	2652
2651	2800
2651	3283
2651	3661
2651	3923
2652	2656
2652	3028
2654	3394
2655	2707
2656	2657
2657	3937
2658	2661
2659	2661
2660	2661
2661	2950
2662	2663
2662	3726
2664	2668
2665	2668
2666	2668
2667	2668
2667	2946
2667	3409
2667	3778
2668	3782
2668	3828
2669	3330
2670	2672
2671	2672
2672	3809
2673	3017
2673	3917
2674	3731
2680	3064
2680	3908
2681	2686
2682	2686
2683	2686
2683	2707
2684	2686
2685	2686
2689	2690
2690	2707
2693	2698
2694	2698
2694	3911
2695	2698
2696	2698
2697	2698
2698	3116
2698	3362
2699	3415
2700	2702
2702	2876
2702	2905
2702	3453
2703	2709
2703	2933
2703	3357
2704	2709
2705	2709
2706	2709
2707	2709
2707	2717
2707	2734
2707	2780
2707	2781
2707	2805
2707	2859
2707	2907
2707	2908
2707	2952
2707	2982
2707	2992
2707	2997
2707	3053
2707	3069
2707	3073
2707	3148
2707	3157
2707	3163
2707	3198
2707	3200
2707	3208
2707	3210
2707	3219
2707	3228
2707	3230
2707	3305
2707	3328
2707	3352
2707	3357
2707	3384
2707	3404
2707	3412
2707	3418
2707	3426
2707	3431
2707	3451
2707	3455
2707	3472
2707	3498
2707	3500
2707	3542
2707	3568
2707	3590
2707	3594
2707	3624
2707	3625
2707	3631
2707	3635
2707	3647
2707	3688
2707	3691
2707	3697
2707	3700
2707	3711
2707	3715
2707	3734
2707	3757
2707	3767
2707	3787
2707	3795
2707	3842
2707	3846
2707	3847
2707	3856
2707	3873
2707	3894
2707	3908
2707	3937
2708	2709
2709	2933
2709	3069
2709	3321
2710	2711
2710	3066
2710	3764
2711	2923
2711	3705
2712	2930
2712	2946
2712	3092
2712	3198
2712	3544
2712	3555
2712	3652
2712	3908
2712	3952
2713	2714
2713	3394
2715	2717
2717	2924
2717	2930
2717	2946
2717	3205
2717	3210
2717	3213
2717	3355
2717	3404
2717	3453
2717	3470
2717	3544
2717	3555
2717	3582
2717	3726
2717	3735
2717	3756
2717	3782
2717	3787
2717	3952
2718	2722
2719	2722
2720	2722
2721	2722
2723	2724
2723	3879
2724	3923
2725	3845
2726	3826
2728	2729
2730	2731
2731	3679
2732	3834
2734	2739
2735	2739
2736	2739
2736	3092
2737	2739
2738	2739
2739	3210
2739	3211
2739	3226
2739	3328
2739	3488
2739	3705
2739	3756
2739	3850
2740	3606
2740	3731
2741	3606
2742	2910
2742	3353
2742	3441
2742	3557
2742	3606
2742	3609
2742	3948
2743	3588
2743	3606
2744	3601
2744	3606
2745	3606
2746	3606
2747	3606
2748	3267
2749	2750
2750	3750
2751	2752
2753	2753
2755	2758
2755	3451
2755	3562
2756	2758
2757	2758
2758	3218
2758	3948
2759	2781
2760	3606
2760	3911
2762	2764
2765	2767
2766	2767
2767	3684
2768	2773
2769	2773
2769	3463
2770	2773
2771	2773
2771	3849
2773	3555
2773	3562
2774	3271
2775	3271
2776	3271
2777	3271
2778	3271
2779	3271
2780	3092
2780	3271
2780	3544
2780	3911
2781	3271
2782	3271
2783	2797
2783	3271
2783	3409
2783	3606
2784	3726
2784	3778
2785	2786
2787	3150
2788	3150
2789	2792
2790	2792
2791	2792
2792	2833
2792	2915
2792	3182
2792	3518
2792	3922
2794	2796
2795	2796
2797	2797
2797	2802
2797	3392
2797	3519
2797	3561
2797	3705
2797	3778
2797	3850
2797	3948
2799	2802
2799	3500
2800	2802
2800	2819
2800	3092
2800	3301
2800	3488
2800	3715
2800	3726
2801	2802
2802	3271
2802	3484
2802	3911
2802	3934
2803	3441
2804	2805
2806	2807
2806	3175
2806	3347
2806	3712
2808	2809
2809	3211
2809	3606
2809	3759
2809	3778
2810	2819
2810	3175
2810	3346
2810	3405
2811	2814
2812	2814
2813	2814
2814	3347
2814	3895
2814	3948
2816	3787
2817	2818
2819	2824
2819	2831
2819	3148
2819	3341
2819	3403
2819	3613
2819	3715
2819	3834
2819	3949
2820	2824
2821	2824
2823	2824
2824	3347
2824	3362
2824	3460
2824	3516
2824	3518
2824	3687
2825	3362
2825	3695
2827	3271
2829	3948
2830	2832
2831	2832
2831	3448
2832	2946
2832	3952
2833	2834
2834	2925
2834	3175
2834	3215
2834	3273
2834	3334
2834	3484
2834	3787
2834	3789
2834	3845
2835	2841
2837	2841
2838	2841
2839	2841
2840	2841
2840	3866
2841	2894
2841	3226
2841	3328
2841	3441
2842	3845
2843	2844
2844	3339
2845	2846
2847	2848
2847	3773
2848	3838
2849	2850
2851	2852
2855	2856
2857	2858
2857	3092
2858	3074
2858	3139
2858	3601
2858	3908
2860	2867
2861	2867
2862	2867
2864	2867
2865	2867
2867	2993
2867	3091
2867	3431
2867	3547
2867	3845
2868	2870
2869	2870
2871	2872
2871	2977
2871	3606
2873	2875
2876	2877
2878	2879
2878	3092
2880	2999
2880	3448
2880	3949
2882	2884
2884	2946
2884	3544
2884	3555
2884	3739
2884	3952
2886	3425
2886	3715
2890	3705
2891	3028
2892	2893
2894	2895
2896	2897
2898	2899
2899	2968
2901	2902
2902	3883
2903	3591
2904	3403
2904	3409
2904	3544
2904	3591
2904	3642
2905	2946
2905	3591
2905	3952
2906	3591
2907	2907
2907	3243
2907	3591
2907	3778
2908	3591
2909	3591
2910	3409
2910	3488
2910	3591
2911	3591
2912	3591
2913	3591
2914	3591
2915	2917
2915	3544
2915	3555
2915	3952
2916	2917
2917	3175
2917	3705
2917	3744
2917	3787
2918	3845
2920	3908
2921	2922
2921	3092
2923	2934
2923	3271
2924	2934
2924	3092
2925	2934
2925	3845
2926	2934
2927	2934
2927	3053
2927	3403
2927	3911
2928	2934
2930	2934
2930	3555
2931	2934
2932	2934
2933	2933
2933	2934
2933	3023
2933	3211
2933	3712
2934	3175
2934	3204
2934	3208
2934	3215
2934	3244
2934	3267
2934	3410
2934	3483
2934	3485
2934	3488
2934	3490
2934	3500
2934	3559
2934	3582
2934	3584
2934	3609
2934	3698
2934	3705
2934	3756
2934	3782
2934	3845
2934	3850
2934	3868
2934	3919
2934	3948
2936	2937
2937	3410
2937	3429
2937	3609
2937	3917
2938	3469
2939	2940
2940	3645
2941	2945
2942	2945
2943	2945
2944	2945
2945	3756
2946	2947
2946	3053
2946	3198
2946	3243
2946	3274
2946	3305
2946	3356
2946	3431
2946	3472
2946	3473
2946	3548
2946	3577
2946	3585
2946	3652
2946	3656
2946	3818
2946	3948
2947	3673
2948	2952
2950	2952
2951	2952
2952	3211
2952	3402
2952	3461
2952	3484
2953	2955
2954	2955
2954	3463
2956	3346
2957	3660
2957	3952
2958	2959
2960	2968
2961	2968
2962	2968
2964	2968
2964	3419
2965	2968
2966	2968
2968	3471
2968	3893
2969	2970
2970	3528
2971	2971
2972	2982
2973	2982
2974	2982
2975	2982
2976	2982
2977	2982
2978	2982
2978	3321
2978	3326
2978	3463
2978	3911
2979	2982
2980	2982
2981	2982
2982	3131
2982	3418
2982	3429
2982	3461
2982	3529
2982	3635
2982	3666
2982	3766
2982	3948
2983	2985
2984	2985
2984	3040
2984	3726
2984	3834
2986	3948
2987	2988
2988	3698
2989	2990
2990	3352
2990	3706
2991	3705
2992	2994
2993	2994
2993	3403
2993	3409
2993	3488
2995	2996
2995	3347
2999	3053
2999	3476
3000	3001
3002	3012
3002	3908
3003	3012
3004	3012
3004	3305
3005	3012
3006	3012
3006	3463
3007	3012
3007	3488
3008	3012
3009	3012
3010	3012
3010	3726
3011	3012
3012	3116
3012	3156
3012	3180
3012	3198
3012	3592
3012	3608
3012	3635
3012	3845
3012	3895
3012	3917
3012	3918
3012	3924
3012	3925
3012	3927
3014	3756
3014	3863
3014	3948
3015	3018
3017	3018
3017	3403
3019	3020
3019	3588
3019	3701
3021	3046
3021	3064
3021	3908
3023	3463
3028	3030
3028	3078
3028	3126
3028	3419
3028	3759
3028	3853
3028	3913
3029	3030
3029	3146
3029	3604
3029	3609
3029	3705
3029	3756
3029	3781
3033	3034
3035	3036
3037	3040
3038	3040
3039	3040
3040	3761
3040	3845
3041	3092
3041	3664
3042	3044
3045	3403
3045	3917
3046	3114
3046	3144
3046	3398
3046	3402
3046	3719
3048	3050
3048	3601
3048	3695
3049	3050
3050	3484
3051	3058
3052	3058
3053	3058
3053	3421
3053	3555
3053	3592
3053	3911
3053	3952
3054	3058
3055	3058
3056	3058
3057	3058
3059	3061
3060	3061
3062	3063
3066	3845
3069	3731
3073	3267
3074	3680
3075	3680
3076	3415
3076	3680
3077	3680
3078	3680
3078	3948
3079	3680
3080	3680
3081	3680
3082	3115
3083	3484
3084	3335
3084	3336
3084	3893
3085	3086
3087	3090
3088	3090
3089	3090
3092	3092
3092	3148
3092	3198
3092	3207
3092	3328
3092	3485
3092	3570
3092	3592
3092	3642
3092	3688
3092	3756
3092	3770
3092	3781
3092	3923
3093	3095
3094	3095
3096	3669
3097	3669
3098	3669
3099	3669
3100	3669
3101	3637
3101	3669
3102	3669
3103	3669
3103	3924
3104	3669
3105	3669
3106	3669
3107	3669
3108	3588
3108	3669
3109	3669
3110	3669
3111	3669
3112	3669
3113	3669
3114	3669
3115	3669
3116	3271
3116	3606
3116	3669
3117	3669
3118	3669
3119	3669
3120	3669
3121	3669
3122	3669
3123	3669
3124	3669
3125	3669
3126	3127
3126	3834
3128	3130
3129	3130
3129	3403
3130	3336
3130	3540
3130	3754
3130	3756
3130	3762
3130	3848
3131	3448
3132	3137
3132	3845
3133	3137
3135	3137
3136	3137
3137	3476
3139	3140
3140	3538
3140	3555
3140	3767
3140	3952
3141	3145
3142	3145
3143	3145
3143	3731
3144	3145
3145	3773
3146	3147
3148	3461
3149	3149
3149	3309
3150	3301
3150	3309
3150	3531
3150	3597
3151	3153
3154	3771
3155	3771
3156	3771
3157	3160
3157	3321
3158	3160
3160	3271
3160	3347
3161	3162
3161	3198
3161	3544
3161	3555
3161	3588
3161	3952
3162	3773
3163	3163
3163	3165
3164	3165
3165	3751
3174	3175
3175	3482
3175	3491
3175	3606
3175	3666
3176	3948
3177	3537
3177	3669
3178	3179
3180	3187
3180	3403
3181	3187
3181	3924
3182	3187
3183	3187
3184	3187
3185	3187
3186	3187
3188	3189
3192	3248
3195	3248
3198	3248
3198	3544
3198	3555
3198	3624
3198	3952
3199	3248
3200	3248
3201	3248
3201	3409
3202	3248
3203	3248
3203	3705
3204	3248
3204	3409
3205	3248
3206	3248
3207	3248
3207	3731
3208	3213
3208	3248
3209	3248
3210	3248
3211	3215
3211	3248
3211	3421
3211	3559
3211	3726
3211	3756
3211	3782
3211	3834
3211	3856
3212	3248
3213	3248
3213	3404
3214	3248
3215	3248
3216	3248
3217	3248
3218	3248
3218	3488
3219	3248
3219	3763
3219	3834
3220	3248
3221	3248
3222	3248
3223	3248
3224	3248
3225	3248
3226	3248
3228	3248
3229	3248
3230	3248
3231	3248
3232	3248
3233	3248
3234	3248
3236	3248
3237	3248
3238	3248
3239	3248
3239	3544
3239	3555
3239	3952
3240	3248
3240	3585
3241	3248
3243	3248
3243	3601
3243	3952
3244	3248
3247	3248
3248	3259
3248	3328
3248	3372
3248	3410
3248	3485
3248	3488
3248	3497
3248	3559
3248	3578
3248	3582
3248	3584
3248	3648
3248	3756
3248	3782
3248	3787
3248	3846
3248	3850
3248	3868
3251	3726
3252	3626
3254	3441
3254	3579
3265	3305
3265	3722
3266	3272
3267	3272
3267	3845
3268	3272
3269	3272
3270	3272
3270	3568
3271	3272
3271	3485
3271	3605
3271	3657
3271	3695
3271	3709
3271	3715
3271	3754
3271	3770
3271	3914
3271	3919
3272	3568
3272	3917
3273	3277
3274	3277
3274	3544
3274	3555
3274	3598
3274	3952
3276	3277
3277	3729
3277	3943
3279	3280
3282	3283
3283	3726
3284	3289
3286	3289
3287	3289
3287	3415
3287	3731
3288	3289
3289	3347
3289	3635
3289	3646
3289	3655
3289	3948
3290	3291
3292	3293
3295	3400
3298	3300
3299	3300
3300	3664
3300	3679
3300	3682
3300	3751
3300	3917
3305	3314
3305	3919
3306	3908
3309	3597
3310	3948
3311	3320
3312	3320
3313	3320
3314	3320
3315	3320
3316	3320
3318	3320
3319	3320
3321	3323
3321	3404
3321	3497
3321	3687
3322	3323
3326	3327
3328	3329
3330	3330
3330	3463
3330	3713
3331	3498
3331	3517
3331	3713
3332	3332
3332	3713
3333	3336
3333	3339
3333	3403
3334	3339
3334	3845
3334	3889
3335	3335
3335	3336
3335	3339
3335	3540
3335	3608
3336	3336
3336	3339
3336	3482
3336	3834
3338	3339
3339	3405
3339	3421
3339	3849
3339	3948
3341	3778
3345	3349
3346	3349
3346	3669
3347	3349
3347	3540
3347	3879
3348	3349
3349	3608
3349	3948
3350	3357
3351	3357
3351	3411
3352	3357
3352	3949
3353	3357
3353	3591
3354	3357
3355	3357
3355	3488
3355	3926
3356	3357
3356	3555
3356	3952
3357	3666
3357	3731
3360	3361
3362	3403
3362	3419
3362	3713
3362	3828
3364	3365
3366	3369
3367	3369
3370	3775
3371	3911
3372	3373
3373	3948
3374	3376
3375	3376
3377	3380
3378	3380
3379	3380
3381	3385
3382	3385
3383	3385
3384	3385
3387	3388
3389	3908
3392	3393
3394	3397
3395	3397
3396	3397
3396	3404
3398	3399
3399	3948
3400	3401
3402	3408
3403	3405
3403	3407
3403	3408
3403	3409
3403	3410
3403	3460
3403	3471
3403	3483
3403	3518
3403	3549
3403	3556
3403	3648
3403	3652
3403	3695
3403	3710
3403	3748
3403	3754
3403	3761
3403	3775
3403	3877
3403	3895
3403	3911
3403	3952
3404	3408
3404	3911
3405	3408
3406	3408
3407	3408
3407	3409
3408	3917
3409	3410
3409	3411
3409	3483
3409	3500
3409	3570
3409	3579
3409	3580
3409	3582
3409	3585
3409	3608
3409	3609
3409	3616
3409	3642
3409	3648
3409	3655
3409	3709
3409	3726
3409	3779
3409	3782
3409	3829
3409	3850
3409	3913
3409	3937
3410	3411
3410	3911
3411	3596
3412	3421
3413	3421
3415	3421
3415	3490
3415	3547
3415	3568
3415	3619
3415	3655
3415	3709
3415	3779
3415	3801
3415	3845
3415	3866
3415	3908
3415	3937
3416	3421
3418	3421
3419	3421
3419	3428
3419	3840
3420	3421
3421	3421
3421	3425
3421	3429
3421	3516
3421	3528
3421	3787
3422	3423
3424	3424
3425	3426
3428	3731
3429	3432
3429	3745
3429	3911
3430	3432
3431	3432
3431	3952
3432	3828
3433	3437
3434	3437
3434	3661
3434	3923
3435	3437
3436	3437
3437	3877
3438	3442
3439	3442
3440	3442
3441	3442
3442	3730
3442	3736
3442	3917
3443	3449
3443	3773
3444	3449
3445	3449
3446	3449
3448	3449
3448	3664
3448	3726
3450	3726
3450	3948
3451	3452
3453	3455
3454	3455
3456	3457
3459	3908
3460	3462
3461	3462
3462	3919
3462	3922
3462	3942
3463	3468
3463	3609
3463	3661
3463	3744
3463	3778
3463	3821
3463	3871
3463	3896
3463	3948
3464	3468
3464	3754
3465	3468
3465	3948
3466	3468
3466	3518
3466	3817
3467	3468
3468	3763
3468	3767
3469	3476
3470	3476
3470	3845
3471	3476
3471	3911
3472	3476
3472	3946
3473	3476
3474	3476
3475	3476
3476	3608
3482	3540
3483	3911
3484	3911
3485	3845
3488	3570
3488	3578
3488	3579
3488	3582
3488	3584
3488	3608
3488	3635
3488	3690
3488	3698
3488	3708
3488	3709
3488	3743
3488	3782
3488	3850
3488	3895
3489	3544
3489	3555
3489	3952
3490	3591
3490	3763
3490	3845
3490	3911
3492	3911
3502	3632
3503	3505
3504	3505
3507	3520
3509	3520
3511	3520
3513	3520
3514	3520
3515	3520
3516	3520
3517	3520
3517	3562
3518	3520
3519	3520
3520	3895
3521	3705
3521	3724
3521	3749
3522	3908
3523	3526
3524	3526
3525	3526
3526	3828
3527	3527
3537	3537
3537	3538
3537	3684
3537	3850
3538	3773
3539	3908
3540	3540
3540	3715
3544	3548
3544	3555
3544	3656
3544	3948
3544	3952
3545	3555
3546	3555
3547	3555
3547	3635
3547	3895
3547	3948
3548	3555
3548	3952
3549	3555
3549	3726
3551	3555
3552	3555
3554	3555
3555	3726
3555	3770
3555	3778
3555	3818
3555	3856
3555	3948
3555	3952
3556	3557
3558	3562
3559	3562
3559	3726
3561	3562
3563	3908
3564	3571
3565	3571
3566	3571
3568	3571
3569	3571
3570	3571
3572	3572
3573	3574
3575	3586
3576	3586
3577	3586
3578	3586
3579	3586
3580	3586
3581	3586
3582	3582
3582	3586
3582	3606
3583	3586
3584	3586
3585	3586
3586	3787
3586	3850
3586	3911
3587	3590
3588	3590
3588	3626
3588	3676
3588	3787
3588	3948
3589	3590
3591	3761
3591	3822
3592	3593
3594	3598
3595	3598
3596	3598
3597	3598
3597	3726
3600	3612
3601	3612
3601	3628
3601	3717
3601	3735
3601	3948
3602	3612
3603	3612
3604	3612
3605	3612
3606	3612
3606	3675
3606	3680
3606	3695
3606	3771
3606	3834
3606	3914
3606	3919
3607	3612
3608	3612
3608	3771
3608	3926
3609	3612
3609	3911
3610	3612
3611	3612
3612	3626
3612	3754
3612	3869
3612	3934
3613	3621
3613	3715
3614	3621
3614	3726
3615	3621
3616	3621
3617	3621
3618	3621
3619	3621
3620	3621
3622	3623
3623	3952
3624	3627
3625	3627
3626	3627
3627	3686
3627	3754
3627	3948
3628	3629
3630	3631
3632	3636
3633	3636
3634	3636
3635	3636
3636	3948
3637	3640
3638	3640
3639	3640
3640	3952
3641	3656
3642	3656
3643	3656
3644	3656
3645	3656
3646	3656
3647	3656
3648	3656
3649	3656
3650	3656
3651	3656
3652	3656
3652	3696
3652	3713
3652	3949
3652	3952
3653	3656
3654	3656
3655	3656
3656	3849
3656	3952
3657	3658
3658	3779
3659	3660
3661	3663
3661	3883
3661	3923
3664	3664
3664	3665
3665	3666
3666	3670
3668	3670
3669	3670
3669	3752
3670	3908
3673	3683
3674	3683
3675	3680
3675	3683
3676	3680
3676	3683
3677	3683
3678	3683
3679	3680
3679	3683
3680	3681
3680	3683
3681	3683
3682	3683
3683	3705
3683	3722
3684	3688
3685	3688
3686	3688
3686	3845
3687	3688
3688	3782
3695	3695
3695	3696
3697	3701
3698	3701
3699	3701
3700	3701
3701	3948
3709	3911
3712	3849
3713	3713
3715	3716
3717	3718
3721	3753
3722	3726
3722	3753
3723	3753
3724	3731
3724	3753
3726	3726
3726	3753
3726	3761
3726	3778
3726	3817
3726	3818
3726	3850
3726	3895
3727	3753
3728	3753
3729	3753
3730	3753
3731	3734
3731	3749
3731	3751
3731	3752
3731	3753
3731	3914
3731	3917
3731	3918
3731	3937
3731	3942
3732	3753
3733	3753
3734	3753
3735	3753
3736	3753
3737	3753
3738	3753
3739	3753
3740	3753
3741	3753
3742	3753
3743	3753
3744	3753
3744	3892
3745	3753
3746	3753
3747	3753
3748	3753
3749	3753
3749	3787
3750	3753
3751	3752
3751	3753
3752	3753
3752	3912
3752	3942
3753	3889
3753	3912
3753	3914
3753	3917
3753	3918
3753	3937
3754	3763
3755	3763
3756	3763
3757	3763
3758	3763
3758	3911
3759	3763
3760	3763
3761	3763
3762	3763
3763	3768
3763	3845
3763	3862
3764	3768
3765	3768
3766	3768
3767	3768
3767	3829
3768	3866
3769	3771
3769	3772
3770	3771
3770	3772
3770	3953
3771	3772
3773	3777
3775	3777
3775	3778
3776	3777
3777	3948
3778	3780
3778	3850
3778	3868
3778	3952
3779	3780
3781	3784
3782	3784
3782	3911
3782	3949
3783	3784
3785	3805
3786	3805
3787	3787
3788	3805
3789	3805
3790	3805
3791	3805
3792	3805
3793	3805
3794	3805
3795	3805
3796	3805
3797	3805
3799	3805
3800	3805
3801	3805
3802	3805
3804	3805
3805	3912
3806	3808
3807	3808
3809	3810
3811	3812
3813	3945
3814	3945
3815	3945
3816	3945
3817	3945
3818	3945
3818	3952
3819	3945
3820	3823
3821	3823
3822	3823
3824	3825
3826	3834
3827	3834
3828	3834
3828	3845
3829	3834
3830	3834
3832	3834
3833	3834
3834	3845
3834	3902
3835	3836
3837	3838
3838	3855
3839	3840
3840	3911
3841	3842
3843	3844
3845	3846
3845	3911
3845	3919
3845	3942
3848	3851
3849	3851
3850	3851
3852	3855
3853	3855
3854	3855
3856	3857
3856	3952
3859	3908
3859	3917
3860	3878
3861	3878
3862	3878
3863	3878
3864	3878
3865	3878
3866	3878
3866	3926
3867	3878
3868	3878
3869	3878
3870	3878
3871	3878
3872	3878
3873	3878
3874	3878
3875	3878
3877	3878
3878	3923
3878	3937
3878	3948
3879	3883
3880	3883
3881	3883
3882	3883
3884	3904
3885	3904
3886	3904
3887	3904
3889	3904
3892	3904
3893	3904
3894	3904
3895	3904
3896	3904
3897	3904
3898	3904
3899	3904
3900	3904
3901	3904
3902	3904
3903	3904
3906	3907
3907	3908
3908	3910
3908	3912
3908	3926
3908	3945
3909	3910
3911	3940
3911	3945
3911	3946
3912	3914
3912	3917
3912	3919
3912	3933
3912	3937
3912	3942
3912	3946
3913	3946
3914	3924
3914	3946
3915	3946
3916	3946
3917	3924
3917	3926
3917	3945
3917	3946
3918	3946
3919	3922
3919	3946
3920	3946
3921	3946
3922	3924
3922	3946
3923	3923
3923	3946
3924	3946
3925	3946
3926	3946
3927	3946
3929	3946
3931	3946
3932	3946
3933	3946
3934	3946
3935	3946
3937	3946
3938	3946
3939	3946
3940	3946
3941	3946
3942	3946
3943	3946
3945	3946
3948	3951
3948	3952
3949	3951
3953	3954
