# Undirected graph (each unordered pair of nodes is saved once): output/networks/CelganasremoveCentrality-25percent.txt
# Nodes: 2969 Edges: 699
# NodeId	NodeId
5	2195
7	13
8	9
10	280
13	14
14	2335
21	791
22	26
23	26
23	812
24	812
25	26
27	2629
27	3658
29	2013
41	44
42	44
43	44
44	354
45	1227
46	1663
47	2909
49	2660
93	284
95	669
98	280
99	279
107	669
107	1588
111	1072
114	211
121	3465
122	2840
127	3324
128	1921
131	132
132	170
133	460
133	1593
133	2562
136	137
140	2842
141	2257
150	151
152	153
154	3280
163	214
165	166
165	1080
170	2416
170	3557
172	1427
175	3545
176	3854
178	3428
180	3840
181	1542
182	1084
188	189
189	2496
189	2760
189	2804
190	3126
192	193
194	195
196	1954
196	3184
214	1451
227	228
231	1404
235	1048
236	237
240	3301
242	3465
243	244
244	245
252	252
253	1815
254	2980
254	3844
255	256
257	816
259	260
259	806
261	262
262	1690
263	267
264	267
265	267
266	267
273	274
275	502
279	669
280	669
284	286
284	519
285	286
292	2104
293	1115
297	300
298	300
299	300
301	303
304	309
305	309
306	309
307	309
308	309
312	313
314	1826
328	329
330	331
331	3854
334	3479
335	1851
336	2597
339	342
342	343
349	801
350	876
351	352
353	979
361	362
364	365
366	2414
367	2414
368	2909
369	445
371	2112
372	2112
380	405
382	384
383	384
383	1227
385	386
387	390
389	390
402	1186
404	405
410	887
414	415
414	791
443	1930
448	568
469	3465
519	1152
585	1176
636	3818
797	798
797	804
798	804
800	802
801	1475
801	1611
806	808
806	885
810	812
811	812
813	814
815	1024
936	3178
1020	1331
1058	2315
1064	1779
1080	2018
1176	2018
1183	1186
1192	3902
1218	1220
1219	1220
1220	1594
1220	1597
1234	1852
1237	1238
1238	2348
1240	1241
1249	1821
1250	1251
1251	1341
1251	3359
1252	2030
1255	2266
1258	1260
1259	1260
1260	1540
1261	1262
1262	1491
1262	1636
1262	1977
1264	1267
1265	1267
1266	1267
1267	1267
1267	1843
1267	2251
1269	2003
1283	1284
1302	3382
1303	1984
1304	1652
1305	1306
1306	2542
1307	1309
1308	1309
1309	1445
1309	3558
1310	1311
1311	2195
1324	3363
1325	1932
1328	2689
1363	1365
1364	1365
1365	2315
1369	1921
1370	2178
1371	1373
1372	1373
1373	2297
1373	3859
1375	1376
1379	1380
1383	1595
1383	2670
1385	1386
1389	3002
1394	1395
1395	2762
1396	1397
1397	3391
1398	3106
1399	1401
1400	1401
1404	3051
1405	3051
1407	1409
1408	1409
1410	1755
1411	1755
1412	1755
1419	3702
1424	1425
1426	1429
1427	1429
1428	1429
1429	2122
1430	3697
1432	1434
1433	1434
1434	2437
1440	3103
1441	1442
1442	3344
1443	1445
1444	1445
1445	2975
1448	1449
1450	1451
1452	1453
1455	2340
1465	3528
1499	1501
1500	1501
1501	3139
1502	1503
1504	2305
1505	2305
1506	2305
1507	2305
1513	1514
1515	1517
1516	1517
1517	2633
1517	3177
1518	1519
1519	1892
1521	3840
1522	1523
1529	2519
1531	1532
1532	2476
1538	1543
1539	1543
1540	1543
1541	1543
1543	2777
1549	1550
1551	1552
1553	1554
1561	2573
1563	3177
1564	3009
1565	1566
1567	2747
1577	1578
1579	2416
1584	1585
1587	2541
1595	2732
1603	2847
1610	1611
1631	3465
1663	3428
1727	1728
1731	1945
1734	3871
1740	1741
1742	1746
1744	1746
1745	1746
1747	1750
1748	1750
1749	1750
1751	2409
1752	2409
1753	3554
1755	3147
1762	3883
1769	1770
1770	2276
1787	1790
1788	1790
1789	1790
1793	3821
1794	2203
1795	2627
1808	1809
1809	2687
1814	1815
1815	2734
1816	1818
1817	1818
1825	1826
1827	2030
1828	1828
1828	1860
1829	1830
1833	1834
1834	3528
1869	1870
1871	1932
1872	1873
1874	1875
1878	2630
1910	2364
1912	1913
1914	1915
1916	1916
1923	1924
1925	1926
1925	2045
1934	1935
1936	1937
1969	1969
1970	1971
1984	1985
1984	2947
2026	2464
2028	2464
2045	2047
2053	2054
2060	2061
2070	3665
2071	2995
2100	2101
2103	3684
2104	2305
2110	2111
2110	2973
2124	2125
2129	2130
2130	3554
2131	2629
2132	2629
2133	2629
2147	2148
2149	2404
2150	2404
2152	3356
2155	2710
2156	2710
2159	2573
2161	2670
2181	2183
2182	2183
2183	3398
2186	2187
2187	2595
2197	2200
2198	2200
2199	2200
2206	2208
2207	2208
2208	3143
2209	3424
2215	2217
2216	2217
2218	2219
2220	2221
2222	2223
2224	2225
2230	2233
2231	2233
2232	2233
2233	2778
2234	2603
2235	2682
2290	2291
2293	3049
2294	3049
2295	2297
2296	2297
2300	2301
2334	2335
2337	2694
2339	2342
2340	2342
2341	2342
2343	2344
2347	2348
2397	2591
2397	3514
2401	2402
2409	2410
2409	3903
2422	2423
2431	2432
2432	2842
2433	2434
2437	2446
2438	2441
2439	2441
2440	2441
2442	2443
2445	2447
2446	2447
2460	2461
2461	3010
2464	2464
2464	2541
2474	2476
2475	2476
2477	2478
2479	3158
2480	3216
2480	3711
2487	2490
2488	2490
2489	2490
2490	3166
2494	2495
2503	3183
2506	2507
2512	2515
2513	2515
2514	2515
2515	3814
2516	2517
2524	2525
2530	2710
2540	2541
2550	2553
2551	2553
2552	2553
2553	3840
2558	2559
2562	2563
2565	2566
2567	2839
2573	3126
2597	2598
2598	2939
2599	3082
2658	2661
2659	2661
2660	2661
2661	2950
2661	3194
2664	2668
2665	2668
2666	2668
2667	2668
2670	2672
2671	2672
2673	3017
2674	2675
2676	2677
2678	2679
2681	2686
2682	2686
2684	2686
2685	2686
2687	2688
2688	2823
2689	2690
2691	2692
2710	2711
2710	3764
2711	2923
2718	2722
2719	2722
2720	2722
2721	2722
2723	2724
2726	3826
2728	2729
2732	2733
2749	2750
2750	3750
2751	2752
2753	2753
2753	2754
2755	2758
2756	2758
2757	2758
2758	3218
2759	2781
2762	2764
2765	2767
2766	2767
2767	3684
2768	2773
2769	2773
2770	2773
2771	2773
2772	2773
2785	2786
2793	2796
2794	2796
2795	2796
2804	2805
2808	2809
2811	2814
2812	2814
2813	2814
2817	2818
2845	2846
2847	2848
2849	2850
2853	2854
2855	2856
2857	2858
2858	3074
2858	3139
2868	2870
2869	2870
2871	2872
2871	2977
2876	2877
2877	3458
2878	2879
2887	2889
2888	2889
2892	2893
2896	2897
2918	2919
2921	2922
2938	3469
2939	2940
2940	3645
2941	2945
2942	2945
2943	2945
2944	2945
2947	3494
2958	2959
2969	2970
2970	3528
2971	2971
2983	2985
2987	2988
2988	3698
2990	3706
2995	2996
2997	2998
3000	3001
3013	3014
3014	3863
3031	3032
3032	3082
3033	3034
3035	3036
3042	3044
3043	3044
3049	3050
3059	3061
3060	3061
3068	3072
3070	3072
3071	3072
3082	3115
3085	3086
3087	3090
3088	3090
3089	3090
3093	3095
3094	3095
3101	3637
3126	3127
3139	3140
3140	3538
3141	3145
3142	3145
3143	3145
3144	3145
3151	3153
3158	3160
3164	3165
3172	3173
3178	3179
3188	3189
3190	3191
3278	3280
3279	3280
3290	3291
3292	3293
3295	3400
3296	3297
3324	3325
3326	3327
3340	3342
3341	3342
3343	3344
3359	3361
3360	3361
3363	3365
3364	3365
3372	3373
3374	3376
3375	3376
3377	3380
3378	3380
3379	3380
3381	3385
3382	3385
3383	3385
3384	3385
3386	3388
3387	3388
3391	3393
3391	3470
3392	3393
3398	3399
3400	3401
3422	3423
3424	3424
3430	3432
3433	3437
3434	3437
3435	3437
3436	3437
3437	3877
3454	3455
3456	3457
3458	3459
3502	3632
3503	3505
3504	3505
3521	3724
3521	3749
3523	3526
3524	3526
3527	3527
3564	3571
3565	3571
3566	3571
3569	3571
3570	3571
3573	3574
3587	3590
3589	3590
3622	3623
3630	3631
3632	3636
3633	3636
3634	3636
3637	3640
3638	3640
3639	3640
3671	3672
3697	3701
3698	3701
3699	3701
3700	3701
3717	3718
3806	3808
3807	3808
3824	3825
3835	3836
3839	3840
3843	3844
3848	3851
3880	3883
3881	3883
3882	3883
3906	3907
3909	3910
3949	3951
3950	3951
