# Undirected graph (each unordered pair of nodes is saved once): output/networks/Random4000removeRandom-5percent.txt
# Nodes: 1870 Edges: 3623
# NodeId	NodeId
0	370
0	792
0	926
0	978
0	1070
0	1250
0	1397
0	1907
370	671
792	1450
792	1560
926	929
926	1364
978	1015
978	1258
978	1628
978	1848
1070	1779
1070	1798
1250	1444
1397	1399
1	1149
1	1809
1149	1936
1809	1938
2	575
2	622
2	1152
575	587
575	1335
622	753
622	1153
622	1717
1152	1541
3	1315
4	382
4	868
4	1503
4	1638
4	1903
382	544
382	561
868	1011
1503	1515
1638	1844
5	1126
5	1260
5	1757
5	1820
1126	1582
1126	1605
1126	1655
1126	1661
1260	1401
1757	1942
6	377
6	495
6	684
6	952
6	1028
377	1201
377	1481
952	1256
952	1294
952	1386
952	1887
7	582
7	1473
7	1913
582	1579
582	1857
8	374
8	746
8	854
8	962
8	1133
8	1550
8	1594
8	1750
374	1698
374	1919
854	1052
854	1349
854	1870
962	1006
962	1620
1133	1137
1133	1210
1133	1490
1133	1681
1750	1985
9	180
9	462
9	777
9	1308
9	1396
9	1801
9	1937
180	328
180	991
180	1811
180	1899
462	601
462	1010
777	1183
777	1779
1396	1488
536	903
536	1063
536	1071
584	586
584	1173
811	1688
811	1909
911	1291
1217	1385
1217	1670
1449	1495
1449	1806
11	914
11	1230
11	1369
11	1851
914	1217
914	1295
914	1439
1230	1349
1230	1621
1230	1951
1369	1957
1851	1852
1851	1889
1851	1938
29	290
29	996
29	1026
29	1188
29	1518
29	1771
476	796
1132	1370
1132	1824
1738	1892
1895	1899
13	390
13	635
13	1024
13	1761
1024	1129
1761	1992
14	68
14	531
14	1631
14	1833
68	144
68	760
531	832
531	982
531	1357
531	1465
1631	1753
15	850
15	1407
15	1550
15	1808
850	975
850	1013
850	1431
850	1899
1407	1516
1808	1980
16	170
16	1184
16	1503
16	1709
16	1720
16	1845
1709	1923
1720	1954
17	275
17	795
17	1041
275	1321
795	1531
1041	1652
1041	1900
18	1401
18	1704
18	1854
1401	1970
1704	1954
19	114
19	970
19	1298
19	1771
114	1113
114	1910
970	1039
1298	1680
20	264
20	504
20	621
20	1197
20	1635
20	1961
264	1376
264	1382
504	730
504	854
504	932
504	960
504	1115
504	1116
621	1466
621	1595
1197	1610
1635	1779
21	1338
1338	1504
22	1507
22	1984
1507	1721
23	44
23	75
23	146
23	236
23	926
23	935
44	828
44	1534
75	154
75	204
75	209
75	1601
146	362
146	1663
236	909
236	1214
236	1662
935	1083
24	470
24	547
24	549
24	675
24	1455
24	1580
24	1865
470	1284
470	1329
470	1358
470	1452
547	1272
547	1553
547	1584
549	631
549	1294
549	1379
549	1421
549	1719
675	702
675	1024
675	1083
675	1237
675	1465
675	1894
1455	1621
1455	1680
1580	1612
1580	1874
25	286
25	560
25	1117
286	989
286	991
286	1226
286	1578
286	1826
286	1957
560	1138
560	1957
26	186
26	1052
26	1250
186	391
186	457
186	1183
186	1299
1052	1274
1052	1365
1052	1815
1052	1828
27	120
27	521
27	526
27	701
27	717
27	1821
120	381
120	704
120	1357
120	1680
521	1956
526	1271
526	1424
526	1550
526	1581
526	1586
526	1687
526	1754
526	1925
701	1106
701	1731
701	1910
717	917
717	1807
28	770
28	1029
770	1140
770	1813
1029	1522
290	327
290	972
996	1922
1026	1393
1188	1348
1518	1718
1518	1779
1518	1830
30	78
30	885
30	1194
30	1553
78	87
78	256
78	722
78	1450
78	1892
885	921
885	1496
1194	1330
1553	1866
411	418
411	508
411	569
411	1113
411	1239
588	802
588	874
588	910
588	1542
588	1941
817	1502
817	1808
1246	1714
1275	1868
32	819
32	969
32	1143
32	1865
819	1590
819	1631
819	1652
819	1737
819	1864
819	1869
969	1079
969	1319
1143	1480
33	78
33	958
33	991
33	1729
958	1979
991	992
991	1000
991	1615
34	392
34	727
34	854
34	1537
392	517
392	564
392	640
392	885
392	1064
727	1146
727	1267
1537	1608
35	47
35	310
35	1531
47	626
47	924
47	1203
310	719
310	1879
36	656
656	700
656	811
656	1311
656	1680
656	1961
37	632
37	695
37	1584
632	963
632	974
632	1272
632	1445
632	1559
632	1892
695	895
1584	1916
38	627
38	1067
627	697
1067	1960
39	59
39	833
39	839
59	926
59	1577
59	1653
59	1756
59	1993
833	857
833	1034
833	1194
833	1385
833	1797
839	1284
839	1376
839	1853
40	723
40	1112
40	1153
40	1296
40	1433
40	1449
40	1474
40	1587
40	1837
723	1383
723	1507
1112	1690
1112	1757
1296	1392
1296	1644
1296	1944
1474	1683
1474	1962
41	642
41	939
41	1563
642	722
642	1422
939	1352
939	1646
1563	1711
66	262
66	922
66	977
814	869
814	1195
814	1290
814	1766
272	783
272	1182
272	1219
828	1013
1534	1625
45	151
45	382
45	542
45	553
45	673
151	670
151	1076
542	1240
542	1549
542	1863
542	1944
553	879
553	911
553	1207
553	1483
553	1565
553	1991
673	916
673	973
673	1298
673	1554
673	1770
46	351
46	476
46	1220
46	1488
46	1576
46	1948
351	1197
1220	1676
1220	1975
1488	1896
626	710
626	1160
626	1995
1203	1731
48	54
48	865
48	887
48	1014
48	1516
54	250
54	260
54	262
54	1238
54	1749
865	971
887	915
887	1540
1014	1087
1014	1498
1014	1712
1014	1818
1014	1872
1014	1936
1516	1559
1516	1938
49	222
49	615
49	993
49	1146
49	1996
222	742
222	781
222	1119
222	1605
222	1799
615	705
615	1173
615	1814
615	1995
993	1420
993	1500
993	1611
1146	1479
1146	1489
1146	1547
1146	1576
50	96
50	213
50	928
96	438
96	553
96	834
213	387
213	550
213	1350
928	1143
928	1545
51	274
51	350
51	721
51	1114
51	1450
274	687
274	1421
274	1928
350	558
350	1995
721	1235
721	1667
721	1774
1114	1233
1114	1974
1450	1908
52	1151
52	1997
1151	1226
1151	1979
53	148
53	687
53	796
53	823
53	940
53	1224
53	1473
53	1664
53	1853
148	237
148	484
148	524
687	786
687	1106
687	1138
687	1327
687	1862
687	1983
796	1780
823	855
823	1620
940	1387
1224	1501
1664	1825
250	1284
250	1808
250	1994
260	414
260	438
260	1056
260	1114
260	1272
260	1279
260	1322
260	1557
260	1766
260	1968
262	838
1238	1325
1238	1578
1238	1925
55	728
55	1422
55	1823
55	1896
728	1492
728	1536
728	1610
728	1671
728	1774
56	623
56	891
56	1284
56	1960
623	669
623	718
623	947
623	1848
623	1902
623	1980
891	1026
891	1137
891	1451
1284	1907
57	378
57	405
405	859
405	939
405	1208
405	1300
58	284
58	1127
58	1380
58	1582
284	1878
1127	1384
1127	1441
1127	1652
1127	1716
60	832
60	1420
60	1496
832	1033
832	1703
832	1761
1420	1509
1420	1739
61	451
61	642
61	1009
61	1790
61	1981
451	727
451	1364
451	1732
62	159
62	586
62	1058
62	1293
62	1413
159	341
159	457
159	1063
586	855
1058	1487
1413	1536
63	989
63	1206
989	1352
989	1642
64	1215
64	1463
64	1855
65	858
65	902
902	964
902	1120
902	1385
902	1824
977	1175
67	250
67	448
67	1179
67	1205
67	1352
448	927
1179	1429
1179	1771
1205	1817
144	302
144	345
144	1015
144	1786
144	1968
760	1181
760	1220
760	1481
760	1580
760	1806
760	1959
760	1980
69	218
69	916
69	983
69	985
69	1139
69	1233
218	1114
218	1181
218	1533
916	1294
983	1194
983	1970
985	1404
985	1919
1139	1417
1139	1913
1233	1869
70	1415
71	645
71	684
645	1278
387	437
387	524
387	828
387	1450
387	1907
555	1743
869	927
869	1188
204	416
204	424
204	707
204	847
204	883
204	962
204	1460
204	1641
209	693
209	1129
209	1387
209	1489
1601	1930
76	251
76	262
76	312
76	380
76	806
251	691
251	819
251	919
251	1097
251	1258
251	1544
251	1611
251	1616
251	1948
312	1200
312	1443
312	1611
312	1616
380	704
380	778
806	1505
806	1995
77	1525
87	886
87	916
87	1370
256	860
256	1293
256	1343
722	789
722	1023
722	1674
1892	1981
79	757
79	1097
757	802
757	1167
757	1399
757	1777
1097	1591
1097	1826
1097	1974
80	410
80	1246
80	1360
80	1945
410	593
410	965
410	1150
410	1396
410	1683
1360	1593
81	205
81	420
205	231
205	729
205	787
205	1077
420	623
420	749
420	793
420	1217
420	1337
420	1675
82	458
82	1852
82	1993
458	478
458	885
458	1657
458	1740
458	1791
1852	1945
83	429
83	981
83	1951
429	1199
429	1526
429	1627
429	1740
429	1790
84	209
84	276
276	617
276	823
276	1034
276	1749
276	1800
85	1937
1719	1795
886	1107
886	1784
88	547
88	574
88	1223
574	1313
574	1505
574	1832
574	1968
1223	1353
1223	1454
1223	1883
1223	1929
89	1719
90	658
90	798
90	863
90	1949
863	1423
863	1939
1949	1959
91	434
91	1228
91	1606
91	1804
434	438
434	844
92	743
92	951
743	1196
951	1120
951	1305
951	1464
951	1732
93	252
93	776
93	1302
93	1453
93	1664
93	1928
252	842
776	1071
776	1584
776	1589
776	1995
1302	1892
1302	1918
1453	1838
1928	1994
94	115
94	217
94	634
94	710
94	771
94	1166
94	1951
94	1966
115	608
115	893
115	1142
115	1397
217	544
217	574
217	900
217	1565
217	1775
217	1900
710	747
710	802
710	1830
771	800
771	932
771	1696
466	1224
466	1889
714	783
714	1156
714	1316
714	1693
438	1070
438	1144
834	1011
834	1196
834	1545
97	174
97	1089
97	1509
97	1782
97	1897
174	463
174	1863
1089	1148
1089	1429
1089	1800
1089	1801
1509	1696
1782	1820
1782	1896
1897	1930
98	654
98	1972
654	870
654	1468
99	153
99	969
153	824
100	1470
100	1495
100	1698
100	1824
1470	1562
1470	1955
1495	1713
1495	1785
1495	1855
1698	1857
101	150
101	365
101	1600
150	362
150	367
150	1819
365	377
365	794
365	827
365	924
1600	1664
102	563
563	907
563	1429
563	1606
103	1622
1622	1630
104	1133
105	404
105	1614
105	1623
105	1663
1614	1685
1614	1715
1623	1831
106	1540
106	1928
106	1952
1540	1768
107	513
107	1391
107	1573
107	1920
513	1769
513	1878
108	252
108	497
108	936
108	1171
108	1197
936	1558
936	1846
227	415
227	1468
775	879
775	1419
775	1423
775	1777
775	1818
775	1903
859	1328
110	282
110	1160
110	1589
282	1168
282	1387
1160	1449
1160	1729
1160	1964
1589	1616
111	323
111	1090
323	426
323	723
1090	1616
112	299
112	1719
112	1781
112	1926
299	1193
299	1459
299	1505
1781	1894
113	132
113	1342
113	1407
113	1655
132	991
1342	1460
1655	1804
1113	1190
608	1390
608	1621
893	922
893	1111
1142	1922
116	291
116	1277
116	1605
116	1720
116	1840
291	865
291	940
291	947
291	1179
291	1536
1277	1732
1605	1943
117	157
117	412
117	652
117	788
117	1902
117	1994
157	556
157	716
157	1062
157	1137
157	1293
157	1636
157	1724
412	941
412	1806
412	1968
652	694
652	1512
788	1064
788	1604
118	550
550	763
550	1159
550	1938
119	316
119	545
119	1266
119	1323
119	1567
119	1842
119	1884
545	889
545	1129
545	1249
545	1310
1266	1467
1266	1806
1323	1694
1567	1824
381	504
381	545
381	568
381	1122
381	1281
381	1464
381	1610
381	1632
381	1763
381	1934
704	992
1357	1545
1357	1577
1357	1711
121	187
121	1102
121	1497
121	1541
121	1711
121	1936
187	325
187	443
187	879
187	1178
187	1893
1711	1855
1711	1869
122	235
122	880
122	913
122	1046
122	1113
122	1647
235	322
235	1671
235	1833
913	927
913	1725
1046	1168
1046	1194
123	1846
124	196
124	776
124	1377
124	1413
124	1765
196	900
196	1057
196	1128
196	1246
1377	1492
1377	1808
125	219
125	307
125	357
125	1034
125	1112
125	1243
125	1273
219	703
219	808
219	1224
219	1709
307	867
307	1539
307	1785
357	576
1034	1174
1034	1949
1243	1846
1243	1871
126	708
126	905
126	1303
126	1734
708	1039
708	1252
708	1429
708	1944
905	1168
1303	1395
1734	1898
127	383
127	1502
383	735
383	832
383	848
383	1047
383	1081
383	1675
1502	1617
1502	1908
128	335
128	1329
128	1394
128	1452
128	1660
128	1785
128	1873
335	1328
335	1654
1452	1527
1452	1544
1660	1941
129	283
129	875
129	933
129	1288
283	1274
875	1524
875	1814
933	1398
933	1560
933	1853
131	1254
131	1759
1759	1782
1759	1805
1759	1854
1759	1964
133	1253
133	1735
133	1771
1253	1871
1253	1929
1735	1915
134	275
134	407
134	832
134	1483
134	1815
407	575
407	1382
407	1407
1483	1545
1483	1761
1483	1874
135	630
135	1690
630	686
630	807
630	1079
630	1518
630	1581
630	1967
136	594
136	653
136	1112
136	1863
594	1698
594	1868
594	1986
137	173
137	275
137	521
137	1316
137	1715
137	1969
173	642
173	662
173	1299
173	1537
139	295
295	673
295	674
295	1602
295	1639
295	1897
140	963
140	1775
140	1860
963	1491
963	1502
963	1758
141	344
141	479
141	1032
141	1307
141	1654
344	1216
479	487
479	823
1032	1051
1032	1364
1307	1505
1307	1762
1654	1977
142	399
142	582
142	733
142	847
399	760
399	1421
399	1612
733	981
733	1094
733	1715
733	1916
847	1170
143	300
143	389
143	777
143	845
143	1818
300	489
300	1616
389	536
389	645
389	856
389	1984
845	1662
302	491
302	719
1015	1020
1015	1729
145	241
145	262
145	310
145	916
145	1104
241	688
241	775
241	1652
241	1778
1104	1701
362	420
362	492
362	981
362	1403
362	1747
147	1459
147	1643
1459	1610
1459	1615
1459	1658
1459	1846
1459	1916
1459	1931
484	558
484	1440
484	1951
484	1988
524	569
524	856
524	1476
524	1922
149	1679
367	643
367	869
367	908
1819	1878
670	758
670	1160
670	1292
670	1513
670	1869
1076	1430
1076	1517
152	390
152	679
152	1132
152	1344
152	1467
152	1711
679	765
679	1123
679	1124
679	1226
679	1254
679	1410
679	1568
679	1614
679	1640
679	1677
1344	1610
1344	1760
1467	1568
155	1133
155	1879
1399	1991
556	1614
1062	1456
1062	1636
1062	1744
1137	1358
1137	1748
1137	1946
158	308
158	935
158	944
158	1341
308	420
308	720
308	1413
308	1985
341	771
341	1177
341	1965
457	1035
1063	1222
1063	1235
1063	1281
1063	1457
1063	1896
1063	1905
1063	1907
160	694
160	992
160	1010
160	1778
992	1001
1010	1948
418	1274
162	500
162	675
162	910
162	953
162	1385
162	1555
162	1661
162	1752
162	1958
500	938
500	968
500	1272
500	1392
910	1124
910	1200
910	1282
910	1336
910	1601
910	1682
953	978
953	1299
1385	1798
1555	1635
1555	1672
1752	1926
163	223
163	288
163	470
163	1583
163	1783
223	295
223	815
223	1568
288	618
288	834
288	1107
1583	1600
1583	1908
164	679
164	697
165	440
165	1645
165	1802
440	738
440	1305
440	1823
1645	1891
1645	1999
1802	1907
166	1896
167	419
167	639
167	1225
167	1297
167	1949
419	489
419	626
419	907
419	1080
419	1717
639	798
639	1370
639	1517
639	1557
639	1639
639	1692
1225	1321
1297	1355
1297	1769
415	461
415	495
415	680
415	681
415	1229
415	1705
169	230
169	552
169	1778
230	1244
230	1484
552	981
552	1536
171	879
171	1545
171	1727
171	1787
879	906
1545	1809
1727	1827
1727	1886
172	397
172	724
172	748
172	1574
172	1923
172	1974
397	1055
397	1175
397	1177
397	1473
748	1065
748	1627
662	966
662	985
662	1266
662	1624
662	1987
1299	1414
463	926
463	1670
175	1404
175	1556
175	1745
175	1950
1404	1903
1745	1831
176	313
176	501
176	635
176	883
176	1317
313	767
313	1886
501	1183
501	1629
501	1731
501	1853
883	1355
883	1670
883	1993
1317	1525
1317	1749
1317	1879
1317	1932
177	236
177	1219
177	1328
177	1991
1219	1472
1219	1608
1219	1635
1219	1780
1328	1353
179	447
179	1784
447	607
447	1715
1784	1987
328	504
328	1835
328	1954
1811	1852
181	1108
1108	1507
1108	1955
182	367
182	1165
182	1497
182	1555
1165	1550
1165	1969
183	417
183	851
417	969
417	1293
417	1550
417	1626
417	1774
417	1861
851	1069
851	1846
184	1555
184	1624
1624	1957
185	971
185	1621
971	1650
971	1947
1621	1799
391	520
1183	1216
1183	1295
1183	1436
1183	1539
325	436
325	494
325	765
325	1580
325	1915
443	686
443	818
443	916
443	971
443	1500
443	1766
1178	1956
188	966
188	1078
188	1123
188	1150
188	1743
188	1863
966	1789
1123	1988
1150	1550
1150	1598
189	253
189	552
189	1307
253	432
253	560
190	1401
190	1485
190	1487
1485	1745
1487	1635
231	725
231	1203
231	1339
231	1378
231	1435
192	415
192	1484
192	1563
1484	1512
1484	1514
1484	1836
193	277
193	292
193	769
277	406
277	1558
292	795
292	1633
292	1708
292	1730
769	1232
769	1594
194	287
194	357
194	527
194	698
194	803
194	1048
194	1152
194	1323
194	1330
287	887
287	1197
287	1856
527	905
698	901
698	903
698	1077
1048	1158
1048	1288
226	1021
226	1400
517	834
517	1434
517	1800
974	1207
974	1851
900	908
900	1407
900	1512
900	1986
1128	1546
1128	1626
1128	1950
197	491
197	633
197	1305
197	1448
197	1587
491	864
633	687
633	832
633	1607
633	1886
1448	1875
587	1984
747	1622
791	871
791	1169
791	1357
791	1940
199	333
199	879
199	1102
199	1585
333	836
333	1170
333	1953
1585	1591
1585	1693
200	245
200	256
200	415
200	422
200	534
200	585
200	736
200	1327
200	1968
245	533
245	710
245	961
245	1258
245	1809
534	600
534	694
534	1766
585	1303
585	1357
736	848
736	1108
736	1131
201	295
201	651
201	1959
651	849
651	1286
202	768
202	1104
202	1495
768	808
768	880
768	920
768	1615
768	1678
768	1775
203	579
203	820
203	874
203	1638
579	971
820	1095
820	1764
820	1834
874	1614
416	590
416	870
416	1137
416	1842
424	871
424	1070
707	775
707	948
707	1124
707	1140
707	1183
707	1268
707	1414
1641	1959
729	851
787	1196
787	1645
1077	1357
1077	1714
207	461
207	777
207	817
207	1583
461	551
461	553
461	1261
208	980
208	1220
208	1779
980	1000
693	1363
693	1864
1129	1164
1129	1307
1129	1422
1129	1433
1489	1659
210	545
210	1059
210	1374
210	1788
1059	1420
1059	1931
267	306
267	734
267	1214
267	1546
267	1687
1662	1846
212	219
212	1419
1350	1627
214	1563
215	589
215	1172
215	1889
589	803
589	873
216	347
216	740
216	1053
347	844
740	749
740	952
740	1562
1053	1381
1053	1753
544	739
544	1088
544	1679
1565	1589
1181	1960
1533	1594
703	743
703	1269
703	1331
808	814
808	1133
808	1234
808	1958
808	1997
220	986
220	1031
220	1364
220	1844
220	1911
986	1378
1364	1734
1364	1777
221	486
221	620
221	1312
221	1988
486	1193
620	1903
620	1975
1312	1677
1312	1710
1312	1996
742	758
742	870
742	960
742	1173
742	1635
781	881
781	1323
781	1332
781	1977
1119	1606
1799	1829
1568	1754
224	1806
1806	1968
225	829
829	1197
1021	1460
228	514
228	933
228	1363
228	1478
228	1551
514	1228
514	1862
1363	1493
1551	1764
1551	1879
229	302
229	869
229	1858
1244	1295
1244	1718
1244	1787
1378	1699
329	1257
386	1167
386	1528
233	1269
233	1623
233	1630
233	1958
1269	1504
1269	1660
1269	1747
1269	1870
1630	1700
234	501
234	610
234	648
234	846
234	888
234	1748
234	1873
610	1235
610	1394
610	1511
648	867
648	1704
648	1901
846	1038
888	1250
888	1666
888	1722
322	1191
322	1211
322	1860
1671	1731
1671	1874
1671	1901
909	913
238	431
238	1596
431	687
431	1311
431	1424
1596	1653
1596	1704
1596	1947
239	903
239	1437
903	1193
903	1224
903	1596
240	492
240	522
240	536
240	1120
240	1401
492	726
492	948
492	1042
492	1478
492	1666
522	790
1120	1265
1120	1748
1120	1822
1120	1948
688	931
688	1938
242	311
242	812
242	1296
242	1729
242	1853
311	343
812	964
812	1028
812	1979
243	698
243	1443
1443	1872
1443	1980
244	958
244	1404
244	1572
244	1694
244	1788
533	962
533	1258
961	1654
1258	1295
1258	1366
1258	1450
1258	1462
1258	1646
1258	1699
246	1697
247	1275
247	1393
247	1706
247	1714
1393	1668
1393	1898
1714	1748
248	516
248	774
248	1979
516	1049
774	923
774	1450
249	293
249	771
293	341
293	1301
293	1329
293	1427
691	1497
919	1370
919	1685
1544	1708
1544	1734
1616	1790
842	890
842	1063
432	604
432	1423
254	587
254	848
254	972
254	1448
254	1601
254	1754
848	1798
972	1028
1754	1992
255	1199
1199	1571
1199	1957
860	957
1343	1647
1343	1678
1343	1697
1343	1748
1343	1873
257	653
257	1082
257	1733
257	1860
257	1907
1082	1655
1082	1743
1082	1771
1082	1827
258	539
258	1304
258	1491
258	1706
258	1828
539	874
539	1309
539	1754
1304	1860
1828	1869
1828	1871
259	310
414	993
414	1494
414	1625
414	1864
1056	1072
1272	1539
1279	1436
1279	1655
1322	1437
1557	1610
261	271
261	417
261	465
261	578
261	852
261	1184
261	1309
261	1872
271	475
271	1013
271	1088
271	1587
465	1961
465	1981
578	1325
578	1725
852	1629
852	1739
852	1886
1309	1563
838	1123
838	1656
263	435
263	631
263	643
263	720
263	1547
435	581
435	888
435	1577
643	760
643	917
643	1968
720	1655
720	1781
720	1836
1382	1621
265	631
265	1045
265	1075
1045	1661
1045	1788
1045	1976
1075	1142
1075	1279
1075	1946
379	539
379	606
379	1139
379	1575
379	1582
379	1710
379	1946
306	1316
306	1892
734	1230
734	1347
734	1805
1546	1786
268	306
268	363
268	452
268	564
268	1508
363	562
363	831
363	900
363	1181
363	1761
452	635
452	1889
564	1002
1508	1838
269	690
269	944
269	1147
269	1758
1147	1681
1758	1770
270	562
270	953
270	1105
562	985
562	1276
562	1568
562	1681
1105	1727
475	492
475	499
475	618
475	1298
475	1533
1013	1240
1013	1295
1013	1322
783	1495
1182	1502
273	814
273	1014
1421	1503
1321	1684
1321	1936
617	892
617	946
1800	1857
278	623
278	714
278	1099
278	1961
1099	1493
279	371
279	912
279	1132
279	1614
371	469
371	599
371	919
371	1105
371	1972
912	1527
912	1960
281	948
281	965
281	1015
281	1775
281	1875
281	1980
948	1320
948	1608
965	1646
965	1979
285	1137
285	1304
285	1370
285	1466
285	1903
1466	1990
1226	1236
1226	1394
1578	1696
1856	1923
1856	1963
618	1218
618	1627
1107	1238
289	524
289	760
289	1525
327	563
327	659
327	1729
327	1761
327	1773
947	1024
947	1689
947	1779
1633	1810
1301	1772
1301	1783
294	602
294	614
294	1266
294	1904
602	805
602	842
602	1233
614	1878
881	1935
297	587
298	981
298	1451
298	1635
1193	1497
1193	1889
1505	1687
489	1071
489	1704
489	1728
489	1802
301	556
301	1860
301	1998
719	1084
719	1201
719	1219
303	766
303	1169
303	1570
766	1799
1169	1994
304	516
304	1656
1656	1980
305	509
305	520
305	704
305	1176
509	610
509	656
509	1184
509	1596
520	999
520	1194
520	1293
520	1467
520	1900
1176	1489
867	1218
867	1439
867	1580
1539	1800
1539	1818
496	624
496	1231
496	1472
496	1562
496	1719
1325	1856
343	927
343	1070
343	1112
343	1511
343	1666
343	1759
1200	1358
1200	1686
1200	1788
1200	1801
1200	1832
767	936
767	1391
767	1439
767	1665
767	1821
314	748
314	805
314	1896
805	815
805	1210
805	1287
805	1458
805	1928
805	1972
315	347
315	1837
315	1974
317	741
317	1018
317	1135
1018	1977
1135	1362
1135	1594
1135	1861
318	380
318	491
318	591
318	1229
318	1453
591	627
591	1068
591	1133
1229	1513
319	343
319	691
319	933
319	1232
319	1817
1232	1427
320	363
320	1205
320	1300
1191	1332
426	611
426	1158
324	877
324	1103
877	1297
877	1304
877	1348
436	550
494	512
494	1364
765	1258
765	1527
765	1964
1915	1966
326	608
326	723
659	1017
659	1936
1835	1921
1257	1601
1257	1789
330	776
330	1383
330	1400
330	1653
330	1801
330	1967
1383	1474
1383	1967
671	891
671	1728
1174	1391
1174	1916
1249	1391
1249	1600
1249	1711
332	388
332	1257
332	1462
388	1252
388	1403
388	1960
836	1262
836	1355
836	1877
1170	1406
334	745
334	829
334	1273
334	1833
745	1023
745	1048
745	1423
336	624
336	1992
624	1691
624	1777
337	532
337	716
337	1247
337	1319
337	1696
532	1401
1247	1501
1247	1788
338	1543
339	688
339	751
1177	1501
1177	1648
1177	1798
342	506
342	915
342	1362
506	1592
506	1597
506	1712
915	983
915	1947
1362	1376
927	1288
927	1393
1511	1722
1216	1579
1216	1710
1216	1752
1216	1894
844	951
844	1381
348	1939
349	1271
1271	1815
558	607
558	638
558	1078
558	1269
558	1954
352	1403
353	902
353	1391
353	1665
353	1899
1665	1987
1665	1999
354	418
354	766
354	1460
356	373
356	448
356	898
356	1166
356	1275
356	1800
373	595
373	1334
373	1897
898	1207
576	1557
576	1571
576	1943
358	1009
358	1047
359	1019
359	1336
359	1828
359	1987
1019	1028
1019	1494
1336	1341
1336	1393
1336	1633
1336	1905
361	1031
1747	1895
831	993
364	656
364	1882
794	1722
827	1492
827	1585
827	1647
366	468
366	534
366	630
366	722
366	1431
366	1945
366	1966
468	1199
468	1468
1431	1786
908	1083
908	1550
368	954
368	1106
954	1120
1106	1450
456	689
756	1456
756	1935
1347	1419
1347	1946
1668	1968
469	710
469	1140
469	1319
469	1779
469	1899
599	1047
599	1080
599	1151
372	428
372	437
428	674
428	1183
437	1136
437	1473
437	1879
437	1992
595	605
595	1087
595	1565
1334	1354
1334	1992
1919	1943
375	1237
375	1644
1237	1378
1237	1650
376	906
906	1511
1201	1207
1201	1345
606	896
606	1315
606	1450
1575	1869
1710	1938
568	988
568	1067
1122	1357
1122	1463
1281	1431
1281	1503
1281	1641
1464	1540
1464	1592
1464	1873
1763	1995
561	612
561	1314
561	1355
561	1953
735	765
735	1062
735	1177
735	1415
1081	1103
1081	1373
1081	1503
1081	1624
1081	1642
384	946
384	1125
384	1573
384	1590
384	1874
384	1970
946	1115
946	1401
1590	1613
1590	1844
1874	1936
1874	1969
385	395
385	489
385	534
385	583
385	1247
385	1476
385	1748
385	1887
395	661
395	1139
395	1968
395	1979
583	1158
583	1394
1476	1628
1167	1207
1167	1278
1167	1619
1528	1691
1252	1472
856	969
856	980
856	1046
856	1098
856	1152
856	1470
856	1479
856	1816
640	1698
1064	1508
1064	1560
1064	1798
1064	1893
393	1575
393	1868
394	756
394	1460
394	1723
1723	1740
661	858
661	861
661	938
661	1097
661	1825
661	1946
396	540
396	818
396	1661
540	1169
540	1309
540	1585
1055	1290
1175	1598
398	683
398	1469
398	1866
683	1220
683	1318
683	1409
683	1802
400	824
400	1631
400	1643
401	414
401	750
401	818
750	915
750	1404
750	1527
403	1430
409	1216
409	1605
409	1705
409	1841
593	706
593	1438
593	1926
508	656
569	1843
569	1860
569	1891
1239	1901
941	1377
941	1804
413	415
413	881
413	891
413	1649
413	1826
413	1891
1494	1555
1494	1819
1494	1901
680	1348
680	1788
680	1832
681	1040
681	1110
590	720
590	831
590	1670
870	1010
870	1558
870	1796
1861	1870
1861	1946
1861	1966
907	1943
1080	1205
1080	1836
749	1076
793	964
793	1364
793	1916
421	908
421	1447
1447	1549
1447	1834
1447	1999
423	875
423	1668
423	1757
871	958
871	959
871	1131
871	1766
871	1957
425	789
425	802
425	1078
425	1669
425	1871
789	1096
1871	1977
611	955
1158	1185
1158	1339
1158	1398
1158	1453
1158	1872
427	795
1526	1712
1627	1963
1740	1784
1740	1941
1436	1936
1311	1333
1311	1922
1424	1597
1424	1894
1423	1504
1423	1567
1423	1617
1423	1857
433	1248
433	1374
433	1436
433	1702
1248	1921
1702	1783
581	1049
581	1561
581	1775
1136	1757
1144	1175
1144	1228
1144	1724
1144	1963
738	1057
738	1233
738	1363
738	1515
738	1529
441	742
441	781
441	842
441	1127
441	1298
441	1973
442	920
442	1162
442	1585
686	1227
1500	1849
444	1174
444	1400
445	669
445	1370
669	836
669	1397
669	1741
446	599
446	953
446	1217
446	1779
607	662
607	921
607	1009
449	835
449	1128
450	1728
454	822
454	1121
454	1170
454	1620
822	1329
822	1348
1620	1835
455	842
689	767
689	1026
689	1848
1035	1235
1035	1979
478	1123
478	1178
478	1424
1657	1879
1657	1996
1791	1861
459	899
459	1251
899	1519
1251	1290
1251	1768
460	694
460	857
460	1327
460	1434
460	1972
857	1035
857	1399
857	1610
1434	1500
1434	1725
551	1184
551	1547
551	1656
551	1858
551	1904
1261	1363
1261	1578
601	924
601	1686
1670	1780
467	585
1140	1417
1358	1372
1358	1444
1358	1845
471	665
471	1873
665	878
665	951
472	1446
472	1815
1446	1759
1446	1862
473	598
473	1103
598	751
598	1167
598	1875
474	689
474	756
474	1534
477	624
487	1461
487	1646
487	1781
487	1795
1456	1460
481	782
481	1205
481	1572
481	1720
782	977
782	1343
482	1356
1356	1379
1356	1940
483	509
483	717
483	1385
1440	1661
485	675
485	1988
1461	1476
1461	1896
1646	1686
1646	1747
488	785
488	1306
488	1312
488	1501
488	1685
785	1248
785	1277
1501	1656
1501	1765
1501	1979
1685	1708
1685	1877
1685	1948
1071	1381
1071	1528
490	1424
864	1315
864	1405
726	1226
1042	1491
1042	1613
493	635
493	1621
512	978
512	1011
1231	1583
1231	1796
1231	1950
1231	1979
1562	1593
1562	1661
1562	1714
498	1536
498	1549
498	1777
1549	1651
1549	1786
1549	1933
938	1562
938	1569
968	1232
968	1486
968	1679
1392	1677
1392	1720
1392	1868
1629	1649
502	968
502	1465
502	1639
1465	1843
730	817
730	1381
932	1113
932	1412
932	1779
960	1254
505	675
505	703
505	850
505	1803
1592	1888
1592	1898
1712	1829
507	1072
507	1325
507	1394
507	1517
507	1922
1072	1668
511	1257
511	1640
1640	1714
1011	1128
1011	1252
1011	1684
1011	1720
515	577
515	659
515	684
515	876
515	1006
515	1119
577	1581
577	1687
577	1951
876	1084
876	1432
876	1657
876	1776
876	1892
1006	1335
1006	1691
1049	1184
1049	1807
518	675
518	1056
518	1798
1798	1923
1798	1994
519	557
519	615
519	659
519	693
519	1281
557	996
557	1237
557	1292
557	1561
999	1197
999	1429
999	1535
790	1443
790	1999
523	1422
523	1811
523	1865
523	1945
525	564
525	654
525	854
525	1261
1581	1825
1586	1692
529	1219
530	1113
530	1706
982	1413
600	959
600	1136
600	1137
600	1557
600	1594
600	1964
535	1515
535	1813
1515	1616
537	595
537	836
537	966
537	1203
537	1511
537	1522
537	1870
1870	1953
538	1121
538	1130
541	606
1240	1754
1240	1882
739	849
739	1047
739	1633
889	961
889	1250
889	1489
889	1723
889	1838
546	970
546	1445
546	1955
546	1988
1294	1788
763	781
763	801
763	1376
763	1504
1159	1539
1159	1969
1207	1427
554	797
554	1154
554	1999
797	1089
797	1538
1154	1257
1154	1352
1154	1507
1154	1592
1154	1618
1154	1624
1154	1630
1292	1398
638	1526
638	1855
638	1859
559	1221
1221	1394
1221	1544
1138	1441
1138	1480
1138	1645
1138	1929
612	1354
612	1372
612	1463
1355	1638
1276	1354
1276	1392
1276	1829
1681	1719
1681	1983
1002	1310
566	584
566	1733
566	1754
567	1241
567	1625
567	1834
1241	1903
988	1629
988	1712
570	924
570	1546
571	988
571	1097
571	1128
571	1344
571	1719
572	663
572	915
572	1373
663	893
663	1947
1373	1445
1373	1701
1373	1843
573	1361
1361	1400
1361	1524
1361	1649
1313	1499
1313	1761
1313	1867
1335	1816
1335	1868
1335	1924
1571	1692
1571	1983
580	787
580	1125
580	1148
1148	1855
1579	1581
1579	1693
1579	1999
1173	1431
1173	1585
1173	1878
873	1263
873	1565
873	1592
873	1937
592	1452
592	1490
592	1768
1490	1668
1490	1901
1768	1956
1438	1955
605	708
605	1090
605	1736
605	1919
1087	1490
596	759
596	1374
759	1412
759	1956
597	1520
597	1839
1520	1747
1520	1996
1839	1863
959	1256
959	1486
603	890
603	1244
603	1473
603	1488
603	1654
603	1678
890	1330
890	1338
890	1364
890	1969
896	931
896	1015
896	1872
921	1127
1390	1418
609	1269
609	1954
1235	1727
955	1082
955	1846
1354	1581
1372	1601
705	814
705	1138
705	1225
1814	1865
1218	1544
1218	1571
1218	1924
619	795
619	929
929	1305
1975	1987
1595	1790
1595	1869
753	756
753	1790
753	1891
625	761
625	1763
625	1810
761	1027
761	1336
761	1616
761	1752
761	1765
1810	1811
628	706
628	859
628	1597
629	841
629	1291
629	1790
807	926
807	1249
807	1561
1079	1480
1079	1884
636	806
636	943
636	1891
943	1585
637	1504
637	1829
1692	1815
641	769
641	882
641	1517
641	1971
882	1182
882	1482
882	1505
917	1386
644	991
646	1089
646	1236
646	1704
1236	1513
649	1315
649	1899
650	1210
1210	1258
1210	1825
849	1047
849	1218
1286	1689
655	942
655	975
655	1248
655	1762
655	1775
655	1875
1762	1851
700	1413
1017	1048
660	687
660	807
660	1179
861	922
861	1110
861	1771
664	1574
664	1858
878	1241
878	1443
878	1544
878	1959
666	1321
666	1576
666	1690
666	1722
668	1018
668	1281
668	1840
1741	1966
758	856
672	851
672	1792
672	1967
973	1380
702	1331
702	1345
1083	1894
1083	1934
676	1003
676	1108
676	1199
676	1777
1003	1116
1003	1123
1003	1484
1003	1658
677	973
677	1142
677	1716
677	1806
678	1273
1677	1920
1348	1842
1040	1903
1110	1417
1110	1451
1227	1474
1227	1578
1227	1846
786	1558
786	1978
931	1096
931	1190
692	1019
692	1553
895	973
901	1131
699	971
1331	1870
1331	1874
1414	1781
711	799
711	904
711	1513
711	1663
711	1776
799	1127
799	1219
712	1695
1156	1909
715	1209
715	1753
1209	1511
1084	1224
1084	1910
1836	1891
1023	1061
1023	1865
1267	1512
1381	1440
731	839
731	1021
731	1582
731	1934
732	835
732	1413
1094	1238
1805	1865
737	889
737	1177
737	1545
737	1766
737	1922
1529	1990
1196	1291
1196	1647
1196	1661
1196	1948
1365	1942
1365	1994
1065	1592
1065	1873
754	1935
755	1243
1412	1656
1412	1760
1412	1925
1412	1976
1027	1616
1027	1743
1027	1784
762	1029
762	1123
762	1720
801	1192
801	1551
764	837
764	938
764	1048
764	1053
764	1143
764	1486
1486	1819
1439	1514
1439	1740
1439	1850
1615	1698
800	1619
800	1662
772	776
772	955
772	1986
773	1322
773	1712
773	1787
923	1865
923	1875
923	1885
779	973
779	1081
779	1421
779	1942
780	804
780	1577
780	1879
804	937
804	1123
804	1183
1332	1732
784	1833
1096	1669
1096	1685
1096	1806
964	991
964	1773
1538	1882
937	1009
937	1582
1458	1732
1458	1905
1458	1959
1234	1945
809	940
809	1045
809	1690
809	1731
810	1472
884	1221
884	1611
884	1896
1195	1313
1195	1593
816	949
816	1116
816	1158
816	1367
1737	1969
1095	1319
825	1934
826	1429
826	1554
1033	1327
1033	1935
1797	1965
843	1653
1038	1825
1038	1946
1069	1430
1069	1832
853	1518
853	1801
1349	1967
1816	1820
1816	1944
1816	1992
957	1016
957	1066
957	1162
866	1593
866	1695
1593	1694
1593	1706
1263	1884
1432	1508
1432	1798
1432	1951
1432	1992
1482	1753
1111	1132
894	1752
897	1308
897	1501
897	1920
1519	1620
1282	1602
1295	1496
1295	1581
1295	1623
1295	1821
1295	1853
918	1190
918	1402
918	1627
918	1825
1190	1419
1190	1657
1190	1710
1402	1696
1402	1895
930	955
930	1272
930	1581
1398	1719
1398	1727
934	1274
934	1384
934	1626
1384	1991
1569	1601
1320	1789
1320	1956
950	1642
950	1934
1256	1433
1016	1898
1016	1958
1066	1862
967	1105
967	1419
967	1750
1650	1891
976	1815
1000	1962
987	1067
987	1328
987	1904
1001	1079
1001	1153
1001	1563
1001	1633
1001	1634
994	1256
994	1695
994	1931
994	1945
997	1062
997	1818
998	1344
1535	1983
1634	1706
1004	1902
1004	1988
1007	1623
1007	1719
1008	1201
1008	1983
1684	1939
1012	1113
1012	1251
1012	1567
1012	1613
1613	1683
1020	1210
1020	1608
1061	1985
1025	1320
1030	1086
1086	1967
1375	1986
1037	1149
1037	1299
1037	1363
1043	1365
1043	1390
1043	1673
1043	1947
1050	1626
1054	1158
1054	1239
1054	1807
1060	1182
1744	1902
1222	1513
1222	1627
1457	1515
1457	1605
1905	1973
1073	1279
1073	1859
1074	1197
1480	1730
1480	1967
1827	1865
1499	1795
1091	1394
1091	1500
1091	1581
1092	1544
1092	1652
1092	1963
1591	1818
1493	1909
1101	1384
1101	1984
1417	1896
1265	1801
1441	1731
1164	1687
1164	1735
1164	1764
1134	1649
1145	1466
1155	1253
1163	1514
1163	1985
1406	1930
1648	1704
1648	1844
1180	1292
1180	1591
1186	1725
1186	1864
1187	1481
1187	1646
1187	1692
1198	1666
1198	1879
1198	1963
1204	1733
1212	1714
1213	1237
1213	1321
1213	1548
1213	1576
1548	1986
1454	1514
1454	1536
1245	1297
1245	1548
1255	1296
1255	1368
1255	1474
1255	1602
1368	1450
1366	1901
1264	1315
1264	1895
1285	1351
1289	1465
1289	1735
1395	1664
1371	1586
1617	1723
1617	1895
1617	1925
1425	1669
1471	1719
1471	1764
1471	1947
1659	1723
1659	1731
1523	1544
1532	1782
1651	1741
1651	1961
1637	1663
1751	1860
1751	1937
1755	1789
