# Undirected graph (each unordered pair of nodes is saved once): output/networks/Random4000removeRandom-25percent.txt
# Nodes: 1478 Edges: 2242
# NodeId	NodeId
0	370
0	926
0	978
0	1250
0	1397
0	1907
370	671
926	929
926	1364
978	1258
978	1848
1250	1444
1397	1399
1	1149
1	1809
1149	1936
1809	1938
2	575
2	622
575	587
575	1335
622	1153
382	544
382	561
1638	1844
5	1126
5	1260
5	1820
1126	1582
1126	1605
1126	1655
1126	1661
1260	1401
377	1481
582	1579
8	374
8	746
8	854
8	962
8	1133
8	1550
8	1594
8	1750
374	1919
854	1052
854	1349
854	1870
962	1006
962	1620
1133	1137
1133	1490
1750	1985
180	328
180	991
180	1811
180	1899
462	601
462	1010
777	1183
777	1779
536	903
536	1063
536	1071
584	586
584	1173
811	1688
811	1909
11	914
11	1230
11	1369
11	1851
914	1295
914	1439
1230	1349
1230	1621
1369	1957
1851	1852
1851	1889
1851	1938
29	290
29	1026
29	1188
29	1518
29	1771
1132	1370
1132	1824
1738	1892
1895	1899
13	635
13	1024
13	1761
1024	1129
14	68
14	531
14	1833
68	144
68	760
531	832
531	982
531	1357
531	1465
15	850
15	1407
15	1550
15	1808
850	1013
850	1431
850	1899
1407	1516
1808	1980
1720	1954
17	275
17	1041
275	1321
1041	1652
18	1401
18	1704
18	1854
1401	1970
1704	1954
114	1113
114	1910
1298	1680
264	1376
264	1382
504	854
504	932
504	960
504	1116
1635	1779
21	1338
1338	1504
22	1507
22	1984
1507	1721
23	146
23	926
23	935
146	362
146	1663
935	1083
24	470
24	547
24	1455
24	1580
24	1865
470	1329
470	1452
547	1272
547	1584
1455	1621
1455	1680
1580	1612
1580	1874
25	286
25	1117
286	991
286	1578
286	1826
286	1957
26	186
26	1052
26	1250
186	391
186	457
186	1183
186	1299
1052	1274
1052	1365
1052	1815
1052	1828
27	120
27	521
27	526
27	701
27	717
27	1821
120	381
120	1357
120	1680
521	1956
526	1271
526	1424
526	1550
526	1586
526	1687
526	1925
701	1106
701	1910
717	917
717	1807
28	770
770	1140
770	1813
290	327
290	972
1518	1779
1518	1830
30	885
30	1194
885	921
885	1496
1194	1330
411	418
411	508
411	569
411	1113
411	1239
817	1502
817	1808
1246	1714
32	819
32	969
32	1143
32	1865
819	1590
819	1652
819	1737
819	1864
819	1869
969	1079
969	1319
958	1979
991	992
991	1000
991	1615
34	392
34	727
34	854
34	1537
392	517
392	564
392	640
392	885
392	1064
727	1146
727	1267
1537	1608
35	47
35	310
35	1531
47	626
47	924
310	719
310	1879
36	656
656	700
656	811
656	1311
656	1680
656	1961
37	632
37	695
37	1584
632	974
632	1272
632	1445
632	1559
632	1892
1584	1916
38	1067
39	59
39	833
39	839
59	926
59	1577
59	1653
59	1756
833	1034
833	1194
833	1385
833	1797
839	1376
839	1853
40	1112
40	1153
40	1296
40	1433
40	1474
1296	1392
1296	1644
1474	1683
1474	1962
642	722
642	1422
939	1352
939	1646
1563	1711
66	977
814	869
814	1290
272	783
272	1182
272	1219
828	1013
1534	1625
45	382
45	542
45	673
542	1240
542	1549
542	1863
673	916
673	973
673	1298
46	351
46	1576
46	1948
626	710
626	1995
48	54
48	887
48	1014
48	1516
54	1238
54	1749
887	915
1014	1087
1014	1498
1014	1872
1014	1936
1516	1559
1516	1938
222	781
222	1119
222	1605
222	1799
993	1420
993	1500
993	1611
1146	1479
1146	1489
1146	1547
1146	1576
50	928
928	1143
928	1545
274	1421
1114	1233
1114	1974
1151	1979
53	148
53	796
53	940
53	1473
53	1664
53	1853
148	237
148	524
796	1780
1664	1825
1238	1325
1238	1578
1238	1925
55	1422
55	1823
623	669
623	947
623	1848
623	1902
623	1980
891	1026
891	1137
891	1451
57	378
57	405
405	859
405	939
405	1208
405	1300
58	284
58	1380
58	1582
284	1878
60	832
60	1420
60	1496
832	1033
832	1703
832	1761
1420	1509
1420	1739
61	451
61	642
61	1790
61	1981
451	727
451	1364
451	1732
62	586
62	1058
62	1293
586	855
64	1215
65	858
65	902
902	964
902	1120
902	1385
902	1824
977	1175
67	1179
67	1352
1179	1429
1179	1771
144	345
144	1786
760	1181
760	1481
760	1580
760	1959
760	1980
916	1294
983	1194
983	1970
1139	1417
1139	1913
1233	1869
70	1415
645	1278
387	437
387	524
387	828
387	1450
387	1907
555	1743
869	927
869	1188
204	424
204	707
204	847
204	883
204	962
204	1460
204	1641
1601	1930
76	251
76	380
76	806
251	691
251	819
251	919
251	1097
251	1258
251	1544
251	1611
251	1616
251	1948
380	778
806	1505
806	1995
77	1525
256	860
256	1293
256	1343
722	789
722	1023
722	1674
1892	1981
79	1097
1097	1591
1097	1826
1097	1974
80	410
80	1246
410	593
410	965
410	1150
410	1396
410	1683
420	623
420	749
420	793
420	1337
420	1675
458	478
458	885
458	1657
458	1740
458	1791
429	1199
429	1740
429	1790
84	276
276	1034
276	1749
276	1800
85	1937
1719	1795
886	1107
574	1505
574	1832
1223	1353
1223	1454
1223	1883
1223	1929
90	658
90	798
90	863
863	1939
91	434
91	1228
91	1606
91	1804
434	438
92	743
92	951
743	1196
951	1120
951	1305
951	1464
951	1732
93	252
93	776
93	1302
93	1664
252	842
776	1071
776	1584
776	1589
776	1995
1302	1892
1302	1918
94	115
94	634
94	710
94	771
94	1166
94	1966
115	608
115	893
115	1142
115	1397
710	747
710	802
710	1830
771	932
771	1696
714	783
714	1156
714	1316
714	1693
438	1144
834	1196
834	1545
97	174
97	1089
97	1509
97	1782
174	1863
1089	1148
1089	1429
1089	1800
1089	1801
1509	1696
1782	1820
98	654
98	1972
654	870
654	1468
153	824
100	1470
100	1495
100	1824
1470	1562
1470	1955
1495	1785
101	150
101	365
101	1600
150	362
150	367
365	377
365	827
365	924
1600	1664
103	1622
1622	1630
104	1133
1614	1685
1614	1715
1623	1831
106	1952
107	513
107	1391
107	1573
107	1920
513	1769
513	1878
936	1558
936	1846
227	415
227	1468
775	879
775	1419
775	1777
282	1168
1589	1616
111	323
323	426
112	299
112	1719
112	1781
112	1926
299	1193
299	1459
299	1505
1781	1894
113	132
113	1342
113	1407
113	1655
132	991
1342	1460
1655	1804
608	1390
608	1621
1142	1922
291	940
291	947
291	1179
1277	1732
1605	1943
117	157
117	412
117	652
117	788
117	1902
117	1994
157	716
157	1062
157	1137
157	1293
157	1636
412	941
652	694
652	1512
788	1064
788	1604
118	550
550	1159
550	1938
545	889
545	1129
545	1310
1323	1694
1567	1824
381	504
381	545
381	1122
381	1281
381	1464
381	1610
381	1632
381	1763
381	1934
1357	1545
1357	1577
1357	1711
121	1541
121	1711
121	1936
1711	1869
122	235
122	880
122	1046
122	1113
122	1647
235	322
235	1671
235	1833
1046	1168
1046	1194
123	1846
124	196
124	776
124	1377
196	900
196	1057
196	1246
1377	1492
1377	1808
125	219
125	307
125	357
125	1034
125	1112
125	1243
219	703
219	808
307	867
307	1785
357	576
1034	1174
1243	1846
1243	1871
126	708
126	905
126	1734
708	1039
708	1252
708	1429
905	1168
1734	1898
127	383
127	1502
383	735
383	832
383	848
383	1047
383	1081
383	1675
128	1329
128	1394
128	1452
128	1660
128	1785
128	1873
1452	1544
1660	1941
129	283
129	933
129	1288
283	1274
933	1398
933	1853
131	1254
133	1253
133	1735
133	1771
1253	1871
1253	1929
1735	1915
134	275
134	407
134	832
134	1815
407	575
407	1382
407	1407
630	807
630	1079
630	1518
630	1967
594	1986
137	173
137	275
137	521
137	1316
137	1715
173	642
173	662
173	1299
173	1537
295	673
295	674
295	1602
295	1639
140	1860
141	344
141	479
141	1032
141	1307
141	1654
344	1216
479	487
1032	1051
1032	1364
1307	1505
1307	1762
1654	1977
733	981
733	1094
733	1715
733	1916
847	1170
143	300
143	389
143	777
143	845
300	1616
389	536
389	645
389	856
389	1984
845	1662
145	241
145	310
145	916
145	1104
241	688
241	775
241	1652
1104	1701
362	420
362	981
362	1747
1459	1610
1459	1615
1459	1658
1459	1846
1459	1916
1459	1931
524	569
524	856
524	1922
149	1679
367	643
367	869
367	908
670	758
670	1513
670	1869
152	679
152	1132
152	1344
152	1711
679	765
679	1123
679	1124
679	1254
679	1410
679	1568
679	1614
679	1640
679	1677
1344	1610
1344	1760
1399	1991
1062	1456
1062	1636
1137	1748
1137	1946
158	935
158	1341
341	771
341	1177
341	1965
457	1035
1063	1235
1063	1281
1063	1457
1063	1905
1063	1907
160	694
160	992
160	1010
1010	1948
418	1274
162	910
162	953
162	1385
162	1661
162	1752
162	1958
910	1124
910	1200
910	1282
910	1336
910	1601
910	1682
953	978
953	1299
1385	1798
1752	1926
163	223
163	470
163	1583
163	1783
223	295
223	815
223	1568
1583	1600
164	679
164	697
165	440
165	1645
165	1802
440	738
440	1305
440	1823
1645	1891
1645	1999
1802	1907
167	639
167	1225
639	798
639	1370
639	1517
639	1557
639	1639
1225	1321
415	461
415	495
415	681
415	1229
415	1705
169	230
230	1244
230	1484
171	879
171	1545
171	1727
879	906
1545	1809
1727	1827
1727	1886
172	397
172	724
172	748
172	1574
172	1923
172	1974
397	1055
397	1175
397	1177
397	1473
748	1065
662	1266
662	1624
662	1987
1299	1414
175	1404
175	1556
175	1745
175	1950
1745	1831
176	313
176	501
176	635
176	883
176	1317
313	767
313	1886
501	1183
501	1853
883	1355
883	1670
1317	1525
1317	1749
1317	1879
1317	1932
177	1219
177	1991
1219	1472
1219	1608
1219	1635
1219	1780
179	447
447	607
447	1715
328	504
328	1835
328	1954
1811	1852
181	1108
1108	1507
1108	1955
182	367
182	1165
1165	1550
183	417
183	851
417	969
417	1293
417	1550
417	1626
417	1774
417	1861
851	1069
851	1846
184	1624
1624	1957
185	971
185	1621
971	1650
971	1947
1621	1799
391	520
1183	1216
1183	1295
443	818
443	916
443	971
443	1500
1178	1956
188	1078
188	1123
188	1150
188	1743
188	1863
1123	1988
1150	1550
189	253
189	1307
253	432
190	1401
190	1485
1485	1745
192	415
192	1484
192	1563
1484	1512
1484	1514
1484	1836
193	277
193	292
277	1558
292	1730
194	287
194	357
194	527
194	698
194	1323
194	1330
287	887
527	905
698	901
698	903
698	1077
226	1021
226	1400
517	834
517	1434
517	1800
974	1207
974	1851
900	908
900	1407
900	1512
900	1986
197	633
197	1305
633	832
633	1607
633	1886
587	1984
747	1622
791	1169
791	1357
791	1940
333	836
333	1170
333	1953
200	245
200	256
200	415
200	422
200	534
200	736
200	1327
245	533
245	710
245	961
245	1258
245	1809
534	600
534	694
736	848
736	1108
736	1131
201	295
201	651
201	1959
651	849
651	1286
202	768
202	1104
202	1495
768	808
768	880
768	920
768	1615
203	579
203	820
203	1638
579	971
820	1095
820	1764
820	1834
707	775
707	948
707	1124
707	1140
707	1183
707	1268
707	1414
1641	1959
729	851
787	1196
787	1645
1077	1357
1077	1714
207	461
207	777
207	817
207	1583
461	551
208	980
208	1779
980	1000
693	1363
693	1864
1129	1307
1129	1422
1129	1433
1489	1659
210	545
210	1059
210	1374
210	1788
1059	1420
1059	1931
1662	1846
212	219
212	1419
214	1563
215	589
215	1172
215	1889
589	873
216	740
216	1053
740	749
740	1562
1053	1381
1053	1753
544	739
544	1679
1565	1589
1533	1594
703	743
703	1269
703	1331
808	814
808	1133
808	1958
220	986
220	1031
220	1364
220	1844
220	1911
986	1378
1364	1734
1364	1777
486	1193
620	1975
1312	1677
1312	1710
1312	1996
781	881
781	1323
781	1977
1119	1606
1799	1829
225	829
1021	1460
514	1228
514	1862
1363	1493
1551	1764
1551	1879
229	869
229	1858
1244	1295
1378	1699
329	1257
386	1167
386	1528
233	1269
233	1623
233	1630
233	1958
1269	1504
1269	1660
1269	1747
1269	1870
1630	1700
234	501
234	648
234	888
234	1748
234	1873
648	867
648	1704
648	1901
888	1250
888	1666
888	1722
322	1191
322	1211
322	1860
1671	1874
1671	1901
238	431
238	1596
431	1311
431	1424
1596	1653
1596	1704
1596	1947
239	903
239	1437
903	1193
903	1596
522	790
1120	1748
1120	1948
688	931
688	1938
242	311
242	1296
242	1729
242	1853
311	343
243	698
243	1443
1443	1872
1443	1980
244	958
244	1404
244	1694
244	1788
533	962
533	1258
961	1654
1258	1295
1258	1366
1258	1450
1258	1462
1258	1646
1258	1699
246	1697
247	1275
247	1706
247	1714
1714	1748
516	1049
774	923
774	1450
249	293
249	771
293	341
293	1301
293	1329
293	1427
919	1370
919	1685
1544	1734
1616	1790
842	890
842	1063
848	1798
972	1028
1199	1571
1199	1957
860	957
1343	1647
1343	1697
1343	1748
1343	1873
257	1082
257	1733
257	1860
257	1907
1082	1655
1082	1743
1082	1771
1082	1827
258	539
258	1706
258	1828
1828	1869
1828	1871
414	993
414	1494
414	1625
414	1864
1279	1655
1322	1437
1557	1610
261	271
261	417
261	465
261	578
261	852
261	1184
261	1872
271	475
271	1013
465	1961
465	1981
578	1325
578	1725
852	1739
852	1886
838	1123
838	1656
263	435
263	631
263	643
263	720
263	1547
435	581
435	888
435	1577
643	760
643	917
720	1655
720	1781
720	1836
1382	1621
265	631
265	1075
1075	1142
1075	1279
1075	1946
379	539
379	606
379	1139
379	1575
379	1582
379	1710
379	1946
306	1316
306	1892
734	1230
734	1347
734	1805
1546	1786
268	306
268	363
268	452
268	564
268	1508
363	562
363	831
363	900
363	1181
363	1761
452	635
452	1889
1508	1838
269	1147
269	1758
270	562
270	953
270	1105
562	1276
562	1568
1105	1727
475	499
475	618
475	1298
475	1533
1013	1240
1013	1295
1013	1322
783	1495
1182	1502
273	814
273	1014
1421	1503
1321	1684
1321	1936
278	623
278	714
278	1099
278	1961
1099	1493
279	1132
279	1614
281	948
281	965
281	1875
281	1980
948	1320
948	1608
965	1646
965	1979
1578	1696
618	1218
1107	1238
289	524
289	760
289	1525
327	1729
327	1761
327	1773
947	1024
947	1689
947	1779
1301	1772
1301	1783
294	602
294	1266
602	842
602	1233
881	1935
297	587
298	981
298	1451
298	1635
1193	1889
1505	1687
301	1860
301	1998
719	1084
719	1219
303	766
303	1169
303	1570
766	1799
1169	1994
304	516
304	1656
1656	1980
305	520
305	1176
520	999
520	1194
520	1293
1176	1489
867	1218
867	1439
867	1580
496	624
496	1231
496	1472
496	1562
496	1719
343	927
343	1112
343	1511
343	1666
1200	1788
1200	1801
1200	1832
767	936
767	1391
767	1439
767	1665
767	1821
314	748
315	1974
317	741
317	1018
1018	1977
1229	1513
319	343
319	691
319	933
319	1232
319	1817
1232	1427
320	363
320	1300
426	1158
324	1103
436	550
494	512
494	1364
765	1258
1915	1966
326	608
1835	1921
1257	1601
1257	1789
1383	1474
1383	1967
671	891
671	1728
1174	1391
1174	1916
332	1257
332	1462
836	1262
836	1355
836	1877
1170	1406
334	745
334	829
334	1833
745	1023
336	624
624	1691
624	1777
337	532
337	716
337	1319
337	1696
532	1401
338	1543
339	688
339	751
1177	1648
1177	1798
342	915
342	1362
915	983
915	1947
1362	1376
927	1288
1511	1722
1216	1579
1216	1710
1216	1752
1216	1894
348	1939
1271	1815
558	607
558	638
558	1078
558	1269
558	1954
1665	1987
1665	1999
354	418
354	766
354	1460
356	373
356	1166
356	1275
356	1800
373	595
373	1334
576	1557
576	1571
576	1943
358	1047
359	1019
359	1336
359	1828
359	1987
1019	1028
1019	1494
1336	1341
1336	1905
361	1031
1747	1895
831	993
364	656
364	1882
827	1492
827	1647
366	468
366	534
366	630
366	722
366	1431
366	1966
468	1199
468	1468
1431	1786
908	1083
908	1550
368	1106
1106	1450
456	689
756	1456
756	1935
1347	1419
1347	1946
469	710
469	1140
469	1319
469	1779
469	1899
599	1047
599	1080
599	1151
428	674
428	1183
437	1136
437	1473
437	1879
595	605
595	1087
595	1565
1334	1354
1919	1943
375	1237
375	1644
1237	1378
1237	1650
376	906
906	1511
606	896
606	1450
1575	1869
1710	1938
1122	1357
1281	1431
1281	1503
1281	1641
1464	1592
1464	1873
1763	1995
561	612
561	1314
561	1355
561	1953
735	765
735	1062
735	1177
735	1415
1081	1103
1081	1373
1081	1503
1081	1624
1081	1642
384	1125
384	1573
384	1590
384	1874
384	1970
1590	1613
1590	1844
1874	1936
385	395
385	534
385	1748
385	1887
395	661
395	1139
395	1979
1167	1207
1167	1278
1167	1619
1528	1691
1252	1472
856	969
856	980
856	1046
856	1098
856	1470
856	1479
856	1816
1064	1508
1064	1798
1064	1893
393	1575
661	858
661	861
661	938
661	1097
661	1825
661	1946
396	540
396	818
396	1661
540	1169
1055	1290
401	414
401	750
401	818
750	915
750	1404
403	1430
409	1216
409	1605
409	1705
409	1841
593	706
593	1438
593	1926
508	656
569	1843
569	1860
569	1891
1239	1901
941	1377
941	1804
413	415
413	881
413	891
413	1649
413	1826
413	1891
1494	1901
681	1110
590	720
590	831
590	1670
870	1010
870	1558
1861	1870
1861	1946
1861	1966
907	1943
1080	1836
793	964
793	1364
793	1916
421	908
421	1447
1447	1549
1447	1834
1447	1999
423	1668
425	789
425	802
425	1078
425	1669
425	1871
789	1096
1871	1977
1158	1398
1158	1872
1740	1941
1311	1333
1311	1922
1424	1597
1424	1894
1248	1921
1702	1783
581	1049
581	1561
1144	1175
1144	1228
1144	1963
738	1057
738	1233
738	1363
441	781
441	842
441	1298
441	1973
442	920
442	1162
1500	1849
444	1174
444	1400
445	669
445	1370
669	836
669	1397
669	1741
446	599
446	953
446	1779
607	662
607	921
449	835
454	1121
454	1170
454	1620
1620	1835
455	842
689	767
689	1026
689	1848
1035	1235
1035	1979
478	1123
478	1178
478	1424
1657	1879
1657	1996
1791	1861
459	899
899	1519
460	694
460	1327
460	1434
460	1972
1434	1500
1434	1725
551	1184
551	1547
551	1656
551	1858
601	924
1670	1780
1140	1417
665	878
665	951
1446	1862
598	751
598	1167
598	1875
474	689
474	756
474	1534
477	624
487	1461
487	1646
487	1781
487	1795
1456	1460
782	977
782	1343
482	1356
1356	1379
1356	1940
1440	1661
485	1988
1646	1747
488	785
488	1306
488	1312
488	1685
785	1248
785	1277
1685	1877
1685	1948
1071	1381
1071	1528
864	1405
1042	1613
512	978
1231	1583
1231	1950
1231	1979
1562	1593
1562	1661
1562	1714
1549	1651
1549	1786
1549	1933
938	1562
938	1569
968	1232
968	1679
1392	1677
1392	1720
1465	1843
932	1113
932	1412
932	1779
960	1254
1592	1898
507	1325
507	1394
507	1517
507	1922
1640	1714
515	577
515	684
515	876
515	1006
515	1119
577	1687
876	1084
876	1657
876	1892
1006	1335
1006	1691
1049	1184
1049	1807
518	1056
518	1798
1798	1923
1798	1994
557	1237
557	1561
999	1429
999	1535
790	1443
790	1999
523	1422
523	1811
523	1865
529	1219
530	1113
530	1706
600	959
600	1136
600	1137
600	1557
600	1594
535	1813
1870	1953
538	1121
538	1130
541	606
1240	1882
739	849
739	1047
889	961
889	1250
889	1489
889	1838
546	1445
546	1955
546	1988
1294	1788
1207	1427
554	797
554	1154
554	1999
797	1089
797	1538
1154	1257
1154	1352
1154	1507
1154	1592
1154	1618
1154	1624
1154	1630
638	1859
559	1221
1221	1394
1221	1544
1138	1441
1138	1645
1138	1929
612	1354
612	1372
1355	1638
1276	1354
1276	1392
1276	1829
566	584
566	1733
567	1625
567	1834
572	663
572	915
572	1373
663	893
663	1947
1373	1445
1373	1701
1373	1843
1335	1816
1571	1983
580	787
580	1125
580	1148
1579	1693
1579	1999
1173	1431
1173	1878
873	1263
873	1565
873	1592
873	1937
1490	1668
1490	1901
1438	1955
605	708
605	1736
605	1919
1087	1490
596	1374
1839	1863
959	1256
890	1330
890	1338
890	1364
896	931
896	1872
1390	1418
609	1269
609	1954
1235	1727
955	1082
955	1846
1372	1601
1218	1544
1218	1571
619	929
929	1305
1975	1987
625	761
625	1763
761	1027
761	1336
761	1616
761	1752
629	841
629	1790
807	926
807	1561
1079	1884
636	806
636	943
636	1891
637	1504
637	1829
917	1386
646	1089
646	1236
646	1704
1236	1513
649	1899
849	1047
849	1218
1286	1689
1762	1851
660	807
660	1179
861	1110
861	1771
664	1574
664	1858
878	1443
878	1544
878	1959
668	1018
668	1281
668	1840
1741	1966
758	856
672	851
672	1792
672	1967
973	1380
702	1331
702	1345
1083	1894
1083	1934
676	1108
676	1199
676	1777
677	973
677	1142
677	1716
1677	1920
1110	1417
1110	1451
1227	1474
1227	1578
1227	1846
786	1558
786	1978
931	1096
692	1019
901	1131
699	971
1331	1870
1331	1874
1414	1781
799	1219
712	1695
1156	1909
1209	1511
1084	1910
1836	1891
1023	1061
1023	1865
1267	1512
1381	1440
731	839
731	1021
731	1582
731	1934
732	835
1094	1238
1805	1865
737	889
737	1177
737	1545
737	1922
1196	1647
1196	1661
1196	1948
1365	1942
1365	1994
1065	1592
1065	1873
754	1935
1412	1656
1412	1760
1412	1925
1412	1976
1027	1616
1027	1743
762	1123
762	1720
801	1192
801	1551
1439	1514
1439	1740
1439	1850
772	776
772	955
772	1986
773	1322
923	1865
923	1875
923	1885
779	973
779	1081
779	1421
779	1942
780	804
780	1577
780	1879
804	937
804	1123
804	1183
784	1833
1096	1669
1096	1685
964	991
964	1773
1538	1882
937	1582
1458	1732
1458	1905
1458	1959
810	1472
884	1221
884	1611
816	949
816	1116
816	1158
816	1367
1095	1319
825	1934
826	1429
1033	1327
1033	1935
1797	1965
1038	1825
1038	1946
1069	1430
1069	1832
853	1518
853	1801
1349	1967
1816	1820
957	1016
957	1066
957	1162
866	1593
866	1695
1593	1694
1593	1706
1263	1884
1482	1753
894	1752
897	1920
1519	1620
1282	1602
1295	1496
1295	1623
1295	1821
1295	1853
918	1402
918	1825
1402	1696
1402	1895
1398	1719
1398	1727
934	1274
934	1384
934	1626
1384	1991
1569	1601
1320	1789
1320	1956
950	1642
950	1934
1256	1433
1016	1898
1016	1958
1066	1862
1650	1891
976	1815
1000	1962
997	1062
998	1344
1535	1983
1634	1706
1004	1902
1004	1988
1007	1623
1007	1719
1008	1983
1684	1939
1012	1113
1012	1567
1012	1613
1613	1683
1061	1985
1025	1320
1030	1086
1086	1967
1375	1986
1043	1365
1043	1390
1043	1673
1043	1947
1050	1626
1054	1158
1054	1239
1054	1807
1457	1605
1905	1973
1073	1279
1073	1859
1827	1865
1499	1795
1091	1394
1091	1500
1092	1544
1092	1652
1092	1963
1493	1909
1134	1649
1155	1253
1163	1514
1163	1985
1406	1930
1648	1704
1648	1844
1180	1591
1186	1725
1186	1864
1187	1481
1187	1646
1198	1666
1198	1879
1198	1963
1204	1733
1212	1714
1548	1986
1454	1514
1245	1548
1255	1296
1255	1474
1255	1602
1366	1901
1264	1895
1285	1351
1289	1465
1289	1735
1395	1664
1371	1586
1425	1669
1471	1719
1471	1764
1471	1947
1651	1741
1651	1961
1637	1663
1751	1860
1751	1937
1755	1789
