# Undirected graph (each unordered pair of nodes is saved once): output/networks/Random8000removeRandom-35percent.txt
# Nodes: 1306 Edges: 3476
# NodeId	NodeId
0	507
0	591
0	1059
0	1371
0	1880
507	1132
507	1342
507	1410
507	1886
591	913
591	1176
591	1596
591	1695
1059	1333
1059	1604
1059	1668
1059	1928
1371	1939
1	163
1	245
1	1565
163	431
163	883
163	1455
163	1618
163	1633
163	1729
163	1762
245	1023
245	1052
245	1301
245	1868
1565	1823
1565	1838
1565	1852
2	1254
2	1366
2	1419
2	1984
1254	1332
1254	1650
1366	1707
1419	1420
1419	1736
1419	1961
3	48
3	245
3	251
3	774
3	829
3	1012
3	1503
3	1531
48	75
48	136
48	427
48	498
48	1243
48	1453
48	1838
251	1502
251	1797
774	1420
774	1753
774	1824
829	1144
829	1707
1531	1865
1531	1925
326	700
326	1222
326	1938
356	385
356	1241
450	759
450	965
980	1336
1069	1152
1069	1598
1947	1948
219	367
219	1069
219	1608
219	1626
219	1882
277	336
277	506
277	775
277	933
277	1016
277	1192
277	1796
722	845
722	1881
722	1912
1165	1224
1165	1232
1165	1502
1369	1407
1369	1558
1369	1823
1408	1748
1408	1806
349	705
349	748
349	1045
349	1327
349	1776
804	931
804	992
804	994
804	1365
804	1474
1008	1246
1008	1261
1008	1864
1443	1608
1443	1798
1526	1593
1526	1797
425	535
425	1052
425	1283
425	1416
534	545
534	1047
534	1893
534	1927
1295	1316
1295	1439
1295	1497
1793	1847
459	558
459	1247
459	1730
945	1762
945	1813
945	1919
945	1979
1234	1718
1943	1999
9	472
9	569
9	1169
9	1179
9	1634
9	1807
472	511
472	1615
472	1861
569	847
569	912
1169	1277
1169	1867
1169	1928
1169	1975
1179	1908
1807	1952
10	89
10	155
10	493
10	817
10	1033
89	307
89	1229
89	1640
89	1951
155	372
155	547
155	704
155	1830
817	848
817	1654
1033	1162
1033	1210
1033	1525
1033	1743
1033	1880
115	250
115	323
115	668
115	810
115	824
115	1132
115	1550
115	1615
115	1626
784	1078
784	1722
969	1020
969	1626
969	1855
969	1902
1978	1981
12	554
12	1098
12	1229
12	1279
12	1484
554	722
554	927
554	1062
554	1387
554	1457
554	1529
554	1706
554	1768
554	1797
554	1970
554	1996
1098	1290
1098	1502
1229	1367
1229	1748
1279	1457
1279	1811
1279	1881
1279	1958
1484	1855
13	571
13	934
13	1379
13	1593
13	1706
571	1188
571	1192
571	1545
571	1927
1379	1602
535	1063
535	1124
535	1138
535	1542
535	1825
684	949
684	1238
684	1354
684	1393
684	1540
708	836
708	837
708	847
1136	1192
1912	1922
15	1388
1388	1497
16	301
16	809
16	974
16	1233
16	1992
301	900
301	1266
301	1720
301	1970
809	1257
809	1360
809	1553
809	1680
974	1000
974	1359
974	1745
974	1827
1233	1540
1233	1999
17	283
17	984
17	993
17	1192
17	1240
17	1418
17	1621
17	1716
283	1554
283	1573
283	1825
283	1934
984	1045
984	1817
993	1789
993	1820
1192	1195
1192	1785
1240	1545
1240	1838
1418	1626
1621	1847
1716	1753
1716	1796
18	107
18	761
18	884
18	936
18	1208
18	1545
107	465
107	542
107	811
107	839
107	1376
107	1555
107	1642
761	1982
884	1256
884	1476
884	1506
884	1616
884	1737
936	1339
936	1521
1208	1471
1208	1488
1208	1597
1208	1694
1208	1731
1208	1861
1208	1866
1545	1567
1545	1677
173	250
173	1124
173	1240
173	1410
173	1642
173	1974
376	945
376	1505
1740	1817
339	537
339	546
339	928
339	1254
339	1417
1252	1310
1252	1825
1252	1912
121	193
121	513
121	526
121	528
121	1605
731	887
731	888
731	1049
731	1194
731	1203
731	1421
731	1441
731	1847
1704	1827
1704	1847
22	79
22	308
22	580
22	714
22	802
22	1707
22	1881
79	1317
79	1880
308	1035
308	1106
308	1175
308	1338
308	1917
580	671
580	1676
580	1959
714	1717
714	1766
802	900
802	929
802	1028
802	1713
802	1943
1707	1868
1707	1975
725	1141
725	1235
725	1836
1384	1529
1609	1728
1612	1744
1612	1960
24	361
24	1465
24	1782
24	1963
361	403
361	468
361	953
361	1332
361	1854
361	1929
1465	1728
1465	1884
1465	1953
1782	1952
1782	1992
25	454
25	757
25	812
25	1137
25	1554
25	1661
454	1132
454	1168
454	1406
454	1800
454	1840
757	1015
757	1659
812	818
812	913
812	1102
812	1176
812	1376
812	1507
812	1828
1137	1499
1554	1962
159	261
159	273
159	599
159	932
159	1649
159	1661
634	703
634	851
634	910
634	1066
925	1266
925	1396
942	1554
942	1558
942	1638
27	504
27	912
27	1180
27	1358
27	1403
27	1751
27	1908
27	1952
504	712
504	782
504	1233
912	943
912	1239
912	1567
912	1695
912	1768
912	1776
912	1860
1180	1250
1403	1716
1403	1718
28	1286
28	1720
28	1875
28	1882
1286	1333
1286	1383
29	442
29	492
29	1005
29	1186
29	1531
29	1722
442	467
442	780
442	942
442	962
442	1326
492	682
492	830
492	949
492	1057
492	1624
492	1818
1005	1045
1005	1541
1005	1587
1005	1813
30	476
30	514
30	892
30	943
30	1359
476	562
476	571
476	1071
476	1389
476	1445
476	1686
514	911
514	1557
514	1867
892	1359
892	1419
892	1737
892	1769
892	1787
892	1893
943	1076
943	1399
943	1715
943	1962
1359	1773
1359	1775
75	99
75	1142
75	1151
75	1152
75	1819
75	1981
703	824
703	953
703	960
703	1534
703	1550
839	911
839	1401
839	1557
839	1610
839	1750
1245	1655
1686	1825
174	1119
506	770
506	1147
506	1744
857	1137
857	1334
857	1713
857	1805
857	1988
1051	1052
1051	1310
1051	1401
1051	1846
1432	1929
33	257
33	264
33	1116
33	1446
33	1723
257	441
257	1481
257	1720
257	1758
257	1807
264	572
264	874
264	1124
264	1159
264	1388
264	1953
1116	1173
1116	1298
1116	1313
1116	1532
1116	1966
34	785
34	951
34	1492
34	1521
34	1553
785	818
785	1645
785	1739
785	1740
951	974
951	994
951	1506
951	1829
1492	1538
1492	1616
1553	1757
35	114
35	191
35	354
35	904
114	491
114	542
114	685
114	1371
114	1860
191	1645
191	1796
354	775
354	1622
354	1902
904	1161
904	1420
36	283
36	404
36	788
36	1117
404	870
404	1346
404	1446
404	1449
404	1466
788	1182
788	1578
788	1800
788	1824
1117	1241
1117	1316
1117	1414
1117	1760
1117	1769
120	508
120	1192
236	581
236	802
236	1052
38	198
38	1063
38	1076
38	1102
38	1610
198	271
198	1655
1076	1493
1102	1391
1610	1663
1282	1322
1282	1656
323	716
323	1012
323	1513
323	1609
323	1629
323	1813
323	1856
876	1545
876	1902
41	450
41	691
41	1301
41	1444
41	1504
41	1776
41	1939
691	1445
691	1493
1301	1997
1444	1504
1504	1543
1776	1958
42	222
42	288
222	475
222	614
222	931
222	1043
222	1971
288	354
288	449
288	592
288	657
288	1156
288	1159
247	461
247	1382
247	1589
247	1955
759	1064
759	1188
759	1589
759	1777
1031	1437
1031	1503
1453	1599
1453	1633
1453	1948
1455	1776
1455	1952
44	409
44	1317
44	1338
44	1381
409	835
409	1174
409	1702
409	1737
1317	1766
1338	1658
1381	1474
45	467
45	533
45	1362
45	1840
467	1824
467	1901
533	595
533	664
533	879
533	1047
533	1557
1362	1441
1362	1971
1840	1860
1840	1866
46	77
46	361
46	465
46	935
46	959
46	1298
46	1751
77	600
77	625
77	882
77	1052
77	1241
77	1902
77	1972
465	869
465	880
465	1052
465	1133
465	1339
465	1615
465	1812
935	1141
935	1620
959	1023
1298	1384
1298	1565
47	263
47	847
47	1301
47	1425
47	1902
47	1961
263	923
263	1848
263	1929
1902	1962
1961	1988
136	418
427	837
498	1104
498	1137
498	1407
498	1777
498	1830
1243	1560
49	563
49	1015
49	1112
49	1390
49	1401
49	1717
49	1775
49	1845
49	1875
563	1484
563	1506
563	1971
1112	1427
1112	1902
1390	1400
1401	1605
1401	1744
1845	1919
50	263
50	409
50	767
50	771
50	851
50	994
50	1404
50	1545
50	1771
50	1821
767	865
767	1100
767	1275
771	1453
771	1880
771	1920
851	1875
851	1894
851	1913
994	1393
994	1798
1404	1517
1404	1537
1404	1642
1404	1818
1771	1888
51	421
51	1071
51	1117
51	1978
421	1855
1071	1607
1071	1920
52	299
52	461
52	837
52	841
52	923
299	868
299	1036
299	1545
299	1847
461	921
461	1387
461	1412
837	931
837	1566
837	1744
837	1871
841	1162
841	1203
841	1497
841	1610
841	1718
841	1761
841	1888
841	1894
923	1338
923	1764
923	1896
171	537
171	557
171	1558
171	1846
276	411
276	421
276	1608
276	1674
276	1838
302	902
302	919
302	1123
302	1379
302	1659
385	600
385	932
385	1426
385	1511
385	1560
385	1864
385	1876
385	1992
631	1110
631	1474
631	1925
888	1364
888	1751
1223	1694
68	263
68	532
68	628
68	638
68	1111
68	1615
68	1826
445	468
445	701
445	921
445	946
445	1152
445	1418
445	1791
445	1835
1161	1894
234	336
234	1287
234	1457
728	752
728	807
728	1609
1011	1260
1011	1310
1011	1896
743	1317
743	1841
1175	1817
595	891
595	1418
595	1884
595	1951
1468	1951
58	134
58	700
58	812
58	859
58	1272
58	1456
58	1471
134	1301
134	1363
700	713
700	796
700	875
700	1831
859	1295
859	1704
859	1888
1272	1303
1272	1355
1272	1421
1272	1456
1272	1974
1456	1760
1471	1658
265	684
265	714
265	769
265	1176
265	1497
265	1545
265	1717
265	1786
1001	1029
1001	1126
1001	1502
1054	1642
1236	1768
1236	1928
202	896
202	1497
250	310
250	425
250	471
250	937
250	1179
250	1828
1502	1602
1701	1961
739	946
739	1439
739	1706
739	1821
1643	1773
62	578
62	709
62	732
62	965
62	1211
62	1261
62	1313
62	1745
62	1771
578	676
578	1022
578	1366
578	1629
709	859
709	1366
709	1392
709	1937
709	1950
732	921
732	936
732	952
732	1679
732	1718
1261	1589
1261	1730
1313	1543
1313	1668
63	941
63	1654
63	1730
941	1312
1730	1805
64	403
64	793
64	986
64	1275
64	1378
64	1419
64	1493
64	1573
64	1614
403	800
403	1559
403	1782
793	1394
793	1414
793	1713
1275	1388
1275	1824
1275	1982
1378	1680
1378	1751
1493	1561
1493	1814
1573	1607
1573	1868
65	202
65	322
65	475
65	864
65	870
65	1246
65	1283
65	1457
65	1896
322	339
322	361
322	1464
322	1724
475	943
475	1008
475	1274
475	1481
864	1943
870	1035
870	1071
870	1179
870	1280
870	1854
1246	1421
1246	1499
1246	1507
1246	1849
1457	1605
66	80
66	330
66	782
66	912
66	1210
66	1650
80	383
80	1517
330	1224
330	1371
782	1151
782	1421
782	1558
1210	1356
1210	1381
1210	1701
1650	1679
1650	1992
97	137
97	147
97	1206
97	1234
97	1423
97	1539
97	1612
105	611
110	598
110	953
581	600
581	882
581	1866
649	987
649	1303
649	1360
649	1663
1507	1674
1507	1942
1507	1948
1511	1852
532	554
532	882
532	936
532	1081
532	1459
532	1486
532	1797
628	784
628	799
628	1022
628	1117
628	1673
628	1894
638	949
638	1068
638	1103
638	1502
1111	1531
1111	1772
1615	1669
880	1133
880	1192
880	1624
585	685
585	1031
585	1071
585	1186
585	1394
585	1499
585	1984
763	963
763	1084
1311	1697
1434	1604
1702	1746
71	310
71	815
71	1014
71	1234
71	1689
310	395
310	554
310	1352
310	1414
310	1856
815	1985
815	1992
1689	1841
72	399
72	1034
72	1349
72	1391
399	578
399	725
399	752
399	1173
399	1209
1034	1090
1034	1139
1034	1503
1349	1391
1349	1502
1349	1793
1391	1702
1391	1753
1391	1826
1391	1988
406	1031
406	1394
406	1451
701	1272
701	1820
848	912
848	1602
74	93
74	307
74	793
74	1006
74	1008
74	1187
74	1236
74	1445
74	1634
74	1649
74	1690
74	1791
93	183
307	1555
307	1569
307	1951
307	1953
1006	1303
1006	1486
1006	1988
1187	1743
1690	1875
99	281
99	545
99	1116
99	1676
1142	1197
1142	1235
1142	1240
1142	1327
1142	1602
1151	1775
1151	1811
1152	1188
1152	1797
1819	1977
76	159
76	190
76	1432
190	709
190	1197
190	1543
190	1698
600	1303
600	1768
625	777
625	810
625	915
625	1174
625	1381
625	1559
625	1868
882	896
882	1625
1052	1283
1241	1632
1241	1997
195	232
195	457
195	608
195	858
195	948
195	1616
195	1988
551	638
551	767
551	1268
1287	1355
1287	1566
1287	1779
1645	1693
1645	1835
383	897
383	1170
383	1456
383	1624
383	1800
1517	1654
1517	1951
81	368
81	531
81	1010
81	1376
81	1499
81	1729
368	1921
531	824
531	947
531	1247
1010	1057
1010	1138
1010	1985
1376	1506
1376	1559
1499	1545
1499	1950
1729	1874
82	84
82	702
82	806
84	752
84	1048
84	1615
84	1692
84	1853
84	1888
84	1917
84	1974
702	1009
702	1075
702	1078
702	1538
806	1101
806	1108
806	1655
474	859
474	974
474	1178
474	1384
960	1023
960	1082
960	1620
960	1739
960	1852
960	1867
752	1365
1048	1298
1048	1589
1048	1608
1048	1925
1692	1746
1974	1979
85	179
85	449
85	472
85	844
85	1100
85	1275
85	1904
179	210
179	235
179	383
179	534
179	949
449	472
449	546
449	590
449	900
449	1040
449	1168
449	1943
844	1745
844	1975
1100	1661
141	451
141	1057
141	1912
523	807
523	1079
523	1580
523	1864
641	1110
910	1132
910	1303
910	1352
910	1776
1166	1334
1166	1391
1266	1379
1266	1911
1488	1598
1488	1634
1488	1856
1560	1614
824	835
824	904
1613	1696
1613	1974
1640	1806
1640	1944
90	669
90	890
90	1020
90	1559
90	1717
669	911
669	1178
669	1490
669	1732
669	1793
890	915
890	1137
890	1192
890	1644
1020	1216
1020	1235
1020	1990
1559	1929
530	649
530	706
530	802
530	860
530	936
530	1215
530	1420
530	1435
530	1692
937	1002
937	1949
1867	1958
92	660
92	1399
92	1849
660	670
660	1826
1399	1807
183	671
183	994
183	1853
183	1855
183	1916
444	1290
444	1728
776	1011
776	1057
776	1166
776	1226
776	1817
867	1650
867	1694
867	1866
906	1238
906	1246
906	1342
906	1414
1002	1284
1660	1867
1660	1917
95	856
95	858
95	1043
95	1674
95	1817
856	867
858	1139
858	1322
1043	1417
1674	1960
96	332
96	451
96	557
96	574
96	829
332	432
332	616
332	739
332	1138
332	1257
451	513
451	912
451	1466
557	1656
574	641
574	691
574	1041
574	1367
574	1410
574	1829
574	1856
574	1864
137	622
137	746
137	1137
137	1215
137	1389
147	897
147	1471
147	1490
147	1576
147	1596
147	1764
1206	1279
1206	1655
1539	1660
98	226
98	262
98	843
98	1210
98	1391
98	1673
98	1943
226	699
226	1047
226	1962
262	407
262	481
262	1094
262	1485
262	1966
843	908
843	1066
843	1170
843	1579
1673	1745
281	468
281	1174
545	555
545	763
545	932
545	1233
1290	1848
101	342
101	1388
101	1622
342	424
342	1358
342	1531
342	1697
1622	1835
690	1464
690	1610
690	1707
690	1947
987	1062
987	1396
987	1511
987	1908
152	581
311	399
334	421
334	1032
334	1241
495	780
495	879
495	1856
615	844
615	1010
615	1769
1364	1860
1844	1929
104	426
104	497
104	865
104	1008
104	1395
426	449
426	879
426	1100
426	1338
426	1609
426	1656
497	1305
497	1846
865	875
865	1288
865	1690
1395	1661
1395	1713
611	705
611	815
611	1372
611	1558
558	1392
558	1644
558	1748
748	1396
1170	1690
542	1136
542	1322
542	1569
811	1100
811	1762
811	1975
1555	1764
1555	1906
1642	1791
1642	1824
108	294
108	376
108	471
108	565
108	580
108	1724
108	1861
108	1871
294	433
294	500
294	678
294	962
294	1360
471	702
471	1056
471	1231
471	1510
565	622
565	635
565	1311
565	1386
565	1812
565	1955
1724	1845
109	147
109	170
109	429
109	1399
109	1554
170	859
170	1878
170	1919
170	1963
429	713
429	932
429	1381
429	1587
598	919
598	1164
598	1579
598	1683
598	1814
598	1886
953	1233
953	1404
953	1560
953	1676
112	277
112	444
112	620
112	1365
112	1669
112	1715
620	736
620	1048
620	1139
620	1937
1669	1826
1715	1819
1715	1827
113	195
113	330
113	808
113	1272
113	1946
808	940
808	1209
808	1245
808	1305
808	1593
808	1955
491	1233
491	1256
491	1421
491	1683
491	1920
685	816
685	1099
685	1211
685	1349
685	1497
685	1762
685	1788
685	1947
668	844
668	1076
668	1224
810	1161
810	1203
810	1282
810	1352
810	1542
1132	1927
1626	1807
1626	1882
1626	1891
800	1011
992	1836
1195	1569
253	908
253	1855
253	1864
253	1882
1123	1716
1139	1598
1429	1686
1429	1853
119	195
119	1119
119	1164
119	1471
119	1521
119	1981
1119	1464
508	1051
508	1382
508	1566
193	206
193	748
193	1279
193	1341
193	1959
513	919
513	1103
513	1127
513	1290
513	1454
526	611
526	717
526	1586
526	1982
1605	1683
1605	1797
1605	1980
122	265
122	376
122	830
122	1029
122	1224
830	1124
830	1392
830	1512
830	1718
830	1844
1029	1066
1029	1779
1224	1406
1224	1852
1224	1855
1224	1961
123	1068
123	1395
123	1581
1068	1396
1068	1902
1581	1597
261	348
261	595
261	628
261	1093
261	1384
261	1425
261	1479
261	1730
261	1753
791	961
791	1170
791	1390
831	962
831	1393
831	1745
1737	1917
466	1104
466	1829
466	1865
466	1943
1156	1503
211	869
211	1078
211	1418
211	1659
211	1697
211	1824
211	1866
316	1125
316	1478
316	1583
777	1197
777	1333
777	1680
777	1707
777	1875
1800	1857
1800	1921
1057	1193
129	263
129	525
129	547
129	725
129	936
129	1367
525	1661
547	549
547	671
547	1020
547	1156
547	1164
547	1214
547	1354
547	1455
547	1671
547	1867
547	1948
1367	1602
1367	1992
991	1043
991	1379
991	1666
131	210
131	562
131	799
131	880
131	1062
131	1492
210	560
210	607
210	757
210	1449
210	1689
210	1948
562	718
562	1142
562	1249
562	1420
562	1793
799	887
799	1536
799	1944
799	1981
1062	1257
1062	1607
439	461
439	967
439	1043
439	1214
439	1722
439	1788
439	1953
1424	1452
1424	1934
241	963
241	1076
241	1352
241	1403
241	1860
1354	1698
1354	1919
1354	1922
1363	1788
135	186
135	273
135	534
135	935
135	1016
135	1493
186	284
186	851
186	1424
186	1666
273	455
273	507
273	1388
273	1478
273	1542
273	1773
1016	1811
1016	1921
418	928
418	1797
622	646
622	894
622	905
622	1103
622	1521
622	1555
622	1634
622	1748
622	1975
746	1234
1215	1310
1215	1624
1215	1707
1389	1566
138	163
138	645
138	1283
138	1997
645	917
645	1330
645	1692
438	492
438	751
438	915
438	1199
438	1354
438	1392
438	1610
438	1959
473	492
473	688
473	1827
1556	1631
140	574
140	599
140	645
140	767
140	882
140	1585
140	1723
599	907
599	1153
599	1421
1585	1761
1585	1855
389	478
389	688
389	992
457	1367
457	1934
143	522
143	736
143	1336
143	1388
522	610
522	1059
522	1381
522	1847
522	1981
736	803
736	1420
736	1644
736	1717
736	1860
1336	1602
1336	1654
1336	1882
682	1161
682	1176
682	1942
921	953
921	1256
921	1394
1168	1939
1216	1365
1216	1567
145	175
145	1096
145	1203
175	839
175	931
175	1119
175	1414
1096	1180
1096	1279
1096	1384
1096	1410
1203	1332
146	285
146	351
146	789
146	1500
146	1589
285	882
285	1426
351	409
351	631
351	1476
351	1656
351	1866
789	793
789	803
789	843
789	906
789	1379
789	1665
1500	1693
1589	1961
897	945
897	1369
897	1459
1490	1573
1576	1604
1576	1912
481	528
481	657
481	875
481	1282
481	1579
838	1245
1543	1739
592	833
592	1312
592	1322
592	1334
592	1646
874	937
874	1739
874	1854
1597	1782
150	775
150	1180
150	1437
775	1014
775	1529
775	1581
775	1953
1437	1441
1437	1597
1437	1713
1437	1823
151	157
151	923
151	949
151	1642
157	1419
157	1554
157	1966
949	1090
949	1256
949	1485
949	1826
1636	1911
1400	1565
1400	1650
1400	1960
372	466
372	1173
372	1937
704	830
704	991
704	1206
704	1744
704	1835
704	1900
156	457
156	1352
156	1692
158	281
158	1238
158	1394
158	1615
158	1959
1238	1744
1238	1888
1238	1937
1238	1953
1394	1917
932	1137
932	1248
932	1960
335	418
335	1537
1478	1737
604	972
604	981
604	1481
213	1123
344	500
344	1043
344	1284
344	1410
344	1513
344	1838
431	444
431	500
431	807
431	1022
431	1840
431	1888
883	1427
883	1556
883	1605
883	1732
883	1760
1618	1655
1618	1934
400	807
400	1354
400	1648
400	1697
400	1772
478	691
478	824
478	1471
1300	1517
1300	1638
1825	1836
165	499
165	558
165	649
165	739
165	811
165	1125
165	1612
499	1209
499	1339
499	1449
499	1526
499	1553
1125	1453
1125	1529
1125	1884
166	225
166	563
166	807
166	887
166	894
166	1199
166	1225
166	1381
166	1706
166	1768
225	478
225	1093
807	859
807	1192
807	1938
887	1188
887	1434
1225	1280
1225	1362
1225	1410
1225	1622
1225	1753
1768	1827
1768	1974
1409	1505
1409	1847
770	801
770	1071
770	1365
1106	1673
1106	1744
1761	1901
169	1614
537	563
537	647
537	718
537	807
537	1654
231	702
231	838
231	1722
286	293
286	607
286	1441
286	1811
286	1827
440	1388
440	1479
1124	1573
1124	1952
1410	1884
1410	1960
931	1224
176	1410
176	1820
1820	1913
1174	1403
1174	1683
178	552
178	1240
178	1692
178	1696
178	1743
552	662
552	1266
552	1445
552	1543
552	1563
552	1746
552	1770
1743	1773
1743	1806
235	1115
235	1300
235	1596
235	1777
235	1817
180	978
180	1668
180	1736
180	1748
978	1040
978	1431
1668	1671
1736	1779
181	422
181	635
181	1123
181	1589
181	1952
422	533
422	614
422	747
422	1238
422	1356
422	1529
422	1532
635	870
635	1049
635	1352
182	716
182	848
182	856
182	1683
716	1137
716	1177
716	1310
716	1672
671	848
671	1359
671	1403
184	411
184	465
184	1066
184	1104
184	1696
184	1844
184	1901
411	890
411	1293
411	1479
411	1673
1066	1942
1066	1985
1627	1658
284	605
284	717
284	802
284	948
284	980
284	1142
284	1181
284	1425
284	1510
284	1531
284	1823
1666	1791
187	226
187	408
187	1035
187	1036
187	1363
408	793
408	1195
408	1280
408	1927
1035	1698
1036	1720
188	211
188	409
188	442
188	763
188	963
188	1356
188	1390
188	1638
188	1762
188	1787
963	1193
963	1417
1356	1465
1356	1948
1787	1855
1787	1900
1787	1966
189	1054
189	1924
1924	1950
1924	1977
1197	1461
1197	1569
1197	1676
1197	1820
192	339
192	1103
192	1406
192	1997
1103	1593
1103	1597
1103	1853
1103	1929
1406	1974
206	1622
206	1900
206	1916
1341	1395
1341	1424
1341	1479
194	495
194	735
194	1661
735	808
735	1563
735	1908
232	386
232	533
232	1722
608	987
228	1034
228	1081
228	1116
228	1346
228	1455
228	1921
197	318
197	378
197	417
197	731
197	906
197	1040
197	1125
318	469
318	1028
318	1164
378	876
378	1014
378	1542
378	1704
378	1876
417	1393
417	1563
417	1821
417	1875
1040	1346
271	492
271	892
271	982
271	1245
271	1752
1655	1716
1655	1723
1655	1800
1655	1981
1099	1706
1099	1956
200	346
200	440
200	552
200	892
200	914
200	1057
346	475
346	800
346	1032
346	1197
346	1412
346	1431
346	1451
346	1724
346	1775
346	1881
914	1339
914	1827
914	1996
201	325
201	383
201	636
201	818
201	1435
201	1966
325	608
325	839
325	1288
325	1597
325	1631
325	1821
325	1824
636	1554
636	1992
818	835
818	1320
1435	1891
896	1018
896	1236
896	1622
896	1829
1497	1631
212	657
212	723
212	1293
204	789
204	941
204	1248
204	1389
204	1583
204	1768
1583	1683
205	1981
1900	1924
1088	1216
1088	1451
1182	1356
1182	1777
1127	1279
1127	1393
1127	1571
1127	1820
1127	1961
435	793
435	1214
435	1238
435	1841
573	610
573	1604
573	1904
560	579
560	1347
560	1459
560	1658
560	1819
607	705
607	1444
1449	1971
869	1111
869	1232
869	1703
1078	1393
1697	1751
1697	1977
1824	1868
1824	1919
1824	1993
657	698
657	1071
657	1830
723	763
723	1301
1293	1919
345	1170
345	1567
345	1829
345	1959
762	895
762	912
762	1195
762	1274
762	1840
762	1948
1498	1785
1498	1942
1498	1953
248	349
248	774
248	1419
248	1479
248	1626
216	271
216	273
216	1099
216	1180
216	1521
216	1835
217	326
217	417
217	611
217	1022
217	1245
217	1644
217	1919
1022	1327
1022	1650
1022	1958
1644	1650
1644	1821
218	952
218	1254
218	1571
218	1988
952	1399
952	1513
952	1627
952	1982
367	802
367	1211
367	1783
367	1788
367	1825
512	872
512	983
512	1084
909	1056
909	1144
909	1529
909	1979
1407	1689
1407	1942
221	250
221	283
221	1993
614	747
614	748
614	876
614	883
614	1155
614	1565
223	342
223	386
223	636
223	868
223	984
223	1123
223	1181
223	1186
386	784
386	1022
386	1410
868	1634
868	1788
868	1906
1181	1287
1181	1504
1181	1696
1181	1818
1181	1893
224	437
224	581
224	646
224	706
224	1268
224	1736
224	1740
224	1743
437	634
437	684
437	937
437	1238
437	1913
437	1943
646	743
646	993
646	1322
646	1695
646	1743
706	1068
706	1164
706	1624
1268	1697
1268	1960
1093	1290
1093	1406
1093	1587
1093	1607
1093	1823
1093	1999
699	1924
1047	1049
1047	1193
1047	1234
1047	1246
1047	1252
1047	1493
1047	1911
227	257
227	1083
227	1161
227	1560
1081	1178
1081	1186
1081	1260
1081	1284
1081	1505
1081	1605
1081	1615
1081	1766
1081	1823
1346	1538
1346	1752
1346	1911
1177	1316
1177	1920
540	847
540	946
540	1356
540	1420
540	1445
1506	1650
336	1421
1115	1144
1115	1295
1115	1459
1115	1679
237	302
237	512
237	1176
238	409
238	422
238	554
238	623
238	1098
238	1175
238	1274
623	816
623	1245
1274	1333
1274	1352
1274	1362
242	487
242	691
242	1367
242	1978
487	1009
487	1015
487	1064
487	1618
487	1857
243	573
243	1658
243	1751
243	1960
244	1410
244	1672
244	1919
244	1984
1672	1776
1672	1961
1023	1099
1023	1565
1023	1596
1868	1888
246	969
246	1632
246	1811
1382	1770
1382	1974
1479	1868
249	537
249	979
249	1250
979	1449
979	1683
1250	1252
1828	1888
1828	1992
1797	1974
252	416
252	1417
252	1636
252	1752
252	1913
252	1933
416	602
416	1018
416	1704
416	1739
1752	1785
908	1439
1864	1891
1864	1981
1693	1744
1173	1382
1173	1927
1189	1355
441	894
441	1553
1481	1770
303	601
303	683
303	890
303	1277
303	1371
303	1807
489	978
489	1598
260	322
260	572
260	766
260	1054
260	1753
572	752
572	1404
766	1153
766	1881
1753	1825
348	454
348	702
348	864
348	1598
407	611
407	917
407	949
407	1586
407	1736
1094	1900
1094	1971
1094	1997
1159	1553
1159	1694
1159	1779
1159	1952
769	815
769	1002
769	1166
769	1288
769	1369
769	1378
769	1805
801	979
801	1486
801	1664
801	1671
801	1979
267	598
267	682
267	1846
267	1916
1249	1256
982	1356
1095	1168
1095	1214
1095	1359
1095	1876
455	537
455	746
455	910
455	1000
1542	1679
1542	1922
1773	1828
1084	1381
1084	1984
1084	1992
933	1536
933	1849
933	1953
1041	1161
1041	1179
1041	1295
1041	1466
1041	1823
1032	1051
1032	1071
1032	1139
1032	1525
1032	1587
1032	1723
1032	1793
1316	1464
1316	1474
1316	1507
1316	1844
1316	1859
1578	1589
1578	1662
1578	1671
1578	1875
468	1263
468	1459
468	1615
468	1717
468	1985
1129	1249
1129	1779
1129	1884
1725	1866
1725	1972
1934	1982
605	698
605	1051
605	1419
605	1979
717	1287
717	1579
717	1771
1510	1610
1510	1937
1426	1581
1426	1820
1426	1977
293	313
293	559
293	614
293	645
293	1133
293	1144
293	1984
287	305
287	378
287	618
287	1069
287	1853
305	748
305	753
305	892
305	1176
305	1250
305	1316
305	1571
305	1828
618	704
1162	1300
1162	1359
1305	1722
589	1359
291	807
291	824
291	844
291	902
291	979
291	1009
291	1382
291	1441
291	1773
291	1922
902	1605
902	1906
1009	1642
652	784
652	984
652	1663
652	1770
313	1607
313	1743
313	1990
559	1006
559	1388
559	1553
559	1693
559	1707
1133	1631
1133	1729
1144	1155
1144	1408
1144	1478
1144	1538
1144	1542
433	638
433	1076
433	1180
433	1286
433	1414
500	1487
500	1686
500	1806
678	789
678	943
678	1838
678	1916
962	1090
962	1418
962	1532
1360	1626
1360	1783
296	1506
1386	1580
1386	1791
1386	1955
341	389
341	504
341	759
341	1692
341	1911
900	1322
900	1702
900	1922
919	1313
919	1692
601	1095
601	1416
601	1478
601	1542
683	844
683	1192
683	1219
1277	1425
1277	1717
1193	1360
1193	1638
353	439
353	611
353	759
353	1101
353	1279
353	1379
353	1933
371	1194
371	1665
371	1978
946	1178
946	1181
946	1658
946	1724
1569	1996
309	606
309	1697
309	1956
606	747
606	1166
606	1243
395	465
395	909
395	937
395	979
395	1141
395	1177
395	1437
395	1764
395	1974
1744	1775
1744	1924
1607	1739
315	560
315	803
315	942
315	1101
315	1187
315	1298
315	1396
315	1823
803	909
803	956
1101	1111
1101	1144
1101	1211
1101	1457
835	1966
469	829
469	1011
469	1342
469	1671
469	1992
1028	1399
1028	1558
1028	1673
713	1342
713	1400
713	1599
713	1904
860	991
860	1240
860	1556
860	1631
860	1955
1393	1716
1393	1933
321	422
321	466
321	522
321	536
321	831
536	833
1464	1861
370	652
1212	1395
1212	1992
1631	1798
1222	1537
1222	1740
1222	1948
1938	1956
327	405
327	444
327	788
327	1176
327	1457
405	562
405	1250
405	1406
405	1699
405	1938
328	455
328	1596
329	1864
956	1365
956	1632
956	1902
432	937
432	1891
432	1938
616	684
616	1127
616	1429
1138	1280
1138	1431
1138	1779
1257	1396
1257	1566
1257	1662
1257	1831
1257	1866
972	1047
972	1474
972	1481
1537	1730
1537	1864
1421	1715
1421	1962
1421	1984
1045	1341
1045	1429
1045	1771
861	1312
861	1320
861	1962
1436	1476
546	1180
546	1362
546	1701
928	1583
928	1740
424	457
424	983
424	1203
424	1414
424	1911
1703	1830
1703	1896
1451	1689
1451	1766
1598	1919
705	751
705	1034
705	1338
1476	1610
1476	1979
1656	1696
1155	1609
1459	1666
1247	1461
1247	1636
1247	1679
1247	1725
1247	1791
1247	1836
1247	1971
357	757
1108	1261
1108	1301
1108	1626
1108	1679
779	887
779	928
779	1167
779	1761
1163	1586
1167	1206
1072	1316
1332	1363
1332	1441
1332	1492
1332	1893
362	500
362	856
362	1364
362	1379
362	1849
364	404
364	425
364	894
364	1232
1232	1556
1232	1605
1232	1732
365	389
365	408
365	662
365	932
365	1011
365	1432
365	1656
662	1393
662	1434
662	1452
662	1636
366	451
366	1410
1194	1644
1017	1371
1017	1688
1017	1937
477	488
477	515
477	1186
477	1662
477	1743
477	1845
1235	1311
1235	1431
1235	1703
1235	1760
651	912
651	1658
651	1893
891	1193
891	1290
891	1539
1624	1888
981	1235
688	929
688	1036
688	1099
688	1412
688	1540
1075	1129
1075	1766
1075	1921
872	1134
872	1199
872	1419
872	1459
872	1800
967	1093
967	1441
967	1607
1141	1272
1141	1625
1732	1902
698	1944
577	1159
577	1459
577	1465
577	1952
1209	1359
1209	1456
1209	1500
1209	1560
1209	1579
1209	1624
401	1349
401	1903
402	511
402	949
402	1257
402	1723
511	542
511	1098
511	1282
511	1425
511	1490
511	1500
1466	1544
1466	1553
1466	1699
1466	1943
1699	1807
1699	1836
917	1034
917	1240
917	1500
917	1855
1586	1770
1586	1958
1280	1865
410	1468
412	611
412	769
412	887
412	1830
412	1913
414	1282
414	1758
602	690
602	948
602	1153
602	1376
602	1488
1018	1186
1018	1322
1018	1746
1018	1811
1219	1441
1219	1836
1219	1853
1219	1947
1219	1993
1540	1634
1540	1739
1540	1982
747	905
747	1165
747	1578
1529	1532
1529	1950
1532	1620
1731	1868
983	1000
983	1663
879	1166
879	1187
879	1561
879	1828
430	473
430	597
430	708
430	1096
430	1488
430	1745
430	1835
597	962
597	1020
597	1178
1214	1621
1214	1634
751	831
751	1018
751	1261
751	1488
751	1760
751	1768
915	994
915	1203
915	1234
915	1368
915	1540
915	1571
915	1624
915	1772
915	1963
1392	1903
780	1878
1326	1390
1326	1622
1321	1951
1321	1979
590	1110
590	1539
453	522
453	1349
453	1963
1000	1224
1000	1364
1000	1782
458	688
458	690
458	1493
458	1511
458	1529
458	1677
458	1696
1387	1841
1387	1876
913	1849
913	1922
913	1988
1342	1900
1671	1919
470	691
470	909
470	1082
470	1381
470	1488
1082	1177
1056	1772
1231	1545
488	533
488	1239
488	1288
515	779
515	815
515	929
515	1127
515	1612
515	1640
1662	1866
1662	1904
875	1036
875	1768
875	1860
875	1919
1579	1798
1695	1716
926	1095
926	1769
484	761
484	1246
484	1280
484	1321
1105	1366
1105	1977
486	969
1064	1215
1064	1616
1064	1636
1239	1321
490	867
490	1081
490	1101
490	1250
490	1627
494	1593
496	1352
496	1569
1487	1510
712	960
712	979
712	1596
712	1655
712	1881
579	1424
1147	1573
1309	1669
1309	1789
1454	1466
1454	1558
1454	1840
911	1368
911	1567
911	1787
911	1848
1557	1598
1557	1777
516	1126
516	1694
516	1791
1126	1139
1694	1788
836	1043
836	1338
1039	1153
1039	1174
715	731
715	757
715	1432
715	1504
715	1690
610	718
610	1131
610	1332
1079	1224
1079	1382
1079	1561
1079	1731
947	1543
1486	1827
1486	1856
1486	1908
664	833
664	945
664	1074
664	1349
664	1363
664	1848
833	1178
833	1663
833	1928
647	1235
647	1828
1950	1985
541	587
541	656
541	884
541	1096
541	1216
541	1277
587	779
587	801
587	830
587	981
587	1014
587	1049
587	1050
587	1296
587	1427
587	1581
656	1336
656	1487
656	1557
656	1671
1322	1330
1322	1828
1322	1835
1322	1884
907	1062
907	1301
907	1823
555	583
555	1896
549	574
549	708
549	1016
549	1854
927	1011
927	1194
927	1364
927	1576
927	1586
927	1696
583	810
583	1928
1347	1813
1347	1921
1347	1985
564	590
564	860
564	1182
564	1395
564	1901
564	1920
566	599
566	1613
1604	1621
1604	1688
1604	1926
1604	1972
1604	1978
1620	1694
639	752
639	1017
639	1193
639	1526
639	1631
586	1291
586	1394
586	1788
1049	1596
1049	1818
1050	1166
1050	1168
1050	1650
1110	1801
1110	1938
1312	1478
1303	1750
603	919
603	1175
603	1866
1131	1309
1131	1387
1131	1605
613	1057
613	1854
1769	1888
619	1173
619	1260
619	1338
619	1465
619	1621
1260	1638
1260	1831
1260	1942
905	952
905	1864
1320	1689
1474	1982
1561	1882
1561	1902
1561	1934
670	809
670	1507
1220	1291
1220	1421
1220	1699
1220	1800
1074	1082
1074	1225
1074	1771
1074	1847
1680	1744
667	753
667	879
667	1492
675	1033
675	1099
675	1456
675	1911
796	1176
796	1206
796	1425
796	1903
796	1974
687	1220
687	1465
687	1753
1688	1775
694	807
694	921
694	1252
694	1715
694	1924
695	836
695	1836
1831	1953
1831	1992
1310	1676
1310	1906
961	1186
961	1243
961	1599
727	748
727	961
727	1017
727	1225
727	1368
727	1557
727	1638
727	1848
1368	1459
1368	1561
1664	1971
1718	1980
1439	1629
1439	1688
1439	1769
1087	1431
1087	1871
1760	1929
871	926
871	940
871	1095
871	1253
871	1457
871	1818
895	1054
895	1392
895	1511
895	1757
895	1845
895	1975
1333	1534
792	1243
792	1624
792	1720
1713	1814
1160	1310
1160	1363
1160	1988
881	883
881	1500
881	1693
881	1980
827	1401
827	1457
827	1882
827	1944
827	1958
827	1962
1253	1631
1253	1852
1253	1916
1134	1326
1134	1403
1134	1436
1544	1720
1090	1427
1383	1513
1383	1922
1541	1867
1355	1825
1198	1444
1198	1504
1198	1621
1289	1399
1289	1984
1859	1939
1405	1465
1405	1517
1405	1620
1405	1659
1405	1848
