# Undirected graph (each unordered pair of nodes is saved once): output/networks/Random4000removeRandom-50percent.txt
# Nodes: 988 Edges: 1008
# NodeId	NodeId
0	926
0	978
0	1397
0	1907
978	1258
978	1848
1397	1399
2	575
2	622
575	1335
622	1153
382	544
382	561
1638	1844
374	1919
854	1349
962	1006
962	1620
1133	1137
1133	1490
1750	1985
180	328
180	991
180	1811
777	1183
777	1779
536	903
536	1063
536	1071
584	1173
11	914
11	1369
11	1851
914	1295
914	1439
1851	1852
1851	1889
1851	1938
29	290
29	1026
29	1188
29	1518
29	1771
1738	1892
13	1024
13	1761
14	531
531	982
1720	1954
17	275
275	1321
114	1113
114	1910
264	1376
264	1382
1635	1779
22	1507
1507	1721
23	146
23	926
23	935
146	362
146	1663
24	547
24	1455
24	1580
24	1865
547	1272
547	1584
1455	1621
1580	1612
286	991
286	1578
286	1826
26	186
186	391
186	1183
186	1299
120	381
526	1271
526	1424
526	1687
526	1925
701	1106
701	1910
290	327
1518	1779
30	1194
411	418
411	508
411	569
411	1113
411	1239
817	1502
1246	1714
32	819
32	969
32	1865
819	1652
819	1737
819	1864
969	1079
991	992
991	1000
392	517
392	564
392	640
392	1064
727	1267
1537	1608
35	310
310	719
310	1879
656	700
656	811
656	1311
37	632
37	1584
632	974
632	1272
632	1445
632	1559
632	1892
1584	1916
38	1067
39	59
39	839
59	926
59	1577
59	1653
59	1756
839	1376
40	1112
40	1153
40	1296
40	1433
1296	1644
642	722
642	1422
939	1352
1563	1711
66	977
814	869
814	1290
542	1240
542	1863
46	1576
46	1948
48	54
48	887
54	1238
54	1749
222	1119
222	1605
222	1799
993	1420
993	1611
274	1421
1114	1974
1151	1979
53	796
796	1780
1238	1578
1238	1925
623	669
623	1848
623	1902
623	1980
891	1026
891	1137
891	1451
57	405
405	859
405	939
405	1300
58	284
58	1380
284	1878
60	1420
60	1496
1420	1739
451	727
451	1732
62	1293
64	1215
65	858
65	902
902	1120
902	1385
902	1824
67	1352
760	1181
760	1580
760	1959
760	1980
1139	1913
645	1278
387	1907
555	1743
869	1188
1601	1930
251	691
251	819
251	1258
251	1544
251	1611
251	1616
251	1948
806	1995
77	1525
256	860
256	1293
256	1343
722	789
722	1023
80	410
80	1246
410	593
410	965
410	1683
420	623
420	1337
420	1675
84	276
276	1749
276	1800
863	1939
434	438
92	743
92	951
951	1120
951	1305
951	1464
951	1732
776	1071
776	1584
776	1995
1302	1892
1302	1918
94	115
94	710
94	1166
94	1966
115	893
115	1142
115	1397
710	747
438	1144
174	1863
1089	1148
1089	1429
1089	1800
1089	1801
654	870
654	1468
153	824
100	1470
100	1824
1470	1562
1470	1955
101	150
101	365
150	362
365	924
103	1622
104	1133
1623	1831
106	1952
107	513
107	1573
107	1920
513	1878
936	1846
227	415
227	1468
111	323
323	426
299	1193
299	1459
132	991
1655	1804
1142	1922
1277	1732
652	694
652	1512
788	1064
550	1159
550	1938
545	889
545	1310
1567	1824
381	545
381	1464
381	1610
381	1763
381	1934
121	1541
121	1711
121	1936
122	235
122	1046
122	1113
122	1647
235	322
235	1671
1046	1168
1046	1194
123	1846
124	776
124	1377
1377	1492
219	703
219	808
357	576
708	1039
708	1252
708	1429
905	1168
127	383
127	1502
383	735
383	848
383	1047
383	1081
383	1675
128	1394
128	1660
128	1873
1660	1941
129	283
129	1288
133	1253
133	1735
133	1771
1253	1929
134	275
134	407
407	575
407	1382
407	1407
630	807
630	1079
630	1518
594	1986
137	173
137	275
137	521
173	642
173	662
173	1299
173	1537
295	674
295	1602
295	1639
141	344
141	1032
141	1307
141	1654
344	1216
1032	1051
1307	1762
1654	1977
733	981
733	1094
733	1916
143	300
143	777
143	845
300	1616
845	1662
145	241
145	310
145	1104
241	1652
362	420
362	981
1459	1610
1459	1846
1459	1916
1459	1931
149	1679
152	679
152	1711
679	1123
679	1410
679	1568
679	1640
679	1677
1137	1946
158	935
158	1341
341	1177
341	1965
1063	1235
1063	1457
1063	1905
1063	1907
160	694
160	992
162	910
162	1385
910	1282
910	1336
910	1601
223	295
223	815
223	1568
164	679
164	697
165	440
165	1802
440	738
440	1305
1802	1907
639	798
639	1370
639	1517
639	1639
1225	1321
415	495
415	681
415	1705
1727	1827
1727	1886
397	1055
397	1177
748	1065
662	1266
662	1624
662	1987
1299	1414
1745	1831
176	313
176	501
176	1317
313	767
313	1886
501	1183
1317	1525
1317	1749
1317	1879
1317	1932
179	447
328	1835
328	1954
1811	1852
1621	1799
391	520
1183	1216
1183	1295
188	1078
188	1123
188	1743
188	1863
189	253
189	1307
190	1401
193	277
193	292
287	887
698	901
698	903
226	1021
517	834
517	1800
974	1207
974	1851
900	908
900	1407
900	1512
900	1986
197	633
197	1305
633	1886
747	1622
333	836
333	1170
333	1953
200	245
200	256
200	415
200	1327
245	533
245	710
245	961
245	1258
201	295
201	651
201	1959
651	1286
202	1104
203	579
203	1638
579	971
707	1183
707	1414
1641	1959
207	777
207	817
207	1583
208	1779
210	545
210	1059
210	1374
1059	1420
1059	1931
1662	1846
212	219
212	1419
740	1562
544	739
544	1679
703	743
703	1269
703	1331
808	814
808	1133
220	986
220	1031
220	1844
220	1911
986	1378
1312	1677
1312	1710
1119	1606
225	829
1021	1460
514	1228
514	1862
1551	1879
229	869
229	1858
1244	1295
1378	1699
329	1257
386	1528
233	1269
233	1623
1269	1660
234	501
234	648
234	1873
322	1191
322	1211
238	431
431	1311
431	1424
239	903
239	1437
903	1193
1120	1948
311	343
243	698
243	1443
1443	1872
1443	1980
533	962
533	1258
961	1654
1258	1295
1258	1366
1258	1462
1258	1699
247	1275
247	1706
247	1714
774	923
249	293
293	341
293	1301
293	1427
1544	1734
842	890
842	1063
1199	1571
1343	1647
1343	1697
1343	1873
414	993
414	1494
414	1625
414	1864
1279	1655
261	271
261	465
261	1184
261	1872
838	1123
838	1656
263	631
263	643
263	720
263	1547
643	760
643	917
720	1655
720	1836
1382	1621
379	1139
379	1575
379	1710
379	1946
306	1892
734	1347
268	306
268	452
268	564
268	1508
452	1889
269	1147
269	1758
270	1105
1105	1727
273	814
1421	1503
1321	1684
1321	1936
278	623
278	1099
1099	1493
965	1979
1578	1696
1107	1238
289	760
289	1525
327	1729
327	1761
327	1773
1301	1772
1301	1783
294	602
294	1266
602	842
298	981
298	1451
298	1635
1193	1889
719	1084
303	766
303	1169
766	1799
1656	1980
305	520
305	1176
520	999
520	1194
520	1293
343	1112
343	1511
343	1666
767	936
767	1439
767	1665
767	1821
314	748
317	741
317	1018
1018	1977
319	343
319	691
319	1232
319	1817
1232	1427
320	1300
324	1103
494	512
1257	1601
1257	1789
671	891
671	1728
1174	1916
836	1262
836	1355
1170	1406
334	745
334	829
745	1023
624	1777
337	1696
1177	1648
342	1362
1362	1376
1511	1722
1216	1710
1216	1894
558	1078
558	1269
558	1954
1665	1987
1665	1999
354	418
354	766
354	1460
356	373
356	1166
356	1275
356	1800
373	595
576	1571
358	1047
1336	1341
1336	1905
361	1031
831	993
364	656
364	1882
468	1199
468	1468
368	1106
1347	1419
1347	1946
469	710
469	1779
428	674
428	1183
595	605
1710	1938
1464	1592
1464	1873
1763	1995
561	612
561	1355
561	1953
735	1177
735	1415
1081	1103
1081	1373
1081	1503
1081	1624
384	1573
395	661
395	1139
395	1979
1252	1472
856	969
856	1046
856	1098
856	1470
1064	1508
1064	1893
393	1575
661	858
661	938
661	1946
396	540
540	1169
1055	1290
403	1430
593	706
593	1438
593	1926
508	656
569	1843
569	1891
941	1377
941	1804
413	415
413	891
413	1649
413	1826
413	1891
1861	1946
1861	1966
1080	1836
421	908
421	1447
1447	1834
1447	1999
789	1096
1311	1333
1311	1922
1424	1894
581	1561
1144	1228
1144	1963
441	842
441	1298
444	1174
669	836
669	1397
449	835
454	1121
454	1170
454	1620
1620	1835
689	767
689	1026
689	1848
1035	1235
1035	1979
1657	1879
459	899
899	1519
460	694
460	1327
460	1972
551	1184
551	1547
551	1656
551	1858
601	924
1670	1780
1446	1862
598	1875
474	689
477	624
1456	1460
782	977
782	1343
1356	1379
1356	1940
488	785
488	1306
488	1312
488	1685
785	1248
785	1277
1685	1948
1071	1528
1042	1613
512	978
1231	1583
1231	1979
1562	1593
1562	1714
938	1562
968	1232
968	1679
932	1113
932	1779
1640	1714
577	1687
876	1084
876	1657
876	1892
1006	1335
557	1561
999	1429
790	1443
790	1999
523	1422
523	1811
523	1865
530	1113
530	1706
600	959
600	1137
600	1594
535	1813
538	1121
538	1130
1240	1882
739	1047
889	961
1207	1427
554	797
554	1154
554	1999
797	1089
797	1538
1154	1257
1154	1352
1154	1507
1154	1592
1154	1618
1154	1624
559	1221
1221	1394
1221	1544
612	1372
1355	1638
566	584
566	1733
572	663
572	1373
663	893
1373	1445
1373	1843
1571	1983
580	1148
1173	1431
1173	1878
873	1263
873	1592
1438	1955
605	708
605	1736
605	1919
1839	1863
959	1256
609	1269
609	1954
1235	1727
1372	1601
1218	1544
1218	1571
625	1763
807	926
807	1561
1079	1884
636	806
636	1891
646	1089
646	1236
1286	1689
1762	1851
660	807
664	1574
664	1858
758	856
973	1380
676	1199
676	1777
677	973
677	1142
677	1716
1677	1920
1227	1578
1227	1846
786	1978
901	1131
699	971
712	1695
1209	1511
1084	1910
1836	1891
1023	1061
1023	1865
1267	1512
731	839
731	1021
731	1934
1094	1238
1365	1942
1065	1592
1065	1873
754	1935
1027	1616
1027	1743
762	1123
762	1720
1439	1850
772	776
772	1986
923	1865
923	1875
923	1885
804	937
804	1123
804	1183
1096	1669
1096	1685
1538	1882
816	949
816	1116
816	1367
825	1934
826	1429
1797	1965
1038	1946
866	1593
866	1695
1593	1706
1263	1884
897	1920
1519	1620
1282	1602
1295	1496
1295	1623
1295	1821
918	1402
1402	1696
1398	1727
1320	1789
1256	1433
1066	1862
1634	1706
1684	1939
1012	1113
1012	1567
1012	1613
1613	1683
1061	1985
1025	1320
1043	1365
1043	1390
1043	1673
1054	1239
1054	1807
1457	1605
1073	1279
1827	1865
1091	1394
1092	1544
1092	1652
1092	1963
1406	1930
1648	1844
1186	1864
1198	1666
1198	1879
1198	1963
1212	1714
1255	1296
1255	1602
1289	1735
1637	1663
1755	1789
