# Undirected graph (each unordered pair of nodes is saved once): output/networks/Random8000removeDegree-30percent.txt
# Nodes: 1405 Edges: 2380
# NodeId	NodeId
507	1132
507	1342
507	1886
591	849
591	1150
591	1450
591	1596
591	1695
1371	1939
1712	1750
1	245
1	1756
1	1983
245	1375
245	1868
1756	1990
529	1363
529	1886
1366	1520
1480	1643
1480	1891
1520	1595
251	1502
251	1797
774	1344
774	1420
774	1528
774	1682
1503	1954
1531	1925
161	934
161	1334
161	1345
161	1821
326	700
326	976
326	1222
326	1938
356	385
356	1241
356	1588
356	1749
450	965
980	1336
1069	1152
132	787
132	1424
132	1724
132	1735
219	298
219	1069
219	1196
219	1520
219	1608
277	336
277	506
277	754
277	775
277	933
277	1796
722	765
722	845
722	1514
722	1881
722	1912
1165	1232
1165	1357
1165	1502
1165	1667
1369	1407
1369	1558
1408	1748
1408	1806
6	627
6	804
6	1008
6	1411
6	1443
6	1526
627	983
627	1044
804	992
804	994
804	1474
1008	1261
1008	1790
1411	1606
1443	1608
1443	1798
1526	1593
1526	1797
133	294
133	580
133	1354
534	545
534	1448
534	1893
534	1927
1295	1439
1295	1497
1380	1416
1380	1463
1380	1757
1793	1833
1793	1847
459	558
459	1730
539	1254
539	1914
659	1863
659	1973
1234	1718
1522	1680
1682	1870
472	783
472	1861
569	847
569	898
569	1255
1169	1277
1169	1380
1169	1928
1169	1975
1179	1908
10	89
10	493
10	817
89	307
89	1135
89	1640
89	1941
89	1951
493	1523
817	848
817	1654
817	1869
11	115
11	784
11	969
11	1879
11	1978
115	668
115	824
115	1132
115	1550
784	930
784	1078
784	1722
969	1020
1978	1981
12	832
12	1130
12	1230
12	1484
832	1288
832	1684
832	1782
1130	1470
1130	1903
1230	1729
1230	1880
13	571
13	934
13	1592
13	1593
13	1706
571	1188
571	1733
571	1927
1592	1784
1592	1848
259	459
259	1236
259	1853
259	1947
535	958
535	1063
535	1825
674	780
674	1148
708	836
708	837
708	847
957	1423
957	1771
957	1979
1912	1922
16	301
16	809
16	974
16	1233
16	1681
301	1077
301	1266
301	1970
809	1058
809	1588
809	1680
1233	1540
1233	1999
17	984
17	993
17	1418
984	1045
984	1965
993	1789
18	761
18	884
18	936
884	1476
884	1616
884	1737
936	1339
936	1521
173	1642
376	1514
1323	1811
20	102
20	1252
102	569
1252	1825
1252	1879
1252	1912
21	518
21	556
21	1895
556	1345
556	1945
308	1035
308	1106
308	1175
308	1345
308	1917
580	671
580	1469
580	1676
714	1024
802	929
802	1028
862	1452
862	1557
23	376
23	1384
23	1609
23	1612
23	1878
1384	1756
1609	1728
1609	1914
24	361
24	1782
361	403
361	468
361	1929
25	787
25	812
25	1554
787	815
787	1082
787	1276
812	818
812	1102
812	1376
812	1828
1554	1869
159	599
159	932
159	1649
159	1756
634	851
634	910
925	1266
925	1396
27	755
27	1358
27	1751
27	1908
755	1600
755	1884
28	1140
28	1318
28	1875
1140	1150
1140	1570
1318	1536
1318	1544
29	442
29	1186
29	1531
29	1722
442	467
442	609
442	780
442	1326
1186	1251
30	514
30	666
514	846
514	911
514	1557
666	676
666	1416
666	1627
666	1644
666	1680
31	1442
31	1619
31	1686
1442	1723
1442	1949
1686	1803
1686	1825
506	770
506	1147
593	607
593	947
593	1117
857	1030
857	1334
857	1805
857	1909
857	1988
916	1171
916	1724
1025	1470
1051	1401
1051	1667
1432	1929
33	43
33	264
33	1442
33	1446
33	1723
43	247
43	674
43	1031
43	1455
264	874
264	1159
34	132
34	785
34	787
34	951
34	1323
34	1521
785	818
785	1645
785	1740
785	1741
951	974
951	994
951	1639
35	191
35	354
35	904
191	1645
191	1796
191	1989
354	775
354	893
904	1420
36	266
36	788
36	805
36	1117
36	1987
266	391
266	461
266	944
266	1094
788	1182
805	819
805	1004
805	1487
1117	1241
1117	1747
1117	1769
120	479
120	508
120	798
120	825
120	1592
236	802
236	1183
462	646
462	1030
462	1874
878	1588
878	1789
878	1896
38	198
38	1027
38	1063
38	1076
38	1102
38	1862
198	271
198	1037
1027	1167
1027	1391
1063	1281
1076	1551
1076	1667
1102	1391
1102	1528
39	939
39	1089
39	1282
39	1637
939	1046
1089	1297
1282	1656
1637	1686
1637	1724
40	876
41	450
41	691
41	1444
41	1939
691	1242
691	1445
691	1774
42	222
42	976
42	1738
222	1862
976	996
976	1540
976	1764
247	461
247	1382
247	1955
1031	1503
44	1317
45	467
45	720
45	733
45	1840
467	710
467	920
467	1901
720	1472
733	1068
1840	1860
77	588
77	600
77	609
77	822
77	1241
77	1972
465	1133
465	1339
465	1812
935	1141
935	1998
1019	1489
1019	1978
1298	1384
47	292
47	847
47	1425
292	443
292	1614
847	1402
847	1588
136	418
136	1270
427	626
427	837
498	863
498	1030
498	1104
498	1407
498	1777
498	1830
1472	1541
256	934
256	1088
256	1189
256	1573
563	1484
1015	1373
1112	1427
1112	1684
1390	1400
767	1100
767	1275
771	1880
771	1920
851	1221
851	1875
851	1894
851	1913
994	1533
994	1798
1030	1261
1030	1967
1273	1828
1404	1642
1606	1640
1815	1996
1892	1917
199	588
199	939
199	959
199	1206
421	1375
679	753
679	906
679	1029
846	1501
1071	1920
1259	1471
52	299
52	461
52	837
299	393
299	868
299	1036
299	1681
299	1847
461	921
461	1387
461	1412
837	1566
837	1871
171	557
171	1337
171	1558
302	902
302	954
302	1123
302	1463
302	1659
385	600
385	932
385	1426
385	1876
631	1474
631	1755
631	1925
825	1112
888	999
888	1364
888	1751
1296	1551
54	68
54	1538
68	539
68	1111
68	1157
69	1348
234	336
234	755
234	1546
728	752
728	807
728	1328
728	1609
898	1475
898	1687
898	1797
56	132
56	653
56	1175
56	1806
653	1156
57	697
57	1468
1468	1951
134	548
134	954
134	1363
134	1430
434	1819
700	754
700	875
700	1831
700	1973
1456	1774
1471	1658
1910	1973
59	820
59	1236
820	1274
820	1836
1236	1768
1236	1928
60	1502
60	1701
60	1832
61	739
61	1643
739	1439
739	1706
739	1821
1643	1773
578	676
578	707
578	1366
578	1629
709	1183
709	1366
709	1392
709	1950
732	877
732	921
732	936
732	1679
732	1718
1261	1730
1313	1543
1313	1668
63	941
63	1654
63	1730
941	1312
1730	1805
403	800
403	1559
403	1782
1378	1680
1378	1751
1573	1868
1573	1987
65	230
65	864
65	1283
65	1896
230	1177
230	1273
1283	1600
66	80
66	330
66	782
66	1210
80	1270
80	1572
80	1808
330	1371
782	1151
782	1421
782	1558
1210	1356
1210	1701
67	105
67	110
67	649
105	1077
105	1285
105	1440
110	482
110	1639
649	749
649	1303
649	1663
1111	1531
1111	1772
1157	1250
1348	1399
1004	1253
1004	1556
1004	1765
1004	1926
1311	1697
1702	1746
310	920
815	1475
1014	1323
87	765
87	1488
399	413
399	578
399	752
1391	1702
1391	1988
111	510
111	852
111	966
350	815
406	1031
406	1451
848	1130
848	1862
1276	1550
1276	1663
93	1442
93	1691
93	1803
307	1555
307	1951
1006	1303
1006	1486
1006	1988
1690	1875
99	545
99	1025
99	1676
99	1795
1142	1197
1142	1327
1151	1775
1151	1811
1152	1188
1152	1797
76	159
76	1432
588	1910
600	1303
600	1768
822	1003
822	1561
1241	1632
78	450
78	544
78	551
78	1645
78	1747
544	1264
544	1935
551	767
551	1268
1645	1693
1645	1835
124	427
124	738
124	791
124	831
124	1737
130	551
130	649
130	991
1060	1495
1060	1544
1572	1783
1808	1812
368	434
368	1837
368	1921
482	910
482	1336
482	1695
531	823
531	824
531	947
1010	1292
1010	1350
1376	1559
1499	1872
1499	1950
1729	1874
82	806
82	1004
82	1463
82	1551
82	1795
806	1101
806	1108
1551	1580
1795	1940
1795	1951
420	1540
658	1373
681	739
681	1123
681	1538
960	1082
960	1140
960	1852
877	899
877	1841
1048	1298
1048	1608
1048	1925
1692	1746
1692	1995
1853	1873
179	235
179	534
179	1509
449	472
449	546
449	590
449	1040
449	1168
617	749
617	1616
617	1789
844	1975
1100	1276
141	209
141	624
141	1647
141	1912
523	807
523	1079
523	1580
641	842
641	1398
641	1617
910	1132
910	1303
1166	1334
1166	1391
1870	1910
1488	1634
172	231
172	440
172	1044
742	873
742	1460
824	835
824	904
1135	1501
1640	1806
1640	1944
90	890
90	989
90	1020
90	1559
890	1644
989	1270
989	1304
989	1925
1020	1109
1020	1216
1020	1990
1559	1929
91	563
91	937
91	1285
937	1002
937	1949
337	846
337	1045
337	1337
337	1428
524	1398
660	670
660	1653
1399	1807
1568	1859
1803	1878
776	1166
776	1226
906	1135
906	1238
906	1255
906	1342
1002	1284
1660	1917
95	858
95	899
95	1422
95	1647
95	1674
858	1139
858	1318
858	1402
858	1647
899	1053
899	1083
899	1726
1422	1686
1422	1742
1674	1910
96	332
96	557
96	829
332	432
332	616
332	739
557	661
557	1656
137	1215
137	1389
137	1601
137	1995
1539	1660
226	699
226	1592
262	407
262	624
262	1094
262	1485
262	1966
843	1170
843	1523
843	1579
1470	1614
1552	1752
545	555
545	932
545	1233
100	1810
100	1969
342	424
342	1358
342	1531
342	1697
642	659
642	699
642	1567
823	1065
823	1435
152	1601
311	399
311	1588
334	421
334	1241
495	780
495	1258
654	933
654	1060
654	1312
654	1464
1364	1682
1364	1860
1844	1869
1844	1929
104	497
104	1008
104	1395
497	501
497	1305
497	1375
1395	1726
1395	1795
1077	1763
278	1892
558	1392
558	1644
558	1748
748	1396
1170	1690
220	512
220	523
220	817
220	1127
220	1407
220	1632
297	354
297	1420
297	1427
542	1136
542	1285
644	1561
811	939
811	1100
811	1762
811	1975
1003	1129
1003	1169
1003	1973
1003	1983
1351	1677
1555	1764
1555	1906
1642	1791
294	433
294	678
471	1056
471	1231
471	1510
819	1073
819	1356
819	1875
1061	1444
1061	1590
1061	1979
1430	1497
1430	1555
1430	1616
1724	1845
1861	1873
109	170
109	429
109	819
109	1107
109	1399
109	1554
170	1878
429	932
429	1587
429	1995
1107	1288
1107	1485
510	1072
510	1376
966	1718
966	1930
620	1048
620	1139
1715	1819
1715	1923
113	330
113	420
113	1946
167	1409
167	1491
167	1539
167	1632
491	1233
491	1324
491	1421
491	1683
491	1920
1467	1810
668	844
668	893
668	1076
668	1135
668	1227
1132	1196
1132	1927
686	1080
686	1432
992	1522
992	1836
347	1903
948	1681
253	1803
1123	1895
1304	1514
1304	1949
119	1164
119	1471
119	1521
119	1981
1164	1572
479	724
479	891
479	1203
479	1912
508	772
508	1051
508	1382
508	1566
508	1858
798	1376
193	206
193	748
193	964
513	1127
513	1454
526	717
526	1965
122	376
122	755
122	990
122	1029
122	1968
1029	1483
1029	1712
123	593
123	1068
123	1395
123	1581
1068	1396
738	935
738	1678
738	1871
738	1879
738	1894
791	961
791	1170
791	1390
791	1892
1737	1917
125	298
125	1156
125	1317
298	1156
298	1742
1156	1503
126	251
126	316
126	633
126	1002
316	1125
316	1478
316	1583
633	664
633	845
633	1471
127	1311
127	1431
127	1471
127	1555
128	701
129	525
129	527
129	936
129	1367
527	558
527	705
527	782
527	1135
1367	1684
991	1666
131	1062
1062	1675
1062	1909
1424	1452
1424	1967
1735	1901
1354	1698
1354	1922
548	820
548	1026
548	1647
1363	1710
1363	1788
135	534
135	935
135	1552
418	637
418	1797
1215	1624
1215	1765
1389	1566
1601	1850
1601	1922
138	645
138	1283
645	917
645	1330
645	1692
438	1058
438	1199
438	1354
438	1392
438	1810
594	886
594	1532
594	1972
1171	1333
1171	1755
599	907
599	1421
964	1497
964	1929
209	573
209	1428
624	650
624	1320
142	457
142	674
142	1186
142	1701
457	1367
143	840
143	1336
1336	1654
1336	1965
760	1012
1168	1939
1168	1954
1216	1273
1216	1297
1216	1567
145	175
145	1085
145	1096
145	1203
145	1808
1085	1633
1096	1242
1096	1384
1203	1897
146	285
146	351
285	390
285	726
285	1426
351	631
351	1308
351	1476
351	1656
351	1986
897	964
897	1061
897	1369
897	1459
1324	1423
1324	1913
1324	1998
1490	1573
1576	1912
148	838
148	898
148	1543
148	1841
148	1858
149	209
149	592
149	874
592	1312
592	1334
592	1646
874	937
874	1711
150	314
150	775
150	1637
150	1780
314	721
314	984
314	1728
775	1014
775	1581
775	1710
151	157
151	381
151	550
151	1642
157	1554
157	1966
381	1028
381	1358
381	1844
388	981
388	1343
177	495
177	1174
177	1531
372	1475
372	1968
696	1083
696	1317
696	1451
696	1926
704	991
704	1206
704	1835
156	457
156	1692
156	1986
158	1238
932	1248
160	335
160	681
160	1478
335	418
335	724
1478	1737
1345	1819
162	213
162	344
162	660
162	1585
162	1798
213	396
213	1123
213	1714
344	1284
344	1328
344	1513
344	1838
1798	1987
431	807
431	1840
883	1427
883	1556
883	1732
1357	1486
1357	1726
1357	1901
164	1785
164	1825
164	1842
1825	1836
499	1339
499	1449
499	1526
576	1113
582	1787
1125	1884
807	1938
1409	1847
1491	1534
1491	1563
168	770
168	1106
168	1372
770	1071
1106	1673
169	1614
231	838
231	1722
440	783
440	840
440	1065
1044	1658
176	208
176	964
208	1127
208	1270
208	1460
208	1599
208	1653
1174	1683
178	1692
235	1596
235	1777
1509	1805
842	1305
842	1686
930	1243
930	1461
930	1574
978	1040
978	1431
978	1501
1469	1768
1590	1736
1668	1671
181	635
181	1123
635	1049
635	1375
182	295
182	716
182	848
182	1683
295	623
295	1488
295	1524
295	1690
295	1792
716	954
716	1177
716	1672
319	569
319	774
671	707
671	848
671	1190
411	890
411	1293
411	1673
772	1627
185	1100
185	1627
1627	1658
1627	1832
1373	1893
1666	1765
1666	1791
408	793
408	1530
408	1927
1035	1698
1398	1746
963	1417
963	1976
1787	1966
189	529
189	1924
1924	1950
1197	1461
1197	1676
192	764
192	1406
764	776
764	1614
764	1662
206	1916
194	495
194	735
735	1077
735	1563
735	1908
232	386
232	387
232	1722
797	1568
797	1625
196	228
228	1081
228	1346
228	1455
228	1921
318	642
318	1028
318	1128
318	1164
417	1563
417	1821
417	1875
886	1223
1040	1346
1040	1373
1040	1712
271	944
271	982
271	1752
1037	1097
1037	1233
1037	1416
200	440
200	673
200	914
200	1670
673	982
673	1084
914	1339
914	1967
914	1996
325	608
325	1288
325	1551
325	1821
636	918
636	1554
818	835
818	1320
1435	1891
896	1236
203	212
203	452
203	682
212	723
212	1293
452	920
452	1400
452	1750
1248	1873
1583	1683
205	1981
207	399
207	1088
207	1096
207	1182
207	1523
207	1998
1088	1216
1088	1430
1088	1451
1182	1356
1182	1777
573	610
573	1904
1428	1440
1428	1916
396	1515
396	1612
396	1732
607	705
607	1444
1092	1730
1078	1469
1697	1751
345	1170
345	1567
762	895
762	1065
762	1274
762	1402
762	1840
1498	1785
1498	1879
1792	1832
248	553
248	774
333	1177
463	1476
648	1060
648	1075
648	1851
216	271
216	355
216	358
216	1489
216	1521
216	1835
355	1369
355	1858
355	1873
358	1108
358	1719
358	1884
217	326
217	417
217	1644
217	1682
1644	1821
218	358
218	1254
218	1988
1196	1448
512	983
512	1084
512	1146
221	1909
386	539
386	570
386	648
386	784
386	968
428	507
428	1904
868	1634
868	1788
868	1906
1181	1893
646	993
646	1695
646	1987
706	1068
706	1164
706	1624
706	1808
1268	1324
1268	1697
1268	1858
699	1061
699	1924
227	749
227	1083
749	1762
1083	1302
1081	1178
1081	1186
1081	1260
1081	1284
1346	1538
1346	1752
1346	1765
229	1243
229	1431
229	1861
1177	1285
1177	1920
387	814
387	1377
233	540
233	1468
233	1470
233	1995
540	847
540	1356
540	1420
540	1445
336	976
336	1421
237	302
237	512
238	623
238	1175
238	1274
238	1784
623	816
1274	1333
239	1425
239	1484
240	304
240	520
240	1852
240	1923
304	814
304	816
304	864
520	1736
520	1806
242	556
242	691
242	930
242	1367
242	1572
242	1978
483	983
483	1513
244	1527
244	1672
246	380
246	969
246	1632
246	1811
380	840
1382	1770
553	1860
553	1861
249	1250
1250	1252
1250	1255
1143	1339
1143	1682
1143	1784
1143	1975
416	602
501	1112
1752	1785
689	1418
689	1649
1218	1463
1218	1693
1189	1355
441	894
441	1281
1481	1770
303	683
303	890
303	1205
303	1277
303	1371
303	1807
489	658
489	978
489	1681
849	874
849	1456
849	1857
260	653
260	766
766	1183
766	1881
348	864
348	1809
407	917
407	1736
1094	1281
393	1075
393	1377
393	1426
393	1930
1281	1315
1281	1512
1281	1609
391	606
391	1092
267	682
267	1528
267	1916
268	975
975	1203
975	1672
270	1182
270	1249
982	1356
982	1549
272	1095
272	1595
272	1706
1095	1168
1095	1214
1095	1876
1595	1718
455	910
455	1118
998	1089
998	1354
1773	1828
1773	1989
392	707
392	1148
275	1084
1548	1662
1548	1976
933	1411
933	1527
933	1536
933	1849
359	723
359	779
359	855
359	1163
359	1167
973	1639
973	1774
1041	1179
1041	1295
1041	1466
711	1150
711	1732
711	1830
1611	1925
468	568
468	1263
468	1459
920	1074
1863	1939
282	718
282	754
282	1129
282	1276
282	1725
282	1904
1129	1249
1129	1884
1725	1972
734	754
734	828
605	698
605	968
605	1051
605	1979
717	820
717	1579
717	1771
1514	1515
1514	1917
390	1155
390	1159
726	961
726	1803
1426	1581
293	313
293	317
293	559
293	645
293	1133
1441	1641
1441	1684
287	618
287	1069
287	1450
287	1853
618	704
618	1297
1450	1460
1450	1570
379	984
379	1106
379	1503
379	1599
379	1667
379	1809
873	1010
1305	1722
589	1954
929	954
929	1552
902	1765
902	1906
1009	1642
443	938
443	1555
313	1990
317	835
317	1389
559	1006
559	1693
1133	1729
433	1013
433	1076
433	1687
678	1230
678	1373
678	1838
678	1916
1524	1582
1524	1806
1427	1611
341	392
341	1218
341	1692
683	844
683	854
683	1025
683	1527
1205	1345
1205	1428
1205	1475
1277	1425
814	1178
814	1183
816	1264
306	371
306	635
306	1329
306	1518
371	1194
371	1665
371	1978
1518	1520
1518	1742
1518	1862
309	606
309	673
309	1697
309	1932
309	1956
606	747
606	1166
606	1243
721	783
721	1133
721	1837
1728	1850
315	730
315	803
315	1101
315	1187
315	1298
315	1396
803	956
1101	1111
1101	1211
835	1375
835	1966
1028	1399
1028	1558
1028	1673
1128	1653
320	860
860	991
860	1556
860	1955
321	536
321	831
321	1682
536	999
1464	1480
1464	1861
370	1932
1212	1395
1222	1292
1222	1740
1938	1956
327	788
328	455
328	1549
328	1596
1549	1775
329	333
329	1501
329	1973
331	956
956	1337
956	1632
432	937
432	1891
432	1938
616	1073
616	1127
616	1781
724	1475
724	1819
1421	1715
1045	1771
338	861
338	954
338	1436
861	1312
861	1320
861	1986
1436	1476
546	828
546	1701
546	1738
1190	1782
424	457
424	983
424	1203
424	1402
938	1141
1703	1830
1703	1896
447	956
1412	1495
1451	1989
1413	1764
1413	1878
1308	1392
1476	1515
1476	1979
1155	1270
1155	1609
1459	1666
813	1078
813	1197
813	1407
813	1665
813	1811
1121	1260
1121	1813
1121	1858
893	1058
1749	1848
357	886
1108	1143
1108	1261
1108	1679
1719	1842
779	1167
855	957
855	1266
1167	1206
1167	1496
360	1072
362	1364
362	1546
362	1849
362	1989
480	705
480	1136
460	1412
460	1995
1097	1226
1097	1641
1232	1556
1232	1732
374	1450
374	1460
374	1566
374	1723
374	1941
662	1204
662	1262
662	1434
662	1452
662	1636
950	1036
950	1151
950	1305
950	1456
950	1671
1914	1930
1914	1935
1194	1644
1194	1711
373	819
373	1017
373	1497
1017	1371
1017	1688
1335	1424
1200	1259
1200	1350
1200	1710
651	1658
651	1893
651	1909
891	1539
891	1809
384	998
384	1188
570	798
570	1021
570	1139
968	1315
968	1559
1377	1676
863	1413
863	1550
863	1927
1148	1228
1148	1502
1148	1509
1075	1129
1075	1921
768	888
768	1294
768	1315
967	1308
967	1441
1141	1625
698	1944
577	1159
577	1459
577	1832
1058	1550
1058	1648
1058	1731
413	709
413	1175
413	1293
661	823
661	844
661	969
661	1339
661	1455
1496	1552
1496	1646
1935	1944
401	726
401	1903
402	710
402	1723
710	842
710	991
710	1835
1466	1544
917	1118
1530	1748
410	1468
412	1562
412	1830
412	1913
1562	1669
1562	1955
414	1282
602	948
602	1376
602	1470
602	1488
637	1190
637	1714
828	843
828	1088
1540	1634
747	905
747	1165
1532	1816
1731	1781
1731	1868
983	1148
983	1663
1213	1548
1416	1940
650	1343
650	1413
650	1806
650	1868
626	793
626	902
626	1892
597	1020
597	1178
446	748
446	797
446	1170
446	1526
1214	1318
1214	1634
1214	1691
1392	1903
783	1496
783	1523
780	1878
1326	1390
1326	1440
1326	1709
1007	1456
448	1242
448	1369
448	1469
590	653
590	1398
590	1539
453	659
453	852
453	1433
453	1639
997	1141
997	1895
458	1677
1387	1841
1387	1876
568	984
568	1130
568	1850
1263	1377
1263	1733
538	1751
538	1816
538	1950
1342	1756
470	691
470	822
470	1082
470	1488
470	1976
1082	1177
1056	1772
1056	1983
1178	1302
1178	1755
1781	1790
1781	1917
1755	1903
488	1150
488	1239
488	1288
1046	1051
1662	1904
875	1036
875	1491
875	1768
875	1860
1579	1798
484	761
484	916
484	1025
1105	1366
1105	1548
486	969
1064	1215
1064	1616
1064	1636
1678	1748
1150	1759
1150	1980
1239	1411
794	1160
794	1171
794	1449
794	1509
494	1593
494	1710
1258	1443
1258	1849
496	686
1487	1510
502	1263
502	1450
502	1590
502	1757
712	960
712	1065
712	1596
712	1881
918	1251
918	1909
1080	1791
579	1097
579	1424
1147	1343
1147	1573
509	660
509	1003
509	1309
509	1700
509	1908
1309	1669
1309	1789
1454	1466
1454	1558
1454	1840
911	1368
911	1567
911	1787
911	1848
1557	1777
516	1126
516	1791
1126	1139
836	855
854	1299
854	1350
854	1491
854	1958
854	1989
719	797
719	1048
719	1486
719	1837
719	1875
1039	1174
567	728
715	1221
715	1432
715	1690
1925	1998
610	718
610	1131
1079	1382
1079	1561
1079	1731
947	1543
1486	1908
664	1074
664	1363
664	1848
664	1932
647	1828
656	1336
656	1487
656	1557
656	1671
907	989
907	1062
907	1606
555	583
555	1896
549	708
549	772
549	1183
549	1606
1746	1986
927	1194
927	1292
927	1364
927	1576
583	1691
583	1928
1347	1700
1347	1813
1347	1921
1227	1333
564	590
564	860
564	1182
564	1395
564	1901
564	1920
1067	1107
1067	1579
1067	1654
1067	1763
1067	1880
566	599
566	1351
566	1515
566	1613
566	1641
1255	1524
1021	1037
1021	1084
1021	1141
1021	1204
575	902
575	1037
575	1291
575	1475
1113	1451
584	639
584	771
584	1533
639	648
639	752
639	1017
639	1526
586	1291
586	1653
586	1788
1049	1596
1049	1617
1050	1166
1050	1168
1312	1478
1024	1756
1303	1750
1204	1583
1204	1632
1204	1945
603	1175
603	1323
1237	1774
1131	1309
1131	1387
1131	1691
1131	1858
1294	1556
1297	1498
619	855
619	1260
1260	1638
1260	1831
905	1986
1228	1782
1474	1749
1474	1833
1474	1940
1512	1879
845	920
845	1140
1158	1309
1091	1656
1091	1848
1091	1892
1299	1389
1299	1407
670	809
670	1976
1220	1291
1220	1421
1220	1562
1074	1082
1074	1225
1074	1771
1074	1847
667	753
667	1965
675	681
675	1433
675	1456
675	1601
675	1639
680	1788
687	1220
687	1834
1834	1835
1834	1996
1688	1775
694	807
694	921
694	1044
694	1252
694	1715
694	1924
695	836
695	1213
695	1836
1831	1954
961	1186
961	1243
961	1599
961	1741
1368	1459
1368	1480
1368	1561
1679	1755
1718	1980
1439	1629
1439	1688
1439	1769
1087	1431
1087	1816
1087	1871
1600	1680
1600	1788
871	940
871	1095
871	1253
895	1392
895	1757
895	1845
895	1975
795	1157
795	1837
795	1843
996	1218
996	1998
1333	1534
1741	1748
1741	1884
792	1243
792	1496
792	1624
1160	1363
1160	1988
940	1019
881	883
881	1684
881	1693
881	1941
881	1980
827	1401
827	1944
827	1958
1253	1738
1253	1852
1253	1916
1350	1673
1134	1326
1134	1436
1544	1759
1675	1910
903	1587
1090	1097
1090	1427
1525	1895
1525	1967
1383	1513
1383	1922
1383	1969
1383	1983
1541	1850
1790	1833
1109	1350
1109	1656
1495	1554
1495	1748
1763	1789
1302	1675
1302	1690
1355	1825
1198	1444
1198	1572
1289	1399
1289	1524
1859	1939
1405	1582
1405	1659
1405	1848
1405	1910
1582	1656
1582	1784
