# Undirected graph (each unordered pair of nodes is saved once): output/networks/Random16000removeRandom-40percent.txt
# Nodes: 1200 Edges: 5681
# NodeId	NodeId
0	791
0	912
0	925
0	1000
0	1223
0	1554
0	1563
0	1747
0	1863
0	1873
791	852
791	912
791	921
791	1244
791	1255
791	1310
791	1472
791	1832
912	1335
912	1391
925	1060
925	1166
925	1335
925	1506
925	1527
925	1937
1000	1173
1000	1472
1000	1533
1000	1539
1000	1627
1000	1715
1223	1943
1554	1733
1554	1917
1563	1792
1563	1954
1747	1886
1747	1949
1873	1881
1873	1888
528	616
528	1121
528	1553
528	1664
528	1806
861	1091
861	1126
861	1351
861	1438
953	1217
953	1530
953	1626
953	1695
1238	1373
1238	1680
1238	1926
1396	1552
1396	1720
1561	1954
1630	1722
65	415
65	615
65	691
65	762
65	901
65	1055
65	1056
65	1153
65	1606
65	1827
359	430
359	1179
359	1264
359	1267
359	1327
359	1534
359	1644
359	1689
376	969
376	1249
376	1644
376	1979
452	730
452	817
452	912
452	1267
452	1464
452	1697
612	738
612	1277
612	1616
1175	1848
1663	1790
1663	1959
3	112
3	226
3	303
3	619
3	791
3	862
3	1225
3	1367
3	1469
112	359
112	412
112	673
112	769
112	1130
112	1255
112	1379
112	1589
112	1610
112	1810
112	1937
226	544
226	1115
226	1139
226	1327
303	310
303	530
303	591
303	603
303	688
303	690
303	745
303	882
303	919
303	1060
303	1134
303	1319
303	1608
303	1623
303	1806
619	834
619	965
619	1150
619	1246
619	1360
619	1415
619	1627
862	921
862	957
862	1347
862	1604
862	1734
862	1784
862	1979
1225	1268
1225	1281
1225	1619
1225	1942
1225	1997
1367	1371
1469	1498
1469	1808
1469	1836
4	129
4	154
4	571
4	803
4	1480
4	1641
4	1756
4	1792
129	218
129	656
129	757
129	823
129	903
129	1245
129	1426
129	1455
129	1584
154	433
154	959
154	1597
154	1651
154	1920
571	746
571	1470
571	1579
571	1595
571	1716
803	1063
803	1221
803	1404
803	1618
803	1642
803	1838
803	1913
1480	1542
1480	1592
1480	1659
1480	1870
1641	1807
1756	1946
1792	1844
1792	1970
5	16
5	274
5	298
5	317
5	1392
16	45
16	85
16	388
16	509
16	611
16	780
16	1367
16	1555
16	1898
16	1925
16	1929
16	1976
274	382
274	420
274	757
274	1126
274	1674
274	1753
274	1780
274	1913
298	430
298	500
298	509
298	685
298	757
298	883
298	1419
298	1473
298	1788
298	1797
298	1891
298	1987
317	434
317	456
317	821
317	1177
317	1396
317	1428
317	1843
317	1855
317	1925
317	1959
1392	1575
1392	1629
1392	1699
1392	1761
6	293
6	378
6	393
6	422
6	432
6	697
6	802
6	844
6	1072
6	1353
6	1542
6	1662
6	1709
6	1753
6	1839
293	422
293	438
293	539
293	611
293	1092
293	1173
293	1404
293	1614
293	1962
378	395
378	732
378	755
378	1024
378	1104
378	1202
378	1339
378	1373
378	1612
378	1639
378	1644
378	1674
393	641
393	771
393	847
393	930
393	1267
393	1320
393	1709
422	452
422	679
422	866
422	924
422	964
422	981
422	1074
422	1274
422	1468
422	1642
432	857
432	1441
432	1554
432	1616
432	1821
697	802
697	1240
697	1307
697	1500
802	1326
844	875
844	985
844	1351
844	1362
844	1816
1072	1151
1072	1164
1072	1207
1072	1275
1072	1832
1072	1855
1353	1527
1353	1864
1662	1742
1662	1784
1662	1910
1709	1806
1709	1985
33	74
33	275
33	381
33	923
33	1038
33	1129
33	1373
33	1436
33	1552
33	1619
62	345
62	472
62	919
62	1067
62	1232
506	577
506	961
506	1695
506	1858
685	713
685	962
685	1068
685	1595
685	1634
685	1733
685	1787
685	1873
1244	1630
1547	1574
1547	1766
1572	1753
1572	1898
1572	1948
1759	1773
1759	1956
8	107
8	430
8	811
8	861
8	884
8	952
8	1030
8	1060
8	1163
8	1188
8	1332
8	1350
8	1524
8	1601
8	1893
107	131
107	634
107	867
430	476
430	481
430	652
430	697
430	891
430	903
430	1147
430	1202
430	1351
430	1865
430	1870
811	867
811	1036
811	1112
811	1147
811	1166
811	1248
884	1042
884	1510
952	975
952	1285
952	1288
952	1324
952	1354
952	1587
952	1759
952	1787
952	1893
1030	1163
1030	1275
1030	1371
1030	1377
1030	1497
1030	1619
1030	1703
1030	1827
1030	1886
1030	1997
1060	1529
1060	1547
1163	1216
1163	1281
1163	1400
1163	1469
1163	1620
1163	1670
1163	1822
1163	1859
1163	1987
1188	1247
1188	1887
1188	1938
1332	1892
1350	1403
1350	1430
1350	1469
1350	1572
1350	1817
1524	1634
1524	1742
1601	1827
1601	1878
1893	1908
9	422
9	838
9	919
9	1106
9	1232
9	1235
838	1163
838	1372
838	1619
919	1212
919	1309
919	1518
919	1584
919	1644
919	1820
919	1903
919	1954
1106	1512
1106	1721
1106	1913
1232	1238
1232	1616
1232	1929
1235	1238
1235	1245
1235	1307
1235	1546
1235	1617
1235	1753
1235	1761
10	133
10	147
10	1223
10	1230
10	1235
10	1402
10	1409
133	1705
133	1976
147	333
147	389
147	571
147	663
147	895
147	950
147	1030
147	1327
147	1512
1230	1429
1230	1532
1230	1689
1230	1721
1402	1510
1402	1705
1402	1952
1409	1464
1409	1720
63	440
63	585
63	993
63	1362
63	1379
63	1806
63	1816
63	1862
723	975
723	1228
723	1306
723	1415
723	1629
723	1742
723	1759
1208	1216
1208	1628
1208	1637
1481	1600
1481	1883
1702	1890
12	197
12	725
12	1007
12	1156
12	1465
12	1715
12	1887
197	323
197	688
197	891
197	1321
197	1863
197	1913
725	738
725	932
725	1849
1007	1286
1156	1890
1156	1906
1156	1917
1465	1829
1465	1956
1715	1825
1887	1973
13	244
13	427
13	514
13	723
13	1163
13	1457
13	1497
13	1510
13	1725
13	1735
13	1855
13	1881
244	393
244	834
244	986
244	1398
244	1511
244	1660
427	499
427	627
427	646
427	663
427	761
427	1716
514	780
514	1368
514	1721
514	1844
514	1987
1457	1517
1497	1751
1725	1753
1725	1878
1881	1884
14	125
14	616
14	842
14	1392
14	1436
14	1627
14	1838
14	1896
14	1946
125	142
125	448
125	551
125	613
125	636
125	981
125	1137
125	1158
125	1463
125	1734
616	698
616	862
616	1062
616	1339
616	1584
616	1601
616	1612
616	1815
616	1938
616	1993
842	1313
842	1499
842	1665
842	1718
1436	1458
1436	1511
1436	1699
1436	1747
1436	1765
1627	1656
1627	1836
1838	1917
1838	1958
1896	1946
1896	1964
782	999
782	1248
782	1354
782	1533
782	1660
782	1903
782	1913
822	892
822	964
822	970
822	1065
822	1154
822	1244
822	1310
855	1020
855	1115
855	1498
855	1547
855	1734
855	1765
855	1792
855	1848
855	1925
855	1963
1029	1108
1029	1336
1228	1432
1228	1575
1228	1804
1327	1336
1327	1482
1327	1525
1327	1564
1381	1914
1381	1920
1659	1929
45	204
45	496
45	670
45	818
45	829
45	1547
45	1864
85	112
85	319
85	359
85	730
85	887
85	1283
85	1339
85	1528
388	645
388	811
388	1247
388	1282
388	1374
509	1035
509	1127
509	1151
509	1246
509	1628
509	1959
509	1991
611	855
611	953
611	1159
611	1235
611	1327
611	1552
611	1870
780	822
780	958
780	1662
1555	1658
1555	1741
1555	1870
1555	1920
1929	1968
1976	1998
17	178
17	417
17	1000
17	1007
17	1059
17	1284
17	1544
17	1921
178	470
178	583
178	799
178	1100
178	1610
178	1766
178	1813
417	506
417	517
417	691
417	1100
417	1137
417	1218
417	1457
417	1472
417	1810
417	1858
1059	1285
1059	1461
1059	1650
1284	1434
1284	1589
1284	1824
1284	1959
1544	1547
1921	1949
18	123
18	245
18	432
18	612
18	847
18	897
18	966
18	1033
18	1046
18	1256
18	1258
18	1400
18	1455
18	1577
18	1610
18	1629
18	1908
123	200
123	385
123	421
123	528
123	874
123	1691
123	1908
245	305
245	545
245	743
245	851
245	1377
245	1766
847	950
847	1517
847	1670
847	1761
847	1820
897	959
966	1332
1033	1158
1033	1432
1046	1367
1046	1388
1046	1418
1046	1577
1046	1783
1046	1856
1046	1935
1046	1949
1256	1324
1256	1381
1256	1481
1256	1730
1256	1797
1256	1829
1256	1864
1256	1884
1256	1899
1258	1376
1258	1484
1258	1524
1400	1446
1400	1537
1400	1961
1455	1505
1577	1851
1629	1709
1629	1773
1908	1954
19	236
19	376
19	385
19	483
19	656
19	1495
19	1544
236	497
236	677
236	1027
236	1290
236	1350
236	1725
236	1946
385	1121
385	1252
385	1438
385	1917
483	603
483	685
483	689
483	950
483	1007
483	1174
483	1186
483	1229
483	1243
483	1783
483	1844
483	1858
483	1863
483	1896
656	761
656	788
656	887
656	975
656	1402
656	1616
656	1810
1495	1771
117	272
117	377
117	398
117	901
117	1436
117	1563
117	1781
117	1793
117	1903
259	336
259	1235
259	1721
259	1846
259	1873
322	448
322	583
322	838
322	1070
322	1230
322	1353
322	1595
322	1692
322	1832
322	1882
363	497
363	526
363	923
363	1035
363	1381
363	1481
363	1521
398	582
398	961
398	972
398	1124
398	1938
398	1946
398	1997
412	448
412	721
412	866
412	1624
412	1650
412	1703
412	1929
732	810
732	823
732	837
732	901
732	1100
732	1178
732	1179
732	1241
732	1397
732	1790
762	884
762	1223
762	1295
762	1423
762	1465
762	1734
762	1801
1102	1245
1102	1916
1576	1709
1576	1851
1576	1874
1576	1973
1602	1766
1620	1995
1741	1803
1741	1893
1832	1840
61	117
61	165
61	485
61	647
61	727
61	1177
61	1421
61	1763
61	1825
61	1881
219	530
219	739
219	1766
219	1893
459	620
459	855
459	884
459	1079
459	1251
459	1476
459	1959
615	790
615	793
615	821
615	830
615	980
615	1229
615	1336
615	1511
615	1518
615	1685
615	1882
872	879
872	909
872	1104
872	1680
872	1819
872	1982
872	1995
1087	1332
1087	1388
1087	1426
1087	1623
1087	1688
1087	1781
1087	1815
1087	1930
1168	1173
1168	1237
1168	1587
1168	1840
1210	1248
1210	1973
1525	1549
1525	1635
1525	1759
1525	1774
1525	1787
1566	1612
1619	1720
1619	1819
1619	1961
1619	1979
1676	1892
1676	1963
1771	1991
249	288
249	564
249	676
249	954
249	988
249	1127
249	1264
249	1530
249	1553
249	1866
358	513
358	602
358	719
358	1142
358	1330
453	512
453	737
453	1142
453	1618
453	1785
719	1290
719	1315
719	1354
719	1495
719	1903
719	1952
1069	1162
1069	1252
1069	1473
1069	1552
1069	1563
1069	1644
1069	1753
1069	1841
1069	1898
1670	1766
23	259
23	539
23	591
23	706
23	1076
23	1372
23	1392
23	1996
539	638
539	1188
539	1332
539	1468
539	1538
539	1576
539	1626
539	1750
539	1839
539	1877
539	1964
591	638
591	793
591	821
591	858
591	1347
591	1836
591	1839
706	892
706	1091
706	1252
706	1820
1076	1077
1076	1574
1076	1808
1076	1985
1372	1500
1372	1801
1372	1886
1372	1952
48	165
48	446
48	780
48	988
48	1163
265	427
265	721
265	1147
265	1258
265	1428
265	1600
324	446
324	610
324	782
324	1454
324	1524
324	1587
324	1723
324	1730
771	949
771	972
771	1058
771	1505
771	1651
771	1835
1042	1055
1042	1315
1042	1780
1042	1790
1042	1797
1091	1124
1091	1154
1091	1391
1091	1570
1091	1925
1476	1783
1476	1862
1505	1595
1505	1619
25	89
25	176
25	262
25	404
25	422
25	1009
25	1148
25	1426
25	1544
25	1626
89	603
89	686
89	692
89	755
89	883
89	1007
89	1622
89	1702
89	1938
176	288
176	1133
176	1776
262	499
262	539
262	739
262	1024
262	1035
262	1092
262	1862
262	1988
404	628
404	1252
404	1288
404	1464
404	1589
404	1898
404	1991
1009	1282
1009	1527
1009	1659
1009	1790
1148	1441
1148	1465
1148	1487
1148	1495
1148	1577
1148	1715
1148	1917
1426	1566
1426	1885
1426	1930
1426	1935
1626	1836
130	193
130	315
130	1079
130	1417
130	1613
130	1793
130	1890
130	1914
267	538
267	595
267	660
267	728
267	953
267	1797
499	564
499	1011
499	1038
499	1235
499	1314
499	1354
499	1500
499	1604
499	1676
499	1954
499	1973
1263	1321
1263	1790
1263	1806
1263	1840
1263	1897
1263	1997
1267	1397
1267	1450
1267	1584
1267	1803
1267	1817
27	35
27	226
27	577
27	709
27	818
27	1131
27	1430
27	1585
27	1600
27	1842
27	1874
27	1993
35	65
35	459
35	612
35	679
35	688
35	799
35	1036
35	1446
35	1455
35	1458
35	1522
35	1653
35	1700
577	671
577	1111
577	1126
577	1325
577	1641
577	1976
709	838
709	874
709	923
709	1362
709	1374
709	1533
709	1541
709	1606
818	968
818	990
818	1256
818	1423
818	1498
818	1538
818	1547
818	1785
1131	1388
1131	1435
1131	1555
1131	1921
1430	1664
1430	1765
1430	1929
1585	1587
1585	1588
1585	1600
1585	1743
1600	1897
1600	1898
1600	1910
1842	1976
1874	1906
1874	1949
28	69
28	86
28	126
28	769
28	847
28	1451
28	1542
28	1715
28	1836
69	244
69	467
69	482
69	720
69	737
69	754
69	830
69	1087
69	1224
69	1323
69	1946
86	115
86	241
86	326
86	761
86	817
86	906
86	949
86	1595
86	1720
86	1763
126	326
126	371
126	646
126	757
126	1120
126	1553
769	1564
1451	1562
1451	1669
1451	1741
1836	1886
29	275
29	483
29	653
29	721
29	884
29	1312
29	1429
29	1430
29	1794
275	384
275	1479
275	1627
275	1893
653	943
653	1325
721	734
721	845
721	981
721	1206
721	1288
721	1449
721	1471
721	1546
721	1702
721	1735
721	1760
1312	1428
1312	1509
1312	1512
1312	1516
1312	1588
1312	1688
1312	1872
1429	1522
1429	1579
1429	1735
1429	1751
1794	1885
567	915
567	1000
567	1112
1319	1371
1319	1670
1319	1758
1319	1982
1537	1538
1537	1750
1537	1782
335	488
335	949
335	1076
335	1210
335	1283
335	1285
335	1396
335	1592
473	877
473	1041
473	1354
473	1887
473	1916
878	1018
878	1315
878	1498
878	1747
878	1899
1503	1691
1503	1948
1521	1579
1521	1653
1615	1641
1615	1904
1651	1756
1651	1765
1651	1771
1651	1957
1846	1957
1846	1961
456	536
456	709
456	829
456	962
456	973
456	1518
456	1807
456	1982
456	1994
574	734
574	785
574	1064
574	1441
574	1660
574	1901
580	692
580	855
580	1197
580	1366
789	847
789	1155
789	1237
789	1790
74	77
74	130
74	137
74	453
74	456
74	457
74	697
74	1114
74	1532
74	1561
74	1702
381	612
381	713
381	1372
381	1373
381	1534
381	1552
381	1705
381	1886
923	1106
923	1788
1038	1246
1038	1500
1129	1176
1129	1700
1129	1883
1373	1473
1373	1691
1373	1811
1373	1954
1552	1843
1552	1949
192	200
192	436
192	526
192	686
192	1188
192	1432
192	1533
192	1620
400	461
400	547
400	866
400	945
400	970
400	994
400	1177
400	1251
484	521
484	754
484	897
484	1479
484	1720
484	1997
537	652
537	795
537	895
537	1510
537	1697
537	1699
537	1784
1688	1870
679	1188
679	1534
679	1608
679	1629
679	1658
679	1725
679	1897
679	1991
688	721
688	783
688	1154
688	1282
688	1430
688	1450
688	1646
688	1699
688	1926
799	869
799	993
799	1077
799	1542
799	1689
799	1883
1036	1133
1036	1152
1036	1440
1036	1464
1036	1782
1446	1553
1446	1650
1446	1665
1446	1841
1446	1882
1458	1872
1522	1629
1522	1665
1700	1949
75	645
75	677
75	967
75	1052
75	1114
75	1211
75	1316
75	1472
75	1600
75	1773
75	1959
75	1976
1675	1756
1675	1806
1675	1822
496	803
496	821
496	903
496	935
496	1336
496	1400
496	1470
496	1650
496	1685
496	1834
548	656
548	842
548	965
548	1023
548	1256
548	1392
608	967
608	1339
608	1403
608	1482
608	1533
608	1959
608	1961
827	940
827	1148
827	1173
827	1451
827	1855
827	1929
868	986
868	1164
868	1497
868	1626
1528	1605
1528	1630
246	334
246	498
246	1009
246	1190
246	1247
246	1495
849	887
849	1943
1229	1245
1229	1367
1229	1379
1229	1525
1229	1561
1229	1817
1404	1469
1404	1506
1404	1913
242	274
242	334
242	869
242	1079
242	1295
242	1309
242	1428
242	1733
349	537
349	930
349	1055
349	1306
349	1994
867	1089
867	1351
867	1360
867	1476
867	1562
867	1615
867	1793
867	1843
867	1985
1553	1733
1553	1753
1553	1872
277	284
277	300
277	345
277	422
277	471
277	886
277	1027
277	1347
277	1392
277	1465
277	1471
277	1855
600	616
600	1298
600	1325
600	1878
677	969
677	1007
677	1207
677	1455
677	1906
1064	1068
1064	1262
1064	1422
1064	1451
1064	1527
1064	1917
1221	1680
1221	1782
1221	1806
1221	1827
1221	1947
1486	1546
1486	1782
1486	1819
1486	1839
1824	1848
1824	1916
1824	1947
1377	1547
1377	1570
1377	1614
1191	1298
1191	1792
1275	1377
1275	1600
1275	1842
1516	1541
1516	1849
1516	1995
43	186
43	274
43	1069
43	1202
43	1433
43	1618
186	278
186	513
186	863
186	1310
186	1350
186	1501
186	1527
186	1750
186	1821
1202	1234
1202	1549
1202	1561
1202	1563
1202	1692
1202	1695
1202	1842
1433	1750
1433	1862
1618	1851
1618	1947
44	131
44	513
44	567
44	691
44	738
44	1174
44	1385
44	1561
131	263
131	363
131	712
131	961
131	1179
131	1580
131	1627
131	1723
131	1883
513	760
513	1108
513	1228
513	1634
513	1676
691	1142
691	1376
691	1656
738	778
738	981
738	1130
738	1224
738	1455
738	1897
738	1952
1174	1454
1174	1549
1174	1700
1385	1473
1385	1605
204	209
204	528
204	670
204	861
204	1613
204	1807
204	1976
670	732
670	775
670	1203
670	1524
670	1566
829	1597
829	1753
829	1906
1864	1914
399	768
399	943
399	993
399	1026
399	1604
399	1623
399	1676
492	592
492	851
492	1163
492	1350
492	1470
492	1598
492	1942
492	1982
767	853
767	1012
767	1241
767	1470
788	802
788	815
788	1197
788	1674
788	1783
788	1835
788	1873
924	1003
924	1068
924	1174
924	1267
924	1462
924	1797
924	1808
1010	1644
1026	1065
1026	1379
1026	1458
1026	1525
1368	1435
1368	1575
1368	1664
1368	1668
1368	1756
1368	1846
1368	1943
47	453
47	660
47	908
47	912
47	980
660	698
660	944
660	1208
660	1421
660	1602
908	959
908	1047
908	1168
908	1464
908	1874
980	1062
980	1102
980	1324
980	1374
980	1521
980	1639
980	1652
165	186
165	273
165	334
165	537
165	640
165	886
165	985
165	1411
165	1619
165	1720
165	1822
165	1993
165	1997
446	698
446	949
446	962
446	1653
446	1675
988	1060
988	1066
988	1284
988	1396
988	1417
988	1823
208	1396
208	1480
208	1542
278	301
278	382
278	434
278	614
278	685
278	1059
278	1268
278	1623
278	1705
278	1816
278	1825
357	363
357	432
357	467
357	679
357	811
357	1106
357	1385
357	1409
357	1629
357	1689
357	1926
357	1948
438	648
438	732
438	761
438	769
438	868
438	1026
438	1067
438	1108
438	1150
438	1314
438	1336
438	1454
438	1759
438	1929
438	1998
632	641
632	671
632	733
632	757
632	1046
632	1079
632	1241
632	1366
632	1433
632	1527
632	1618
632	1913
632	1981
640	779
640	803
640	1642
724	795
724	814
724	1403
724	1562
724	1617
724	1806
830	895
830	944
830	986
830	1579
830	1851
830	1937
935	1545
935	1576
935	1637
935	1899
961	985
961	1009
961	1186
961	1379
961	1444
1155	1173
1155	1316
1155	1555
1155	1705
1155	1782
1155	1839
1243	1487
1243	1547
1243	1553
1243	1722
1421	1529
1421	1634
1541	1625
1541	1969
1807	1832
1807	1859
1807	1877
1807	1943
50	257
50	301
50	362
50	483
50	754
50	827
50	858
50	1020
50	1396
50	1612
50	1756
257	817
257	1125
257	1235
257	1367
257	1723
257	1892
301	361
301	557
301	931
301	1136
301	1150
301	1154
301	1503
301	1572
301	1627
301	1658
301	1834
301	1976
362	530
362	573
362	815
362	855
362	1137
362	1574
362	1702
754	930
754	1221
754	1258
754	1268
754	1463
754	1509
754	1636
754	1771
754	1893
858	871
858	952
858	1836
858	1870
1020	1033
1020	1353
1020	1386
1020	1930
1612	1625
1612	1897
1612	1981
51	149
51	245
51	407
51	560
51	635
51	783
51	1065
51	1600
51	1688
149	171
149	417
149	480
149	685
149	855
149	1070
149	1480
149	1735
149	1763
149	1765
149	1810
149	1996
407	706
407	1341
407	1651
407	1725
407	1810
407	1893
560	863
560	1108
560	1161
560	1315
560	1455
560	1761
560	1823
560	1938
635	724
635	725
635	993
635	1046
635	1101
635	1470
635	1728
783	1091
783	1376
783	1386
783	1541
783	1601
783	1628
783	1630
783	1968
1065	1077
1065	1148
1065	1223
1065	1393
1065	1414
1065	1469
1065	1528
1065	1700
1065	1778
1065	1822
1065	1954
52	151
52	186
52	357
52	381
52	400
52	512
52	916
52	1224
52	1306
52	1509
52	1564
52	1618
151	303
151	378
151	1033
151	1121
151	1168
151	1206
151	1325
151	1495
151	1524
512	586
512	660
512	663
512	898
512	1341
512	1574
512	1579
512	1733
512	1743
916	964
916	1027
916	1097
916	1518
916	1574
916	1794
1224	1495
1224	1547
1224	1819
1224	1903
1224	1917
1306	1517
1306	1716
1306	1776
1509	1510
1509	1642
1509	1651
1509	1821
1509	1864
1509	1946
1509	1987
1564	1592
1564	1660
1564	1758
1564	1766
1564	1883
195	514
195	570
195	644
195	940
195	1093
195	1218
195	1537
255	396
255	679
255	779
255	879
255	965
255	1114
255	1115
255	1233
255	1397
255	1481
255	1788
255	1850
256	377
256	434
256	497
256	810
256	847
256	886
256	1224
256	1610
256	1728
544	604
544	656
544	755
544	1085
544	1092
544	1104
544	1620
544	1733
921	927
921	1067
921	1106
921	1663
921	1720
921	1841
993	1743
993	1942
1286	1327
1286	1461
1286	1759
1286	1784
1470	1665
1587	1820
1587	1995
1877	1878
122	151
122	260
122	432
122	1351
122	1883
122	1914
122	1937
390	577
390	594
390	595
390	673
390	686
390	830
390	858
390	962
390	1275
390	1295
390	1372
390	1414
390	1780
457	890
457	953
457	1188
457	1314
457	1422
457	1737
457	1781
457	1891
585	688
585	1282
585	1374
585	1501
585	1864
585	1904
1195	1688
1195	1725
1195	1776
1195	1926
1195	1979
1423	1969
1441	1570
1441	1820
1441	1921
1718	1792
1718	1935
55	201
55	435
55	515
55	901
55	965
55	1251
55	1622
201	663
201	1097
201	1108
201	1129
201	1164
201	1191
201	1372
201	1639
201	1760
201	1838
435	557
435	844
435	1128
435	1231
435	1247
435	1341
435	1488
435	1518
435	1583
435	1804
515	815
515	915
515	1222
515	1320
515	1577
901	1612
901	1780
965	1114
965	1166
965	1290
965	1321
965	1362
965	1554
965	1561
1251	1335
1251	1351
1251	1396
1251	1735
1251	1856
1251	1892
1251	1987
1251	1993
1622	1637
1622	1952
56	292
56	315
56	903
56	1421
56	1608
56	1637
292	438
292	468
292	736
292	798
292	1052
292	1324
292	1572
292	1770
315	320
315	417
315	422
315	1130
315	1295
315	1471
315	1893
903	980
903	1010
903	1065
903	1067
903	1668
1608	1819
1637	1810
1637	1811
1637	1839
361	404
361	759
361	802
361	1139
361	1224
361	1607
361	1815
420	671
420	712
420	809
420	863
420	972
420	1038
420	1321
420	1579
420	1612
420	1785
686	797
686	898
686	1669
690	830
690	872
690	984
690	988
690	1275
690	1347
690	1580
690	1626
690	1774
690	1996
779	874
779	961
779	1241
779	1570
1024	1036
1024	1074
1024	1101
1024	1434
1024	1587
1024	1700
1024	1735
1024	1848
1024	1925
1041	1262
1041	1277
1041	1391
1041	1462
1041	1715
1041	1943
1092	1123
1092	1264
1092	1624
1092	1728
1092	1890
1176	1210
1176	1313
1176	1554
1176	1675
1176	1866
1176	1987
1614	1864
1614	1913
1614	1982
58	611
58	805
58	830
58	981
58	1059
58	1246
58	1274
58	1286
58	1760
805	967
805	1087
805	1316
805	1441
805	1537
805	1562
805	1818
805	1996
981	1607
981	1968
1246	1723
1246	1758
1246	1785
1246	1818
1246	1825
1274	1354
1274	1510
1274	1656
1274	1898
1760	1957
589	888
589	993
589	1323
589	1886
602	613
602	1055
602	1139
602	1516
602	1518
602	1574
602	1700
602	1766
602	1888
959	1059
959	1607
959	1753
959	1780
1062	1176
1062	1962
1111	1476
1111	1834
1111	1958
1133	1144
1133	1212
1133	1316
1133	1669
1133	1825
1133	1862
1461	1636
1461	1689
1461	1763
1461	1910
1790	1835
314	872
314	943
314	981
314	1026
314	1055
984	1438
984	1906
1506	1825
1658	1735
1658	1765
1658	1819
485	945
485	1087
485	1104
485	1137
485	1339
485	1465
485	1758
485	1816
485	1917
647	730
647	769
647	1030
647	1231
647	1243
647	1865
647	1954
647	1997
727	756
727	822
727	1155
727	1162
727	1179
727	1295
727	1441
727	1766
727	1888
1177	1920
1825	1898
1825	1996
1825	1998
345	496
345	531
345	714
345	961
345	1500
345	1668
472	481
472	530
472	754
472	799
472	803
472	915
472	1012
472	1041
472	1125
472	1156
472	1223
472	1308
472	1455
472	1602
472	1943
1067	1415
1067	1577
1067	1937
1067	1997
440	1398
440	1601
440	1616
440	1824
1362	1622
1362	1685
1362	1787
1362	1921
1806	1959
1806	1976
1816	1851
1816	1997
1862	1985
64	260
64	438
64	935
64	1472
260	643
260	811
260	851
260	1644
260	1808
260	1993
1472	1487
1472	1898
415	799
415	875
415	928
415	1166
415	1367
415	1580
415	1644
415	1688
415	1979
1055	1134
1055	1314
1055	1404
1055	1537
1056	1093
1056	1216
1056	1627
1056	1665
1153	1161
1153	1310
1153	1348
1153	1674
1153	1715
1827	1938
66	80
66	376
66	839
66	872
66	1178
66	1277
66	1510
66	1617
66	1985
80	127
80	916
80	1104
80	1351
80	1533
80	1797
80	1855
80	1881
839	961
839	1282
839	1612
839	1952
839	1963
839	1988
1178	1630
1178	1662
1178	1747
1178	1916
1277	1362
1277	1393
1277	1440
1277	1788
1617	1641
168	241
168	252
168	906
168	954
168	972
168	1056
168	1104
168	1206
168	1377
168	1451
168	1964
225	615
225	625
225	647
225	667
225	677
225	909
225	952
225	1521
225	1572
592	612
592	757
592	1263
592	1618
592	1899
1233	1241
1233	1391
1233	1699
1233	1870
1233	1942
263	466
263	513
263	791
263	841
263	916
263	1629
263	1753
263	1806
820	830
820	962
820	1023
820	1542
820	1662
820	1699
820	1921
994	1100
994	1155
994	1417
994	1700
994	1825
994	1844
994	1883
1127	1332
1127	1510
1241	1790
1241	1872
467	1961
482	569
482	625
482	1326
482	1403
482	1458
482	1699
720	1327
720	1484
720	1497
720	1537
720	1646
720	1778
720	1855
737	1255
1323	1409
1323	1417
1323	1552
1323	1737
1323	1942
189	416
189	1023
189	1312
189	1368
189	1722
553	570
553	613
553	1131
553	1230
562	799
562	878
562	895
562	1104
562	1405
562	1451
562	1516
562	1566
562	1903
562	1943
562	1948
886	1076
886	1241
886	1323
886	1608
886	1819
886	1827
886	1991
890	898
890	1237
890	1450
1419	1444
1419	1458
1419	1516
1419	1929
1634	1920
1695	1947
1784	1884
1784	1917
264	815
264	1092
264	1178
264	1262
264	1501
264	1770
531	867
531	927
531	1065
531	1840
784	863
784	910
784	1231
784	1381
784	1428
784	1530
784	1545
784	1836
969	1006
969	1175
969	1268
969	1307
969	1498
969	1858
72	80
72	292
72	415
72	513
72	813
72	931
72	1577
72	1840
72	1844
72	1904
72	1973
813	863
813	1162
813	1226
813	1263
813	1545
813	1600
813	1792
931	1072
931	1077
931	1104
931	1820
931	1866
931	1961
239	332
239	344
239	818
239	1176
239	1179
239	1241
239	1263
239	1438
609	759
609	857
609	966
609	1035
609	1076
609	1315
609	1913
874	924
874	930
874	1177
874	1321
875	925
875	1156
875	1402
875	1404
875	1792
875	1821
875	1848
875	1906
891	1115
891	1256
891	1430
891	1454
891	1464
891	1480
891	1669
891	1790
891	1961
1154	1158
1154	1371
1154	1761
1154	1846
1166	1441
1166	1725
1166	1937
1166	1961
1166	1988
77	135
77	586
77	940
77	975
77	1572
77	1803
137	298
137	537
137	573
137	803
137	974
137	1742
137	1985
1114	1246
1114	1373
1114	1409
1114	1544
1114	1583
1114	1653
1114	1969
645	895
645	928
645	1111
645	1319
645	1758
967	1153
967	1218
967	1529
967	1688
967	1807
1052	1247
1052	1592
1211	1231
1211	1409
1211	1511
1211	1575
1211	1652
1211	1823
1211	1855
1211	1942
1316	1330
1316	1348
1773	1878
1773	1926
76	193
76	378
76	879
76	1164
76	1610
76	1662
76	1819
193	253
193	388
193	668
193	689
193	775
193	1354
193	1533
193	1577
193	1741
879	883
879	954
879	990
879	1432
135	302
135	303
135	325
135	399
135	552
135	858
135	879
135	932
135	1200
135	1229
135	1439
135	1665
586	1614
586	1639
586	1702
586	1730
586	1874
940	1134
940	1203
940	1317
940	1776
975	1326
975	1546
975	1722
975	1725
975	1938
1803	1929
276	500
276	547
276	925
276	1026
276	1354
276	1436
276	1689
276	1844
276	1954
382	411
382	588
382	727
382	1020
382	1417
382	1722
382	1758
382	1788
382	1898
450	700
450	1263
450	1454
450	1676
495	723
495	783
495	1629
755	867
755	954
755	1159
755	1386
755	1807
1124	1530
1124	1583
1124	1588
1124	1623
1124	1658
1124	1820
1388	1470
127	249
127	382
127	557
127	614
127	1221
127	1495
127	1615
127	1785
127	1973
1104	1639
1104	1824
1104	1995
1351	1517
1351	1784
1351	1817
1351	1899
1533	1887
1797	1820
1797	1825
111	363
111	1232
111	1497
111	1637
111	1663
353	468
353	647
353	776
353	967
353	970
353	1421
353	1517
353	1741
353	1988
569	714
569	1130
569	1386
569	1539
569	1943
569	1948
628	751
628	875
628	1368
628	1741
628	1756
628	1790
641	645
641	813
641	1033
641	1503
641	1680
641	1896
918	965
918	1041
918	1225
918	1305
918	1549
918	1842
918	1921
1158	1286
1249	1323
1249	1415
1249	1501
1249	1592
1249	1778
108	791
108	821
108	845
108	1450
108	1564
108	1668
108	1873
196	209
196	237
196	775
196	877
196	988
196	1144
196	1231
196	1320
196	1446
196	1457
196	1741
196	1958
538	745
538	761
703	790
703	842
703	916
703	1067
703	1505
703	1883
703	1987
882	980
882	1058
882	1500
882	1622
83	314
83	1023
83	1085
83	1516
83	1858
83	1910
1023	1064
1023	1144
1023	1216
1023	1264
1023	1338
1023	1522
1023	1715
1858	1963
552	851
552	910
552	1077
552	1114
552	1238
552	1818
746	918
746	964
746	1046
746	1203
746	1351
746	1426
746	1839
319	341
319	890
319	1231
319	1241
319	1888
730	1076
730	1386
730	1484
730	1580
730	1622
730	1783
730	1823
887	975
887	1009
887	1256
887	1914
1283	1995
1339	1702
1339	1797
1339	1850
1339	1896
1339	1903
115	264
115	512
115	1310
115	1324
115	1350
241	279
241	706
241	761
241	788
241	925
241	1354
241	1511
241	1925
326	776
326	1092
326	1138
326	1554
326	1589
326	1674
761	925
761	1064
761	1451
761	1964
761	1991
817	1330
817	1873
906	1010
906	1138
906	1246
906	1275
906	1541
949	1211
949	1285
1595	1676
1595	1878
1595	1914
1720	1743
547	573
547	589
547	653
547	780
547	820
547	986
547	1598
547	1618
547	1759
547	1803
547	1885
547	1979
1222	1305
1222	1368
1222	1404
1222	1699
1222	1816
1222	1994
1347	1600
1347	1728
1347	1937
1415	1486
1635	1901
1635	1954
88	195
88	590
88	1093
88	1298
88	1482
88	1511
590	968
590	1367
590	1813
590	1825
590	1903
590	1904
590	1937
1093	1111
1093	1232
1093	1348
1093	1450
1093	1451
1093	1455
1093	1574
1093	1692
1093	1743
1093	1935
1298	1404
1298	1488
1298	1825
1482	1688
1482	1943
1511	1665
1511	1695
1511	1730
1511	1782
603	777
603	841
603	994
603	1126
603	1142
603	1501
603	1575
603	1659
603	1897
603	1926
603	1957
692	1150
692	1439
692	1476
692	1580
692	1660
692	1670
692	1739
692	1761
692	1827
692	1973
883	912
883	945
883	974
883	1232
883	1438
883	1454
883	1528
883	1787
90	165
90	432
90	745
90	768
90	973
90	1268
90	1600
90	1618
90	1743
90	1890
90	1954
745	1064
745	1168
745	1330
745	1411
745	1637
745	1906
745	1962
768	791
768	798
768	802
768	858
768	1108
768	1426
768	1597
768	1858
973	1244
973	1246
973	1247
973	1381
973	1885
973	1979
1268	1676
1268	1929
1268	1976
1743	1832
1743	1982
91	218
91	380
91	928
91	1430
91	1881
218	284
218	297
218	449
218	450
218	754
218	1177
218	1240
218	1336
218	1354
218	1451
218	1642
218	1835
218	1844
218	1981
380	603
380	1000
380	1221
380	1585
380	1600
928	1168
928	1207
928	1476
928	1901
92	203
92	312
92	647
92	679
92	965
92	1024
92	1042
92	1606
92	1794
92	1825
203	528
203	1026
203	1179
203	1208
203	1210
203	1313
203	1381
203	1774
203	1921
203	1995
312	363
312	585
312	600
312	627
312	780
312	840
312	900
312	1246
312	1305
312	1629
312	1639
182	398
182	435
182	669
182	968
182	1115
182	1256
182	1381
182	1528
182	1534
182	1669
182	1844
182	1864
233	276
233	437
233	743
233	1908
491	583
491	900
491	962
491	1739
491	1788
620	1104
620	1286
620	1385
620	1398
620	1709
620	1782
669	1258
669	1308
1047	1197
1047	1335
1047	1415
1047	1721
1047	1988
1125	1275
1125	1284
1125	1947
1125	1948
1335	1468
1335	1759
1335	1822
217	1100
217	1298
217	1465
217	1584
217	1904
466	795
466	849
466	1024
466	1062
466	1274
466	1495
466	1635
466	1718
466	1793
466	1962
1252	1639
1252	1658
1252	1691
1252	1840
1252	1921
1341	1529
1341	1715
1341	1958
1376	1381
1376	1402
1376	1428
1376	1642
1376	1675
1376	1788
667	994
667	1059
667	1892
1077	1151
1077	1289
1077	1626
1077	1680
1077	1751
1077	1855
1157	1221
1157	1371
1157	1674
1689	1703
1689	1742
1808	1836
96	240
96	627
96	632
96	686
96	778
96	779
96	1036
96	1063
96	1123
96	1150
96	1179
96	1244
96	1397
96	1505
96	1904
240	353
240	449
240	638
240	1229
240	1339
240	1539
240	1618
240	1793
240	1896
627	910
627	1033
627	1230
627	1574
627	1652
778	957
778	1011
778	1268
778	1421
778	1735
1063	1597
1063	1613
1063	1862
1063	1904
1123	1229
1123	1685
1123	1960
1123	1979
1150	1238
1150	1532
1150	1563
1150	1639
1150	1778
1150	1973
1179	1371
1179	1652
1179	1780
1179	1807
1179	1994
1397	1709
1397	1824
1397	1926
97	222
97	552
97	604
97	1226
97	1675
222	491
222	509
222	573
222	575
222	690
222	842
222	1062
222	1534
604	640
604	1130
604	1563
604	1718
604	1781
604	1976
1226	1314
1226	1388
101	153
101	822
101	903
101	1461
101	1470
101	1503
101	1625
101	1626
101	1639
101	1893
290	522
290	790
290	917
290	956
290	1142
290	1188
290	1251
290	1353
290	1479
290	1486
290	1584
290	1702
290	1785
290	1858
290	1969
564	737
564	1123
564	1127
564	1248
564	1436
564	1783
564	1824
801	901
801	1251
801	1613
801	1615
801	1913
801	1979
930	1012
930	1142
930	1613
930	1619
930	1865
1066	1208
1066	1505
1450	1554
1450	1899
1766	1787
1783	1916
1820	1832
1820	1970
99	104
99	256
99	318
99	398
99	480
99	737
99	1033
99	1162
99	1316
99	1446
99	1597
99	1622
99	1700
99	1760
99	1822
99	1855
99	1994
104	240
104	354
104	614
104	1338
104	1381
104	1423
104	1564
104	1759
104	1801
104	1804
318	384
318	590
318	681
318	908
318	966
318	1020
318	1307
318	1414
480	592
480	663
480	1020
480	1866
480	1952
1162	1636
1162	1751
1162	1822
1162	1884
1162	1978
1597	1624
1597	1751
1597	1841
1822	1882
100	236
100	358
100	727
100	777
100	834
100	1127
100	1155
100	1238
100	1488
100	1546
777	981
777	1212
777	1574
777	1804
777	1937
834	1072
834	1658
1488	1552
1488	1954
1488	1976
153	286
153	362
153	395
153	826
153	962
153	1179
153	1884
153	1890
1639	1976
1639	1985
102	264
102	458
102	521
102	1070
102	1224
102	1264
102	1468
102	1473
102	1484
102	1877
102	1930
102	1962
458	589
458	767
458	1129
458	1396
458	1866
521	545
521	564
521	1186
521	1435
521	1472
521	1487
521	1580
521	1862
1070	1226
1070	1252
1070	1321
1070	1624
1070	1635
1070	1782
1070	1930
1264	1943
1264	1995
1468	1555
1468	1743
1468	1860
1468	1920
1473	1641
1473	1773
103	115
103	877
103	1029
103	1203
103	1247
103	1385
103	1516
103	1545
103	1659
103	1705
103	1715
877	1101
877	1811
1203	1416
1203	1718
1203	1995
1247	1429
1247	1563
1247	1637
1247	1873
1705	1753
1705	1770
354	648
354	673
354	1400
354	1620
354	1863
614	700
614	869
614	1060
614	1125
614	1168
614	1256
614	1664
1338	1577
1804	1976
105	301
105	378
105	492
105	613
105	1076
105	1284
105	1651
105	1864
613	849
613	945
613	1068
613	1177
613	1360
613	1458
613	1608
582	592
582	646
582	653
582	720
582	841
582	962
582	1987
700	721
700	789
700	822
700	901
700	930
700	1024
700	1036
700	1218
700	1908
634	811
634	919
634	1211
634	1503
634	1622
634	1784
821	921
821	1151
821	1203
821	1530
821	1656
821	1716
821	1728
845	1179
845	1405
845	1849
1668	1685
286	382
286	560
286	944
286	994
286	1230
286	1283
286	1367
286	1778
286	1891
978	1026
978	1354
978	1653
1788	1865
110	133
110	261
110	1330
110	1388
110	1435
110	1517
261	337
261	961
261	969
261	984
261	1963
261	1969
1330	1397
1330	1709
1330	1735
1517	1862
1517	1987
673	676
673	762
673	1471
673	1503
673	1530
673	1570
673	1864
1130	1158
1130	1163
1130	1306
1130	1309
1130	1385
1130	1471
1130	1702
1130	1739
1130	1781
1130	1788
1255	1541
1255	1850
1255	1874
1589	1592
1589	1996
1589	1997
1810	1838
306	478
306	820
306	1064
306	1120
306	1123
306	1794
306	1840
306	1897
306	1904
306	1930
334	491
334	1240
334	1306
334	1414
809	924
809	1326
809	1403
809	1497
809	1885
1018	1069
1018	1309
1018	1310
1018	1440
1018	1811
1018	1850
1860	1914
114	608
114	723
114	1003
114	1244
1003	1068
1003	1503
1003	1751
1003	1766
1003	1820
1003	1821
1310	1438
1310	1838
145	153
145	440
145	506
145	570
145	638
145	660
145	965
145	1009
145	1259
145	1281
145	1469
145	1604
166	906
166	1102
166	1327
166	1607
166	1929
331	642
331	801
331	985
331	1174
331	1235
331	1306
331	1882
557	567
557	743
557	1142
557	1147
557	1417
557	1566
557	1884
557	1961
1403	1468
1403	1610
1403	1771
1403	1817
272	562
272	595
272	646
272	789
272	845
272	1108
272	1191
272	1298
272	1562
272	1604
272	1827
272	1858
377	422
377	544
377	580
377	849
377	1063
377	1255
377	1350
377	1374
377	1391
377	1562
377	1616
1781	1976
1781	1979
144	147
144	448
144	480
144	514
144	643
144	780
144	1089
144	1240
144	1353
144	1385
144	1968
497	599
497	616
497	745
497	767
497	1101
497	1106
497	1385
497	1454
497	1811
1726	1787
1726	1794
1726	1973
1758	1794
1758	1948
119	259
119	333
119	433
119	1069
119	1403
119	1836
119	1904
333	496
333	1156
333	1307
333	1422
333	1534
433	663
433	720
433	949
433	1656
433	1803
433	1824
121	149
121	219
121	385
121	724
121	961
121	1060
121	1247
121	1418
121	1464
121	1501
121	1652
1418	1546
1418	1617
1418	1691
1418	1885
1418	1893
1418	1998
1464	1604
1464	1720
1501	1533
1501	1685
1501	1815
1501	1897
1652	1676
1883	1891
200	335
200	394
200	815
200	886
200	919
200	1059
200	1093
200	1906
200	1938
200	1947
421	713
421	818
421	957
421	1023
421	1138
421	1368
421	1486
1691	1697
1691	1783
1691	1877
1691	1901
325	485
325	526
325	697
325	943
325	1123
325	1797
325	1885
505	536
505	645
505	829
505	930
505	978
505	1060
812	932
812	1058
812	1223
812	1232
812	1562
812	1585
812	1617
812	1987
962	1085
962	1336
962	1451
962	1843
962	1987
1616	1734
1770	1860
142	308
142	935
142	1097
142	1158
142	1388
448	466
448	498
448	784
448	785
448	847
448	1114
448	1264
448	1948
448	1995
551	1089
551	1252
551	1330
551	1635
551	1792
636	867
636	1046
636	1379
636	1865
1137	1321
1137	1574
1137	1747
1137	1820
1463	1636
1463	1784
1463	1821
1734	1841
1734	1917
371	746
371	847
371	1206
371	1354
371	1367
371	1418
371	1822
646	670
646	798
646	1313
646	1392
646	1479
646	1660
646	1803
757	1217
757	1641
757	1644
757	1849
757	1897
1120	1439
1120	1506
1120	1921
1120	1942
181	195
181	335
181	676
181	940
181	1092
181	1161
181	1313
181	1374
181	1422
181	1539
181	1579
181	1637
181	1660
181	1793
323	681
323	762
323	803
323	1047
323	1111
323	1200
323	1244
323	1722
332	1451
332	1555
332	1597
332	1774
573	781
573	969
573	1398
573	1411
573	1430
1674	1884
823	966
823	984
823	1277
823	1612
823	1832
823	1859
1584	1725
1584	1956
1079	1241
1079	1248
1079	1305
1079	1728
1079	1790
1417	1500
1417	1759
1417	1896
1417	1910
712	874
712	1151
712	1191
712	1222
712	1275
712	1987
1580	1651
1580	1691
1580	1888
1723	1843
1723	1881
1723	1891
1723	1948
1723	1981
132	506
132	757
132	945
132	1052
132	1163
132	1350
132	1479
132	1721
132	1763
132	1885
945	1102
945	1224
945	1277
945	1766
945	1864
1479	1613
1479	1628
1479	1705
1479	1715
1721	1820
1721	1929
1885	1916
134	286
134	759
134	839
134	883
134	890
134	1163
134	1191
134	1234
134	1675
759	882
1234	1391
1234	1691
1234	1901
302	459
302	789
302	831
302	842
302	1226
302	1728
302	1797
302	1806
302	1958
932	1155
932	1229
932	1784
1200	1203
1200	1256
1200	1339
1200	1705
1200	1790
1439	1589
1439	1601
1439	1874
1665	1856
1665	1969
1101	1354
1101	1709
1101	1949
974	1104
974	1503
1742	1827
1742	1887
138	476
138	645
138	673
138	852
138	1047
138	1070
138	1481
138	1525
138	1753
138	1785
476	515
476	645
476	648
476	719
476	801
476	999
476	1125
476	1396
476	1465
852	935
852	1398
852	1426
852	1610
852	1635
852	1885
171	749
171	827
171	875
171	999
171	1179
171	1210
171	1562
171	1723
171	1741
644	840
644	886
644	1000
644	1231
644	1244
644	1877
644	1906
815	903
815	1023
815	1092
815	1315
815	1561
815	1612
815	1723
815	1725
815	1780
815	1834
760	774
760	778
760	855
760	1354
760	1533
760	1544
760	1574
760	1600
760	1891
774	858
774	974
774	1144
774	1230
774	1341
774	1613
774	1841
308	388
308	499
308	812
308	969
308	1324
308	1458
308	1670
308	1680
1097	1607
1097	1770
1097	1776
1097	1780
1309	1366
1309	1801
1309	1855
1650	1910
1716	1742
1851	1935
643	958
643	1274
643	1619
643	1629
643	1733
643	1813
643	1891
643	1985
1089	1264
1089	1397
1089	1628
1089	1664
1089	1813
1240	1251
1240	1600
1240	1652
1240	1760
570	727
570	746
570	1277
570	1561
570	1570
570	1921
638	689
638	760
638	761
638	981
638	1163
638	1549
638	1602
638	1921
638	1954
638	1964
1259	1314
1259	1403
1259	1480
1259	1521
1259	1760
1259	1856
1259	1981
1259	1988
1281	1498
1281	1770
1604	1849
1604	1850
1604	1969
337	390
337	821
337	1038
337	1324
337	1335
337	1576
337	1613
337	1636
337	1838
337	1959
337	1996
1050	1100
1050	1211
389	422
389	573
389	642
389	706
389	727
389	1221
389	1230
389	1353
389	1835
663	736
663	1027
663	1047
663	1307
663	1353
663	1602
663	1886
663	1994
895	1374
950	990
950	1289
950	1572
950	1855
950	1864
950	1926
797	1664
797	1699
797	1730
797	1774
1126	1134
1126	1166
1126	1315
1126	1385
1126	1660
1126	1807
1126	1957
1549	1836
1549	1838
341	539
341	860
341	886
341	966
341	1065
341	1245
341	1486
341	1815
341	1938
1730	1887
1730	1903
1730	1954
1121	1555
1121	1892
1206	1398
1206	1703
1206	1761
1206	1836
1206	1968
1325	1938
546	1217
546	1366
546	1397
546	1498
546	1503
546	1860
546	1878
892	1509
917	1038
917	1121
917	1554
1186	1268
1186	1396
1186	1471
1186	1598
1186	1730
1186	1921
395	400
395	415
395	679
395	705
395	878
395	1089
395	1093
395	1481
395	1554
395	1662
826	1289
826	1347
826	1735
857	1050
857	1124
857	1400
857	1600
857	1613
857	1616
857	1626
857	1839
1216	1428
1216	1476
1216	1872
1216	1878
1285	1377
1285	1411
1285	1458
1285	1620
1285	1773
1285	1913
156	264
156	309
156	472
156	627
156	681
156	1392
156	1554
156	1664
156	1783
156	1790
156	1862
156	1998
309	481
309	783
309	857
309	1147
309	1238
309	1562
309	1987
681	1223
681	1503
681	1613
681	1859
681	1957
1664	1709
1664	1774
1664	1943
161	588
161	1065
161	1130
161	1256
161	1381
161	1472
161	1553
161	1622
161	1630
161	1761
488	603
488	1462
488	1734
488	1885
498	505
498	552
498	697
498	837
498	1391
498	1614
498	1873
498	1898
1237	1511
1237	1538
1360	1476
1360	1715
1360	1878
698	818
698	1046
698	1286
698	1362
698	1700
698	1770
698	1881
310	437
310	470
310	580
310	645
310	676
310	909
310	1091
310	1203
310	1841
346	480
346	586
346	636
346	1368
346	1554
346	1616
346	1675
346	1866
346	1978
1414	1440
1414	1527
1414	1813
1579	1610
1579	1842
1579	1938
1703	1815
1703	1935
163	440
163	900
163	910
163	1313
163	1374
163	1743
163	1921
163	1935
340	485
340	635
340	719
340	811
340	901
340	1000
340	1121
340	1570
340	1614
340	1676
340	1827
340	1893
522	548
522	734
522	1060
522	1354
522	1411
522	1577
522	1964
588	985
588	1050
588	1409
588	1428
588	1770
588	1785
1761	1834
1761	1859
739	755
739	839
739	1354
739	1371
739	1422
739	1613
739	1634
739	1865
739	1957
739	1987
900	927
900	1595
900	1806
900	1886
910	945
910	1065
910	1307
910	1808
910	1896
1313	1572
1313	1722
1313	1733
1374	1402
1374	1588
1374	1750
1374	1993
1320	1354
273	444
273	470
273	706
273	839
273	886
273	1441
273	1676
985	1206
985	1323
985	1849
985	1891
1411	1691
1411	1988
1607	1619
1607	1761
1607	1938
1068	1251
1068	1312
1068	1958
252	323
252	391
252	398
252	399
252	501
252	619
252	635
252	643
252	1102
252	1510
252	1537
954	1210
954	1224
954	1275
954	1290
954	1393
954	1517
954	1658
954	1788
954	1843
954	1998
972	1038
972	1079
972	1089
972	1601
972	1685
972	1737
972	1913
785	818
785	1186
785	1347
785	1770
785	1820
1722	1841
416	768
416	810
416	1734
1315	1546
1315	1601
1315	1606
1315	1634
1315	1665
749	964
749	1290
749	1430
749	1954
999	1134
999	1216
999	1232
999	1237
336	580
336	628
336	860
336	1133
336	1176
336	1211
336	1307
336	1908
595	734
595	1435
595	1784
595	1811
595	1882
595	1960
595	1963
501	670
501	1541
1017	1026
1017	1033
1017	1038
1017	1124
1017	1247
1017	1524
1017	1935
175	345
175	604
175	634
175	855
175	1092
175	1175
175	1259
175	1272
175	1290
175	1298
175	1646
175	1866
175	1994
1272	1314
1272	1628
1272	1963
1290	1309
1290	1373
1290	1439
1290	1481
1290	1580
1290	1584
1290	1597
1290	1629
1646	1787
1646	1935
1646	1994
288	318
288	449
288	501
288	506
288	679
288	981
288	1200
288	1488
288	1910
470	488
470	803
470	1403
470	1533
470	1695
470	1824
1434	1610
1434	1790
1737	1760
1737	1956
583	751
583	831
583	967
583	1232
583	1326
583	1561
583	1758
1100	1680
1100	1787
1100	1808
1161	1873
1161	1908
1161	1949
1144	1367
1144	1386
1144	1522
1144	1829
1231	1503
1231	1525
1231	1741
1231	1751
676	988
676	1476
676	1527
676	1605
676	1653
1422	1426
1422	1503
1422	1521
1422	1542
1422	1614
1422	1981
1539	1665
1539	1685
1539	1741
1539	1838
1539	1877
1539	1981
1660	1664
1660	1783
968	1067
968	1091
968	1224
968	1700
1115	1148
1115	1150
1115	1197
1115	1462
1115	1691
1115	1765
1534	1570
211	734
211	736
211	1651
575	627
575	883
575	1783
1011	1367
1011	1598
1011	1601
1011	1823
1011	1887
481	573
481	1402
481	1469
481	1538
481	1630
481	1850
1142	1207
1142	1430
1142	1864
863	1027
863	1055
863	1538
863	1872
1527	1660
1821	1904
297	506
297	879
297	949
297	1012
297	1156
297	1159
297	1606
297	1969
411	539
411	790
411	1381
411	1959
733	847
733	1373
733	1587
733	1629
837	887
837	1127
837	1379
837	1422
837	1428
837	1761
837	1859
1108	1859
1108	1878
1642	1653
1642	1735
1856	1982
1438	1908
1398	1411
1398	1481
1398	1617
1398	1646
1398	1859
1398	1942
191	473
191	569
191	1035
191	1068
191	1595
1035	1576
1035	1685
436	538
436	714
436	1024
436	1070
436	1385
436	1885
526	546
526	594
526	604
526	891
526	1224
526	1576
526	1703
526	1817
1432	1463
1432	1790
1432	1937
253	332
253	468
253	500
253	673
253	733
253	739
253	853
253	928
253	1006
253	1202
253	1816
668	1175
668	1208
668	1482
689	725
689	797
689	879
689	1409
689	1438
689	1495
689	1498
775	980
775	1133
775	1338
775	1641
775	1644
1354	1371
1354	1592
1354	1773
1354	1832
1354	1870
1354	1899
530	531
530	590
530	640
530	790
530	1162
530	1403
530	1528
530	1608
530	1688
530	1758
530	1817
530	1873
530	1988
734	812
734	923
734	1153
734	1247
734	1901
1159	1210
1159	1221
1159	1497
1159	1552
1159	1561
1159	1823
1218	1290
1218	1457
1218	1527
1218	1832
209	628
209	676
209	814
209	898
209	919
209	1426
209	1499
209	1761
209	1778
237	265
237	656
237	697
237	953
237	1235
237	1247
237	1309
237	1310
237	1327
237	1813
1134	1476
1134	1675
1134	1985
247	450
247	789
247	986
247	1156
247	1309
247	1368
247	1397
247	1518
394	614
394	785
394	790
394	1144
394	1592
394	1674
394	1855
394	1910
1835	1856
1774	1808
384	478
384	908
384	927
384	1509
384	1617
384	1758
384	1806
384	1930
437	495
437	679
437	1065
437	1233
437	1284
437	1429
594	626
594	862
594	888
594	924
594	1616
594	1624
594	1843
594	1901
1165	1255
1165	1317
1165	1335
1165	1386
1165	1587
1165	1617
1165	1685
1165	1954
1173	1411
1173	1618
1173	1656
1173	1834
814	970
814	1017
814	1290
814	1463
814	1846
814	1937
814	1987
898	1139
898	1203
898	1306
898	1396
898	1444
898	1527
898	1781
1499	1555
1499	1842
1499	1882
251	312
251	481
251	892
251	954
251	1038
251	1114
251	1330
251	1758
1850	1979
736	969
736	975
736	1009
736	1114
736	1665
736	1883
212	284
212	450
212	755
212	1341
212	1532
212	1636
212	1639
212	1884
212	1954
284	326
284	531
284	762
284	910
284	1747
284	1816
284	1870
284	1886
1636	1957
1371	1533
1371	1662
1371	1742
1371	1914
1416	1510
1416	1949
1444	1588
1444	1601
1444	1715
756	822
756	1338
756	1495
756	1610
756	1881
756	1891
279	323
279	394
279	613
279	642
279	689
279	1522
279	1995
396	1102
396	1120
396	1125
396	1151
396	1152
396	1178
396	1238
396	1529
396	1669
216	395
216	585
216	677
216	767
216	789
216	919
216	1074
216	1372
216	1926
1074	1190
1074	1702
1074	1790
1074	1995
449	577
449	595
449	784
449	1142
449	1203
449	1403
449	1577
449	1766
449	1834
449	1960
449	1988
1336	1541
1336	1546
1981	1995
956	1018
956	1108
956	1353
956	1813
1197	1259
1197	1484
339	362
339	647
339	790
339	1163
339	1175
339	1512
339	1815
1739	1841
1739	1891
1739	1901
1739	1964
1739	1970
625	967
625	1006
625	1018
625	1330
625	1537
625	1619
625	1742
625	1985
909	986
909	1555
909	1574
909	1959
1139	1275
1139	1676
1139	1840
1139	1883
652	971
652	1000
652	1584
652	1705
652	1761
652	1872
652	1968
652	1976
1058	1440
1058	1471
1058	1938
1314	1418
1314	1545
1314	1570
1314	1630
1314	1674
1314	1691
1314	1964
1656	1705
1656	1978
729	853
729	855
729	1251
729	1409
729	1521
729	1615
729	1725
729	1937
729	1958
776	1191
776	1367
776	1470
776	1766
776	1938
545	769
545	925
545	967
545	1062
545	1317
545	1806
545	1820
545	1832
545	1962
743	745
743	1020
743	1353
743	1440
743	1892
743	1954
743	1959
536	544
536	757
536	853
536	1018
536	1610
536	1840
1823	1882
1823	1883
1289	1592
1289	1617
1289	1660
1289	1913
1027	1249
1027	1449
1027	1527
344	399
344	415
344	491
344	736
344	1188
344	1315
344	1426
344	1438
344	1530
344	1539
869	927
869	1153
869	1436
869	1602
1295	1404
1295	1995
1428	1601
1428	1658
1751	1947
986	1429
986	1506
986	1510
986	1709
305	319
305	331
305	371
305	427
305	546
305	788
305	1235
305	1702
305	1735
305	1760
305	1884
851	912
851	1092
851	1101
851	1368
851	1617
851	1808
851	1884
1518	1737
1518	1929
1518	1946
1518	1968
248	522
248	778
248	869
248	918
248	1608
248	1658
391	1159
391	1188
391	1628
391	1937
391	1985
468	470
468	754
468	1131
468	1212
468	1533
468	1604
500	701
500	842
500	851
500	862
500	919
500	1476
500	1817
500	1846
500	1892
853	993
853	1115
853	1298
853	1771
1006	1029
1006	1386
1006	1537
1006	1848
1006	1855
1006	1938
1006	1954
1006	1994
1006	1995
444	592
444	677
444	866
444	1067
444	1139
444	1258
444	1846
434	548
434	614
434	767
434	1063
434	1076
434	1176
434	1347
434	1417
434	1998
810	1200
810	1290
810	1554
810	1652
1728	1877
471	845
471	1398
471	1518
471	1835
1644	1720
1644	1730
1644	1733
1644	1858
841	845
841	924
841	961
841	1432
841	1815
841	1884
1262	1286
1147	1200
1147	1208
1147	1338
1147	1440
1147	1482
1308	1725
1308	1822
1308	1864
728	839
728	1457
728	1479
728	1577
728	1605
728	1801
728	1893
728	1896
728	1995
1834	1913
1916	1976
1916	1987
1780	1827
790	1173
790	1415
790	1718
790	1785
790	1949
1393	1544
1393	1658
1393	1753
1393	1825
1393	1935
1393	1959
1405	1433
1405	1610
1405	1630
1405	1705
1405	1827
1405	1849
1405	1935
1405	1943
300	303
300	335
300	1275
300	1552
300	1836
300	1898
300	1997
1471	1629
1623	1725
1623	1978
642	703
642	961
642	1091
642	1100
642	1308
642	1360
642	1471
642	1620
642	1824
642	1829
465	783
465	842
465	863
465	1089
465	1191
465	1207
465	1210
465	1316
465	1495
465	1595
465	1618
465	1832
465	1834
465	1841
465	1961
1128	1636
1128	1659
1128	1807
1128	1987
705	811
705	1347
705	1538
705	1670
705	1718
705	1883
1956	1978
944	1237
944	1249
944	1281
944	1499
944	1834
944	1897
944	1997
461	729
461	733
461	803
461	895
461	1137
461	1148
461	1272
461	1321
461	1411
461	1417
461	1842
798	1211
798	1470
798	1524
798	1978
1366	1528
1575	1618
296	324
296	677
296	689
296	1023
296	1111
296	1272
296	1439
296	1663
296	1844
1012	1023
1012	1128
1012	1517
1012	1792
1305	1316
1305	1642
1305	1819
1136	1197
1136	1553
1136	1562
1136	1625
1136	1797
1136	1819
831	1003
831	1027
831	1232
831	1505
831	1627
831	1751
831	1949
1598	1808
1598	1834
1598	1858
1598	1954
478	545
478	625
478	627
478	677
478	785
478	788
478	895
478	1007
478	1130
478	1438
478	1511
478	1702
478	1970
1680	1835
1680	1838
840	1484
840	1961
1386	1574
1386	1886
943	1282
943	1379
943	1449
943	1808
943	1892
320	349
320	589
320	739
320	1506
320	1914
320	1963
320	1964
1307	1321
1307	1435
1307	1518
1307	1534
1307	1878
1888	1891
1888	1937
1888	1959
610	956
610	965
610	1168
610	1289
1454	1498
1454	1616
1454	1759
1454	1840
1138	1159
1138	1403
1138	1476
1138	1534
1138	1546
1138	1722
1138	1788
1138	1797
1500	1976
1815	1863
1815	1917
860	1010
860	1484
860	1542
860	1628
860	1851
860	1874
860	1952
1217	1233
1217	1327
1217	1527
1217	1703
1217	1818
1217	1917
1152	1463
1152	1782
714	852
714	1175
714	1238
714	1341
1624	1691
1624	1718
1624	1850
970	1046
970	1225
970	1234
970	1307
970	1423
970	1450
970	1882
970	1914
352	411
352	497
352	580
352	612
352	1123
352	1158
352	1295
352	1703
352	1819
648	767
648	874
648	1036
648	1286
648	1434
648	1938
576	831
576	841
576	877
576	1046
576	1162
576	1195
1948	1993
1574	1763
517	528
517	636
517	757
517	1055
517	1188
517	1263
517	1439
517	1942
517	1960
517	1981
1288	1587
1288	1859
369	399
369	1050
369	1306
369	1418
369	1921
1699	1742
1699	1829
1699	1836
1699	1890
1699	1949
1699	1969
1282	1824
1282	1892
1391	1641
1391	1756
713	809
713	1026
713	1072
713	1471
713	1576
713	1604
971	1285
971	1451
971	1585
971	1685
971	1985
927	1473
927	1625
927	1728
927	1873
1207	1285
1207	1516
1207	1793
1207	1803
1207	1806
1207	1973
888	1006
888	1360
888	1674
888	1726
888	1781
888	1860
1628	1726
1151	1252
866	887
866	1202
866	1613
866	1723
866	1733
866	1838
866	1886
504	561
504	608
504	679
504	743
504	761
504	809
504	909
504	965
504	1030
504	1234
504	1366
504	1480
504	1877
504	1979
599	705
599	840
599	861
599	1264
599	1335
671	1076
671	1642
671	1850
671	1994
957	1203
964	1070
964	1323
964	1388
964	1432
964	1613
793	875
793	921
793	957
793	1405
793	1884
623	799
623	1252
623	1309
623	1455
623	1562
623	1820
623	1863
623	1883
795	842
795	1783
1212	1525
1538	1553
1538	1776
1538	1976
1326	1404
1462	1469
1462	1630
1462	1878
958	1074
958	1154
958	1766
958	1807
701	909
701	1288
701	1307
701	1338
701	1458
701	1525
701	1546
1811	1943
561	869
561	1353
561	1575
561	1823
561	1893
626	746
626	795
626	931
626	1186
626	1272
626	1308
626	1430
626	1563
626	1946
626	1970
1498	1625
1498	1920
1498	1921
990	1055
990	1200
990	1212
990	1739
990	1949
1440	1553
1317	1472
1317	1533
1317	1589
1317	1665
1317	1675
1317	1949
1248	1281
1248	1576
1248	1636
1112	1468
1112	1766
1112	1781
781	964
781	985
781	1305
781	1320
781	1330
781	1783
751	1200
751	1241
596	838
596	980
596	1208
596	1462
596	1564
596	1718
1449	1486
1449	1545
1449	1612
665	809
665	830
665	884
665	1125
665	1336
665	1585
665	1650
693	923
693	988
693	1017
693	1275
693	1338
1348	1411
1348	1588
1348	1958
1348	1987
871	1162
871	1228
871	1308
871	1377
871	1449
1588	1623
1588	1882
1588	1942
