# Undirected graph (each unordered pair of nodes is saved once): output/networks/Random16000removeRandom-55percent.txt
# Nodes: 900 Edges: 3209
# NodeId	NodeId
0	925
0	1000
0	1223
0	1563
0	1747
0	1863
0	1873
925	1060
925	1335
925	1506
925	1527
925	1937
1000	1173
1000	1472
1000	1533
1000	1627
1223	1943
1563	1792
1563	1954
1747	1886
1747	1949
1873	1881
1873	1888
953	1217
953	1530
953	1626
953	1695
1396	1552
1396	1720
1630	1722
65	415
65	615
65	691
65	762
65	1055
65	1056
65	1153
359	430
359	1179
359	1264
359	1267
359	1327
359	1534
359	1644
359	1689
376	969
376	1644
376	1979
452	730
452	817
452	1267
452	1697
612	738
612	1277
612	1616
1663	1790
1663	1959
112	359
112	412
112	673
112	769
112	1255
112	1379
112	1610
112	1810
112	1937
303	591
303	603
303	690
303	745
303	882
303	1060
303	1134
303	1319
303	1608
303	1623
303	1806
619	834
619	965
619	1150
619	1360
619	1415
619	1627
862	957
862	1347
862	1734
862	1784
862	1979
1367	1371
1469	1498
1469	1808
1469	1836
4	129
4	154
4	803
4	1641
4	1792
129	218
129	757
129	903
129	1245
129	1455
129	1584
154	433
154	959
154	1597
154	1651
154	1920
803	1642
803	1838
803	1913
1641	1807
1792	1970
5	16
5	274
5	298
5	317
5	1392
16	45
16	388
16	509
16	611
16	780
16	1367
16	1555
16	1898
16	1925
16	1929
274	420
274	757
274	1126
274	1674
274	1753
274	1780
274	1913
298	430
298	500
298	509
298	757
298	883
298	1419
298	1788
298	1797
298	1891
317	434
317	456
317	1396
317	1428
317	1843
317	1855
317	1925
317	1959
1392	1629
1392	1699
1392	1761
6	378
6	422
6	432
6	697
6	802
6	844
6	1072
6	1353
6	1542
6	1662
6	1709
6	1753
6	1839
378	395
378	732
378	755
378	1024
378	1104
378	1202
378	1339
378	1373
378	1639
378	1644
378	1674
422	452
422	679
422	866
422	924
422	964
422	981
422	1074
422	1642
432	1616
697	802
697	1240
697	1500
844	1362
844	1816
1072	1151
1072	1207
1072	1275
1072	1832
1072	1855
1353	1527
1662	1742
1662	1784
1662	1910
1709	1806
1709	1985
33	74
33	1038
33	1129
33	1373
33	1436
33	1552
33	1619
62	345
62	472
62	1067
62	1232
506	577
506	961
506	1695
506	1858
1244	1630
1547	1574
1547	1766
1572	1753
1572	1898
1572	1948
107	131
107	634
107	867
430	481
430	652
430	697
430	891
430	903
430	1147
430	1202
430	1865
430	1870
884	1042
952	1324
952	1354
952	1587
952	1787
1060	1529
1060	1547
1163	1216
1163	1281
1163	1469
1163	1620
1163	1822
1163	1859
1188	1247
1188	1887
1188	1938
1332	1892
1350	1403
1350	1430
1350	1469
1350	1572
1350	1817
1524	1634
1524	1742
1601	1878
9	422
9	838
9	1106
9	1232
9	1235
838	1163
838	1372
838	1619
1106	1512
1106	1721
1106	1913
1232	1616
1232	1929
1235	1245
1235	1546
1235	1617
1235	1753
1235	1761
133	1705
147	333
147	389
147	663
147	1327
147	1512
1402	1705
1409	1720
723	1228
723	1415
723	1629
723	1742
1208	1216
1208	1637
1702	1890
197	323
197	891
197	1863
197	1913
725	738
725	1849
1007	1286
1156	1890
1156	1906
1465	1956
1887	1973
13	244
13	427
13	514
13	723
13	1163
13	1457
13	1497
13	1725
13	1855
13	1881
244	834
244	986
244	1511
244	1660
427	499
427	646
427	663
427	761
427	1716
514	780
514	1368
514	1721
1457	1517
1497	1751
1725	1753
1725	1878
616	862
616	1339
616	1584
616	1601
616	1938
616	1993
842	1665
842	1718
1436	1458
1436	1511
1436	1699
1436	1747
1436	1765
1627	1836
1838	1958
1896	1946
782	1354
782	1533
782	1660
782	1903
782	1913
855	1020
855	1498
855	1547
855	1734
855	1765
855	1792
855	1925
855	1963
1029	1108
1029	1336
1228	1432
1228	1804
1327	1336
1327	1482
1327	1525
1327	1564
1659	1929
45	204
45	496
45	670
45	818
45	829
45	1547
388	645
388	1247
388	1282
388	1374
509	1127
509	1151
509	1959
611	855
611	953
611	1159
611	1235
611	1327
611	1552
611	1870
780	1662
1555	1658
1555	1741
1555	1870
1555	1920
1929	1968
17	178
17	417
17	1000
17	1007
17	1284
17	1544
178	470
178	583
178	799
178	1100
178	1610
178	1766
178	1813
417	506
417	691
417	1100
417	1137
417	1218
417	1457
417	1472
417	1810
417	1858
1284	1434
1284	1824
1284	1959
1544	1547
18	245
18	432
18	612
18	847
18	897
18	1033
18	1046
18	1258
18	1455
18	1577
18	1610
18	1629
245	545
245	1377
245	1766
847	1517
847	1761
897	959
1033	1158
1033	1432
1046	1367
1046	1388
1046	1418
1046	1577
1046	1783
1046	1856
1046	1935
1046	1949
1258	1524
1455	1505
1577	1851
1629	1709
1629	1773
236	497
236	1027
236	1290
236	1350
236	1725
236	1946
483	603
483	689
483	1007
483	1186
483	1229
483	1783
483	1858
483	1863
483	1896
1495	1771
117	272
117	377
117	398
117	1436
117	1563
117	1781
117	1793
117	1903
259	1235
259	1721
259	1846
259	1873
322	583
322	838
322	1070
322	1353
322	1595
322	1692
322	1832
322	1882
363	497
363	526
363	1521
398	582
398	961
398	972
398	1124
398	1938
398	1946
398	1997
412	866
412	1624
412	1703
412	1929
732	837
732	1100
732	1178
732	1179
732	1241
732	1790
762	884
762	1223
762	1295
762	1465
762	1734
762	1801
1602	1766
1620	1995
1741	1803
1832	1840
61	117
61	165
61	485
61	647
61	727
61	1763
61	1825
61	1881
615	790
615	793
615	830
615	980
615	1229
615	1336
615	1511
615	1518
615	1882
872	909
872	1104
872	1982
872	1995
1087	1332
1087	1388
1087	1623
1087	1781
1087	1930
1210	1973
1525	1549
1525	1774
1525	1787
1619	1720
1619	1961
1619	1979
1676	1892
1676	1963
249	288
249	564
249	676
249	954
249	1127
249	1264
249	1530
249	1553
249	1866
358	719
358	1142
358	1330
453	512
453	737
453	1142
719	1290
719	1315
719	1354
719	1495
719	1903
1069	1162
1069	1252
1069	1552
1069	1563
1069	1644
1069	1753
1069	1841
1069	1898
23	259
23	539
23	591
23	706
23	1076
23	1372
23	1392
23	1996
539	1188
539	1332
539	1538
539	1626
539	1750
539	1839
539	1877
591	793
591	858
591	1347
591	1836
591	1839
706	892
706	1091
706	1252
1076	1574
1076	1808
1076	1985
1372	1500
1372	1801
1372	1886
48	165
48	446
48	780
48	1163
265	427
265	1147
265	1258
265	1428
265	1600
324	446
324	610
324	782
324	1454
324	1524
324	1587
1042	1055
1042	1315
1042	1780
1042	1790
1042	1797
1091	1124
1091	1154
1091	1391
1091	1570
1091	1925
1476	1783
1505	1595
1505	1619
25	89
25	262
25	404
25	422
25	1009
25	1148
25	1544
25	1626
89	603
89	686
89	692
89	755
89	883
89	1007
89	1702
89	1938
262	499
262	539
262	1024
262	1092
404	1252
404	1898
1009	1282
1009	1527
1009	1659
1009	1790
1148	1465
1148	1487
1148	1495
1148	1577
1626	1836
267	538
267	595
267	728
267	953
267	1797
499	564
499	1011
499	1038
499	1235
499	1354
499	1500
499	1676
499	1954
499	1973
1267	1584
1267	1803
1267	1817
27	35
27	577
27	709
27	818
27	1430
27	1585
27	1600
27	1842
27	1874
27	1993
35	65
35	612
35	679
35	799
35	1036
35	1446
35	1455
35	1458
35	1522
35	1653
35	1700
577	1111
577	1126
577	1325
577	1641
709	838
709	874
709	1362
709	1374
709	1533
709	1541
818	968
818	990
818	1498
818	1538
818	1547
1430	1765
1430	1929
1585	1587
1585	1588
1585	1600
1585	1743
1600	1897
1600	1898
1600	1910
1874	1906
1874	1949
28	86
28	126
28	769
28	847
28	1542
28	1836
86	115
86	241
86	326
86	761
86	817
86	906
86	949
86	1595
86	1720
86	1763
126	326
126	371
126	646
126	757
126	1553
769	1564
1836	1886
653	1325
1429	1522
1429	1579
1429	1751
1794	1885
567	915
567	1000
1319	1371
1319	1758
1319	1982
1537	1538
1537	1750
1537	1782
335	488
335	949
335	1076
335	1210
335	1283
335	1396
335	1592
473	1041
473	1354
473	1887
473	1916
878	1018
878	1315
878	1498
878	1747
1503	1691
1503	1948
1521	1579
1521	1653
1615	1641
1615	1904
1651	1765
1651	1771
1651	1957
1846	1957
1846	1961
456	536
456	709
456	829
456	973
456	1518
456	1807
456	1982
456	1994
574	734
574	785
574	1660
580	692
580	855
789	847
789	1237
789	1790
74	137
74	453
74	456
74	457
74	697
74	1114
74	1532
74	1702
1038	1500
1129	1700
1129	1883
1373	1691
1373	1811
1373	1954
1552	1843
1552	1949
192	200
192	526
192	686
192	1188
192	1432
192	1533
192	1620
400	547
400	866
400	945
400	994
400	1251
484	521
484	754
484	897
484	1479
484	1720
484	1997
679	1188
679	1534
679	1608
679	1629
679	1658
679	1725
679	1897
799	993
799	1542
799	1689
799	1883
1036	1133
1036	1152
1036	1440
1036	1782
1446	1553
1446	1665
1446	1841
1446	1882
1522	1629
1522	1665
1700	1949
1675	1806
1675	1822
496	803
496	903
496	935
496	1336
496	1470
496	1834
608	967
608	1339
608	1403
608	1482
608	1533
608	1959
608	1961
827	940
827	1148
827	1173
827	1855
827	1929
868	986
868	1497
868	1626
1528	1605
1528	1630
246	334
246	1009
246	1247
246	1495
849	887
849	1943
1229	1245
1229	1367
1229	1379
1229	1525
1229	1817
242	274
242	334
242	1295
242	1309
242	1428
242	1733
349	930
349	1055
349	1994
867	1089
867	1360
867	1476
867	1562
867	1615
867	1793
867	1843
867	1985
1553	1733
1553	1753
277	300
277	345
277	422
277	471
277	886
277	1027
277	1347
277	1392
277	1465
277	1471
277	1855
600	616
600	1298
600	1325
600	1878
1486	1546
1486	1782
1486	1839
1824	1916
1824	1947
1377	1547
1377	1570
1377	1614
1191	1298
1191	1792
1275	1377
1275	1600
1275	1842
1516	1541
1516	1849
1516	1995
43	186
43	274
43	1069
43	1202
43	1433
186	278
186	863
186	1310
186	1350
186	1501
186	1527
186	1750
1202	1549
1202	1563
1202	1692
1202	1695
1202	1842
1433	1750
44	131
44	567
44	691
44	738
44	1385
131	263
131	363
131	712
131	961
131	1179
131	1580
131	1627
131	1883
691	1142
738	778
738	981
738	1224
738	1455
738	1897
1385	1605
204	209
204	670
204	1613
204	1807
670	732
670	775
670	1524
670	1566
829	1597
829	1753
829	1906
399	768
399	993
399	1623
399	1676
492	592
492	1163
492	1350
492	1470
492	1598
492	1982
924	1068
924	1267
924	1462
924	1797
924	1808
1010	1644
1368	1435
1368	1846
1368	1943
47	453
47	980
980	1324
980	1374
980	1521
980	1639
980	1652
165	186
165	273
165	334
165	640
165	886
165	1411
165	1619
165	1720
165	1822
165	1993
165	1997
446	949
446	1653
446	1675
208	1396
208	1542
278	301
278	434
278	1268
278	1623
278	1705
278	1816
278	1825
357	363
357	432
357	467
357	679
357	1106
357	1385
357	1409
357	1629
357	1689
357	1926
357	1948
438	648
438	732
438	761
438	769
438	868
438	1067
438	1108
438	1150
438	1336
438	1454
438	1929
438	1998
640	779
640	803
640	1642
724	814
724	1403
724	1562
724	1617
724	1806
830	944
830	986
830	1579
830	1851
830	1937
935	1545
935	1637
961	1009
961	1186
961	1379
961	1444
1541	1625
1807	1832
1807	1859
1807	1877
1807	1943
301	361
301	557
301	931
301	1136
301	1150
301	1154
301	1503
301	1572
301	1627
301	1658
301	1834
754	930
754	1258
754	1268
754	1463
754	1771
858	871
858	952
858	1836
858	1870
1020	1033
1020	1353
1020	1386
1020	1930
149	171
149	417
149	855
149	1070
149	1763
149	1765
149	1810
149	1996
407	706
407	1341
407	1651
407	1725
407	1810
783	1091
783	1386
783	1541
783	1601
783	1630
783	1968
52	151
52	186
52	357
52	400
52	512
52	916
52	1224
52	1564
151	303
151	378
151	1033
151	1121
151	1325
151	1495
151	1524
512	586
512	663
512	898
512	1341
512	1574
512	1579
512	1733
512	1743
916	964
916	1027
916	1097
916	1518
916	1574
916	1794
1224	1495
1224	1547
1224	1903
1564	1592
1564	1660
1564	1758
1564	1766
1564	1883
255	679
255	779
255	965
255	1114
255	1233
255	1788
255	1850
256	377
256	434
256	497
256	847
256	886
256	1224
256	1610
256	1728
544	604
544	755
544	1092
544	1104
544	1620
544	1733
993	1743
1286	1327
1286	1784
1470	1665
1587	1995
1877	1878
390	577
390	594
390	595
390	673
390	686
390	830
390	858
390	1275
390	1295
390	1372
390	1414
390	1780
457	953
457	1188
457	1422
457	1737
457	1781
457	1891
585	1282
585	1374
585	1501
585	1904
1195	1725
1195	1776
1195	1926
1195	1979
1718	1792
1718	1935
201	663
201	1097
201	1108
201	1129
201	1191
201	1372
201	1639
201	1760
201	1838
435	557
435	844
435	1231
435	1247
435	1341
435	1488
435	1518
435	1583
435	1804
515	815
515	915
515	1320
515	1577
965	1114
965	1290
965	1362
1251	1335
1251	1396
1251	1856
1251	1892
1251	1993
56	315
56	903
56	1608
56	1637
315	417
315	422
315	1295
315	1471
903	980
903	1010
903	1067
1637	1810
1637	1811
1637	1839
361	404
361	759
361	802
361	1139
361	1224
361	1607
420	712
420	809
420	863
420	972
420	1038
420	1579
686	797
686	898
690	830
690	872
690	1275
690	1347
690	1580
690	1626
690	1774
690	1996
779	874
779	961
779	1241
779	1570
1024	1036
1024	1074
1024	1101
1024	1434
1024	1587
1024	1700
1024	1925
1041	1262
1041	1277
1041	1391
1041	1462
1041	1943
1092	1123
1092	1264
1092	1624
1092	1728
1092	1890
1614	1913
1614	1982
805	967
805	1087
805	1316
805	1537
805	1562
805	1996
981	1607
981	1968
1760	1957
589	993
589	1323
589	1886
959	1607
959	1753
959	1780
1111	1476
1111	1834
1111	1958
1133	1144
1133	1212
1133	1316
1133	1825
1790	1835
314	872
314	981
314	1055
1506	1825
1658	1765
485	945
485	1087
485	1104
485	1137
485	1339
485	1465
485	1758
485	1816
647	730
647	769
647	1231
647	1865
647	1954
647	1997
727	756
727	1162
727	1179
727	1295
727	1766
727	1888
1825	1898
1825	1996
1825	1998
345	496
345	531
345	714
345	961
345	1500
472	481
472	754
472	799
472	803
472	915
472	1012
472	1041
472	1156
472	1223
472	1308
472	1455
472	1602
472	1943
1067	1415
1067	1577
1067	1937
1067	1997
440	1601
440	1616
440	1824
1362	1787
1806	1959
1816	1851
1816	1997
64	260
64	438
64	935
64	1472
260	643
260	1644
260	1808
260	1993
1472	1487
1472	1898
415	799
415	1367
415	1580
415	1644
415	1979
1055	1134
1055	1537
1056	1093
1056	1216
1056	1627
1056	1665
1153	1310
1153	1348
1153	1674
66	80
66	376
66	839
66	872
66	1178
66	1277
66	1617
66	1985
80	127
80	916
80	1104
80	1533
80	1797
80	1855
80	1881
839	961
839	1282
839	1963
1178	1630
1178	1662
1178	1747
1178	1916
1277	1362
1277	1393
1277	1440
1277	1788
1617	1641
168	241
168	252
168	906
168	954
168	972
168	1056
168	1104
168	1377
592	612
592	757
1233	1241
1233	1391
1233	1699
1233	1870
263	466
263	841
263	916
263	1629
263	1753
263	1806
820	830
820	1023
820	1542
820	1662
820	1699
994	1100
994	1417
994	1700
994	1825
994	1883
1127	1332
1241	1790
467	1961
737	1255
1323	1409
1323	1417
1323	1552
1323	1737
189	416
189	1023
189	1368
189	1722
562	799
562	878
562	1104
562	1405
562	1516
562	1566
562	1903
562	1943
562	1948
886	1076
886	1241
886	1323
886	1608
1419	1444
1419	1458
1419	1516
1419	1929
1634	1920
1695	1947
531	867
531	1840
784	863
784	910
784	1231
784	1428
784	1530
784	1545
784	1836
969	1006
969	1175
969	1268
969	1498
969	1858
72	80
72	415
72	813
72	931
72	1577
72	1840
72	1904
72	1973
813	863
813	1162
813	1226
813	1545
813	1600
813	1792
931	1072
931	1104
931	1866
931	1961
239	332
239	344
239	818
239	1179
239	1241
239	1438
874	924
874	930
891	1430
891	1454
891	1790
891	1961
1154	1158
1154	1371
1154	1761
1154	1846
137	298
137	803
137	974
137	1742
137	1985
1114	1373
1114	1409
1114	1544
1114	1583
1114	1653
645	1111
645	1319
645	1758
967	1153
967	1218
967	1529
967	1807
1052	1247
1052	1592
1211	1231
1211	1409
1211	1511
1211	1652
1211	1823
1211	1855
1316	1330
1316	1348
1773	1878
1773	1926
76	193
76	378
76	1610
76	1662
193	253
193	388
193	689
193	775
193	1354
193	1533
193	1577
193	1741
586	1614
586	1639
586	1702
586	1874
940	1134
940	1776
1803	1929
495	723
495	783
495	1629
755	867
755	954
755	1159
755	1386
755	1807
1124	1530
1124	1583
1124	1588
1124	1623
1124	1658
1388	1470
127	249
127	557
127	1495
127	1615
127	1973
1104	1639
1104	1824
1104	1995
1533	1887
1797	1825
353	468
353	647
353	776
353	967
353	1517
353	1741
569	714
569	1386
569	1943
569	1948
641	645
641	813
641	1033
641	1503
641	1896
1158	1286
108	845
108	1564
108	1873
196	209
196	237
196	775
196	1144
196	1231
196	1320
196	1446
196	1457
196	1741
196	1958
538	745
538	761
703	790
703	842
703	916
703	1067
703	1505
703	1883
882	980
882	1058
882	1500
83	314
83	1023
83	1516
83	1858
83	1910
1023	1144
1023	1216
1023	1264
1023	1338
1023	1522
1858	1963
552	910
552	1114
746	964
746	1046
746	1839
319	1231
319	1241
319	1888
730	1076
730	1386
730	1580
730	1783
730	1823
887	1009
887	1914
1283	1995
1339	1702
1339	1797
1339	1850
1339	1896
1339	1903
115	512
115	1310
115	1324
115	1350
241	279
241	706
241	761
241	925
241	1354
241	1511
241	1925
326	776
326	1092
326	1138
326	1674
761	925
817	1330
817	1873
906	1010
906	1138
906	1275
906	1541
949	1211
1595	1676
1595	1878
1595	1914
1720	1743
547	589
547	653
547	780
547	820
547	986
547	1598
547	1803
547	1885
547	1979
1347	1600
1347	1728
1347	1937
1415	1486
88	590
88	1093
88	1298
88	1482
88	1511
590	968
590	1367
590	1813
590	1825
590	1903
590	1904
590	1937
1093	1111
1093	1232
1093	1348
1093	1455
1093	1574
1093	1692
1093	1743
1093	1935
1298	1488
1298	1825
1482	1943
1511	1665
1511	1695
1511	1782
603	777
603	841
603	994
603	1126
603	1142
603	1501
603	1659
603	1897
603	1926
603	1957
692	1150
692	1439
692	1476
692	1580
692	1660
692	1739
692	1761
692	1973
883	945
883	974
883	1232
883	1438
883	1454
883	1528
883	1787
90	165
90	432
90	745
90	768
90	973
90	1268
90	1600
90	1743
90	1890
90	1954
745	1330
745	1411
745	1637
745	1906
745	1962
768	802
768	858
768	1108
768	1597
768	1858
973	1244
973	1247
973	1885
973	1979
1268	1676
1268	1929
1743	1832
1743	1982
91	218
91	380
91	1430
91	1881
218	297
218	449
218	754
218	1240
218	1336
218	1354
218	1642
218	1835
218	1981
380	603
380	1000
380	1585
380	1600
203	1179
203	1208
203	1210
203	1774
203	1995
233	437
491	583
491	900
491	1739
491	1788
669	1258
669	1308
1335	1822
466	849
466	1024
466	1495
466	1718
466	1793
466	1962
1252	1639
1252	1658
1252	1691
1252	1840
1341	1529
1341	1958
667	994
667	1892
1689	1703
1689	1742
1808	1836
96	240
96	686
96	778
96	779
96	1036
96	1123
96	1150
96	1179
96	1244
96	1505
96	1904
240	353
240	449
240	1229
240	1339
240	1793
240	1896
778	957
778	1011
778	1268
1123	1229
1123	1979
1150	1532
1150	1563
1150	1639
1150	1973
1179	1371
1179	1652
1179	1780
1179	1807
1179	1994
222	491
222	509
222	575
222	690
222	842
222	1534
604	640
604	1563
604	1718
604	1781
1226	1388
564	737
564	1123
564	1127
564	1436
564	1783
564	1824
930	1012
930	1142
930	1613
930	1619
930	1865
1066	1208
1066	1505
1766	1787
1783	1916
104	240
104	354
104	1338
104	1564
104	1801
104	1804
318	384
318	590
318	681
318	1020
318	1414
1162	1751
1162	1822
1162	1978
1597	1624
1597	1751
1597	1841
1822	1882
100	236
100	358
100	727
100	777
100	834
100	1127
100	1488
100	1546
777	981
777	1212
777	1574
777	1804
777	1937
834	1072
834	1658
1488	1552
1488	1954
1639	1985
102	458
102	521
102	1070
102	1224
102	1264
102	1877
102	1930
102	1962
458	589
458	1129
458	1396
458	1866
521	545
521	564
521	1186
521	1435
521	1472
521	1487
521	1580
1070	1226
1070	1252
1070	1624
1070	1782
1070	1930
1264	1943
1264	1995
1247	1429
1247	1563
1247	1637
1247	1873
1705	1753
354	648
354	673
354	1620
354	1863
1338	1577
613	849
613	945
613	1068
613	1360
613	1458
613	1608
582	592
582	646
582	653
582	841
700	789
700	930
700	1024
700	1036
700	1218
634	1211
634	1503
634	1784
845	1179
845	1405
845	1849
286	944
286	994
286	1283
286	1367
286	1891
978	1354
978	1653
1788	1865
261	337
261	961
261	969
261	1963
1330	1709
673	676
673	762
673	1471
673	1503
673	1530
673	1570
1255	1541
1255	1850
1255	1874
1810	1838
306	478
306	820
306	1123
306	1794
306	1840
306	1897
306	1904
306	1930
334	491
334	1240
334	1414
809	924
809	1403
809	1497
809	1885
1018	1069
1018	1309
1018	1310
1018	1440
1018	1811
1018	1850
1860	1914
1310	1438
1310	1838
145	440
145	506
145	570
145	965
145	1009
145	1259
145	1281
145	1469
166	906
166	1327
166	1607
166	1929
331	642
331	1235
331	1882
557	567
557	1142
557	1147
557	1417
557	1566
557	1961
1403	1610
1403	1771
1403	1817
272	562
272	595
272	646
272	789
272	845
272	1108
272	1191
272	1298
272	1562
272	1858
377	422
377	544
377	580
377	849
377	1255
377	1350
377	1374
377	1391
377	1562
377	1616
1781	1979
144	147
144	514
144	643
144	780
144	1089
144	1240
144	1353
144	1385
144	1968
497	599
497	616
497	745
497	1101
497	1106
497	1385
497	1454
497	1811
1726	1787
1726	1794
1726	1973
1758	1794
1758	1948
333	496
333	1156
333	1422
333	1534
433	663
433	949
433	1803
433	1824
1418	1546
1418	1617
1418	1691
1418	1885
1418	1998
1501	1533
1501	1897
1652	1676
1883	1891
200	335
200	394
200	815
200	886
200	1093
200	1906
200	1938
200	1947
421	713
421	818
421	957
421	1023
421	1138
421	1368
421	1486
1691	1697
1691	1783
1691	1877
325	485
325	526
325	697
325	1123
325	1797
325	1885
505	536
505	645
505	829
505	930
505	978
505	1060
812	1058
812	1223
812	1232
812	1562
812	1585
812	1617
1616	1734
142	308
142	935
142	1097
142	1158
142	1388
551	1089
551	1252
551	1330
551	1792
1137	1574
1137	1747
1463	1784
1734	1841
371	746
371	847
371	1354
371	1367
371	1418
371	1822
646	670
646	1392
646	1479
646	1660
646	1803
757	1217
757	1641
757	1644
757	1849
757	1897
181	335
181	676
181	940
181	1092
181	1374
181	1422
181	1579
181	1637
181	1660
181	1793
323	681
323	762
323	803
323	1111
323	1200
323	1244
323	1722
332	1555
332	1597
332	1774
1584	1725
1584	1956
1417	1500
1417	1896
1417	1910
712	874
712	1151
712	1191
712	1275
1580	1651
1580	1691
1580	1888
132	506
132	757
132	945
132	1052
132	1163
132	1350
132	1479
132	1721
132	1763
132	1885
945	1224
945	1277
945	1766
1479	1613
1479	1705
1721	1929
1885	1916
134	286
134	759
134	839
134	883
134	1163
134	1191
134	1675
759	882
1200	1339
1200	1705
1200	1790
1439	1601
1439	1874
1665	1856
1101	1354
1101	1709
1101	1949
974	1104
974	1503
1742	1887
138	645
138	673
138	1070
138	1525
138	1753
171	749
171	827
171	1179
171	1210
171	1562
171	1741
644	840
644	886
644	1000
644	1231
644	1244
644	1877
644	1906
815	903
815	1023
815	1092
815	1315
815	1725
815	1780
815	1834
760	778
760	855
760	1354
760	1533
760	1544
760	1574
760	1600
760	1891
308	388
308	499
308	812
308	969
308	1324
308	1458
1097	1607
1097	1776
1097	1780
1309	1801
1309	1855
1716	1742
1851	1935
643	1619
643	1629
643	1733
643	1813
643	1891
643	1985
1089	1264
1089	1813
1240	1251
1240	1600
1240	1652
1240	1760
570	727
570	746
570	1277
570	1570
1259	1403
1259	1521
1259	1760
1259	1856
1259	1981
1281	1498
337	390
337	1038
337	1324
337	1335
337	1613
337	1838
337	1959
337	1996
389	422
389	642
389	706
389	727
389	1353
389	1835
663	736
663	1027
663	1353
663	1602
663	1886
663	1994
797	1699
797	1774
1126	1134
1126	1315
1126	1385
1126	1660
1126	1807
1126	1957
1549	1836
1549	1838
1121	1555
1121	1892
1325	1938
546	1217
546	1498
546	1503
546	1860
546	1878
917	1038
917	1121
1186	1268
1186	1396
1186	1471
1186	1598
395	400
395	415
395	679
395	878
395	1089
395	1093
395	1662
826	1289
826	1347
1216	1428
1216	1476
1216	1878
156	472
156	681
156	1392
156	1783
156	1790
156	1998
681	1223
681	1503
681	1613
681	1859
681	1957
161	1472
161	1553
161	1630
161	1761
488	603
488	1462
488	1734
488	1885
1237	1511
1237	1538
1360	1476
1360	1878
346	586
346	1368
346	1616
346	1675
346	1866
346	1978
1414	1440
1414	1527
1414	1813
1579	1610
1579	1842
1579	1938
1703	1935
163	440
163	900
163	910
163	1374
163	1743
163	1935
340	485
340	719
340	1000
340	1121
340	1570
340	1614
340	1676
522	734
522	1060
522	1354
522	1411
522	1577
1761	1834
1761	1859
900	1595
900	1806
900	1886
910	945
910	1808
910	1896
1374	1402
1374	1588
1374	1750
1374	1993
1320	1354
273	444
273	470
273	706
273	839
273	886
273	1676
1411	1691
1607	1619
1607	1761
1607	1938
1068	1251
1068	1958
252	323
252	391
252	398
252	399
252	501
252	619
252	643
252	1537
954	1210
954	1224
954	1275
954	1290
954	1393
954	1517
954	1658
954	1788
954	1843
954	1998
972	1038
972	1089
972	1601
972	1737
972	1913
785	818
785	1186
785	1347
1722	1841
416	768
416	1734
1315	1546
1315	1601
1315	1634
1315	1665
749	964
749	1290
749	1430
749	1954
595	734
595	1435
595	1784
595	1811
595	1882
595	1963
501	670
501	1541
1017	1033
1017	1038
1017	1124
1017	1247
1017	1524
1017	1935
175	345
175	604
175	634
175	855
175	1092
175	1175
175	1259
175	1272
175	1290
175	1298
175	1866
175	1994
1272	1963
1290	1309
1290	1373
1290	1439
1290	1580
1290	1584
1290	1597
1290	1629
288	318
288	449
288	501
288	506
288	679
288	981
288	1200
288	1488
288	1910
470	488
470	803
470	1403
470	1533
470	1695
470	1824
1434	1610
1434	1790
1737	1760
1737	1956
583	751
583	831
583	967
583	1232
583	1758
1100	1787
1100	1808
1144	1367
1144	1386
1144	1522
1231	1503
1231	1525
1231	1741
1231	1751
676	1476
676	1527
676	1605
676	1653
1422	1503
1422	1521
1422	1542
1422	1614
1422	1981
1660	1783
968	1067
968	1091
968	1224
968	1700
1534	1570
211	734
211	736
211	1651
575	883
575	1783
1011	1367
1011	1598
1011	1601
1011	1823
1011	1887
481	1402
481	1469
481	1538
481	1630
481	1850
1142	1207
1142	1430
863	1027
863	1055
863	1538
1527	1660
297	506
297	949
297	1012
297	1156
297	1159
411	539
411	790
411	1959
733	847
733	1373
733	1587
733	1629
837	887
837	1127
837	1379
837	1422
837	1428
837	1761
837	1859
1108	1859
1108	1878
1642	1653
1856	1982
191	473
191	569
191	1068
191	1595
526	546
526	594
526	604
526	891
526	1224
526	1703
526	1817
1432	1463
1432	1790
1432	1937
253	332
253	468
253	500
253	673
253	733
253	853
253	1006
253	1202
253	1816
689	725
689	797
689	1409
689	1438
689	1495
689	1498
775	980
775	1133
775	1338
775	1641
775	1644
1354	1371
1354	1592
1354	1773
1354	1832
1354	1870
734	812
734	1153
734	1247
1159	1210
1159	1497
1159	1552
1159	1823
1218	1290
1218	1457
1218	1527
1218	1832
209	676
209	814
209	898
209	1761
237	265
237	697
237	953
237	1235
237	1247
237	1309
237	1310
237	1327
237	1813
1134	1476
1134	1675
1134	1985
247	789
247	986
247	1156
247	1309
247	1368
247	1518
394	785
394	790
394	1144
394	1592
394	1674
394	1855
394	1910
1835	1856
1774	1808
384	478
384	1617
384	1758
384	1806
384	1930
437	495
437	679
437	1233
437	1284
437	1429
594	862
594	924
594	1616
594	1624
594	1843
1165	1255
1165	1335
1165	1386
1165	1587
1165	1617
1165	1954
1173	1411
1173	1834
814	1017
814	1290
814	1463
814	1846
814	1937
898	1139
898	1396
898	1444
898	1527
898	1781
1850	1979
736	969
736	1009
736	1114
736	1665
736	1883
212	755
212	1341
212	1532
212	1639
212	1954
1371	1533
1371	1662
1371	1742
1371	1914
1416	1949
1444	1588
1444	1601
756	1338
756	1495
756	1610
756	1881
756	1891
279	323
279	394
279	613
279	642
279	689
279	1522
279	1995
216	395
216	585
216	789
216	1074
216	1372
216	1926
1074	1702
1074	1790
1074	1995
449	577
449	595
449	784
449	1142
449	1403
449	1577
449	1766
449	1834
1336	1541
1336	1546
1981	1995
339	647
339	790
339	1163
339	1175
339	1512
1739	1841
1739	1891
1739	1970
625	967
625	1006
625	1018
625	1330
625	1537
625	1619
625	1742
625	1985
909	986
909	1555
909	1574
909	1959
1139	1275
1139	1676
1139	1840
1139	1883
652	1000
652	1584
652	1705
652	1761
652	1968
1058	1440
1058	1471
1058	1938
729	853
729	855
729	1251
729	1409
729	1521
729	1615
729	1725
729	1937
729	1958
776	1191
776	1367
776	1470
776	1766
776	1938
545	769
545	925
545	967
545	1806
545	1832
545	1962
536	544
536	757
536	853
536	1018
536	1610
536	1840
1823	1882
1823	1883
1289	1592
1289	1617
1289	1660
1289	1913
1027	1449
1027	1527
344	399
344	415
344	491
344	736
344	1188
344	1315
344	1438
344	1530
1295	1995
1428	1601
1428	1658
1751	1947
986	1429
986	1506
986	1709
1518	1737
1518	1929
1518	1946
1518	1968
248	522
248	778
248	1608
248	1658
391	1159
391	1188
391	1937
391	1985
468	470
468	754
468	1212
468	1533
500	701
500	842
500	862
500	1476
500	1817
500	1846
500	1892
853	993
853	1298
853	1771
1006	1029
1006	1386
1006	1537
1006	1855
1006	1938
1006	1954
1006	1994
1006	1995
444	592
444	866
444	1067
444	1139
444	1258
444	1846
434	1076
434	1347
434	1417
434	1998
1728	1877
471	845
471	1518
471	1835
1644	1720
1644	1733
1644	1858
841	845
841	924
841	961
841	1432
1262	1286
1147	1200
1147	1208
1147	1338
1147	1440
1147	1482
1308	1725
1308	1822
728	839
728	1457
728	1479
728	1577
728	1605
728	1801
728	1896
728	1995
1834	1913
790	1173
790	1415
790	1718
790	1949
1393	1544
1393	1658
1393	1753
1393	1825
1393	1935
1393	1959
1405	1433
1405	1610
1405	1630
1405	1705
1405	1849
1405	1935
1405	1943
300	303
300	335
300	1275
300	1552
300	1836
300	1898
300	1997
1471	1629
1623	1725
1623	1978
642	703
642	961
642	1091
642	1100
642	1308
642	1360
642	1471
642	1620
642	1824
465	783
465	842
465	863
465	1089
465	1191
465	1207
465	1210
465	1316
465	1495
465	1595
465	1832
465	1834
465	1841
465	1961
1956	1978
944	1237
944	1281
944	1834
944	1897
944	1997
296	324
296	689
296	1023
296	1111
296	1272
296	1439
296	1663
1012	1023
1012	1517
1012	1792
1136	1553
1136	1562
1136	1625
1136	1797
831	1027
831	1232
831	1505
831	1627
831	1751
831	1949
1598	1808
1598	1834
1598	1858
1598	1954
478	545
478	625
478	785
478	1007
478	1438
478	1511
478	1702
478	1970
840	1961
1386	1574
1386	1886
1888	1891
1888	1937
1888	1959
610	965
610	1289
1454	1498
1454	1616
1454	1840
1138	1159
1138	1403
1138	1476
1138	1534
1138	1546
1138	1722
1138	1788
1138	1797
860	1010
860	1542
860	1851
860	1874
1217	1233
1217	1327
1217	1527
1217	1703
1152	1463
1152	1782
714	1175
714	1341
1624	1691
1624	1718
1624	1850
352	411
352	497
352	580
352	612
352	1123
352	1158
352	1295
352	1703
648	874
648	1036
648	1286
648	1434
648	1938
576	831
576	841
576	1046
576	1162
576	1195
1948	1993
1574	1763
369	399
369	1418
1699	1742
1699	1836
1699	1890
1699	1949
1282	1824
1282	1892
1391	1641
713	809
713	1072
713	1471
1207	1516
1207	1793
1207	1803
1207	1806
1207	1973
1151	1252
866	887
866	1202
866	1613
866	1733
866	1838
866	1886
504	561
504	608
504	679
504	761
504	809
504	909
504	965
504	1877
504	1979
599	840
599	1264
599	1335
964	1070
964	1323
964	1388
964	1432
964	1613
793	957
793	1405
623	799
623	1252
623	1309
623	1455
623	1562
623	1863
623	1883
1212	1525
1538	1553
1538	1776
1462	1469
1462	1630
1462	1878
701	909
701	1338
701	1458
701	1525
701	1546
1811	1943
561	1353
561	1823
1498	1625
1498	1920
990	1055
990	1200
990	1212
990	1739
990	1949
1440	1553
781	964
781	1320
781	1330
781	1783
751	1200
751	1241
1449	1486
1449	1545
693	1017
693	1275
693	1338
1348	1411
1348	1588
1348	1958
871	1162
871	1228
871	1308
871	1377
871	1449
1588	1623
1588	1882
