# Undirected graph (each unordered pair of nodes is saved once): output/networks/Random64000removeRandom-80percent.txt
# Nodes: 400 Edges: 662
# NodeId	NodeId
995	1557
1	953
1	1238
1	1396
953	1764
1238	1680
1238	1926
1396	1720
65	445
271	527
271	790
271	1186
271	1393
271	1495
271	1675
112	414
112	1297
112	1379
303	654
303	882
303	1134
303	1623
303	1806
154	433
154	1558
1560	1575
1560	1801
298	500
298	509
298	1987
617	648
617	773
617	1427
710	778
1296	1731
1296	1755
1296	1812
1296	1966
7	462
7	563
7	1096
7	1993
462	1806
1096	1163
1096	1254
1096	1454
106	117
106	179
106	579
106	1946
227	1230
227	1464
884	1322
1163	1620
1163	1987
1350	1755
1350	1817
838	1163
838	1356
838	1372
1235	1238
1235	1748
133	519
133	617
1230	1429
1230	1689
11	1143
11	1201
11	1492
11	1702
1143	1189
1143	1720
1201	1495
1201	1566
1201	1798
1492	1697
1492	1938
187	271
187	297
187	837
187	1511
187	1640
13	828
13	1163
13	1735
828	1155
828	1235
1735	1798
1735	1907
1228	1575
85	112
85	319
85	1297
508	509
508	775
508	1594
508	1767
508	1939
509	1301
509	1565
509	1628
509	1845
509	1939
509	1959
509	1991
178	710
178	799
178	1766
511	576
511	805
511	905
511	1268
511	1680
18	123
18	245
18	1033
18	1296
18	1455
18	1504
123	173
123	200
123	421
123	1322
245	1558
245	1766
1455	1505
414	1731
1495	1828
117	1903
259	1037
259	1235
259	1296
259	1493
259	1762
219	1766
219	1893
441	576
459	835
459	884
459	1079
459	1476
459	1959
1168	1557
1168	1840
539	1291
539	1877
1297	1550
1372	1748
1372	1801
1372	1886
48	98
48	1163
914	1041
914	1755
1505	1686
404	1464
404	1493
404	1729
404	1991
267	617
267	728
267	953
267	1297
675	1301
675	1620
27	577
27	818
27	1189
27	1585
27	1594
27	1993
577	650
818	990
818	1498
1189	1369
1189	1575
1585	1743
1466	1946
29	884
29	1312
29	1427
29	1429
1429	1522
1429	1735
1537	1729
1902	1913
1369	1613
1369	1907
192	200
192	1620
799	993
799	1689
991	1287
991	1343
991	1347
991	1397
991	1441
991	1834
1675	1806
496	903
496	1336
496	1834
548	965
1085	1466
650	764
650	809
650	1218
650	1479
242	617
242	1079
242	1550
1683	1743
677	684
677	1455
1515	1828
42	1238
684	806
684	828
684	837
1187	1297
1187	1594
1385	1605
399	993
399	1001
399	1623
1368	1575
1368	1668
1368	1694
280	1646
98	930
98	995
98	1066
98	1399
98	1766
170	1005
170	1297
170	1558
170	1675
409	433
409	1413
1155	1492
1155	1755
1343	1680
533	1254
635	993
52	271
52	1224
1224	1495
1224	1903
53	993
53	1843
53	1877
993	1135
993	1743
122	1359
122	1686
965	1362
1622	1755
903	1668
1005	1143
1024	1735
1041	1262
805	967
805	1394
805	1441
805	1537
805	1729
805	1818
60	283
60	1238
283	488
283	527
283	1634
283	1720
647	1997
418	579
418	662
418	675
418	1296
418	1628
527	1558
527	1835
904	1201
904	1396
904	1622
904	1748
440	991
773	1033
773	1644
773	1735
1362	1622
1362	1787
1557	1694
1806	1959
64	1001
64	1343
1001	1368
445	895
445	1034
445	1593
210	905
210	1369
994	1155
994	1417
1394	1699
1394	1864
720	905
720	1496
720	1537
720	1646
562	799
562	895
562	1566
562	1903
562	1948
1634	1798
784	910
784	1187
784	1565
1578	1885
1034	1393
1034	1511
609	857
609	1913
77	179
77	1557
77	1803
645	895
645	1515
967	1218
967	1466
967	1683
193	253
193	710
193	775
179	904
179	1585
276	500
276	547
276	1689
597	756
597	812
597	1085
597	1287
597	1368
597	1511
597	1904
806	882
806	1268
108	1001
108	1668
882	1622
84	552
552	910
552	1238
552	1818
1720	1743
1720	1812
351	536
351	970
351	1343
547	986
547	1296
547	1803
547	1885
1222	1368
1222	1543
1222	1699
590	1683
590	1903
590	1904
90	1268
90	1743
90	1879
486	1680
669	1748
696	1684
1335	1456
1748	1904
94	117
94	303
94	835
94	1675
835	1620
338	421
338	1033
338	1134
338	1620
778	957
778	1005
778	1268
778	1735
1150	1238
1150	1557
1397	1926
222	491
222	509
1226	1388
1226	1504
930	1613
1066	1505
1766	1787
221	1335
221	1347
221	1835
662	1014
662	1379
662	1449
662	1492
662	1668
662	1720
100	772
100	1155
100	1238
100	1535
772	815
772	882
772	930
1535	1767
207	418
207	433
207	1082
207	1537
215	279
215	459
215	579
215	756
215	1803
521	1186
521	1343
521	1580
521	1640
1070	1226
1070	1624
1070	1640
1070	1879
103	1096
103	1385
905	994
579	815
579	963
579	1085
579	1504
579	1913
856	1680
1413	1767
1413	1843
764	958
809	1885
809	1918
557	1201
557	1417
557	1566
497	1385
497	1454
333	496
333	1798
433	720
433	1496
433	1803
1464	1557
1464	1720
1359	1624
173	414
173	510
173	856
173	1748
200	205
200	269
200	815
200	1187
200	1938
421	818
421	957
421	1138
421	1368
421	1394
812	932
812	991
812	1034
812	1223
812	1585
812	1987
460	1803
321	1015
1149	1993
1479	1613
1479	1628
1885	1902
519	1235
519	1496
134	1163
134	1675
932	1155
932	1907
1558	1634
815	903
815	1515
815	1834
194	227
194	734
194	764
1097	1593
643	819
643	958
643	1543
1015	1735
895	1096
1186	1268
1186	1396
1186	1492
1186	1828
1817	1828
205	437
205	1150
205	1441
205	1769
857	1005
857	1613
156	1769
488	510
488	684
488	1885
1496	1879
1414	1527
910	1845
1632	1879
1002	1812
1209	1372
1209	1393
1209	1605
1646	1767
1646	1787
202	1168
202	1397
202	1557
202	1835
1115	1150
1115	1515
1115	1812
1494	1558
297	1558
837	1379
837	1560
837	1879
253	500
775	1413
775	1644
734	812
1218	1527
431	967
1301	1818
1134	1476
1134	1675
654	1496
654	1668
654	1803
740	1223
740	1987
269	271
269	1522
269	1834
1390	1735
1390	1748
437	963
437	1429
1444	1515
1444	1550
756	1495
279	828
279	1427
279	1522
279	1643
279	1812
1336	1493
664	1115
664	1877
383	462
383	837
776	1766
776	1769
776	1938
234	536
234	1097
536	1394
536	1578
536	1684
536	1840
819	1686
819	1801
1456	1535
1456	1806
986	1429
367	497
367	664
367	1186
367	1268
500	1476
500	1817
254	778
254	806
254	1455
254	1505
1762	1966
1644	1720
841	1369
1262	1296
1291	1399
1291	1879
728	1479
728	1605
728	1801
728	1893
1834	1913
1135	1369
1393	1526
1393	1959
285	662
285	857
285	1441
944	1834
944	1997
294	1505
294	1643
831	914
831	995
831	1505
1680	1835
610	965
610	1168
610	1287
1454	1498
1454	1840
1138	1476
860	1628
860	1762
860	1939
1729	1818
970	1034
970	1334
648	1001
648	1938
576	831
576	841
1948	1993
517	662
517	1082
1628	1686
957	1798
565	664
565	1135
565	1413
565	1454
565	1605
958	1766
1543	1702
1543	1729
1449	1456
665	809
665	884
665	1336
665	1585
