# Undirected graph (each unordered pair of nodes is saved once): output/networks/Random4000removeRandom-75percent.txt
# Nodes: 498 Edges: 247
# NodeId	NodeId
0	926
0	978
978	1848
575	1335
622	1153
382	544
1133	1137
777	1779
536	903
29	1026
29	1188
29	1518
29	1771
1738	1892
13	1024
17	275
146	1663
526	1271
1518	1779
411	569
817	1502
969	1079
727	1267
37	1584
39	59
39	839
59	926
59	1577
59	1653
59	1756
53	796
891	1026
891	1137
891	1451
405	939
451	727
451	1732
65	902
902	1824
760	1181
760	1959
760	1980
869	1188
251	1544
251	1616
251	1948
77	1525
256	860
410	593
410	965
420	1675
276	1749
276	1800
92	743
776	1584
115	1142
654	870
654	1468
101	150
101	365
107	513
107	1573
107	1920
513	1878
1277	1732
550	1159
1567	1824
121	1541
121	1936
122	235
122	1046
122	1647
235	322
123	1846
124	776
708	1429
127	383
127	1502
383	1047
383	1081
383	1675
128	1394
128	1660
128	1873
1660	1941
133	1771
134	275
630	807
630	1079
630	1518
137	173
137	275
137	521
173	1299
295	674
295	1602
141	344
141	1032
1032	1051
733	1094
149	1679
1137	1946
158	1341
223	295
223	1568
415	495
415	1705
397	1055
397	1177
748	1065
1299	1414
176	313
176	501
328	1954
1811	1852
1621	1799
188	1123
188	1743
900	1512
197	633
197	1305
200	245
200	256
200	415
245	533
245	961
707	1414
208	1779
1059	1420
544	739
544	1679
703	743
703	1331
808	1133
986	1378
1312	1710
1378	1699
233	1623
234	501
234	1873
322	1211
238	431
239	903
239	1437
311	343
243	1443
1443	1872
1443	1980
1544	1734
261	271
261	465
261	1872
263	631
263	720
1382	1621
306	1892
269	1147
327	1729
294	1266
303	766
303	1169
766	1799
305	520
343	1511
343	1666
1018	1977
494	512
671	891
671	1728
334	745
624	1777
1511	1722
354	766
354	1460
373	595
364	1882
468	1468
1347	1419
1347	1946
1464	1592
1464	1873
1081	1373
384	1573
395	1139
540	1169
1055	1290
593	1438
593	1926
569	1891
413	415
413	891
413	1649
413	1891
1861	1946
421	1447
454	1121
689	1026
689	1848
477	624
1456	1460
488	785
488	1312
785	1277
512	978
1231	1583
968	1679
932	1779
1006	1335
523	1422
523	1811
523	1865
600	1137
538	1121
538	1130
739	1047
1154	1507
1154	1592
1373	1445
873	1592
1438	1955
1218	1544
807	926
676	1777
1209	1511
1267	1512
731	839
731	1934
1094	1238
1065	1592
1065	1873
1439	1850
1538	1882
816	1116
825	1934
826	1429
1797	1965
1038	1946
866	1593
897	1920
1282	1602
1012	1567
1457	1605
1827	1865
1091	1394
1198	1666
1198	1963
1637	1663
