# Undirected graph (each unordered pair of nodes is saved once): output/networks/Random8000removeDegree-40percent.txt
# Nodes: 1207 Edges: 1344
# NodeId	NodeId
507	1342
507	1886
591	849
591	1695
1712	1750
1	245
1	1983
245	1375
245	1868
529	1886
1366	1520
1480	1643
1480	1891
1520	1595
251	1502
161	934
161	1334
161	1821
326	1222
326	1938
356	385
356	1241
356	1588
356	1749
450	965
1069	1152
132	1724
132	1735
277	336
277	506
277	754
277	1796
722	765
722	845
722	1514
722	1881
627	1044
804	992
804	994
1008	1261
1008	1790
1411	1606
1443	1608
1526	1593
133	294
133	580
1295	1439
1295	1497
1380	1416
1380	1463
1380	1757
1793	1833
1793	1847
459	558
539	1254
539	1914
659	1863
659	1973
1234	1718
1522	1680
472	783
569	898
569	1255
1169	1277
1169	1380
1169	1928
10	493
10	817
817	1654
817	1869
11	115
11	784
11	969
11	1879
115	824
115	1550
784	1078
12	832
12	1130
12	1484
832	1288
1130	1903
571	1188
571	1733
571	1927
1592	1784
259	459
259	1853
259	1947
535	958
535	1063
674	780
708	836
957	1423
957	1771
957	1979
16	301
16	974
16	1681
301	1077
301	1266
301	1970
17	993
17	1418
18	761
18	884
18	936
884	1616
884	1737
936	1521
376	1514
1323	1811
20	102
20	1252
102	569
1252	1879
21	518
21	556
21	1895
556	1945
308	1035
308	1106
580	671
580	1676
714	1024
802	929
862	1452
862	1557
23	376
23	1384
23	1612
24	361
361	403
361	468
25	812
812	818
812	1102
812	1828
159	599
159	1649
634	851
925	1266
925	1396
27	755
27	1358
28	1140
28	1318
1140	1570
1318	1536
1318	1544
29	442
29	1186
29	1531
442	467
442	609
442	780
1186	1251
30	514
514	846
514	911
514	1557
31	1442
31	1619
1442	1723
1442	1949
506	770
506	1147
593	607
593	947
593	1117
916	1171
916	1724
43	247
43	674
43	1031
43	1455
264	1159
785	818
785	1740
785	1741
951	974
951	994
35	191
35	354
35	904
191	1796
191	1989
354	893
904	1420
266	391
266	944
266	1094
805	1487
1117	1241
1117	1747
1117	1769
236	802
462	646
462	1030
462	1874
878	1588
878	1896
198	271
198	1037
1027	1167
1076	1667
1102	1528
39	939
39	1089
39	1282
39	1637
939	1046
1089	1297
1637	1724
40	876
41	450
41	1444
42	222
42	1738
222	1862
247	1382
247	1955
1031	1503
44	1317
45	467
45	720
45	733
467	920
467	1901
720	1472
733	1068
465	1133
465	1812
935	1998
1019	1489
1298	1384
47	292
47	1425
292	443
292	1614
136	418
136	1270
427	626
1472	1541
256	934
256	1189
563	1484
1390	1400
767	1100
767	1275
771	1880
771	1920
851	1221
851	1894
851	1913
994	1533
1030	1261
1030	1967
1273	1828
1606	1640
1815	1996
199	588
199	939
199	959
199	1206
421	1375
679	753
679	1029
846	1501
1071	1920
171	557
171	1337
171	1558
385	600
385	1426
385	1876
631	1755
825	1112
888	999
888	1364
54	68
54	1538
68	539
68	1111
68	1157
69	1348
234	336
234	755
234	1546
898	1687
56	132
56	653
653	1156
57	697
57	1468
1468	1951
134	548
134	954
134	1430
434	1819
60	1502
60	1701
60	1832
61	1643
1643	1773
709	1366
709	1950
1313	1543
1313	1668
63	941
63	1654
403	800
403	1559
1378	1680
230	1273
66	80
66	330
66	782
66	1210
80	1270
80	1808
330	1371
782	1151
782	1558
1210	1356
1210	1701
67	105
67	110
105	1077
105	1285
105	1440
110	482
1111	1531
1111	1772
1157	1250
1348	1399
1311	1697
1702	1746
310	920
1014	1323
87	765
87	1488
399	413
399	752
111	510
111	852
111	966
350	815
406	1031
406	1451
1276	1550
1276	1663
93	1442
93	1691
93	1803
307	1951
1006	1303
1006	1486
1006	1988
99	545
99	1025
99	1676
99	1795
1142	1197
1142	1327
1151	1775
1151	1811
1152	1188
76	159
76	1432
600	1303
600	1768
822	1561
1241	1632
78	450
78	544
78	551
78	1747
544	1264
544	1935
551	767
551	1268
124	427
124	791
124	831
124	1737
130	551
130	991
1808	1812
368	434
368	1837
368	1921
482	1695
531	823
531	824
531	947
1010	1292
1010	1350
1499	1872
1499	1950
1729	1874
82	806
82	1463
82	1795
806	1101
1795	1940
1795	1951
420	1540
681	1123
681	1538
960	1082
960	1140
960	1852
877	1841
1048	1298
1048	1608
1853	1873
179	235
179	1509
449	472
449	546
449	1040
449	1168
617	749
617	1616
1100	1276
141	209
141	624
141	1647
523	807
523	1079
523	1580
641	842
641	1398
641	1617
1166	1334
1488	1634
172	231
172	1044
742	873
742	1460
824	904
1135	1501
1640	1944
90	890
90	989
90	1559
989	1270
989	1304
91	563
91	937
91	1285
937	1002
937	1949
337	846
337	1045
337	1337
524	1398
660	670
660	1653
1399	1807
1568	1859
776	1166
776	1226
1002	1284
95	1422
95	1647
95	1674
1422	1742
96	332
96	557
96	829
332	432
137	1215
137	1995
1539	1660
226	699
226	1592
843	1579
1552	1752
545	555
100	1810
100	1969
342	424
342	1358
342	1531
342	1697
823	1065
823	1435
311	399
311	1588
334	421
334	1241
654	1464
1364	1860
1844	1869
104	497
104	1008
497	501
497	1305
497	1375
1077	1763
748	1396
297	354
297	1420
542	1136
542	1285
644	1561
811	939
811	1100
811	1762
1351	1677
294	433
294	678
471	1056
471	1231
471	1510
1430	1497
1430	1616
1724	1845
109	170
109	429
109	1107
109	1399
429	1587
429	1995
1107	1288
1107	1485
510	1072
966	1718
966	1930
620	1048
620	1139
1715	1819
1715	1923
113	330
113	420
113	1946
167	1409
167	1491
167	1539
167	1632
491	1683
491	1920
1467	1810
686	1080
686	1432
992	1522
992	1836
347	1903
948	1681
253	1803
1123	1895
1304	1514
1304	1949
119	1164
119	1521
119	1981
479	724
479	891
479	1203
508	772
508	1382
508	1566
193	206
193	748
193	964
513	1127
513	1454
526	717
526	1965
1029	1483
1029	1712
123	593
123	1068
123	1581
1068	1396
791	1390
125	298
125	1156
125	1317
298	1156
298	1742
1156	1503
126	251
126	316
126	633
126	1002
316	1125
316	1478
316	1583
633	664
633	845
127	1311
127	1431
128	701
129	525
129	936
129	1367
991	1666
131	1062
1062	1675
1062	1909
1735	1901
548	1026
548	1647
135	935
135	1552
418	637
1215	1624
1215	1765
138	645
138	1283
645	917
645	1330
438	1199
438	1810
594	886
594	1532
594	1972
1171	1333
1171	1755
599	907
964	1497
209	573
624	650
624	1320
142	457
142	674
142	1186
142	1701
457	1367
143	840
760	1012
1216	1273
1216	1297
1216	1567
1085	1633
1096	1242
1096	1384
1203	1897
146	351
351	631
351	1308
897	964
148	838
148	898
148	1543
148	1841
149	209
149	592
592	1334
592	1646
150	314
150	1637
150	1780
314	721
314	1728
151	157
151	381
151	550
157	1966
381	1358
381	1844
388	981
388	1343
177	1174
177	1531
372	1968
696	1083
696	1317
696	1451
696	1926
704	991
704	1206
704	1835
156	457
158	1238
160	335
160	681
160	1478
335	418
335	724
1478	1737
162	213
162	660
162	1585
213	396
213	1123
213	1714
431	807
883	1556
883	1732
1357	1486
1357	1726
1357	1901
164	1785
164	1842
499	1449
499	1526
576	1113
582	1787
807	1938
1409	1847
1491	1534
1491	1563
168	770
168	1106
168	1372
770	1071
1106	1673
169	1614
231	838
1044	1658
176	964
1174	1683
235	1777
1509	1805
842	1305
1590	1736
1668	1671
181	635
181	1123
635	1049
635	1375
182	716
182	1683
716	954
716	1672
319	569
671	707
671	1190
411	890
411	1293
411	1673
772	1627
185	1100
185	1627
1627	1658
1627	1832
1666	1765
1666	1791
408	793
408	1530
408	1927
1035	1698
1398	1746
963	1417
963	1976
1787	1966
189	529
189	1924
1924	1950
1197	1461
1197	1676
192	764
192	1406
764	776
764	1614
764	1662
206	1916
194	735
735	1077
735	1563
232	387
797	1568
797	1625
318	1128
318	1164
417	1563
417	1821
886	1223
1040	1346
1040	1712
271	944
271	982
271	1752
1037	1416
200	673
200	914
200	1670
673	982
673	1084
914	1967
914	1996
325	608
325	1288
325	1821
636	918
818	1320
1435	1891
203	212
203	452
203	682
212	723
212	1293
452	920
452	1400
452	1750
1248	1873
1583	1683
205	1981
207	399
207	1096
207	1998
573	610
573	1904
396	1515
396	1612
396	1732
607	705
607	1444
345	1567
762	895
762	1065
762	1274
762	1402
1498	1785
1498	1879
1792	1832
248	553
648	1075
648	1851
355	1873
358	1719
217	326
217	417
218	358
218	1254
218	1988
1196	1448
512	1084
512	1146
221	1909
428	507
428	1904
868	1634
868	1788
868	1906
1181	1893
646	993
646	1695
646	1987
706	1068
706	1164
706	1624
706	1808
1268	1697
699	1924
227	749
227	1083
749	1762
1083	1302
1081	1186
1081	1284
1346	1538
1346	1752
1346	1765
229	1243
229	1431
387	814
387	1377
233	540
233	1468
233	1995
540	1356
540	1420
540	1445
237	512
238	623
238	1274
238	1784
623	816
1274	1333
239	1425
239	1484
240	520
240	1852
240	1923
520	1736
242	556
242	1367
483	1513
244	1527
244	1672
246	380
246	969
246	1632
246	1811
380	840
1382	1770
553	1860
249	1250
1250	1252
1250	1255
1143	1784
416	602
501	1112
1752	1785
689	1418
689	1649
1218	1463
1218	1693
1189	1355
441	894
1481	1770
489	658
489	1681
849	1857
260	653
260	766
766	1881
348	864
348	1809
407	917
407	1736
393	1075
393	1377
393	1426
393	1930
391	1092
267	682
267	1528
267	1916
268	975
975	1203
975	1672
270	1249
982	1356
982	1549
272	1595
272	1706
1595	1718
455	1118
998	1089
1773	1828
1773	1989
392	707
275	1084
1548	1662
1548	1976
973	1774
1041	1179
1041	1295
1041	1466
711	1732
711	1830
468	568
468	1263
1129	1249
1725	1972
734	754
734	828
605	698
605	968
605	1979
717	1579
717	1771
1514	1515
390	1155
390	1159
726	1803
1426	1581
1441	1641
287	618
287	1069
287	1853
618	704
618	1297
873	1010
929	954
929	1552
902	1765
902	1906
443	938
313	1990
559	1006
559	1693
1133	1729
433	1013
433	1076
433	1687
678	1838
678	1916
1524	1582
341	392
341	1218
683	844
683	1025
683	1527
1277	1425
816	1264
306	371
306	635
306	1329
306	1518
371	1194
371	1665
1518	1520
1518	1742
1518	1862
309	673
309	1697
309	1932
309	1956
721	783
721	1133
721	1837
1728	1850
1101	1111
1101	1211
1128	1653
321	536
321	831
536	999
1464	1480
370	1932
1222	1292
1222	1740
1938	1956
327	788
328	455
328	1549
1549	1775
329	333
329	1501
329	1973
432	937
432	1891
432	1938
724	1819
1045	1771
338	861
338	954
338	1436
861	1320
546	828
546	1701
546	1738
424	457
424	1203
424	1402
1703	1830
1703	1896
1412	1495
1451	1989
1413	1764
1155	1270
1121	1813
357	886
1719	1842
779	1167
855	957
855	1266
1167	1206
360	1072
362	1364
362	1546
362	1849
362	1989
480	705
480	1136
460	1412
460	1995
1232	1556
1232	1732
374	1460
374	1566
374	1723
374	1941
950	1036
950	1151
950	1305
950	1671
1914	1930
1914	1935
1194	1711
373	1017
373	1497
1017	1371
1017	1688
1200	1259
1200	1350
1200	1710
651	1658
651	1893
651	1909
891	1539
891	1809
384	998
384	1188
570	798
570	1021
570	1139
968	1315
968	1559
1377	1676
863	1413
863	1550
863	1927
1075	1129
1075	1921
768	888
768	1294
768	1315
967	1308
967	1441
698	1944
577	1159
577	1832
413	709
413	1293
1935	1944
401	726
401	1903
402	1723
1466	1544
917	1118
410	1468
412	1562
412	1830
412	1913
1562	1669
1562	1955
414	1282
602	948
602	1488
637	1190
637	1714
828	843
1540	1634
747	905
1532	1816
1731	1781
1731	1868
1213	1548
1416	1940
650	1343
650	1413
650	1868
626	793
626	902
446	748
446	797
446	1526
1214	1318
1214	1634
1214	1691
448	1242
453	659
453	852
453	1433
997	1895
458	1677
1387	1841
1387	1876
568	1130
568	1850
1263	1377
1263	1733
538	1816
538	1950
1056	1772
1056	1983
1781	1790
1755	1903
488	1239
488	1288
1662	1904
875	1036
875	1491
875	1768
875	1860
484	761
484	916
484	1025
1105	1366
1105	1548
486	969
1064	1215
1064	1616
1064	1636
1239	1411
794	1160
794	1171
794	1449
794	1509
494	1593
494	1710
1258	1443
1258	1849
496	686
1487	1510
502	1263
502	1590
502	1757
712	960
712	1065
712	1881
918	1251
918	1909
1080	1791
1147	1343
509	660
509	1700
1454	1466
1454	1558
911	1368
911	1567
911	1787
1557	1777
516	1126
516	1791
1126	1139
836	855
1039	1174
715	1221
715	1432
715	1690
610	718
610	1131
1079	1382
1079	1561
1079	1731
947	1543
664	1932
647	1828
656	1487
656	1557
656	1671
907	989
907	1062
907	1606
555	583
555	1896
549	708
549	772
549	1606
927	1194
927	1292
927	1364
927	1576
583	1691
583	1928
1347	1700
1347	1813
1347	1921
1227	1333
564	1901
564	1920
1255	1524
1021	1037
1021	1084
1021	1204
575	902
575	1037
575	1291
1113	1451
584	771
584	1533
586	1291
586	1653
586	1788
1049	1617
1050	1166
1050	1168
1303	1750
1204	1583
1204	1632
1204	1945
603	1323
1237	1774
1131	1387
1131	1691
1294	1556
1297	1498
619	855
1512	1879
845	920
845	1140
1299	1407
670	1976
1220	1291
1220	1562
667	753
667	1965
675	681
675	1433
680	1788
687	1220
687	1834
1834	1835
1834	1996
1688	1775
695	836
695	1213
695	1836
1368	1480
1368	1561
1679	1755
1718	1980
1439	1629
1439	1688
1439	1769
1087	1431
1087	1816
1087	1871
871	940
895	1757
895	1845
795	1157
795	1837
795	1843
996	1218
996	1998
1333	1534
792	1243
792	1624
1160	1988
940	1019
827	1401
827	1944
827	1958
1350	1673
1134	1436
1544	1759
903	1587
1525	1895
1525	1967
1383	1513
1383	1922
1383	1969
1383	1983
1541	1850
1790	1833
1109	1350
1302	1675
1302	1690
1198	1444
1289	1399
1289	1524
1405	1582
1405	1659
1582	1784
