# Undirected graph (each unordered pair of nodes is saved once): output/networks/Random8000removeDegree-45percent.txt
# Nodes: 1108 Edges: 948
# NodeId	NodeId
507	1342
507	1886
591	849
591	1695
1712	1750
1	245
1	1983
245	1375
245	1868
529	1886
1366	1520
1520	1595
251	1502
161	934
161	1334
161	1821
326	1222
450	965
1069	1152
132	1735
627	1044
804	992
804	994
1008	1261
1008	1790
1443	1608
1526	1593
133	294
133	580
1793	1833
1793	1847
459	558
539	1254
539	1914
659	1863
659	1973
1522	1680
472	783
1169	1277
1169	1928
10	493
10	817
817	1654
817	1869
115	824
115	1550
784	1078
12	832
12	1130
12	1484
571	1188
571	1733
571	1927
259	459
259	1853
259	1947
535	958
535	1063
674	780
708	836
957	1423
957	1771
957	1979
16	974
16	1681
17	993
17	1418
18	761
18	884
18	936
884	1737
936	1521
376	1514
1323	1811
20	102
20	1252
1252	1879
21	518
21	556
556	1945
308	1035
308	1106
580	671
714	1024
802	929
862	1452
23	376
23	1384
23	1612
24	361
361	403
361	468
25	812
812	818
812	1102
159	599
159	1649
634	851
925	1266
925	1396
27	755
27	1358
28	1140
1140	1570
29	442
442	609
442	780
30	514
514	846
31	1619
506	770
506	1147
593	607
593	947
916	1171
264	1159
785	818
785	1740
785	1741
951	974
951	994
35	191
35	354
35	904
191	1796
191	1989
354	893
904	1420
266	391
266	944
266	1094
805	1487
236	802
462	1030
462	1874
878	1588
878	1896
198	271
198	1037
1027	1167
1076	1667
1102	1528
39	1089
39	1282
39	1637
1089	1297
40	876
41	450
41	1444
42	222
42	1738
222	1862
247	1382
247	1955
1031	1503
44	1317
45	720
45	733
720	1472
465	1133
465	1812
935	1998
1019	1489
1298	1384
47	292
47	1425
292	443
292	1614
136	418
427	626
1472	1541
256	934
256	1189
563	1484
1390	1400
767	1275
771	1880
851	1221
851	1894
851	1913
994	1533
1030	1261
1030	1967
1815	1996
199	588
199	959
199	1206
421	1375
679	753
679	1029
846	1501
171	557
171	1337
171	1558
385	600
385	1426
385	1876
631	1755
825	1112
888	999
888	1364
54	1538
69	1348
234	336
234	755
234	1546
898	1687
56	132
56	653
57	697
134	548
134	1430
434	1819
60	1502
61	1643
1643	1773
709	1366
1313	1543
1313	1668
63	941
63	1654
403	800
403	1559
1378	1680
230	1273
80	1808
330	1371
782	1558
1210	1356
67	110
110	482
1111	1772
1348	1399
1311	1697
1702	1746
310	920
1014	1323
87	765
87	1488
111	510
111	852
111	966
350	815
406	1031
1276	1550
1276	1663
93	1803
307	1951
99	545
99	1025
1142	1197
1142	1327
1152	1188
76	159
76	1432
600	1303
600	1768
822	1561
1241	1632
544	1264
544	1935
551	767
551	1268
130	551
130	991
1808	1812
368	434
368	1837
368	1921
482	1695
531	823
531	824
531	947
1010	1292
1499	1872
1729	1874
82	806
82	1463
806	1101
420	1540
877	1841
1048	1298
1048	1608
1853	1873
179	235
179	1509
617	749
141	209
141	624
141	1647
523	807
523	1580
641	842
641	1398
641	1617
1166	1334
172	231
172	1044
742	873
742	1460
824	904
1135	1501
90	890
90	989
90	1559
989	1304
91	563
91	1285
337	846
337	1045
337	1337
524	1398
660	670
660	1653
1399	1807
1568	1859
776	1166
776	1226
1002	1284
95	1422
95	1647
95	1674
1422	1742
96	332
96	557
96	829
332	432
1539	1660
226	699
226	1592
843	1579
1552	1752
545	555
100	1810
100	1969
342	424
342	1358
342	1697
823	1065
823	1435
311	1588
334	421
334	1241
654	1464
1364	1860
1844	1869
104	1008
1077	1763
748	1396
297	354
297	1420
542	1136
542	1285
644	1561
811	1762
1351	1677
294	678
471	1056
471	1231
471	1510
429	1587
1107	1485
510	1072
966	1930
620	1048
620	1139
1715	1819
1715	1923
113	330
113	420
113	1946
1467	1810
686	1080
686	1432
992	1522
992	1836
948	1681
253	1803
1304	1514
1304	1949
119	1164
119	1521
119	1981
479	724
479	891
508	772
508	1382
508	1566
193	206
193	748
193	964
513	1127
513	1454
526	717
526	1965
1029	1483
1029	1712
123	593
123	1581
791	1390
125	298
125	1317
298	1742
316	1125
316	1478
316	1583
633	664
633	845
127	1311
127	1431
128	701
129	525
129	936
129	1367
991	1666
131	1062
1062	1675
1735	1901
548	1026
548	1647
135	935
135	1552
418	637
138	645
138	1283
645	917
645	1330
438	1199
438	1810
594	886
594	1532
594	1972
1171	1755
599	907
209	573
624	1320
142	674
143	840
760	1012
1216	1273
1216	1297
1216	1567
1085	1633
1096	1242
1096	1384
146	351
351	631
351	1308
897	964
149	209
149	592
592	1334
592	1646
150	314
150	1637
150	1780
314	1728
151	157
151	381
151	550
157	1966
381	1358
381	1844
388	981
388	1343
177	1174
372	1968
696	1083
696	1317
696	1926
158	1238
160	335
160	1478
335	418
335	724
1478	1737
162	213
162	660
162	1585
213	1123
213	1714
431	807
883	1556
883	1732
1357	1486
1357	1726
1357	1901
164	1785
164	1842
499	1449
499	1526
576	1113
582	1787
1409	1847
1491	1534
1491	1563
168	770
168	1106
168	1372
770	1071
1106	1673
169	1614
231	838
1044	1658
176	964
235	1777
1509	1805
842	1305
1590	1736
1668	1671
181	635
181	1123
635	1049
635	1375
182	716
716	1672
671	707
671	1190
411	890
411	1293
411	1673
772	1627
185	1627
1627	1658
1666	1765
1666	1791
408	793
408	1530
408	1927
1035	1698
1398	1746
963	1417
963	1976
1787	1966
189	529
189	1924
1197	1461
192	1406
206	1916
194	735
735	1077
735	1563
232	387
797	1568
797	1625
318	1128
318	1164
417	1563
417	1821
886	1223
1040	1712
271	944
271	1752
1037	1416
200	673
200	914
200	1670
673	1084
914	1967
914	1996
325	608
325	1821
636	918
818	1320
1435	1891
203	212
203	682
212	723
212	1293
1248	1873
205	1981
207	1096
207	1998
573	610
573	1904
607	705
607	1444
345	1567
1498	1785
1498	1879
248	553
648	1075
648	1851
355	1873
358	1719
217	326
217	417
218	358
218	1254
218	1988
1196	1448
512	1084
512	1146
428	507
428	1904
868	1788
868	1906
1181	1893
706	1164
706	1624
706	1808
1268	1697
699	1924
227	749
227	1083
749	1762
1083	1302
1081	1284
229	1243
229	1431
387	814
387	1377
237	512
238	623
238	1274
623	816
239	1425
239	1484
240	520
240	1852
240	1923
520	1736
242	556
242	1367
483	1513
244	1527
244	1672
380	840
1382	1770
553	1860
416	602
501	1112
1752	1785
689	1418
689	1649
1189	1355
441	894
1481	1770
489	658
489	1681
849	1857
260	653
260	766
766	1881
348	864
348	1809
407	917
407	1736
391	1092
267	682
267	1528
267	1916
268	975
975	1672
270	1249
272	1595
272	1706
455	1118
998	1089
1773	1989
392	707
275	1084
1548	1662
1548	1976
973	1774
1041	1179
1041	1295
1041	1466
711	1732
711	1830
468	568
1129	1249
1725	1972
734	754
734	828
605	698
605	968
605	1979
717	1579
717	1771
1514	1515
390	1155
390	1159
726	1803
1426	1581
1441	1641
287	618
287	1069
287	1853
618	1297
873	1010
929	1552
443	938
313	1990
559	1693
1133	1729
678	1838
678	1916
1524	1582
341	392
683	844
683	1025
683	1527
1277	1425
816	1264
371	1194
371	1665
1518	1520
1518	1742
1518	1862
1728	1850
1101	1111
1101	1211
1128	1653
321	536
321	831
536	999
370	1932
1222	1292
1222	1740
327	788
328	455
328	1549
1549	1775
329	333
329	1501
329	1973
432	1891
724	1819
1045	1771
338	861
338	1436
861	1320
546	828
546	1738
424	1402
1703	1830
1703	1896
1412	1495
1413	1764
1121	1813
357	886
1719	1842
779	1167
855	957
855	1266
1167	1206
360	1072
480	705
480	1136
460	1412
1232	1556
1232	1732
950	1036
950	1305
950	1671
1914	1930
1914	1935
1194	1711
373	1017
1017	1371
1017	1688
1200	1259
1200	1710
651	1658
651	1893
891	1539
891	1809
384	998
384	1188
570	798
570	1139
968	1315
968	1559
863	1413
863	1550
863	1927
1075	1129
1075	1921
768	888
768	1294
768	1315
967	1308
967	1441
577	1159
413	709
413	1293
401	726
402	1723
1466	1544
917	1118
412	1830
412	1913
414	1282
602	948
602	1488
637	1190
637	1714
828	843
747	905
1532	1816
1731	1781
1731	1868
1213	1548
1416	1940
626	793
446	748
446	797
446	1526
448	1242
453	659
453	852
453	1433
458	1677
1387	1841
1387	1876
568	1130
568	1850
538	1816
1056	1772
1056	1983
1781	1790
488	1239
1662	1904
875	1036
875	1491
875	1768
875	1860
484	761
484	916
484	1025
1105	1366
1105	1548
486	969
1064	1636
1239	1411
494	1593
494	1710
1258	1443
1258	1849
496	686
1487	1510
502	1590
502	1757
712	1065
712	1881
918	1251
1080	1791
1147	1343
509	660
509	1700
1454	1466
1454	1558
516	1126
516	1791
1126	1139
836	855
1039	1174
715	1221
715	1432
715	1690
610	718
610	1131
947	1543
664	1932
656	1487
656	1671
907	989
907	1062
555	583
555	1896
549	708
549	772
583	1928
1347	1700
1347	1813
1347	1921
564	1901
1255	1524
575	1037
575	1291
584	771
584	1533
586	1291
586	1653
586	1788
1049	1617
1050	1166
1050	1168
1303	1750
1204	1583
1204	1632
1204	1945
603	1323
1237	1774
1131	1387
1294	1556
1297	1498
619	855
1512	1879
845	920
845	1140
1299	1407
670	1976
1220	1291
667	753
667	1965
675	1433
680	1788
687	1220
687	1834
1834	1835
1834	1996
1688	1775
695	836
695	1213
695	1836
1368	1561
1679	1755
1087	1431
1087	1816
1087	1871
871	940
895	1757
895	1845
795	1157
795	1837
795	1843
996	1998
792	1243
792	1624
1160	1988
940	1019
827	1401
827	1958
1134	1436
1544	1759
903	1587
1525	1967
1541	1850
1790	1833
1302	1675
1302	1690
1198	1444
1289	1399
1289	1524
1405	1582
1405	1659
