# Undirected graph (each unordered pair of nodes is saved once): output/networks/Random4000removeCentrality-10percent.txt
# Nodes: 1772 Edges: 2765
# NodeId	NodeId
370	671
792	1560
926	929
1250	1444
1397	1399
1	1149
1	1809
1149	1936
2	575
2	622
2	1152
575	587
575	1335
622	753
622	1153
622	1717
1152	1541
3	1315
4	382
4	868
4	1503
4	1638
4	1903
4	1989
382	544
382	561
1503	1515
1638	1844
5	1126
5	1260
5	1757
5	1820
1126	1582
1126	1605
1126	1655
1260	1401
1757	1942
6	377
6	495
6	684
6	952
6	1028
377	979
377	1201
377	1481
377	1847
952	1256
952	1294
952	1386
952	1887
7	582
7	1473
7	1880
7	1913
582	1579
582	1857
374	503
374	1698
374	1919
746	1118
962	1006
962	1620
1750	1985
9	462
9	1308
9	1396
9	1801
9	1937
462	601
462	1010
1308	1506
1396	1488
584	586
584	813
584	1173
811	1688
811	1909
911	1291
1449	1495
11	42
11	914
11	1230
11	1369
11	1442
42	66
914	1439
1230	1349
1230	1621
1230	1951
1442	1516
12	476
12	1132
12	1738
12	1783
476	796
1132	1370
1132	1824
1738	1892
13	390
13	635
13	1024
390	1005
1024	1129
14	68
14	531
14	657
14	1631
14	1833
68	144
531	982
531	1465
657	1115
657	1903
1631	1753
15	850
15	1407
15	1808
850	975
850	1013
850	1899
1407	1516
1709	1923
17	275
17	795
17	1041
275	1321
795	1531
1041	1652
1041	1900
18	1401
18	1854
1401	1970
19	114
19	970
114	1910
114	1914
970	1039
20	264
20	621
20	1197
20	1961
264	1376
264	1382
264	1506
621	1466
621	1595
21	1338
1338	1504
22	1085
22	1507
22	1599
22	1984
1085	1499
1507	1721
23	44
23	75
23	146
23	236
23	926
23	935
44	828
44	1534
75	154
75	209
75	1601
146	1663
236	909
236	1214
236	1662
935	1083
470	1284
470	1329
470	1358
470	1452
543	733
543	735
547	1553
547	1584
549	631
549	1157
549	1294
549	1379
549	1421
1455	1621
1455	1680
25	560
25	1117
560	872
560	1138
1117	1118
26	186
26	1052
26	1250
186	391
186	457
186	685
186	1299
1052	1274
1052	1365
1052	1815
1052	1828
27	120
27	521
27	701
27	717
27	1821
120	704
120	1680
521	1956
701	1106
701	1731
701	1910
717	917
717	1807
28	770
28	1029
770	1140
770	1813
1029	1522
290	327
290	972
996	1922
1026	1393
1518	1718
1518	1830
30	885
30	1157
30	1553
885	921
885	1496
1157	1709
1553	1866
31	411
31	588
31	817
31	830
31	1246
31	1275
411	418
411	508
411	569
411	1239
588	802
588	874
588	1542
588	1941
817	1270
817	1502
817	1808
1246	1714
1275	1868
32	969
32	1143
32	1865
969	1079
969	1319
1143	1480
33	958
33	1729
34	392
34	727
34	1537
392	517
392	564
392	640
392	885
392	1064
727	1146
727	1267
727	1588
727	1609
1537	1608
35	47
35	310
35	1531
47	626
47	924
47	1203
310	719
310	1270
36	656
656	700
656	811
656	1311
656	1680
656	1961
37	632
37	695
37	1584
632	963
632	974
632	1445
632	1559
632	1892
695	895
38	627
38	1067
627	697
1067	1960
39	59
39	833
39	839
59	926
59	1577
59	1653
59	1756
59	1993
833	857
833	1408
833	1797
839	1284
839	1376
723	1383
723	1507
1296	1644
1296	1944
1474	1683
1474	1962
41	642
41	939
41	1563
642	722
642	1422
939	1352
66	262
66	922
66	977
43	272
43	752
272	783
272	1182
752	1080
752	1566
752	1612
752	1812
828	1013
1534	1625
45	151
45	382
45	542
151	670
151	1076
151	1510
542	1240
542	1549
542	1863
542	1944
46	351
46	476
46	1220
46	1488
46	1576
351	1197
1220	1676
1220	1975
1488	1896
626	710
626	1160
1203	1731
48	54
48	865
48	887
48	1516
54	250
54	262
54	1238
54	1749
865	971
887	915
887	1540
1516	1559
993	1420
993	1500
993	1611
1146	1479
1146	1489
1146	1547
1146	1576
50	96
50	213
50	928
96	438
96	834
213	387
213	550
213	1350
928	1143
51	274
51	350
51	721
51	1114
274	1421
274	1928
721	1235
721	1667
721	1774
1114	1233
1114	1974
52	1151
52	1997
1151	1226
148	237
148	484
796	1780
823	855
823	1620
940	1387
1664	1825
250	1284
250	1808
250	1994
262	838
1238	1325
1238	1578
1238	1925
55	728
55	1422
55	1823
55	1896
728	1492
728	1566
728	1671
728	1774
56	891
56	1284
56	1960
891	1026
891	1451
1284	1907
57	369
57	378
57	405
57	1510
369	456
369	674
369	756
369	1347
405	859
405	939
405	1208
405	1300
58	284
58	1380
58	1582
284	1878
60	1420
60	1496
1420	1509
1420	1739
61	451
61	642
61	1009
61	1790
61	1981
451	727
451	1732
62	159
62	586
62	1058
62	1293
62	1413
159	341
159	457
586	855
586	1599
1058	1487
63	989
63	1206
989	1352
989	1642
64	1215
64	1463
64	1855
65	858
65	902
65	1599
902	964
902	1824
977	1175
977	1408
67	250
67	448
67	1205
67	1352
448	927
1205	1817
144	302
144	345
144	1015
144	1609
144	1786
218	1114
218	1181
218	1533
983	1970
1139	1417
1139	1913
70	1415
71	645
71	684
645	1278
72	387
72	555
387	437
387	828
387	1907
555	1743
555	1906
73	1658
73	1962
209	693
209	1129
209	1387
209	1489
1601	1930
76	262
76	312
76	380
76	806
312	1200
312	1443
312	1611
380	704
380	778
806	1505
77	1525
87	886
87	1370
256	860
256	1293
256	1343
722	789
722	1023
722	1674
1892	1981
79	757
757	802
757	1167
757	1399
757	1510
80	410
80	1246
80	1360
80	1945
410	593
410	965
410	1150
410	1396
410	1683
1360	1593
81	205
205	231
205	729
205	787
205	1077
82	1852
82	1993
1852	1945
83	981
83	1951
981	1989
84	209
84	276
276	617
276	823
276	1749
276	1800
85	1880
85	1937
86	316
886	1107
886	1784
88	547
88	1223
1223	1353
1223	1454
1223	1883
1223	1929
89	1005
1005	1136
1005	1248
1005	1919
90	658
90	798
90	863
90	1906
90	1949
863	1912
863	1939
1949	1959
91	434
91	1228
91	1606
91	1804
434	438
434	821
434	844
92	138
92	743
92	951
138	382
138	922
138	1966
951	1305
951	1464
951	1732
93	252
93	1302
93	1453
93	1664
93	1928
252	842
1302	1892
1302	1918
1453	1838
1928	1994
115	608
115	893
115	1142
115	1397
634	840
710	747
710	802
710	1830
771	800
771	932
771	1696
984	1270
95	466
95	714
466	1224
466	1880
466	1889
714	783
714	1156
714	1316
714	1693
438	1144
97	174
97	1509
97	1782
97	1897
174	463
174	1863
1509	1696
1782	1820
1782	1896
1897	1930
98	654
98	1972
654	870
654	1468
99	153
99	969
153	824
100	1470
100	1495
100	1698
100	1824
1470	1562
1470	1955
1495	1713
1495	1785
1495	1855
1698	1857
101	150
101	365
101	1600
150	367
150	647
150	1819
365	377
365	794
365	827
365	924
1600	1664
102	563
563	907
563	1606
103	1622
1622	1630
105	404
105	1614
105	1623
105	1663
1614	1685
1614	1715
1623	1831
106	1540
106	1928
106	1952
1540	1768
107	513
107	1391
107	1573
107	1920
513	1769
513	1878
108	252
108	497
108	936
108	1171
108	1197
936	1558
1171	1388
109	227
109	859
109	1197
109	1367
109	1543
227	1468
859	1328
110	282
110	1160
110	1589
282	1168
282	1387
1160	1449
1160	1729
1160	1964
111	323
111	1090
323	426
323	723
112	299
112	1781
112	1926
299	1193
299	1505
299	1746
1781	1894
113	132
113	1342
113	1407
113	1655
1342	1460
1655	1804
608	1390
608	1621
893	922
893	1111
1142	1922
116	1277
116	1605
116	1840
1277	1732
1605	1943
117	157
117	412
117	652
117	788
117	1902
117	1994
157	556
157	716
157	1062
157	1293
157	1636
157	1724
412	941
652	694
652	1512
788	1064
788	1604
118	550
550	763
550	1159
119	316
119	1266
119	1323
119	1567
119	1842
119	1884
1266	1467
1323	1694
1567	1824
704	992
121	187
121	1102
121	1497
121	1541
121	1936
187	325
187	443
187	879
187	1178
187	1893
122	235
122	880
122	913
122	1046
122	1647
235	322
235	1671
235	1833
913	927
913	1725
1046	1168
123	696
123	1506
696	1390
124	196
124	1377
124	1413
124	1765
196	1057
196	1128
196	1246
1377	1492
1377	1808
219	703
219	808
219	1224
219	1709
307	867
307	1785
357	576
1243	1283
1243	1871
126	708
126	905
126	1303
708	1039
708	1252
708	1944
905	1168
1303	1395
127	1502
1502	1908
335	1328
335	1654
1452	1527
1660	1941
129	283
129	875
129	933
129	1288
283	1274
875	1524
875	1814
933	1398
933	1560
131	1254
131	1759
1759	1782
1759	1805
1759	1854
1759	1964
133	1253
133	1735
1253	1871
1253	1929
1735	1915
134	275
134	407
134	1483
134	1815
407	575
407	1382
407	1407
135	1690
136	594
136	653
136	1863
594	1698
594	1868
594	1986
137	173
137	275
137	521
137	1316
137	1715
137	1969
173	642
173	1299
173	1537
139	295
295	674
295	1602
295	1639
295	1897
140	963
140	1775
140	1860
963	1491
963	1502
963	1758
1775	1917
141	344
141	479
141	1032
141	1307
141	1654
344	1216
479	487
479	823
1032	1051
1307	1505
1307	1762
1654	1977
142	399
142	582
142	733
142	847
399	1421
399	1612
733	981
733	1094
733	1715
847	1170
143	300
143	389
143	845
300	489
389	645
389	1984
845	1662
302	491
302	719
1015	1020
1015	1729
1609	1908
145	241
145	262
145	310
145	1104
241	667
241	688
241	1652
241	1778
1104	1701
147	1643
484	1440
484	1510
484	1951
484	1988
149	1679
367	643
367	908
1819	1878
670	758
670	1160
670	1292
670	1513
1076	1430
1076	1517
152	390
152	1132
152	1344
152	1467
1344	1760
1467	1568
155	1036
1036	1375
156	1399
156	1822
1399	1991
556	1614
1062	1456
1062	1636
1062	1744
158	308
158	935
158	944
158	1341
308	1413
308	1985
341	771
341	1965
457	1035
160	694
160	992
160	1010
160	1778
992	1001
161	418
161	1934
418	1274
500	938
500	968
953	1299
1555	1672
1752	1926
163	223
163	288
163	470
163	1583
163	1783
223	295
223	815
223	1568
288	618
288	834
288	1107
1583	1600
1583	1908
164	697
165	440
165	1645
165	1802
440	738
440	1305
440	1823
1645	1999
1802	1907
166	1896
167	419
167	1225
167	1297
167	1949
419	489
419	626
419	907
419	1080
419	1717
1225	1321
1297	1355
1297	1769
168	911
169	230
169	552
169	984
169	1778
169	1812
230	1244
230	1484
552	981
171	879
171	1727
171	1787
879	906
1727	1827
1727	1886
172	397
172	724
172	748
172	1574
172	1923
172	1974
397	1055
397	1175
397	1473
748	1065
748	1627
1299	1414
463	926
463	1670
175	1404
175	1556
175	1745
175	1950
1404	1903
1745	1831
176	313
176	501
176	635
176	883
176	1317
313	1886
501	1629
501	1731
883	1355
883	1670
883	1993
1317	1525
1317	1749
1317	1932
177	236
177	1328
177	1991
1328	1353
178	404
178	706
178	1308
179	447
179	1784
447	607
447	1715
1784	1989
328	1835
328	1847
1811	1852
181	1108
1108	1507
1108	1955
182	367
182	1165
182	1497
182	1555
1165	1969
183	851
851	995
851	1069
184	1555
185	971
185	1109
185	1621
971	1650
971	1947
1109	1639
1621	1799
391	1109
685	1302
325	436
325	494
325	1915
443	686
443	818
443	971
443	1500
1178	1956
1893	1917
188	966
188	1078
188	1150
188	1743
188	1863
966	1789
1150	1598
189	253
189	552
189	1307
253	432
253	560
190	1401
190	1485
190	1487
1485	1745
191	231
191	1848
231	725
231	1203
231	1339
231	1378
231	1435
231	1609
192	1484
192	1563
1484	1512
1484	1514
1484	1836
193	277
193	292
193	769
277	406
277	1558
292	795
292	1633
292	1708
292	1730
769	1232
769	1594
287	887
287	1197
287	1856
527	905
698	901
698	903
698	1077
195	226
195	410
195	517
195	920
195	974
195	1430
226	1021
226	1400
517	834
517	1434
517	1800
974	1207
1128	1546
1128	1626
1128	1950
197	491
197	633
197	1141
197	1305
197	1448
197	1587
491	864
633	1510
633	1607
633	1886
1448	1875
198	587
198	747
198	791
198	1303
198	1603
587	1984
747	1622
791	871
791	1169
791	1940
199	333
199	879
199	1102
199	1585
333	836
333	1170
333	1953
1585	1591
1585	1693
585	1085
585	1303
736	848
736	1108
736	1131
201	295
201	651
201	1959
651	849
651	1286
202	768
202	1036
202	1104
202	1495
768	808
768	880
768	920
768	1678
768	1775
203	480
203	579
203	820
203	874
203	1638
480	798
480	1456
480	1636
579	821
579	971
820	1095
820	1764
820	1834
874	1614
416	590
416	870
416	1842
424	871
1641	1959
729	851
787	1645
1077	1714
207	461
207	817
207	1583
461	551
461	1261
208	980
208	1220
980	1000
693	1363
693	1864
1129	1164
1129	1307
1129	1422
1129	1433
1129	1599
1489	1659
210	1059
210	1374
210	1788
1059	1420
1059	1931
267	306
267	734
267	1214
267	1546
267	1687
212	219
212	1419
1350	1627
214	1563
215	589
215	1172
215	1889
589	803
589	873
216	347
216	740
216	1053
347	844
740	749
740	952
740	1562
1053	1381
1053	1753
544	739
544	1088
544	1416
544	1679
1565	1589
1181	1960
1533	1594
703	743
703	1331
808	1234
808	1958
808	1997
220	986
220	1031
220	1844
220	1911
986	1378
221	486
221	620
221	1312
221	1988
486	1193
620	1903
620	1975
1312	1677
1312	1710
1312	1996
742	758
742	870
742	960
742	1173
1119	1606
1799	1829
1568	1754
225	829
829	1197
1021	1460
228	514
228	933
228	1363
228	1478
228	1551
514	1228
514	1862
1363	1493
1551	1764
229	302
229	1858
1244	1718
1244	1787
725	1475
1378	1699
232	329
232	386
232	1026
232	1444
329	1257
386	1167
386	1528
233	1623
233	1630
233	1958
1630	1700
234	501
234	610
234	648
234	846
234	888
234	1873
610	1235
610	1511
648	867
648	1901
846	1038
888	1250
888	1666
888	1722
322	1191
322	1211
322	1860
1671	1731
1671	1901
909	913
238	431
431	1311
431	1424
239	439
239	903
239	1437
903	1193
903	1224
903	1530
240	522
240	1401
522	790
667	1419
688	931
242	311
242	812
242	1296
242	1729
812	964
812	1028
243	698
243	1443
244	958
244	1404
244	1572
244	1694
244	1788
533	962
961	1654
246	1697
247	1275
247	1393
247	1706
247	1714
1393	1898
248	516
248	774
516	1049
774	923
249	293
249	771
293	341
293	1301
293	1329
293	1427
691	1497
919	1370
919	1685
842	1588
432	604
432	956
254	587
254	848
254	972
254	1448
254	1601
254	1754
972	1028
255	1199
1199	1571
860	957
1343	1647
1343	1678
1343	1697
1343	1873
257	653
257	1733
257	1860
257	1907
258	539
258	1304
258	1491
258	1706
258	1828
539	874
539	1309
539	1754
1304	1860
1828	1871
259	310
414	993
414	1494
414	1625
414	1864
1056	1072
1279	1436
1279	1506
1279	1655
1322	1437
271	475
271	1013
271	1088
271	1587
465	1961
465	1981
578	1325
578	1725
852	1629
852	1739
852	1886
1309	1563
838	1656
263	435
263	631
263	643
263	1547
435	581
435	888
435	1577
643	917
1382	1621
265	631
265	1045
265	1075
1045	1788
1045	1976
1075	1142
1075	1279
1100	1614
1100	1703
306	1316
306	1892
734	1230
734	1347
734	1805
734	1906
1546	1786
268	306
268	452
268	564
268	1508
452	635
452	1889
564	1002
1508	1838
269	690
269	944
269	1147
269	1758
1147	1681
1758	1770
270	953
270	1105
270	1326
1105	1259
1105	1727
1326	1547
1326	1679
1326	1772
475	499
475	618
475	1533
1013	1240
1013	1322
783	1495
1182	1502
1421	1503
1321	1684
1321	1936
617	892
617	946
1800	1857
278	714
278	1099
278	1961
1099	1493
279	371
279	912
279	1132
279	1614
371	469
371	599
371	919
371	1105
371	1972
912	1527
912	1960
280	724
280	1039
280	1359
1359	1376
1359	1935
281	948
281	965
281	1015
281	1775
281	1875
948	1320
948	1608
285	1304
285	1370
285	1466
285	1903
1466	1990
821	838
1226	1236
1578	1696
1856	1923
1856	1963
618	1218
618	1627
1107	1238
289	1525
327	563
327	659
327	1729
327	1773
947	1024
947	1689
1633	1810
1301	1772
1301	1783
294	602
294	614
294	1266
294	1904
602	805
602	842
602	1233
614	1878
296	881
296	1278
881	1935
297	587
298	981
298	1451
1193	1497
1193	1889
1505	1687
1746	1868
489	1071
489	1728
489	1802
301	556
301	1860
301	1998
719	1084
719	1201
303	766
303	1169
303	1570
766	1799
1169	1994
304	516
304	1656
305	704
305	1176
1176	1489
867	1218
867	1439
309	496
309	1325
309	1682
496	624
496	1231
496	1472
496	1562
1325	1856
1270	1435
1270	1455
1200	1358
1200	1686
1200	1788
1200	1801
1200	1832
314	748
314	805
314	1896
805	815
805	1287
805	1458
805	1928
805	1972
315	347
315	1837
315	1974
317	741
317	1018
317	1135
741	1847
1018	1977
1135	1362
1135	1594
1135	1861
318	380
318	491
318	591
318	1229
318	1453
591	627
591	1068
1229	1513
319	439
319	691
319	933
319	1232
319	1817
1232	1427
320	1205
320	1300
1191	1332
1191	1552
426	611
324	877
324	1103
877	1297
877	1304
877	1348
436	550
494	512
1915	1966
326	608
326	723
326	1566
659	1017
659	1936
1835	1921
1257	1601
1257	1789
330	1383
330	1400
330	1653
330	1801
330	1967
1383	1474
1383	1967
331	671
331	1174
331	1249
331	1945
671	891
671	1728
1174	1391
1249	1391
1249	1600
332	388
332	1257
332	1462
388	1252
388	1403
388	1960
1462	1599
836	1262
836	1355
836	1877
1170	1406
334	745
334	829
334	1273
334	1833
745	1023
336	624
624	1691
337	532
337	716
337	1247
337	1319
337	1696
532	1401
1247	1788
338	1543
339	688
339	751
340	389
340	904
340	1169
340	1838
340	1904
342	506
342	915
342	1362
506	1592
506	1597
506	1712
915	983
915	1947
1362	1376
927	1288
927	1393
1511	1722
1511	1812
1216	1579
1216	1710
1216	1752
1216	1894
844	951
844	1381
348	1939
349	1271
1271	1815
352	1403
353	902
353	1391
353	1665
353	1899
1665	1999
354	418
354	766
354	1460
356	373
356	448
356	898
356	1166
356	1275
356	1800
373	595
373	1334
373	1897
898	1207
576	1571
576	1943
358	1009
358	1047
359	1019
359	1336
359	1828
1019	1028
1019	1494
1336	1341
1336	1393
1336	1633
1336	1905
361	1031
831	993
364	656
364	1882
794	1722
827	1492
827	1585
827	1647
468	1199
468	1468
908	1083
368	954
368	956
368	1106
456	689
756	1456
756	1935
1347	1419
469	710
469	1140
469	1319
469	1899
599	1047
599	1080
599	1151
372	428
372	437
428	674
437	990
437	1136
437	1473
595	605
595	1087
595	1565
1334	1354
503	1280
503	1421
503	1643
503	1940
503	1942
1919	1943
375	1237
375	1644
1237	1378
1237	1650
376	430
376	906
430	624
430	1436
906	1511
979	1149
1201	1207
1201	1345
606	896
606	1315
778	1270
568	988
568	1067
1122	1463
1464	1540
1464	1592
1464	1873
561	612
561	1314
561	1355
561	1953
735	1062
735	1415
735	1890
1081	1103
1081	1373
1081	1503
1081	1642
384	946
384	1125
384	1573
384	1590
384	1970
946	1115
946	1401
1590	1613
1590	1844
1476	1628
1167	1207
1167	1278
1167	1619
1528	1691
1252	1472
640	1698
1064	1508
1064	1560
1064	1893
393	1575
393	1868
394	756
394	1460
394	1723
396	540
396	818
540	1169
540	1283
540	1309
540	1585
818	1259
1055	1290
1175	1598
398	683
398	1469
398	1866
683	1220
683	1318
683	1409
683	1802
1469	1890
400	824
400	1631
400	1643
401	414
401	750
401	818
750	915
750	1404
750	1527
403	1430
1208	1847
409	1216
409	1605
409	1705
409	1841
593	706
593	1438
593	1926
508	656
569	667
569	1843
569	1860
1239	1901
941	1377
941	1804
413	881
413	891
413	1649
413	1826
1494	1555
1494	1819
1494	1901
680	1348
680	1788
680	1832
681	1040
681	1110
590	831
590	1670
870	1010
870	1346
870	1558
870	1796
1861	1870
1861	1966
907	1943
1080	1205
1080	1836
749	1076
421	908
421	1447
1447	1549
1447	1834
1447	1999
423	875
423	1757
871	958
871	959
871	1131
425	789
425	802
425	1078
425	1669
425	1871
789	1096
1871	1977
611	955
427	795
1526	1712
1627	1963
1436	1936
1311	1333
1311	1890
1311	1922
1424	1597
1424	1894
433	1248
433	1374
433	1436
433	1702
1248	1921
1702	1783
581	647
581	1049
581	1561
581	1775
1136	1757
1136	1917
1144	1175
1144	1228
1144	1724
1144	1963
738	1057
738	1233
738	1363
738	1515
738	1529
442	920
442	1162
442	1585
686	1227
1500	1849
444	1174
444	1400
445	669
445	1370
669	836
669	1397
669	1741
446	599
446	953
607	921
607	1009
449	835
449	1128
450	1728
454	822
454	1121
454	1170
454	1620
822	1329
822	1348
1620	1835
455	842
689	1026
689	1848
1035	1235
478	1178
478	1424
1791	1861
459	899
459	1251
899	1519
1251	1290
1251	1768
460	694
460	857
460	1327
460	1434
460	1972
857	1035
857	1399
1434	1500
1434	1725
551	1184
551	1547
551	1656
551	1858
551	1904
1261	1363
1261	1578
601	924
601	1686
1670	1780
467	585
1140	1417
1358	1372
1358	1444
1358	1845
471	665
471	1873
665	878
665	951
665	1912
472	1446
472	1815
1446	1759
1446	1862
473	598
473	1103
598	751
598	1167
598	1875
474	689
474	756
474	1326
474	1534
477	624
487	1461
487	1781
487	1795
1456	1460
481	782
481	840
481	1205
481	1572
782	977
782	1343
840	1010
840	1149
840	1467
482	1356
1356	1379
1356	1940
483	717
485	1988
1461	1476
1461	1896
488	785
488	1306
488	1312
488	1685
785	1248
785	1277
1685	1708
1685	1877
1071	1381
1071	1528
490	1424
864	1315
864	1405
726	1226
1042	1491
1042	1613
493	635
493	1621
1231	1583
1231	1796
1231	1950
1562	1593
1562	1714
498	1549
1549	1651
1549	1786
1549	1933
938	1562
938	1569
968	1232
968	1486
968	1679
1629	1649
502	968
502	1465
502	1639
1465	1843
730	817
730	1381
932	1412
960	1254
505	703
505	850
505	1803
1803	1912
1592	1888
1592	1898
1712	1829
507	1072
507	1325
507	1517
507	1922
511	1257
511	1640
1640	1714
515	577
515	659
515	684
515	876
515	1006
515	1119
577	1687
577	1951
876	1084
876	1432
876	1776
876	1892
1006	1335
1006	1691
1006	1881
1049	1184
1049	1807
518	1056
519	557
519	659
519	693
557	996
557	1237
557	1292
557	1561
999	1197
999	1535
790	1443
790	1999
523	1422
523	1811
523	1865
523	1945
525	564
525	654
525	1261
1586	1692
1586	1914
528	990
530	1706
530	1890
982	1413
535	1515
535	1813
1870	1953
538	1121
538	1130
1283	1628
1283	1706
541	606
1240	1754
1240	1882
739	849
739	1047
739	1633
1416	1759
1416	1863
889	961
889	1250
889	1489
889	1723
889	1838
546	970
546	1445
546	1955
546	1988
1294	1788
763	801
763	1376
763	1504
1159	1969
1207	1427
554	797
554	1154
554	1999
797	1538
1154	1257
1154	1352
1154	1507
1154	1592
1154	1618
1154	1630
1292	1398
638	1526
638	1855
638	1859
559	1221
872	1056
872	1426
872	1784
1138	1441
1138	1480
1138	1645
1138	1929
612	840
612	1354
612	1372
612	1463
612	1793
1355	1638
1276	1354
1276	1829
1681	1983
1002	1310
566	584
566	1733
566	1754
567	1241
567	1625
567	1834
1241	1903
988	1629
988	1712
570	924
570	1546
571	988
571	1128
571	1344
572	663
572	915
572	1373
663	893
663	1947
1373	1445
1373	1701
1373	1843
573	1361
1361	1400
1361	1524
1361	1649
1313	1499
1313	1867
1335	1816
1335	1868
1335	1924
1571	1692
1571	1983
580	787
580	1125
580	1148
1148	1855
1579	1693
1579	1999
813	867
813	884
813	1248
813	1822
1173	1585
1173	1878
855	1506
873	1263
873	1565
873	1592
873	1937
592	1452
592	1490
592	1768
1490	1901
1768	1956
1438	1955
605	708
605	1090
605	1736
605	1919
1087	1490
596	759
596	1374
759	1412
759	1956
597	1520
597	1564
597	1839
1520	1747
1520	1996
1564	1694
1839	1863
959	1256
959	1486
603	1244
603	1473
603	1488
603	1654
603	1678
896	931
896	1015
1390	1418
1235	1727
1372	1601
613	674
613	1104
1814	1865
616	740
616	811
1218	1571
1218	1924
619	795
619	929
929	1305
1595	1790
753	756
753	1790
625	761
625	1763
625	1810
761	1027
761	1336
761	1752
761	1765
1810	1811
628	706
628	859
628	1597
629	841
629	1291
629	1790
807	926
807	1249
807	1561
1079	1480
1079	1884
636	806
636	943
943	1585
637	1504
637	1829
1692	1815
641	769
641	882
641	1517
641	1971
882	1182
882	1482
882	1505
917	1386
644	1036
646	1236
1236	1513
1236	1530
649	1315
649	1899
849	1047
849	1218
1286	1689
1512	1906
655	942
655	975
655	1248
655	1762
655	1775
655	1875
975	1085
700	1413
660	807
861	922
861	1110
664	1574
664	1858
878	1241
878	1443
878	1959
666	1321
666	1576
666	1690
666	1722
668	1018
668	1812
668	1840
1741	1966
672	851
672	1792
672	1967
973	1380
973	1603
702	1331
702	1345
1083	1894
1083	1934
676	1003
676	1108
676	1199
1003	1116
1003	1484
1003	1658
1003	1746
677	973
677	1142
677	1716
678	1273
1677	1920
1348	1842
1040	1903
1110	1417
1110	1451
1227	1474
1227	1578
786	1442
786	1558
786	1978
931	1096
692	1019
692	1553
895	973
895	984
901	1131
699	971
1331	1870
1414	1781
709	1028
709	1099
709	1791
711	799
711	904
711	1513
711	1663
711	1776
799	1416
712	1695
1156	1510
1156	1909
715	1209
715	1753
1209	1511
1084	1224
1084	1910
1023	1061
1023	1865
1475	1788
1475	1993
1267	1512
1381	1440
731	839
731	1021
731	1582
731	1934
732	835
732	1413
1094	1238
1805	1865
1529	1990
1365	1942
1365	1994
1118	1144
1118	1316
1065	1592
1065	1873
754	1935
755	1243
755	1259
1412	1656
1412	1760
1412	1925
1412	1976
1027	1743
1027	1784
762	1029
801	1192
801	1551
764	837
764	938
764	1053
764	1143
764	1486
1486	1819
1439	1514
1439	1850
800	1619
800	1662
772	955
772	1986
773	1322
773	1712
773	1787
923	1865
923	1875
923	1885
779	973
779	1081
779	1421
779	1942
780	804
780	1577
804	937
1332	1732
784	1833
1604	1812
1096	1669
1096	1685
964	1773
1538	1882
937	1009
937	1582
1458	1732
1458	1905
1458	1959
1234	1890
1234	1945
809	940
809	1045
809	1690
809	1731
810	1472
884	1221
884	1611
884	1896
1195	1313
1195	1324
1195	1593
816	949
816	1116
816	1367
949	1408
1737	1969
1095	1319
825	1934
826	1554
826	1912
1033	1327
1033	1935
1408	1961
1797	1965
843	1653
1038	1825
1069	1430
1069	1832
853	1518
853	1801
1349	1967
1816	1820
1816	1944
957	979
957	1016
957	1066
957	1162
866	1593
866	1695
1593	1694
1593	1706
1346	1543
1263	1884
1432	1508
1432	1951
1482	1753
1111	1132
894	1752
897	1308
897	1920
1519	1620
1282	1602
1386	1552
918	1402
918	1627
918	1825
1402	1696
930	955
1398	1727
934	1274
934	1384
934	1626
1384	1991
1569	1601
945	1326
1320	1789
1320	1956
950	1642
950	1934
1256	1433
1016	1141
1016	1898
1016	1958
1066	1862
967	1105
967	1419
967	1750
976	1815
1000	1962
987	1067
987	1328
987	1904
1001	1079
1001	1153
1001	1563
1001	1633
1001	1634
994	1118
994	1256
994	1695
994	1931
994	1945
997	1062
998	1344
1535	1983
1634	1706
1004	1902
1004	1988
1007	1623
1008	1201
1008	1983
1684	1912
1684	1939
1012	1251
1012	1567
1012	1613
1613	1683
1020	1530
1020	1608
1022	1937
1061	1985
1025	1320
1030	1086
1086	1967
1375	1986
1037	1149
1037	1299
1037	1363
1043	1365
1043	1390
1043	1673
1043	1947
1050	1626
1054	1239
1054	1807
1060	1182
1744	1902
1222	1513
1222	1627
1457	1515
1457	1605
1905	1973
1073	1279
1073	1859
1074	1197
1480	1730
1480	1967
1827	1865
1499	1795
1091	1500
1092	1652
1092	1963
1093	1157
1493	1909
1101	1384
1101	1984
1417	1896
1265	1801
1441	1731
1164	1388
1164	1687
1164	1735
1164	1764
1134	1649
1145	1466
1155	1253
1155	1793
1163	1514
1163	1985
1406	1930
1648	1844
1180	1292
1180	1591
1186	1725
1186	1864
1187	1481
1187	1692
1189	1415
1552	1886
1324	1398
1324	1445
1198	1666
1198	1963
1204	1733
1212	1714
1213	1237
1213	1321
1213	1548
1213	1576
1548	1986
1454	1514
1454	1609
1245	1297
1245	1548
1255	1296
1255	1368
1255	1474
1255	1602
1366	1901
1264	1315
1285	1351
1289	1465
1289	1735
1395	1664
1371	1586
1425	1669
1471	1764
1471	1947
1659	1723
1659	1731
1532	1782
1651	1741
1651	1961
1637	1663
1751	1860
1751	1937
1755	1789
1927	1928
