# Undirected graph (each unordered pair of nodes is saved once): output/networks/Random64000removeCentrality-35percent.txt
# Nodes: 1300 Edges: 4752
# NodeId	NodeId
213	340
213	910
213	1121
213	1416
213	1444
213	1532
213	1731
213	1977
372	429
372	512
372	900
372	1035
372	1117
372	1514
487	591
487	769
487	1073
487	1596
487	1750
584	946
584	949
584	1189
633	862
633	885
633	963
633	1178
633	1731
633	1817
633	1972
912	1359
912	1391
912	1945
925	1160
925	1166
925	1666
933	1066
933	1222
933	1320
933	1684
963	1667
963	1696
1013	1136
1013	1171
1013	1876
1223	1382
1223	1460
1223	1943
1331	1684
1331	1796
1554	1915
1747	1886
1863	1984
1873	1881
1873	1888
1873	1933
1	36
1	223
1	424
1	666
1	861
1	1215
1	1561
36	69
36	75
36	549
36	707
36	1258
36	1427
36	1455
36	1675
36	1848
223	339
223	664
223	1652
223	1903
424	456
424	565
424	692
424	1359
424	1599
424	1714
666	950
666	1151
666	1444
666	1449
666	1651
861	1731
861	1912
861	1975
1215	1925
1561	1655
1561	1671
65	445
65	691
65	762
65	1021
65	1071
266	358
266	441
266	508
266	1169
266	1308
266	1977
374	595
374	1109
374	1282
374	1664
374	1963
376	977
376	1644
452	730
452	817
452	912
452	997
452	1109
452	1267
452	1293
452	1697
452	1755
612	816
612	1081
612	1277
612	1394
612	1745
1175	1557
1175	1661
1175	1848
1196	1333
1196	1439
1663	1895
3	112
3	226
3	428
3	750
3	862
3	1225
3	1469
112	164
112	414
112	769
112	1255
112	1379
112	1610
112	1704
112	1810
226	544
226	694
226	960
226	1084
226	1139
226	1327
226	1933
428	487
428	705
428	825
428	878
428	1090
428	1262
428	1747
428	1849
750	912
750	983
750	1831
862	921
862	957
862	1045
862	1478
862	1672
862	1734
1225	1281
1225	1713
1225	1942
1225	1997
1469	1498
1469	1808
4	129
4	154
4	355
4	451
4	571
4	718
4	1082
4	1420
4	1480
4	1560
4	1641
129	387
129	402
129	534
129	823
129	1455
129	1485
129	1584
154	566
154	959
154	1300
154	1597
154	1651
154	1920
154	1992
355	393
355	864
355	984
355	1333
355	1418
451	606
451	813
451	1169
451	1414
571	744
571	746
571	1579
571	1595
718	1045
718	1097
718	1160
718	1634
718	1844
718	1867
1082	1233
1082	1416
1082	1435
1082	1460
1082	1549
1082	1584
1082	1774
1420	1869
1480	1543
1480	1592
1560	1575
1560	1682
1560	1774
1560	1801
1560	1844
1641	1833
1641	1924
1641	1974
5	124
5	274
5	298
5	996
5	1357
5	1911
5	1941
124	325
124	505
124	1358
124	1388
124	1599
274	418
274	1343
274	1674
274	1780
298	397
298	430
298	500
298	1419
298	1797
298	1990
996	1035
996	1277
996	1584
996	1781
1357	1689
1357	1743
293	1173
293	1404
293	1485
293	1513
293	1614
293	1962
393	641
393	771
393	800
393	1267
393	1320
393	1837
432	857
432	1420
432	1554
432	1837
697	802
697	998
697	1240
697	1500
716	820
716	878
716	944
716	1626
716	1811
716	1922
802	1326
802	1358
802	1365
802	1732
844	985
844	1621
844	1704
844	1816
1072	1151
1072	1164
1072	1207
1072	1333
1072	1399
1353	1560
1662	1742
1662	1910
1662	1941
33	143
33	275
33	607
33	923
33	1025
33	1038
33	1129
33	1331
33	1373
33	1552
62	345
62	368
62	418
62	527
62	904
62	1067
62	1189
62	1232
62	1678
109	534
109	856
109	978
109	1102
188	403
188	546
188	732
188	1052
188	1181
188	1264
188	1481
188	1508
188	1669
462	1536
462	1687
462	1813
462	1829
462	1968
506	577
506	1194
506	1220
506	1695
506	1858
752	856
752	1081
752	1677
1096	1193
1244	1536
1244	1590
1545	1647
1545	1814
1545	1922
1547	1574
1547	1984
1572	1898
1572	1948
1759	1773
1759	1956
106	117
106	579
106	582
106	700
106	947
106	1458
106	1946
107	131
107	350
107	428
107	463
107	634
107	1732
107	1789
227	385
227	652
227	985
227	1230
227	1435
430	481
430	652
430	697
430	891
430	1363
430	1865
463	477
463	623
463	640
463	654
463	1668
463	1773
463	1908
463	1992
884	1322
1030	1280
1030	1497
1030	1703
1030	1886
1030	1997
1188	1887
1332	1638
1332	1812
1350	1469
1350	1572
1350	1755
1350	1817
1524	1634
1524	1742
1714	1803
1893	1908
9	838
9	922
9	1232
9	1358
9	1406
9	1647
9	1679
922	1391
922	1746
922	1772
922	1830
1358	1546
1358	1624
1358	1654
1358	1657
1358	1748
1406	1777
1679	1777
10	124
10	133
10	408
10	939
10	1223
10	1230
10	1402
10	1409
133	1448
133	1677
133	1708
408	660
408	737
408	940
408	1035
408	1288
408	1975
939	1435
939	1517
939	1708
1230	1429
1230	1532
1230	1689
1230	1721
1230	1912
1402	1936
1402	1952
63	440
63	585
63	993
63	1379
63	1557
63	1816
268	869
268	1382
268	1559
268	1679
566	1907
723	836
723	1228
723	1406
723	1415
723	1742
723	1759
1110	1331
1110	1440
1110	1448
1110	1657
1143	1189
1143	1772
1201	1566
1208	1216
1208	1628
1208	1637
1492	1697
1702	1890
12	197
12	725
12	1007
12	1156
12	1465
12	1556
12	1596
12	1887
197	250
197	323
197	688
197	891
197	1301
197	1690
197	1696
197	1863
725	932
725	937
725	1849
1007	1633
1156	1194
1156	1215
1156	1220
1156	1447
1156	1890
1465	1829
1465	1956
1556	1820
1556	1911
1596	1674
1596	1757
13	244
13	356
13	427
13	514
13	723
13	828
13	1437
13	1457
13	1497
13	1513
13	1881
244	393
244	520
244	601
244	986
244	1511
356	372
356	568
356	585
356	813
356	984
356	1284
356	1624
356	1734
356	1900
427	524
427	646
427	761
427	1365
427	1708
514	750
514	780
514	816
514	1721
514	1844
828	1365
828	1738
828	1796
1437	1687
1457	1517
1497	1975
1497	1990
1513	1816
1513	1858
14	937
14	1621
14	1627
14	1812
14	1896
14	1946
937	1017
937	1390
937	1829
937	1970
1627	1727
1896	1946
1896	1964
15	36
15	782
15	915
15	946
15	1029
15	1228
15	1327
15	1353
15	1384
15	1930
782	999
782	1099
782	1170
782	1248
782	1749
782	1894
782	1903
782	1972
915	1008
915	1698
946	1151
946	1560
1029	1108
1029	1336
1029	1536
1029	1984
1228	1432
1228	1575
1228	1804
1327	1336
1327	1749
1384	1652
1384	1726
1384	1952
45	204
45	342
45	360
45	670
45	829
45	983
45	1322
45	1547
85	112
85	319
85	730
85	887
85	997
85	1283
85	1355
85	1384
85	1933
388	439
388	541
388	1282
388	1380
388	1447
388	1717
508	568
508	798
508	1594
508	1627
508	1767
780	958
780	1187
780	1478
780	1662
1389	1416
1389	1849
1389	1867
1555	1658
1555	1682
1555	1920
17	116
17	178
17	199
17	922
17	1007
17	1059
17	1284
17	1544
116	166
116	331
116	418
116	557
116	1692
116	1859
178	583
178	711
178	744
178	799
178	1100
178	1610
178	1813
199	247
199	654
199	740
199	797
199	1492
199	1550
199	1582
1059	1169
1059	1461
1059	1650
1059	1654
1284	1434
1284	1757
1284	1907
1544	1547
1544	1590
1544	1757
123	385
123	421
123	770
123	804
123	1322
123	1908
141	194
141	760
141	1683
141	1791
141	1816
141	1905
141	1968
243	331
243	846
243	931
243	959
243	1111
243	1295
245	305
245	743
245	929
245	1048
245	1412
897	959
897	1802
966	1332
966	1704
966	1831
1033	1158
1033	1432
1185	1544
1185	1566
1185	1648
1185	1773
1185	1789
1258	1376
1258	1524
1258	1999
1400	1427
1400	1446
1400	1961
19	238
19	376
19	385
19	414
19	469
19	702
19	1544
19	1710
19	1717
238	819
238	925
238	1363
238	1663
238	1721
385	1025
385	1121
385	1215
385	1242
385	1490
385	1507
414	1169
414	1215
414	1731
469	970
469	1047
469	1721
469	1795
702	1545
702	1893
20	117
20	213
20	732
20	762
20	804
20	1102
20	1244
20	1602
20	1620
117	397
117	1220
117	1781
117	1793
117	1903
732	810
732	823
732	1100
732	1178
732	1193
762	884
762	1223
762	1295
762	1423
762	1465
762	1698
762	1734
762	1801
804	843
804	1749
1102	1192
1102	1578
1102	1916
1620	1717
21	219
21	441
21	459
21	872
21	1087
21	1210
21	1566
21	1602
21	1771
21	1970
219	770
219	808
219	1250
219	1361
219	1893
441	759
441	821
441	1199
441	1310
459	620
459	835
459	884
459	1079
459	1251
459	1261
459	1905
872	909
872	1021
872	1043
872	1080
872	1104
872	1654
872	1982
1087	1332
1087	1388
1087	1688
1087	1781
1087	1930
1210	1248
1210	1448
1210	1757
1771	1991
358	370
358	602
358	1330
358	1365
453	512
453	737
1037	1087
1037	1185
1037	1193
1037	1688
1037	1771
1069	1162
1069	1269
1069	1552
1069	1644
1069	1898
1171	1255
1171	1759
1199	1434
1199	1799
1199	1909
1800	1850
1800	1893
1800	1932
23	591
23	601
23	1117
23	1631
23	1828
23	1996
591	793
591	821
591	858
591	1799
601	831
601	1129
601	1166
601	1364
1117	1767
1117	1974
1117	1993
1631	1708
48	780
48	896
48	988
48	1567
324	610
324	782
324	835
324	1088
324	1302
324	1524
324	1587
324	1730
771	885
771	949
771	1651
771	1835
794	1066
794	1236
794	1848
846	1450
846	1689
914	1041
914	1361
914	1755
89	686
89	692
89	755
89	1007
89	1647
89	1702
89	1951
176	941
176	1084
176	1133
176	1649
176	1776
311	440
311	484
311	634
311	844
311	882
311	1596
311	1614
311	1848
404	628
404	1288
404	1493
404	1898
404	1991
843	1432
843	1597
843	1835
843	1895
1009	1078
1009	1282
1009	1762
1009	1972
1148	1465
1148	1487
1626	1812
1772	1773
1772	1850
1868	1993
26	130
26	267
26	374
26	1267
26	1778
26	1866
26	1962
130	193
130	315
130	1079
130	1793
130	1890
130	1914
267	538
267	595
267	660
267	728
267	1556
267	1797
1267	1450
1267	1584
1267	1803
1267	1817
1962	1974
577	671
577	1111
577	1325
577	1641
709	792
709	838
709	923
1131	1193
1131	1388
1131	1435
1131	1555
1189	1300
1189	1330
1189	1369
1189	1575
1448	1456
1448	1487
1448	1773
1585	1587
1585	1588
1585	1743
1594	1910
28	69
28	126
28	373
28	475
28	769
28	1451
28	1767
69	244
69	467
69	482
69	720
69	737
69	1087
69	1322
69	1548
69	1946
126	326
126	475
126	646
126	997
126	1120
126	1553
126	1736
373	439
373	516
373	1028
373	1081
373	1111
373	1584
373	1872
475	709
475	963
475	1152
475	1585
475	1688
475	1818
475	1919
769	1364
1451	1562
1451	1669
1451	1800
29	275
29	653
29	859
29	884
29	1427
29	1429
29	1794
275	384
275	566
275	1479
275	1490
275	1627
275	1893
275	1971
653	658
653	1037
653	1325
653	1905
859	1033
859	1178
859	1632
859	1991
1427	1561
1429	1522
1429	1579
184	501
184	579
184	799
184	977
184	1011
184	1025
184	1069
184	1088
184	1190
184	1199
567	915
567	1112
567	1678
637	861
637	1048
637	1778
870	1100
870	1255
870	1419
870	1446
870	1717
1039	1110
1039	1497
1319	1670
1319	1758
1319	1982
1334	1726
1586	1791
1900	1903
335	488
335	949
335	1210
335	1213
335	1283
335	1592
473	637
473	877
473	1041
473	1887
473	1916
878	1315
878	1401
878	1498
878	1747
878	1854
878	1899
1071	1085
1071	1336
1071	1905
1071	1924
1521	1579
1521	1922
1651	1765
1651	1771
1651	1957
1846	1957
1846	1961
32	112
32	226
32	456
32	574
32	580
32	687
32	789
32	1369
456	578
456	709
456	829
456	973
456	1518
456	1519
456	1548
456	1982
574	1399
574	1593
574	1603
574	1901
580	651
580	692
580	1197
580	1366
687	1111
687	1694
687	1999
789	1215
1369	1435
1369	1626
1369	1649
1369	1907
1369	1992
143	607
143	848
143	928
143	1459
143	1650
143	1763
143	1851
143	1896
607	658
607	793
607	1298
607	1534
607	1789
923	1357
923	1955
1025	1231
1025	1300
1025	1459
1025	1840
1025	1897
1025	1915
1038	1500
1038	1526
1129	1132
1129	1700
1373	1666
1373	1811
1552	1582
1552	1843
34	176
34	192
34	403
34	484
34	537
34	951
34	1688
34	1771
192	436
192	686
192	1004
192	1188
192	1432
192	1620
192	1777
192	1833
403	506
403	752
403	1136
403	1293
403	1508
403	1602
403	1708
484	549
484	897
484	1479
484	1550
484	1997
537	652
537	795
537	895
537	1638
537	1671
537	1697
951	1029
951	1041
951	1201
951	1399
951	1423
951	1707
951	1850
657	792
657	1038
657	1193
657	1687
657	1732
657	1881
688	722
688	1282
688	1450
688	1590
688	1646
688	1926
799	869
799	993
799	1077
799	1213
799	1689
1036	1133
1036	1152
1036	1440
1213	1571
1214	1217
1214	1546
1214	1710
1214	1742
1214	1777
1293	1488
1293	1748
1293	1911
1293	1941
1293	1981
1446	1553
1446	1650
1458	1867
1458	1872
1522	1915
1522	1945
75	214
75	677
75	1052
75	1316
75	1472
75	1773
549	606
549	711
549	1649
549	1732
549	1849
707	769
707	794
707	1107
707	1308
707	1358
707	1830
1675	1775
1675	1822
548	694
548	1220
548	1911
608	1201
608	1672
608	1909
608	1961
827	832
827	940
827	1040
827	1148
827	1173
827	1451
827	1621
827	1918
868	986
868	1016
868	1164
868	1412
868	1497
868	1626
1008	1469
1008	1614
1085	1109
1085	1551
1550	1999
38	130
38	246
38	849
38	1404
38	1524
38	1593
246	750
246	1009
246	1051
246	1190
246	1567
849	887
849	1364
849	1943
1404	1469
1404	1677
1593	1776
1593	1982
39	126
39	242
39	459
39	555
39	789
39	1487
39	1553
39	1683
39	1794
39	1991
242	274
242	869
242	894
242	1079
242	1295
242	1550
555	570
555	584
555	744
555	1219
555	1465
555	1565
555	1673
1487	1911
1487	1918
1553	1872
1683	1743
40	295
40	600
40	677
40	762
40	1221
40	1236
40	1267
40	1486
40	1515
295	578
295	750
295	1366
295	1389
295	1575
295	1835
600	1088
600	1298
600	1325
677	1007
677	1204
677	1207
677	1455
677	1772
677	1876
1221	1253
1221	1357
1221	1666
1221	1684
1221	1947
1236	1267
1486	1546
1486	1869
1515	1828
41	1746
1746	1846
42	489
42	996
42	1191
42	1507
42	1516
489	760
489	923
489	928
489	958
489	1041
489	1100
489	1578
489	1689
1191	1298
1191	1671
1507	1523
1507	1667
1507	1714
1507	1867
1516	1565
1516	1849
43	186
43	274
43	1069
43	1105
43	1433
186	278
186	408
186	863
186	1310
186	1350
186	1750
1105	1302
1105	1419
1105	1823
1105	1941
1433	1571
1433	1750
1433	1984
44	131
44	567
44	691
44	1174
44	1187
44	1385
44	1561
44	1796
131	263
131	633
131	712
131	717
131	1567
131	1580
131	1627
131	1795
691	1132
691	1376
691	1556
691	1590
1174	1549
1174	1700
1174	1736
1174	1984
1187	1594
1187	1773
1385	1605
204	209
204	670
204	861
204	1090
204	1494
204	1907
342	354
342	393
342	421
342	1152
342	1341
342	1418
342	1974
360	488
360	641
360	669
360	941
360	1687
360	1951
670	732
670	1219
670	1524
670	1566
829	1008
829	1597
829	1649
983	1009
983	1717
1322	1380
1322	1500
1322	1783
46	229
46	387
46	399
46	492
46	767
46	1010
46	1933
229	729
229	776
229	778
229	814
229	1028
229	1234
229	1385
229	1868
387	692
387	921
387	922
387	1072
399	687
399	768
399	993
399	1001
492	1016
492	1201
492	1350
492	1598
492	1942
492	1982
767	853
767	1012
767	1141
1010	1333
1010	1456
1010	1644
1010	1975
1933	1991
47	280
47	453
47	660
47	908
47	912
47	1109
280	471
280	748
280	1133
280	1412
280	1646
660	698
660	944
660	1208
660	1559
660	1602
660	1975
908	959
908	1047
908	1677
908	1755
908	1874
1109	1161
1109	1462
896	1100
896	1746
988	1066
988	1284
988	1593
988	1823
82	108
82	492
82	538
82	718
82	882
82	1280
82	1773
82	1863
170	324
170	326
170	416
170	917
170	1208
170	1215
170	1315
170	1675
208	379
208	763
208	1171
208	1480
208	1603
208	1643
278	434
278	474
278	1059
278	1654
278	1816
278	1854
357	432
357	467
357	1385
357	1409
357	1689
357	1926
357	1948
409	434
409	585
409	1413
409	1536
632	641
632	671
632	733
632	764
632	819
632	1079
632	1366
632	1433
632	1981
640	779
640	1194
640	1642
640	1682
724	742
724	795
724	814
724	1562
724	1617
1243	1487
1243	1547
1243	1553
1243	1673
1243	1722
1243	1953
50	266
50	362
50	439
50	533
50	827
50	858
50	1040
50	1199
50	1953
362	1514
362	1574
362	1702
362	1911
362	1953
439	502
439	868
439	1759
533	668
533	908
533	1352
533	1433
533	1678
533	1685
533	1856
858	871
858	1514
858	1690
1040	1498
1040	1605
1040	1736
1040	1758
51	149
51	245
51	407
51	635
51	1519
51	1688
51	1732
149	480
149	1480
149	1763
149	1765
149	1810
149	1996
407	510
407	1341
407	1651
407	1800
407	1810
407	1893
635	724
635	725
635	993
635	1101
635	1181
635	1713
635	1728
1519	1617
1519	1672
1519	1837
1519	1888
1732	1873
52	151
52	186
52	357
52	512
52	770
52	955
52	1051
52	1219
151	1033
151	1121
151	1206
151	1325
151	1524
151	1667
151	1731
512	660
512	1015
512	1341
512	1574
512	1579
512	1743
770	838
770	1724
770	1822
955	988
955	1102
955	1414
955	1814
1051	1360
1051	1499
1051	1602
1051	1922
1219	1282
195	210
195	514
195	570
195	644
195	940
195	1218
195	1382
255	779
255	1233
255	1481
255	1513
255	1850
256	434
256	497
256	534
256	810
256	886
256	1610
256	1728
256	1918
291	584
291	1050
291	1521
544	604
544	755
544	1028
544	1085
544	1104
544	1620
921	927
921	1067
921	1560
921	1663
993	1738
993	1743
993	1942
1587	1732
1587	1820
1877	1919
122	151
122	224
122	260
122	282
122	432
122	1194
122	1359
122	1686
122	1914
390	577
390	594
390	595
390	686
390	858
390	1295
390	1414
390	1780
585	688
585	1107
585	1282
585	1494
585	1904
1195	1357
1195	1688
1195	1708
1195	1776
1195	1900
1195	1926
1423	1667
1423	1969
1423	1974
55	515
55	639
55	1251
55	1708
515	915
515	1040
515	1222
515	1320
515	1977
639	866
639	950
639	1553
639	1565
1251	1586
1251	1717
1251	1856
1251	1993
1708	1765
56	292
56	315
56	374
56	402
56	1171
56	1608
56	1637
56	1922
292	468
292	798
292	825
292	1052
292	1143
292	1324
292	1572
315	904
315	1295
315	1420
315	1471
315	1789
315	1893
402	606
402	971
402	1218
402	1359
402	1554
402	1831
1608	1738
1637	1810
1637	1811
361	404
361	759
361	802
361	1139
361	1384
361	1427
361	1607
361	1667
474	548
474	1559
474	1601
686	797
686	951
686	1669
779	905
779	1333
1041	1262
1041	1277
1041	1391
1041	1462
1041	1749
1041	1943
1614	1982
58	566
58	805
58	1059
58	1274
58	1760
805	1087
805	1316
805	1352
805	1394
805	1562
805	1818
805	1996
1274	1791
1274	1898
1760	1869
1760	1957
1760	1972
589	859
589	993
589	1019
589	1110
589	1355
589	1886
602	864
602	1139
602	1516
602	1518
602	1574
602	1700
602	1888
959	1059
959	1071
959	1607
959	1780
1062	1736
1062	1924
1062	1962
1111	1394
1111	1647
1111	1834
1111	1958
1133	1144
1133	1212
1133	1316
1133	1514
1133	1669
1205	1216
1205	1582
1205	1632
1205	1860
1399	1607
1399	1718
1399	1933
1461	1508
1461	1636
1461	1689
1461	1763
1461	1910
1461	1941
1633	1690
60	268
60	283
60	299
60	314
60	327
60	361
60	984
60	1242
60	1608
60	1658
283	488
283	527
283	566
283	660
283	1118
283	1181
283	1634
299	401
299	553
299	755
299	870
299	910
299	1305
299	1914
314	872
314	1698
314	1713
327	877
327	884
327	890
327	1045
327	1077
327	1225
327	1295
327	1416
327	1851
327	1946
984	1384
1242	1523
1242	1654
1242	1802
1658	1765
316	544
316	858
316	910
316	1301
316	1621
316	1672
316	1895
629	746
629	767
629	1310
629	1666
629	1704
629	1851
647	730
647	769
647	1030
647	1231
647	1243
647	1865
647	1997
672	846
672	1404
672	1877
1132	1162
1132	1178
1132	1451
1132	1813
1132	1898
1177	1920
345	531
345	714
345	1500
345	1668
345	1984
368	628
368	750
368	863
368	940
368	1084
368	1134
368	1288
368	1308
368	1776
368	1894
418	579
418	1165
418	1592
418	1628
418	1982
527	800
527	1360
527	1488
527	1835
904	1201
904	1439
904	1567
904	1652
904	1748
1067	1143
1067	1415
1067	1997
1678	1871
1678	1992
440	808
440	1601
1379	1475
1557	1694
1557	1737
1816	1851
1816	1997
64	260
64	661
64	1001
64	1343
64	1472
64	1677
260	643
260	1644
260	1808
260	1993
661	806
661	882
661	1186
661	1358
661	1538
661	1678
1001	1266
1001	1639
1472	1487
1472	1490
1472	1898
1677	1901
445	777
445	895
445	933
445	1158
445	1274
445	1593
445	1990
1021	1945
66	376
66	804
66	872
66	1178
66	1277
66	1300
66	1617
1178	1662
1178	1747
1178	1812
1178	1916
1277	1393
1277	1440
1277	1789
1300	1382
1300	1633
1300	1840
1300	1932
1617	1641
210	251
210	403
210	570
210	905
210	1369
210	1583
210	1850
699	819
699	1942
699	1952
1194	1196
1194	1534
1233	1391
1233	1942
1754	1919
263	572
263	841
263	859
263	893
263	1167
820	1302
820	1662
820	1918
994	1100
994	1700
994	1844
1084	1219
1084	1264
1084	1291
1084	1817
1324	1871
1394	1816
467	1961
482	625
482	1099
482	1326
482	1458
482	1492
482	1596
482	1974
720	832
720	905
720	1327
720	1496
720	1497
720	1646
720	1778
737	1255
737	1557
1548	1895
189	416
189	687
189	1021
189	1427
189	1722
553	570
553	1131
553	1230
553	1513
722	779
722	828
722	1391
722	1780
722	1874
886	1311
886	1608
886	1991
890	1450
890	1795
890	1911
890	1974
1419	1444
1419	1458
1419	1516
1419	1682
1419	1687
1419	1713
1419	1714
1634	1736
1634	1920
1634	1924
1695	1947
264	804
264	1178
264	1262
264	1291
264	1713
531	927
531	1301
531	1840
72	143
72	292
72	813
72	931
72	1840
72	1844
72	1904
813	863
813	1162
813	1171
813	1226
813	1545
931	1072
931	1077
931	1104
931	1820
931	1866
931	1961
931	1984
73	239
73	244
73	891
73	1166
73	1196
73	1294
239	281
239	344
239	414
239	937
239	1192
239	1745
891	1090
891	1352
891	1480
891	1669
891	1945
891	1961
1166	1961
1166	1988
1294	1865
77	224
77	940
77	1220
77	1557
77	1572
77	1803
137	298
137	537
137	974
137	1556
137	1742
493	846
493	1025
493	1078
493	1462
493	1521
493	1991
502	1078
502	1131
502	1158
502	1704
502	1762
568	610
568	1019
568	1916
1707	1876
1727	1899
1727	1961
214	756
214	863
214	895
214	1160
214	1448
214	1608
214	1685
1052	1592
1052	1876
1316	1330
1316	1348
1316	1571
1773	1799
1773	1926
76	193
76	572
76	1164
76	1357
76	1610
76	1621
76	1662
76	1684
193	253
193	311
193	388
193	668
193	689
572	668
572	1518
572	1594
572	1673
572	1674
224	321
224	722
224	746
224	1035
224	1603
224	1688
940	1134
940	1317
940	1408
940	1492
940	1776
1220	1422
1220	1731
78	276
78	283
78	450
78	495
78	535
78	737
78	755
78	763
78	1118
78	1358
78	1565
276	500
276	598
276	925
276	1582
276	1689
276	1844
450	700
450	870
450	1346
450	1448
495	723
495	1551
535	745
535	1166
535	1499
755	825
755	1386
755	1876
755	1972
763	1108
763	1400
763	1401
763	1919
1118	1151
1118	1457
1118	1524
1118	1585
1118	1750
1118	1863
1118	1865
1565	1888
651	1449
651	1797
651	1901
806	882
806	1017
806	1136
806	1435
806	1545
1269	1408
1269	1450
1269	1905
127	321
127	557
127	718
127	1221
127	1717
127	1974
792	858
792	891
792	1228
792	1281
792	1915
960	1192
960	1485
960	1737
960	1833
1104	1639
1551	1689
1603	1894
1661	1718
1661	1877
1698	1843
1797	1820
81	111
81	131
81	353
81	451
81	628
81	641
81	918
81	1158
81	1704
111	601
111	1008
111	1232
111	1497
111	1637
111	1663
353	468
353	647
353	776
353	970
353	1160
353	1517
353	1988
628	751
641	813
641	1033
641	1833
641	1896
641	1999
918	1041
918	1225
918	1305
918	1514
918	1549
918	1842
1158	1749
108	408
108	821
108	845
108	1001
108	1450
108	1668
108	1873
538	745
538	761
538	1919
882	1500
882	1999
1280	1758
1280	1886
1280	1920
1280	1943
83	314
83	806
83	947
83	1085
83	1516
83	1686
83	1858
83	1910
947	1021
947	1027
947	1288
947	1526
947	1828
947	1834
1858	1963
84	330
84	355
84	552
84	746
84	1465
84	1487
84	1545
84	1710
330	432
330	789
330	1080
330	1302
330	1674
552	910
552	1077
552	1818
552	1933
746	918
746	964
746	1590
746	1708
319	694
319	890
319	1048
319	1141
319	1231
319	1888
319	1999
730	1386
730	1580
730	1783
730	1823
887	1009
887	1189
887	1871
887	1914
997	1221
997	1223
997	1258
1355	1754
115	264
115	512
115	683
115	1310
115	1324
115	1350
115	1406
115	1603
241	761
241	925
241	1004
241	1028
241	1080
241	1361
241	1456
241	1511
241	1925
326	418
326	776
326	1138
326	1554
326	1599
326	1674
326	1953
761	925
761	1451
761	1490
761	1493
761	1964
761	1991
817	1330
817	1559
817	1567
817	1796
817	1873
906	1010
906	1138
906	1673
1595	1914
1595	1992
282	346
282	357
282	804
282	966
282	1015
282	1384
282	1863
1043	1232
1043	1587
1043	1890
1222	1305
1222	1355
1222	1404
1222	1543
1222	1816
1415	1486
1635	1901
1787	1909
88	195
88	524
88	741
88	1088
88	1298
88	1511
88	1731
524	553
524	566
524	702
524	1363
524	1511
524	1647
741	1488
741	1686
741	1905
1088	1108
1088	1311
1088	1631
1298	1404
1298	1475
1298	1488
1298	1496
1511	1695
1511	1730
1731	1871
692	1107
692	1150
692	1439
692	1580
692	1666
692	1670
692	1678
90	426
90	432
90	523
90	745
90	768
90	894
90	973
90	1743
90	1890
426	555
426	877
426	914
426	1107
426	1216
426	1404
426	1683
426	1899
523	531
523	1536
523	1574
523	1868
745	1330
745	1485
745	1637
745	1962
768	798
768	802
768	858
768	1108
768	1597
768	1858
894	917
894	1721
973	1244
973	1557
973	1698
1743	1982
91	380
91	707
91	928
91	1437
91	1508
91	1881
91	1915
380	1167
380	1221
380	1585
928	1207
928	1901
92	203
92	312
92	387
92	581
92	647
92	836
92	1105
92	1227
92	1794
203	258
203	800
203	1016
203	1208
203	1210
203	1313
203	1724
203	1774
312	585
312	600
312	780
312	840
312	900
312	1305
312	1567
312	1639
581	849
581	922
581	1160
581	1657
581	1791
836	1394
836	1732
836	1767
836	1916
836	1996
1227	1444
1227	1655
1227	1911
182	250
182	669
182	968
182	1412
182	1534
182	1669
182	1844
182	1922
182	1955
233	235
233	276
233	408
233	437
233	549
233	743
233	1016
233	1266
233	1908
491	581
491	583
491	889
491	900
491	1105
491	1117
620	794
620	859
620	1039
620	1104
620	1109
620	1385
620	1683
620	1984
669	1258
669	1308
669	1748
696	1167
696	1346
696	1376
696	1635
696	1684
1047	1197
1047	1415
1047	1721
1047	1907
1047	1988
1125	1284
1125	1947
1125	1948
1748	1780
1748	1904
217	289
217	661
217	870
217	1100
217	1298
217	1465
217	1584
217	1714
217	1904
455	1136
455	1565
455	1800
455	1813
455	1865
766	978
766	1348
766	1519
766	1562
766	1805
835	1338
835	1620
835	1621
835	1633
835	1996
1341	1529
1341	1796
1341	1837
1341	1958
1376	1402
1376	1551
1376	1642
1376	1675
667	707
667	994
667	1059
667	1143
667	1919
1077	1151
1077	1626
1157	1221
1157	1674
1346	1710
1346	1846
1689	1703
1689	1742
778	889
778	957
778	1011
1150	1532
1150	1557
1150	1639
1150	1778
1814	1922
97	222
97	552
97	604
97	1226
97	1675
97	1775
222	491
222	575
222	960
222	1062
222	1088
222	1534
222	1631
222	1941
604	640
604	1654
604	1718
604	1781
604	1799
1226	1388
1226	1736
101	153
101	210
101	889
101	941
101	1461
101	1625
101	1626
101	1639
101	1724
101	1893
801	1251
801	1708
1066	1088
1066	1208
1066	1219
1066	1673
1066	1698
1364	1412
1364	1972
1364	1988
1450	1485
1450	1554
1450	1899
1666	1667
1783	1916
1820	1970
221	1197
221	1331
221	1789
221	1835
221	1896
221	1909
221	1947
318	384
318	681
318	908
318	966
318	1110
318	1414
318	1550
318	1713
318	1871
318	1951
480	1008
480	1494
480	1866
480	1952
717	1015
717	1039
717	1294
1162	1593
1162	1636
1162	1748
1162	1822
1597	1624
1597	1762
1597	1805
1638	1914
1694	1708
100	358
100	578
100	777
100	1215
100	1302
100	1488
100	1546
578	1173
578	1435
578	1860
777	1212
777	1574
777	1673
777	1724
777	1804
1488	1552
1488	1657
153	321
153	362
153	826
153	1800
153	1890
889	1071
889	1226
889	1461
889	1833
941	1087
941	1089
941	1590
458	589
458	767
458	1129
458	1866
458	1869
458	1984
1264	1943
1468	1555
1468	1743
1468	1828
1468	1860
1468	1920
304	502
304	941
304	945
304	955
304	1012
304	1144
304	1507
304	1598
304	1730
877	1101
877	1586
877	1811
1045	1066
1045	1413
1045	1763
1667	1817
1667	1992
354	423
354	648
354	752
354	1040
354	1213
354	1291
354	1400
354	1620
354	1863
429	758
429	846
429	1185
429	1418
429	1818
885	902
885	1762
905	994
905	1552
905	1869
905	1915
1031	1674
1031	1791
1338	1565
1338	1638
1804	1918
1895	1899
105	492
105	707
105	1284
105	1651
579	634
579	829
579	963
579	1085
579	1530
579	1707
579	1848
582	631
582	646
582	653
582	720
582	841
582	885
582	1523
582	1924
700	789
700	1036
700	1218
700	1908
350	419
350	571
350	641
350	897
350	1097
350	1284
350	1905
634	1189
821	846
821	921
821	1151
821	1530
821	1728
845	1582
845	1698
845	1849
1668	1685
534	671
534	1008
534	1134
534	1708
534	1736
534	1842
856	1062
856	1707
856	1714
978	1690
978	1830
261	330
261	984
261	1687
261	1710
261	1738
261	1963
261	1969
977	1125
977	1353
977	1437
977	1588
977	1858
977	1867
1075	1456
1075	1545
1075	1669
1075	1731
1075	1993
1413	1662
1413	1767
1413	1843
1517	1631
1517	1690
1517	1955
164	917
164	1037
164	1320
164	1352
164	1592
164	1734
164	1922
1255	1850
1255	1874
113	306
113	709
113	730
113	764
113	987
113	1096
113	1283
113	1383
113	1795
113	1860
306	527
306	820
306	1120
306	1794
306	1840
306	1897
306	1904
306	1930
764	931
764	958
764	1244
987	1575
987	1621
1860	1871
1860	1914
114	608
114	723
114	929
114	1003
114	1244
929	1030
929	1072
929	1475
929	1793
929	1813
929	1866
1003	1068
1003	1683
1003	1820
683	733
683	1876
166	836
166	906
166	922
166	1043
166	1102
166	1327
166	1607
166	1632
166	1657
331	801
331	985
331	1107
331	1174
331	1536
331	1596
331	1684
557	567
557	743
557	794
557	1201
557	1566
557	1599
557	1961
1692	1717
397	816
397	1444
397	1837
144	448
144	480
144	514
144	643
144	780
144	1016
144	1078
144	1089
144	1240
144	1353
144	1385
144	1968
174	304
174	459
174	501
174	759
174	1017
174	1078
174	1141
174	1158
174	1242
174	1264
174	1492
343	858
343	1048
343	1164
343	1610
343	1760
343	1868
497	745
497	767
497	1101
497	1385
497	1732
497	1811
893	928
893	950
893	1038
893	1084
1726	1787
1726	1794
1758	1794
1758	1948
119	333
119	977
119	1069
119	1459
119	1904
119	1922
333	426
333	1156
333	1422
333	1534
1459	1601
1459	1671
1459	1690
1459	1820
1459	1865
121	149
121	219
121	385
121	702
121	724
121	1418
121	1559
121	1633
121	1652
121	1661
1418	1546
1418	1617
1418	1893
1418	1998
1559	1650
1559	1662
1359	1621
1359	1624
1359	1679
1359	1713
421	713
421	957
421	1138
421	1394
421	1486
325	697
325	741
325	808
325	1797
505	525
505	829
505	978
1599	1988
142	289
142	308
142	397
142	836
142	1073
142	1097
142	1132
142	1158
142	1388
142	1828
448	462
448	1037
448	1264
448	1603
448	1948
460	640
460	1062
460	1517
460	1599
460	1803
551	601
551	1089
551	1132
551	1330
551	1365
551	1578
551	1635
636	907
636	1280
636	1379
636	1865
646	670
646	798
646	1313
646	1479
646	1803
1120	1439
1120	1942
321	502
321	744
321	1015
321	1597
321	1692
321	1874
1974	1982
323	445
323	681
323	762
323	1047
323	1111
323	1244
323	1722
540	604
540	732
540	990
540	1170
540	1379
540	1529
540	1552
540	1922
823	966
823	984
823	1277
823	1859
1584	1956
1079	1248
1079	1305
1079	1728
712	741
712	1151
712	1191
712	1222
712	1594
712	1799
1580	1651
1580	1888
132	506
132	945
132	1052
132	1350
132	1479
132	1631
132	1684
132	1721
132	1763
132	1805
945	1102
945	1277
945	1365
945	1649
1479	1628
1479	1936
1479	1999
1721	1820
1805	1828
1805	1829
1805	1942
1805	1961
134	493
134	759
134	890
134	1117
134	1191
134	1234
134	1675
134	1933
759	882
1234	1391
1234	1901
932	1045
932	1160
932	1666
932	1907
1439	1601
1439	1690
1439	1754
1439	1874
1696	1736
744	987
744	1338
744	1492
744	1529
974	1104
974	1951
1742	1762
1742	1887
1742	1977
138	414
138	852
138	1047
138	1481
138	1683
138	1701
138	1727
138	1732
852	983
852	987
852	1294
852	1365
852	1610
852	1635
852	1655
852	1694
852	1900
1701	1738
1701	1816
139	1021
139	1131
139	1269
139	1580
139	1627
139	1799
644	840
644	886
644	939
644	1227
644	1231
644	1244
644	1877
1460	1830
1460	1963
194	227
194	764
194	889
194	950
194	1552
194	1872
194	1945
194	1953
760	778
760	848
760	1204
760	1544
760	1574
1905	1910
289	454
289	461
289	549
289	634
289	1129
308	388
308	1205
308	1324
308	1390
308	1458
308	1670
308	1868
1073	1280
1073	1562
1073	1925
1097	1593
1097	1607
1097	1776
1097	1780
1097	1869
848	1343
848	1386
848	1592
1650	1910
643	819
643	958
643	1274
643	1543
643	1551
643	1796
643	1813
1078	1728
1089	1209
1089	1264
1089	1628
1089	1664
1089	1684
1089	1813
1240	1251
1240	1652
1240	1760
570	704
570	746
570	1277
570	1491
570	1561
570	1895
1259	1480
1259	1521
1259	1749
1259	1760
1259	1856
1259	1981
1259	1988
1281	1384
1281	1498
1648	1669
1648	1707
146	567
146	1015
146	1050
146	1160
146	1448
146	1748
1015	1642
1050	1100
1160	1218
1160	1240
389	848
389	951
389	1221
389	1230
389	1353
389	1682
389	1727
389	1835
389	1876
895	1096
950	987
950	990
950	1447
950	1572
950	1926
797	1664
797	1730
797	1774
797	1791
1549	1557
1549	1633
1571	1823
1571	1924
1649	1750
1649	1775
1649	1984
1730	1887
1730	1903
1121	1555
1121	1667
1121	1945
1206	1703
1206	1968
1325	1777
1325	1802
546	819
546	1217
546	1366
546	1401
546	1498
546	1860
892	937
892	1363
892	1972
917	1038
917	1121
917	1554
1186	1471
1186	1492
1186	1598
1186	1730
1186	1828
1673	1943
1817	1828
826	1493
826	1772
826	1867
826	1999
155	495
155	857
155	1101
155	1170
155	1216
155	1266
155	1406
155	1526
155	1559
155	1682
155	1802
155	1903
857	1050
857	1213
857	1400
857	1519
857	1626
1170	1652
1170	1675
1216	1536
1216	1872
1266	1507
1266	1550
1266	1823
1802	1877
156	172
156	264
156	309
156	681
156	1554
156	1664
156	1783
156	1800
156	1998
172	632
172	763
172	1084
172	1215
172	1692
172	1887
172	1984
309	481
309	763
309	857
309	937
309	1322
309	1562
681	1223
681	1859
681	1957
681	1972
1664	1704
1664	1774
1664	1895
1664	1943
161	588
161	1311
161	1472
161	1553
161	1732
161	1915
488	510
488	1462
488	1734
796	861
796	871
796	1008
796	1775
796	1899
1360	1907
158	314
158	698
158	1045
158	1233
158	1550
698	1496
698	1682
698	1700
698	1881
310	401
310	437
310	580
310	676
310	909
310	939
310	1242
346	431
346	480
346	636
346	1096
346	1382
346	1554
346	1675
346	1866
1414	1440
1414	1736
1414	1813
1579	1610
1579	1842
1579	1876
1657	1922
1657	1970
160	295
160	340
160	463
160	522
160	894
340	635
340	1121
340	1406
340	1614
340	1893
522	548
522	864
522	1071
522	1964
588	985
588	1050
588	1409
588	1738
588	1868
1311	1497
1311	1523
1311	1642
825	1485
825	1493
900	927
900	1019
900	1595
900	1886
910	945
910	1808
910	1896
1313	1572
1313	1722
1313	1975
1523	1673
1523	1829
1523	1961
1932	1977
1320	1814
1352	1532
273	444
273	629
273	704
273	886
273	1413
273	1812
985	1206
985	1849
985	1941
985	1955
985	1990
1080	1491
1080	1500
1080	1655
1080	1822
1632	1919
982	1513
982	1523
1068	1251
1068	1459
1068	1958
252	323
252	391
252	399
252	414
252	501
252	635
252	643
252	1102
252	1560
370	589
370	974
370	1039
370	1197
370	1475
370	1867
370	1908
624	925
624	1015
624	1120
624	1313
624	1580
624	1777
624	1813
416	768
416	810
416	870
416	1734
416	1933
1315	1546
1315	1601
1315	1634
281	591
281	743
281	828
281	998
281	1565
281	1801
749	964
749	1001
749	1919
999	1134
999	1216
999	1232
1209	1393
1209	1579
1209	1582
1209	1605
1209	1672
336	580
336	598
336	628
336	741
336	860
336	1133
336	1365
336	1520
336	1908
510	652
510	802
510	1608
510	1724
510	1914
595	1355
595	1435
595	1811
595	1960
595	1963
1876	1896
501	670
501	1160
501	1167
501	1380
1017	1033
1017	1038
1017	1359
1017	1524
1141	1439
1141	1456
1141	1724
1141	1992
175	345
175	460
175	604
175	634
175	1175
175	1259
175	1298
175	1646
175	1866
1646	1655
1646	1767
1646	1787
1434	1610
1434	1900
1737	1760
1737	1956
583	751
583	831
583	987
583	1232
583	1326
583	1561
583	1758
711	712
711	835
711	906
711	1360
711	1602
1100	1253
1100	1787
1100	1808
1161	1220
1161	1556
1161	1873
1161	1908
180	202
180	699
180	1068
180	1144
180	1231
180	1651
180	1655
202	1486
202	1557
202	1789
202	1835
202	1958
1144	1386
1144	1522
1144	1829
1231	1707
1655	1951
676	988
676	1548
676	1571
676	1605
1422	1521
1422	1614
1422	1981
250	688
250	1389
250	1662
250	1781
250	1867
968	1067
968	1408
968	1700
1412	1529
1412	1700
1412	1820
211	763
211	1196
211	1651
575	740
575	808
575	907
575	1001
575	1746
575	1783
1494	1513
1494	1586
1494	1910
1011	1293
1011	1598
1011	1601
1011	1823
1011	1837
1011	1887
185	238
185	481
185	535
185	670
185	1017
185	1222
481	1008
481	1402
481	1469
481	1538
481	1648
481	1850
863	1027
863	1538
863	1872
297	477
297	506
297	949
297	1012
297	1156
297	1969
411	790
411	1078
411	1941
733	987
733	1253
733	1373
733	1587
1108	1194
1108	1859
1108	1922
1856	1982
1912	1957
1181	1331
1181	1419
1181	1429
1181	1486
1181	1661
1687	1697
1687	1722
191	473
191	1025
191	1035
191	1068
191	1169
191	1514
191	1595
191	1596
1035	1685
1169	1553
1169	1775
1514	1610
1514	1804
436	538
436	714
436	1280
436	1385
1004	1369
1004	1485
1432	1977
253	360
253	468
253	500
253	733
253	853
253	928
253	1816
668	929
668	1019
668	1175
668	1208
689	725
689	797
689	1409
689	1498
1218	1457
1218	1678
1218	1708
1218	1757
1382	1672
209	628
209	676
209	814
209	816
209	1499
209	1778
431	793
431	1919
694	836
694	1036
694	1040
694	1197
1301	1433
1301	1722
1301	1818
1301	1858
1134	1675
1134	1932
1583	1955
247	367
247	450
247	742
247	750
247	789
247	819
247	986
247	1156
247	1518
654	672
654	1190
654	1496
654	1668
654	1803
740	810
740	894
740	1008
740	1223
740	1651
740	1710
1582	1886
269	419
269	825
269	890
269	1522
269	1559
269	1592
269	1834
269	1851
269	1916
394	790
394	1107
394	1144
394	1343
394	1592
394	1674
394	1910
1390	1469
1390	1738
1390	1748
1835	1856
1835	1936
258	471
258	598
258	832
258	1469
258	1636
258	1783
258	1899
258	1975
800	841
800	1283
800	1508
800	1529
1774	1808
1090	1195
1090	1206
1090	1298
1090	1332
1090	1472
1090	1975
384	800
384	908
384	927
384	987
384	1617
384	1643
384	1758
384	1930
401	1890
437	495
437	963
437	1233
437	1284
437	1429
594	722
594	862
594	1143
594	1624
594	1802
594	1843
594	1901
1165	1255
1165	1317
1165	1386
1165	1587
1165	1617
1165	1685
1165	1830
1173	1475
1173	1834
379	577
379	687
379	832
379	949
379	1052
379	1650
379	1718
379	1734
814	970
814	1017
814	1679
814	1846
816	886
816	1112
816	1388
816	1456
816	1595
816	1830
1499	1555
1499	1842
1499	1951
251	312
251	481
251	892
251	1038
251	1330
251	1758
212	414
212	450
212	755
212	870
212	1341
212	1532
212	1636
212	1639
212	1869
1636	1957
1416	1677
1416	1707
1416	1749
1416	1933
1416	1992
1444	1515
1444	1519
1444	1550
1444	1588
1444	1601
756	1293
756	1338
756	1610
756	1754
756	1881
1475	1586
1475	1846
748	766
748	828
748	923
748	1538
748	1842
1074	1190
1074	1205
1074	1702
449	523
449	577
449	595
449	606
449	715
449	1364
449	1834
449	1960
449	1988
1336	1493
1336	1546
1336	1559
1336	1867
808	1033
808	1173
808	1325
808	1500
808	1717
1250	1350
1361	1627
1361	1755
1361	1868
1361	1887
956	1108
956	1353
956	1638
956	1813
1197	1259
1197	1556
1197	1869
1909	1991
339	362
339	647
339	790
339	1175
339	1795
339	1977
664	840
664	1021
664	1648
664	1724
664	1877
625	902
625	946
625	1330
625	1632
625	1742
909	986
909	1555
909	1574
909	1679
909	1701
909	1932
1139	1384
1139	1679
1139	1840
652	971
652	1584
652	1746
652	1872
652	1968
383	462
383	612
383	971
383	998
729	853
729	1251
729	1409
729	1521
729	1958
776	1191
776	1707
1028	1637
1028	1840
1028	1930
1028	1942
520	588
520	683
520	1010
520	1590
520	1850
556	819
556	838
556	1178
556	1261
556	1664
556	1777
556	1848
235	368
235	370
235	1162
235	1646
235	1760
235	1988
743	745
743	1353
743	1363
743	1440
234	575
234	1097
234	1384
234	1726
234	1823
1027	1449
1027	1557
819	1305
819	1686
819	1801
344	399
344	491
344	579
344	1188
344	1315
344	1530
1192	1401
1192	1903
1745	1774
1456	1953
869	927
869	1242
869	1602
1295	1404
986	1013
986	1429
986	1868
305	319
305	331
305	427
305	546
305	699
305	750
305	1702
305	1760
1048	1201
1048	1332
1048	1406
1048	1655
367	468
367	497
367	664
367	681
367	1186
367	1608
367	1722
742	946
742	1170
742	1545
742	1856
742	1897
1518	1737
1518	1946
1518	1968
248	402
248	522
248	778
248	869
248	918
248	1608
248	1658
391	904
391	1188
391	1628
468	469
468	1131
468	1212
468	1932
500	701
500	862
500	1817
500	1846
500	1869
853	993
853	1037
853	1298
853	1551
853	1771
444	677
444	828
444	866
444	1067
444	1088
444	1139
444	1258
444	1408
444	1846
434	548
434	717
434	767
434	1831
434	1998
810	1266
810	1554
810	1638
810	1652
1728	1830
1728	1877
471	554
471	694
471	845
471	1331
471	1518
471	1835
471	1869
598	1578
832	949
832	1481
832	1494
832	1522
832	1614
832	1907
832	1945
1899	1971
1493	1727
1493	1905
1493	1969
1644	1696
1644	1730
1644	1858
1969	1999
841	845
841	1250
841	1369
841	1432
1167	1223
1167	1236
1167	1409
1167	1912
1167	1951
1262	1331
1291	1399
1291	1487
1291	1534
1261	1282
1261	1775
1308	1494
1308	1799
1308	1822
728	1457
728	1479
728	1605
728	1655
728	1801
728	1893
728	1896
419	1267
419	1554
419	1808
942	1031
942	1547
942	1760
942	1930
790	1173
790	1415
790	1718
1393	1526
1393	1544
1393	1548
1393	1658
704	1152
704	1781
704	1835
1490	1872
1490	1971
300	335
300	1412
300	1552
300	1556
300	1898
300	1919
300	1936
300	1997
998	1334
998	1373
998	1598
998	1808
998	1860
1333	1780
1333	1890
285	705
285	857
285	949
285	1025
285	1641
285	1956
705	1084
705	1538
705	1670
705	1718
944	1185
944	1250
944	1281
944	1499
944	1834
944	1897
944	1997
287	384
287	996
287	1051
287	1789
287	1898
454	575
454	584
454	889
454	1143
454	1384
454	1662
454	1918
461	729
461	733
461	859
461	895
461	1148
461	1171
461	1842
798	1143
798	1524
294	448
294	458
294	1602
294	1643
294	1899
1575	1831
605	651
605	674
605	759
605	820
605	1007
605	1085
605	1805
477	892
477	999
477	1205
477	1386
477	1435
1012	1517
1012	1696
1012	1869
1305	1316
1305	1394
1305	1642
1136	1197
1136	1406
1136	1553
1136	1562
1136	1625
1136	1797
1136	1936
831	914
831	1003
831	1027
831	1232
831	1627
831	1707
1598	1808
1598	1834
1598	1858
1598	1945
307	700
307	1077
307	1082
307	1188
307	1363
307	1400
307	1776
307	1795
307	1828
840	1090
840	1302
840	1871
840	1961
313	316
313	404
313	556
313	893
313	902
313	1386
313	1444
313	1552
313	1671
313	1810
902	1508
902	1516
902	1671
902	1778
902	1968
1386	1574
1386	1886
1671	1754
1671	1909
1672	1679
1672	1899
423	631
423	923
423	1073
423	1139
423	1197
423	1230
423	1401
423	1814
610	956
610	1551
1138	1214
1138	1534
1138	1546
1138	1722
1138	1797
1536	1583
1536	1801
631	671
631	1195
631	1311
631	1508
631	1692
631	1811
674	769
674	947
674	1043
674	1071
674	1096
674	1330
674	1336
674	1605
674	1822
674	1948
1491	1700
1491	1901
1478	1654
1478	1703
1478	1854
1478	1863
860	929
860	983
860	1010
860	1628
860	1762
860	1851
860	1874
860	1952
1365	1754
1520	1697
1520	1854
1217	1233
1217	1327
1217	1703
1217	1800
1217	1818
1217	1871
1152	1671
714	852
714	1175
714	1341
714	1485
714	1647
541	567
541	886
541	1232
541	1330
541	1360
541	1365
1624	1718
1624	1850
658	744
658	1383
658	1796
970	1016
970	1225
970	1234
970	1334
970	1423
970	1450
970	1914
352	411
352	497
352	580
352	612
352	1158
352	1295
352	1703
352	1867
648	767
648	1001
648	1036
648	1434
648	1871
864	1013
864	1293
864	1459
864	1601
864	1607
864	1695
864	1874
1948	1993
1574	1746
1574	1763
517	636
517	902
517	1082
517	1188
517	1439
517	1942
517	1960
517	1981
1253	1457
1253	1746
1288	1587
1288	1859
1894	1907
1894	1936
369	399
369	1050
369	1418
369	1911
516	1181
516	1288
516	1718
1081	1158
1081	1177
1081	1317
1081	1584
1081	1767
1081	1808
1282	1941
1529	1594
1391	1641
713	741
713	1072
713	1075
713	1471
713	1548
713	1686
1749	1757
1749	1970
1749	1996
971	1451
971	1585
971	1685
927	1099
927	1625
927	1728
927	1873
1207	1516
1207	1582
1207	1745
1207	1793
1207	1803
1207	1932
1380	1658
1380	1727
1447	1679
1447	1799
1447	1840
1628	1686
1628	1726
1628	1727
1151	1717
525	551
525	561
525	897
525	1008
525	1498
525	1520
525	1670
758	1099
758	1261
758	1522
758	1626
758	1831
758	1868
866	887
866	1886
1831	1899
606	705
606	1188
606	1843
1204	1468
1204	1494
1204	1515
1204	1700
1204	1763
671	687
671	1642
671	1696
671	1749
671	1850
957	1084
964	1096
964	1382
964	1388
964	1432
1401	1796
1401	1848
1401	1975
565	664
565	672
565	1074
565	1274
565	1317
565	1413
565	1416
565	1605
565	1687
793	921
793	957
443	585
443	657
443	725
443	1015
443	1301
443	1657
443	1666
443	1713
443	1759
443	1794
443	1992
1408	1750
1408	1816
1408	1881
1408	1910
715	1555
715	1828
715	1881
623	799
623	1455
623	1562
623	1820
623	1828
623	1863
795	846
795	1767
795	1783
554	908
554	1015
554	1264
554	1390
554	1401
554	1686
1193	1664
1193	1823
1538	1553
1538	1727
1538	1776
1099	1117
1099	1905
1099	1947
1326	1404
1462	1469
1462	1596
958	1016
958	1074
701	909
701	1288
701	1338
701	1458
701	1515
701	1536
701	1546
1811	1943
561	869
561	942
561	1117
561	1353
561	1575
561	1823
561	1893
1590	1652
1590	1998
1498	1625
1498	1673
1498	1920
990	1081
990	1212
990	1406
990	1936
1440	1553
1440	1714
1317	1472
1317	1675
1317	1953
1248	1281
1248	1556
1248	1636
1248	1895
1605	1698
1112	1468
1112	1478
1112	1781
1019	1048
1019	1617
1019	1772
781	964
781	985
781	1305
781	1320
781	1330
781	1736
781	1783
907	1253
907	1366
907	1422
907	1582
907	1593
751	951
751	1548
596	838
596	1208
596	1462
596	1648
596	1718
1543	1702
1543	1793
1449	1456
1449	1486
1449	1545
1449	1951
665	884
665	1125
665	1336
665	1352
665	1585
665	1650
665	1714
693	699
693	711
693	923
693	988
693	1017
693	1338
693	1355
693	1494
1348	1588
1348	1684
1348	1958
871	933
871	1160
871	1162
871	1228
871	1308
871	1449
871	1508
1588	1942
