# Undirected graph (each unordered pair of nodes is saved once): output/networks/Random16000removeDegree-60percent.txt
# Nodes: 800 Edges: 904
# NodeId	NodeId
372	429
372	1411
372	1514
487	769
487	1073
487	1750
633	885
633	963
633	1731
912	1359
912	1391
912	1945
963	1696
1013	1171
1873	1888
223	664
223	1652
223	1903
424	1359
424	1599
666	1151
666	1449
1561	1655
65	691
65	1056
329	1772
374	1963
376	1644
612	675
612	1394
612	1745
1175	1661
1175	1848
1663	1895
3	226
3	1225
3	1367
1225	1268
1225	1281
1225	1997
129	387
129	823
129	903
129	1455
154	566
154	1300
154	1920
355	984
451	1169
1082	1416
1082	1460
1082	1549
1082	1774
1480	1543
1480	1592
124	325
124	1599
317	1177
317	1843
293	1513
293	1614
293	1962
432	1420
697	1240
716	820
716	1626
716	1922
844	1351
844	1704
33	1129
33	1373
62	345
109	978
506	1194
506	1695
1096	1193
106	1458
106	1946
107	350
107	634
107	1273
107	1611
884	1322
1030	1703
1030	1997
1060	1529
1060	1547
1188	1887
1332	1812
1350	1755
9	838
9	1406
9	1647
1406	1777
408	737
408	1288
408	1975
1402	1952
268	1559
1201	1370
1201	1566
1492	1697
725	932
427	499
514	780
514	1721
14	329
14	1392
14	1812
14	1946
946	1151
946	1367
1029	1336
1228	1804
85	730
85	1283
508	568
508	798
508	1767
780	1187
1389	1416
17	116
17	178
17	1007
116	1692
178	1813
141	1683
141	1968
243	1295
245	305
245	1412
1033	1158
1185	1566
1258	1376
1400	1427
1400	1446
19	376
19	702
19	1710
363	497
363	1481
732	823
732	1193
804	843
61	672
61	1177
61	1763
219	1250
441	759
441	1199
441	1310
459	884
459	1079
459	1261
1087	1332
1087	1688
1087	1930
1210	1248
1210	1757
1771	1991
358	602
453	737
453	1618
1171	1255
1199	1434
1690	1950
23	1392
23	1631
23	1996
48	780
48	896
48	1567
324	610
324	1587
771	885
771	949
914	1755
1091	1391
89	686
89	1007
89	1647
176	941
176	1776
262	499
262	1346
262	1862
843	1895
1009	1078
1148	1487
1148	1917
1626	1812
267	538
267	1797
499	1039
675	730
675	748
675	1620
1267	1450
1267	1803
709	838
1585	1587
1585	1588
28	126
28	769
28	1767
126	326
126	1120
769	1564
653	1325
1427	1561
1429	1522
1429	1579
184	501
184	1190
184	1199
567	915
567	1112
637	1778
1039	1417
1039	1879
1319	1670
1319	1982
1334	1726
1586	1819
1900	1903
365	826
365	1920
574	734
574	785
574	1399
574	1603
580	1366
580	1370
580	1540
687	1694
789	1215
1373	1666
34	176
34	1688
34	1771
657	1193
657	1370
688	1450
688	1926
1036	1152
1036	1440
1213	1571
1446	1650
1458	1872
1522	1915
1522	1945
75	1052
75	1316
548	1392
608	1201
608	1672
827	1040
827	1148
38	246
38	849
246	1009
246	1190
246	1567
849	1943
242	1079
242	1295
555	1219
600	1325
1236	1267
41	1746
489	928
43	1105
43	1618
1105	1941
1618	1851
691	1376
691	1656
1174	1549
1187	1470
1385	1605
342	421
342	490
342	1152
360	669
360	941
983	1009
1322	1380
1322	1618
46	387
387	921
47	453
47	912
896	1746
278	1268
278	1654
278	1854
409	1413
409	1712
640	779
640	1194
640	1682
1243	1487
1243	1547
1243	1953
362	1137
362	1514
362	1953
533	668
533	1352
533	1856
1040	1605
51	245
51	407
51	1519
51	1688
407	1800
407	1810
1519	1617
1519	1672
1519	1888
955	1814
1306	1352
1306	1776
1509	1946
1564	1592
255	779
255	1481
255	1513
256	497
291	1050
921	1663
1370	1520
54	1219
54	1423
1423	1969
55	639
639	866
206	1750
315	1295
315	1420
315	1471
903	1668
1608	1819
1637	1810
361	759
361	1427
361	1607
686	797
686	898
686	1669
1614	1913
1614	1982
58	566
58	1274
1274	1656
1274	1898
589	993
602	1516
602	1888
1062	1924
1062	1962
1205	1582
1205	1632
1399	1607
1461	1763
1461	1941
283	566
1242	1654
1177	1920
345	531
345	1668
440	1601
1379	1475
64	260
260	1644
210	251
210	1583
699	1952
1194	1196
1194	1534
263	572
263	841
263	893
263	1806
820	926
994	1417
720	1496
720	1778
737	1255
1548	1895
189	416
189	687
189	1427
553	1513
264	804
264	1262
264	1501
72	1904
73	1166
73	1196
73	1294
77	1803
137	974
137	1742
493	1078
493	1462
493	1991
568	610
568	1916
1052	1592
1316	1571
1316	1845
193	668
572	668
276	500
276	598
276	1582
450	1346
535	1166
535	1499
806	882
806	1268
1269	1408
1269	1450
127	718
1104	1639
1351	1912
1603	1894
111	363
111	1637
111	1663
353	386
353	468
353	865
628	751
366	921
366	1253
366	1737
330	432
330	789
330	1080
552	910
552	1077
552	1818
746	964
746	1351
730	1580
326	1599
326	1953
817	1559
817	1567
817	1796
817	1873
1595	1914
282	804
282	1015
282	1863
351	1962
1043	1587
1043	1653
1043	1890
1222	1543
1387	1588
88	1511
88	1731
1511	1695
523	531
523	1868
768	798
768	1950
973	1244
91	380
91	928
91	1437
91	1915
380	1585
581	849
581	1657
1227	1655
491	581
491	1105
669	1258
669	1308
1047	1415
1047	1721
1125	1948
217	1904
455	1800
455	1813
1376	1402
667	994
1077	1151
1077	1626
1077	1680
1346	1710
778	957
778	1268
1123	1960
1814	1922
604	640
604	1563
604	1654
801	1913
930	1012
930	1253
930	1311
1066	1219
221	1347
318	681
480	1866
480	1952
717	1015
717	1039
717	1294
717	1509
1162	1822
578	1950
777	1212
777	1724
777	1804
834	1447
834	1661
834	1833
1488	1657
153	362
153	826
153	1800
153	1890
941	1087
1264	1943
1468	1920
877	1101
877	1586
429	1185
429	1581
429	1818
350	419
350	897
350	1862
845	1582
978	1653
978	1690
978	1830
1075	1669
1075	1731
1413	1767
1413	1843
1255	1874
764	1244
764	1862
809	1326
114	608
114	1244
343	1164
343	1868
497	1101
497	1385
893	928
893	1411
1712	1780
1726	1787
1726	1794
333	1422
333	1534
1459	1601
1459	1690
1501	1894
1501	1897
1559	1650
1359	1624
173	1488
200	1187
421	957
421	1394
325	697
325	1123
325	1797
142	397
142	1073
142	1158
551	1635
636	1379
1137	1747
1734	1917
1120	1506
823	984
1079	1248
712	1151
712	1191
712	1222
1580	1888
1805	1829
759	882
1234	1391
932	1666
1200	1830
974	1104
1742	1887
1742	1977
490	729
139	1269
139	1580
1460	1830
1460	1963
1073	1562
848	1592
1240	1652
1259	1480
1259	1856
1259	1981
146	567
146	1015
146	1050
389	848
389	1353
389	1682
389	1727
895	1096
797	1774
1571	1924
341	1672
1121	1387
1121	1945
1206	1703
1206	1968
1325	1777
546	1366
892	1363
892	1509
917	1121
826	1347
826	1772
1170	1581
1170	1652
1266	1507
172	1215
172	1692
172	1887
309	1322
309	1562
681	1957
161	1311
161	1915
796	1775
1496	1879
158	314
158	698
158	1137
698	1496
698	1682
1579	1842
1657	1922
1657	1970
910	945
910	1845
1313	1975
1845	1957
1320	1814
1352	1532
1080	1491
1080	1655
1080	1822
1632	1879
982	1513
982	1540
1068	1459
1068	1958
252	391
252	501
785	1347
416	768
416	1734
1315	1546
1315	1601
281	1801
749	964
999	1134
501	1380
1141	1724
1434	1900
1737	1956
1161	1873
1161	1908
202	785
202	1091
202	1501
202	1958
1144	1367
1144	1522
1144	1829
1231	1707
676	1548
676	1571
676	1605
676	1653
1422	1614
1422	1981
1539	1981
250	688
250	1389
968	1091
968	1408
1412	1529
211	734
211	1196
575	740
575	1746
185	535
185	1222
185	1411
863	1027
863	1872
297	506
297	949
297	1012
297	1969
411	790
411	1078
411	1941
1856	1982
1912	1957
1169	1417
1169	1775
1514	1804
436	538
436	1385
668	1175
734	955
1218	1757
431	793
1583	1955
247	450
247	789
740	1710
258	471
258	598
258	926
258	1975
800	841
800	1283
800	1529
401	1890
437	495
437	963
437	1429
594	1624
594	1843
898	926
898	1141
898	1306
1499	1842
251	892
212	450
212	1532
212	1639
1416	1707
756	1338
756	1754
1475	1586
748	1842
1074	1190
1074	1205
449	523
449	715
449	1834
449	1960
1336	1546
1336	1559
1250	1350
956	1353
956	1813
664	840
664	1724
625	946
625	1632
625	1742
909	1701
383	612
383	971
729	853
729	1409
729	1958
1028	1637
1028	1930
520	683
235	1162
850	1056
850	1161
850	1795
234	575
234	1726
1027	1449
1192	1903
1745	1774
305	427
305	546
305	699
248	778
248	1608
391	1188
468	1212
853	993
853	1771
444	866
444	1258
444	1408
471	845
1644	1696
841	845
841	1250
1261	1775
1308	1822
419	1267
1834	1913
790	1415
1393	1526
1393	1548
704	1152
704	1539
1490	1872
1490	1971
300	1412
300	1898
300	1997
285	705
285	949
285	1956
705	1347
705	1670
287	996
287	1898
454	575
798	1470
294	865
294	1602
294	1643
865	915
865	1745
1012	1696
831	914
831	1027
831	1707
1598	1834
1598	1945
1680	1757
313	893
313	1810
423	631
423	1073
423	1814
610	956
348	440
348	734
348	1624
1107	1656
631	671
631	1311
631	1692
1520	1697
1520	1854
541	567
541	1360
648	1036
648	1434
1253	1746
1288	1587
369	1050
369	1306
516	1288
971	1585
1380	1727
1204	1468
1204	1515
1204	1763
671	687
671	1696
964	1096
793	921
793	957
1540	1795
1540	1829
1408	1750
623	1455
623	1562
623	1863
795	1767
561	1353
990	1200
990	1212
990	1406
1317	1953
1248	1281
1248	1895
1112	1468
781	964
781	1320
751	1200
751	1548
596	838
596	1462
596	1564
1543	1793
693	699
693	1338
