# Undirected graph (each unordered pair of nodes is saved once): output/networks/Random64000removeDegree-40percent.txt
# Nodes: 1200 Edges: 3522
# NodeId	NodeId
372	429
372	1035
372	1411
372	1514
487	591
487	726
487	769
487	1073
487	1482
487	1596
487	1750
584	675
584	809
584	946
584	949
584	1189
633	885
633	963
633	1731
633	1817
912	1359
912	1391
912	1945
933	1066
933	1222
933	1320
933	1684
963	1696
1013	1171
1013	1876
1223	1460
1223	1943
1331	1684
1331	1796
1747	1886
1873	1888
1	36
1	223
1	424
1	666
1	1215
1	1561
36	75
36	549
36	707
36	1258
36	1427
36	1455
36	1848
223	339
223	664
223	935
223	1652
223	1903
424	1359
424	1599
424	1714
666	950
666	1151
666	1449
1215	1925
1561	1655
65	532
65	691
65	1021
65	1056
65	1071
65	1606
266	358
266	441
266	508
266	1169
266	1308
266	1977
329	462
329	1772
374	1109
374	1282
374	1484
374	1664
374	1963
376	977
376	1644
376	1979
612	675
612	1394
612	1745
1175	1661
1175	1848
1196	1333
1663	1895
3	226
3	1225
3	1367
226	544
226	694
226	960
226	1139
1225	1268
1225	1281
1225	1713
1225	1942
1225	1997
129	387
129	534
129	823
129	903
129	1455
129	1584
154	566
154	959
154	1300
154	1920
154	1992
355	393
355	984
355	1063
355	1333
355	1418
451	606
451	813
451	1169
451	1414
571	746
571	1470
571	1579
571	1595
718	1045
718	1443
718	1634
718	1844
1082	1233
1082	1416
1082	1435
1082	1460
1082	1549
1082	1584
1082	1774
1480	1543
1480	1592
1641	1833
1641	1924
1641	1974
5	124
5	274
5	298
5	317
5	996
5	1357
5	1911
5	1941
124	325
124	505
124	1388
124	1599
274	442
274	1343
274	1780
274	1913
298	397
298	430
298	500
298	509
298	1797
298	1990
317	856
317	894
317	1177
317	1428
317	1843
317	1925
996	1035
996	1584
1357	1689
1357	1743
6	293
6	393
6	432
6	697
6	716
6	802
6	844
6	1353
293	611
293	1513
293	1614
293	1962
393	771
393	800
393	1320
393	1837
432	857
432	1420
432	1837
697	802
697	998
697	1240
716	820
716	878
716	1626
716	1811
716	1922
802	1326
802	1365
844	985
844	1351
844	1704
33	275
33	607
33	923
33	1038
33	1129
33	1331
33	1373
62	345
62	527
62	904
62	1189
62	1232
62	1678
109	534
109	784
109	856
109	978
109	1102
188	403
188	546
188	732
188	1052
188	1181
188	1264
188	1481
188	1508
188	1669
462	1536
462	1687
462	1806
462	1829
462	1968
506	577
506	1194
506	1220
506	1453
506	1695
506	1858
752	856
752	1677
1096	1193
1244	1536
1244	1590
1572	1898
1572	1948
1759	1956
106	117
106	700
106	947
106	1458
106	1946
107	350
107	463
107	634
107	1273
107	1611
227	385
227	985
227	1435
227	1464
430	481
430	697
430	891
430	903
430	1351
430	1363
430	1865
463	623
463	640
463	654
463	1668
463	1908
463	1992
884	1322
1030	1342
1030	1703
1030	1886
1030	1997
1060	1529
1060	1547
1188	1887
1188	1938
1332	1638
1332	1812
1350	1572
1350	1755
1350	1817
1524	1634
1524	1742
1601	1878
1714	1803
9	838
9	1232
9	1406
9	1647
9	1679
9	1983
1406	1777
1679	1777
10	124
10	133
10	408
10	939
10	1223
10	1402
10	1409
133	1448
133	1677
133	1705
408	737
408	940
408	1035
408	1288
408	1975
939	1428
939	1435
1402	1453
1402	1705
1402	1936
1402	1952
1409	1464
63	440
63	773
63	993
63	1379
63	1806
63	1862
268	869
268	1559
268	1679
566	1907
723	1228
723	1306
723	1406
723	1415
723	1742
723	1759
1110	1331
1110	1342
1110	1440
1110	1448
1110	1657
1143	1189
1143	1772
1201	1566
1208	1637
1208	1950
1492	1697
1492	1938
1702	1890
12	725
12	1007
12	1465
12	1596
12	1887
725	772
725	932
725	937
725	1849
1007	1633
1465	1829
1465	1956
1596	1757
13	244
13	427
13	514
13	723
13	828
13	1437
13	1457
13	1513
244	393
244	520
244	601
244	834
244	986
244	1511
427	646
427	663
427	761
427	1365
514	780
514	1721
514	1844
828	1060
828	1365
828	1796
1437	1687
1513	1858
14	329
14	937
14	1627
14	1812
14	1946
937	1390
937	1829
937	1970
1627	1656
1627	1727
15	36
15	782
15	915
15	946
15	1029
15	1228
15	1353
15	1930
782	999
782	1099
782	1170
782	1248
782	1894
782	1903
782	1913
915	1008
915	1698
946	1151
946	1367
1029	1108
1029	1336
1029	1536
1228	1432
1228	1575
1228	1804
45	204
45	342
45	360
45	829
45	983
45	1322
45	1547
45	1769
85	319
85	730
85	887
85	997
85	1283
85	1355
388	439
388	541
388	1282
388	1374
388	1380
388	1447
508	509
508	568
508	775
508	798
508	1594
508	1627
508	1767
509	1035
509	1151
611	633
611	1099
611	1132
611	1490
611	1992
649	1137
649	1139
649	1754
649	1797
649	1811
780	958
780	1187
780	1478
1389	1416
1389	1849
17	116
17	178
17	199
17	1007
17	1059
17	1284
116	1692
116	1832
116	1859
178	711
178	799
178	1610
199	247
199	654
199	740
199	797
199	1492
199	1550
199	1582
1059	1169
1059	1461
1059	1650
1059	1654
1284	1434
1284	1757
1284	1907
123	173
123	385
123	421
123	618
123	770
123	804
123	1322
123	1908
141	194
141	479
141	760
141	774
141	1683
141	1791
141	1968
243	846
243	931
243	959
243	1111
243	1295
245	305
245	743
245	929
245	1412
897	959
897	1443
897	1802
966	1332
966	1704
966	1831
1033	1158
1033	1432
1185	1566
1258	1376
1258	1484
1258	1524
1400	1427
1400	1446
19	238
19	376
19	385
19	469
19	702
238	819
238	1273
238	1363
238	1411
238	1663
238	1721
385	1121
385	1215
385	1242
385	1490
385	1507
385	1917
469	888
469	1047
469	1721
469	1795
117	230
117	397
117	1220
117	1563
117	1793
117	1903
363	497
363	923
363	1035
363	1481
412	866
412	1013
412	1213
412	1624
412	1650
412	1672
412	1703
412	1802
732	823
732	1193
804	843
1102	1192
1102	1578
1102	1916
1832	1840
219	770
219	808
219	1250
219	1361
441	759
441	1199
441	1310
459	620
459	835
459	884
459	1079
459	1261
1087	1332
1087	1388
1087	1688
1087	1930
1210	1248
1210	1448
1210	1757
358	370
358	602
358	719
358	1330
358	1365
453	737
719	1315
719	1594
719	1903
719	1952
1069	1269
1069	1563
1069	1644
1069	1898
1171	1255
1171	1759
1199	1434
1199	1909
1690	1950
1800	1932
23	591
23	601
23	1631
23	1996
591	793
591	1347
601	831
601	1129
601	1166
601	1364
48	780
48	896
48	1567
324	610
324	782
324	835
324	1302
324	1524
324	1587
324	1730
771	885
771	949
794	1066
794	1236
794	1653
794	1848
846	1450
846	1689
914	1041
914	1361
914	1755
914	1979
1091	1391
1091	1925
1977	1979
89	686
89	1007
89	1647
89	1702
89	1938
176	941
176	1649
176	1776
262	651
262	1035
262	1346
262	1862
404	628
404	1288
404	1464
404	1493
404	1898
843	935
843	1432
843	1895
1009	1078
1009	1282
1009	1762
1148	1465
1148	1917
1626	1812
1868	1993
26	267
26	374
26	675
26	1778
26	1866
26	1962
267	538
267	728
267	1797
675	730
675	748
675	1620
675	1649
675	1849
1962	1974
577	671
577	1111
577	1325
577	1641
709	792
709	838
709	923
709	1374
709	1606
1131	1193
1131	1388
1131	1435
1189	1300
1189	1330
1189	1575
1585	1587
1585	1588
1585	1743
1594	1910
1874	1906
28	126
28	373
28	475
28	769
28	1451
28	1767
126	326
126	475
126	646
126	997
126	1120
373	439
373	516
373	1028
373	1111
373	1421
373	1584
373	1872
475	709
475	963
475	1152
475	1585
475	1688
475	1818
769	1364
769	1564
1451	1562
1451	1669
1451	1800
29	275
29	328
29	587
29	653
29	859
29	884
29	1427
29	1429
29	1794
275	566
275	1479
275	1490
275	1627
275	1971
328	348
328	431
328	578
328	629
328	993
328	1763
328	1769
587	860
653	658
653	1325
859	1033
859	1632
1427	1561
1429	1453
1429	1522
1429	1579
136	568
136	1101
136	1220
136	1331
136	1364
136	1373
136	1423
136	1953
184	501
184	799
184	977
184	1011
184	1069
184	1190
184	1199
567	915
567	1112
567	1678
637	1778
870	1255
870	1446
1039	1110
1039	1417
1039	1879
1319	1670
1319	1758
1319	1982
1334	1726
1586	1791
1900	1903
1900	1978
1900	1983
31	335
31	473
31	878
31	933
31	1069
31	1071
31	1925
31	1983
335	488
335	949
335	1210
335	1213
335	1283
335	1592
335	1611
473	637
473	877
473	1041
473	1887
473	1916
878	1315
878	1498
878	1747
878	1854
1071	1085
1071	1336
1071	1924
32	226
32	365
32	574
32	580
32	687
32	789
365	517
365	714
365	826
365	1817
365	1837
365	1920
574	785
574	1399
574	1593
574	1603
574	1901
580	651
580	1366
580	1540
687	1111
687	1694
789	1215
789	1237
607	658
607	793
607	1482
607	1534
607	1712
923	1357
923	1955
1038	1526
1129	1132
1129	1700
1373	1666
1373	1811
34	176
34	403
34	484
34	537
34	1688
34	1771
403	506
403	752
403	1508
403	1602
484	549
484	897
484	1479
484	1550
484	1997
537	795
537	895
537	1638
537	1697
657	792
657	1038
657	1193
657	1687
688	722
688	1282
688	1450
688	1590
688	1646
688	1926
799	869
799	993
799	1077
799	1213
799	1689
1036	1152
1036	1440
1036	1464
1036	1782
1213	1571
1214	1217
1214	1546
1214	1742
1214	1777
1446	1650
1458	1872
1522	1915
1522	1945
75	214
75	1052
75	1316
75	1472
549	606
549	711
549	1649
549	1849
549	1978
707	769
707	794
707	1107
707	1308
707	1830
479	574
479	1056
479	1226
479	1519
479	1750
479	1900
548	694
548	965
548	1220
548	1911
608	1201
608	1482
608	1672
608	1909
827	940
827	1148
827	1451
827	1918
868	986
868	1016
868	1164
868	1412
868	1581
868	1626
1008	1614
1085	1109
1085	1551
1550	1653
38	246
38	849
38	1229
38	1524
38	1593
246	334
246	1009
246	1051
246	1190
246	1567
849	887
849	1364
849	1943
1229	1363
1229	1367
1229	1379
1229	1561
1229	1817
1593	1776
1593	1982
39	126
39	167
39	459
39	555
39	789
39	1683
39	1794
167	737
167	773
167	905
167	982
167	1068
167	1417
555	584
555	1219
555	1465
1683	1743
40	295
40	600
40	1236
40	1486
40	1512
40	1515
295	578
295	1366
295	1389
295	1575
295	1611
295	1769
600	1325
600	1878
1486	1546
1486	1782
1512	1596
1512	1837
41	719
41	1746
42	386
42	996
42	1191
42	1507
42	1516
386	474
386	527
386	726
386	1859
1507	1523
1507	1714
1516	1849
43	274
43	1069
43	1105
43	1433
1105	1302
1105	1823
1105	1941
1433	1571
1433	1750
1433	1862
44	567
44	691
44	1174
44	1187
44	1385
44	1561
44	1796
691	1132
691	1376
691	1590
691	1656
1174	1549
1174	1700
1187	1470
1187	1594
1385	1605
204	1287
204	1494
204	1907
342	393
342	421
342	490
342	1152
342	1418
342	1974
360	488
360	669
360	941
360	1687
829	1008
829	1649
829	1906
983	1009
983	1464
1322	1380
1322	1783
46	387
46	1010
387	888
387	921
1010	1333
1010	1644
1010	1975
47	280
47	453
47	912
47	1109
280	471
280	748
280	1412
280	1646
280	1917
1109	1161
1109	1462
896	1746
82	108
82	538
82	703
82	718
82	882
82	1351
82	1863
170	324
170	326
170	366
170	416
170	917
170	1060
170	1208
170	1215
170	1315
208	763
208	1171
208	1480
208	1603
208	1643
278	474
278	649
278	1059
278	1268
278	1654
278	1705
278	1854
409	1413
409	1536
409	1712
640	779
640	1194
640	1642
640	1682
724	742
724	795
724	814
724	1562
724	1617
724	1806
935	1214
935	1250
935	1637
1243	1547
1243	1722
1243	1953
1343	1680
1421	1529
1421	1634
50	266
50	362
50	439
50	533
50	827
50	1199
50	1953
362	1137
362	1514
362	1702
362	1911
362	1953
439	502
439	868
439	1342
439	1759
533	668
533	1433
533	1678
533	1856
51	149
51	245
51	407
51	1519
51	1688
149	480
149	1480
149	1763
149	1765
149	1810
149	1996
407	510
407	1800
407	1810
1519	1617
1519	1672
1519	1837
1519	1888
52	151
52	770
52	955
52	1051
52	1219
52	1306
52	1509
52	1564
151	773
151	1033
151	1121
151	1206
151	1325
151	1524
151	1731
770	838
770	1060
770	1724
770	1822
955	1102
955	1414
955	1814
1051	1360
1051	1499
1051	1602
1051	1922
1219	1282
1306	1776
1509	1642
1509	1946
1564	1592
1564	1758
195	210
195	514
195	587
195	644
195	926
195	940
195	1218
255	779
255	965
255	1233
255	1481
255	1513
256	497
256	534
256	886
256	1610
256	1728
256	1918
291	584
291	1050
544	604
544	1028
544	1085
544	1104
544	1620
921	927
921	1663
993	1743
993	1942
1877	1878
54	390
54	1195
54	1219
54	1423
54	1457
54	1718
390	577
390	686
390	1295
390	1414
390	1780
1195	1357
1195	1688
1195	1776
1195	1900
1195	1926
1195	1979
1423	1969
1423	1974
55	515
55	639
55	965
515	915
515	1222
515	1320
515	1977
639	866
639	950
965	1166
965	1321
965	1561
965	1800
206	1165
206	1677
206	1750
206	1769
292	468
292	798
292	825
292	1052
292	1143
292	1324
292	1572
315	320
315	904
315	1295
315	1420
315	1471
903	1010
903	1668
1637	1810
1637	1811
361	404
361	759
361	802
361	1139
361	1427
361	1607
474	548
474	1321
474	1559
474	1601
686	797
686	898
686	1669
779	905
779	1333
1041	1262
1041	1391
1041	1462
1041	1943
1614	1913
1614	1982
58	566
58	611
58	805
58	1059
58	1274
58	1342
805	1087
805	1316
805	1394
805	1562
805	1818
805	1996
1274	1656
1274	1791
1274	1898
1342	1960
602	1139
602	1516
602	1518
602	1700
602	1888
959	1059
959	1071
959	1607
959	1780
1062	1924
1062	1962
1111	1394
1111	1647
1111	1834
1111	1958
1205	1582
1205	1632
1205	1860
1399	1607
1399	1718
1461	1508
1461	1636
1461	1689
1461	1763
1461	1910
1461	1941
1633	1690
283	488
283	527
283	566
283	1181
283	1634
299	401
299	553
299	719
299	870
299	910
299	1305
299	1914
314	1698
314	1713
984	1906
1242	1523
1242	1654
1242	1802
1506	1649
1658	1765
316	544
316	910
316	1347
316	1672
316	1895
629	746
629	1310
629	1666
629	1704
629	1851
629	1879
672	846
672	1877
727	756
727	1295
727	1812
727	1888
1132	1451
1132	1898
1177	1920
345	442
345	531
345	714
345	1668
527	800
527	1360
527	1488
527	1606
904	1201
904	1567
904	1652
904	1748
1678	1992
440	808
440	1601
773	1033
773	1519
773	1644
1379	1475
64	260
64	661
64	935
64	1001
64	1343
64	1472
64	1677
260	643
260	1644
260	1993
661	806
661	882
661	1186
661	1538
661	1563
661	1678
1001	1266
1001	1639
1001	1656
1472	1490
1472	1898
1677	1901
532	568
532	764
532	1125
532	1222
532	1465
1021	1506
1021	1862
1021	1945
1056	1443
1056	1627
1056	1633
66	376
66	804
66	1300
66	1617
1300	1633
1300	1840
1300	1932
1617	1641
210	251
210	403
210	905
210	1583
225	607
225	625
225	667
225	909
225	1302
225	1572
225	1586
592	612
592	1292
592	1507
592	1748
592	1876
592	1990
699	819
699	1942
699	1952
1194	1196
1194	1534
1194	1606
1233	1391
1233	1540
1233	1942
1292	1631
1292	1703
263	572
263	841
263	859
263	893
263	1167
263	1453
263	1806
820	926
820	1302
820	1918
994	1417
994	1700
994	1844
482	625
482	1099
482	1326
482	1458
482	1492
482	1596
482	1974
720	905
720	1484
720	1496
720	1646
720	1778
737	1255
1548	1895
189	416
189	687
189	1021
189	1427
189	1722
553	1131
553	1513
722	779
722	828
722	1391
722	1780
722	1874
886	1311
886	1608
1581	1610
1581	1705
1634	1920
1634	1924
1695	1947
264	804
264	1262
264	1291
264	1501
264	1713
531	927
531	1840
784	863
784	910
784	1187
784	1231
784	1428
784	1530
784	1654
926	959
1453	1514
1453	1567
1578	1606
72	292
72	813
72	931
72	1840
72	1844
72	1904
813	863
813	1171
813	1226
931	1077
931	1104
931	1540
931	1866
73	239
73	244
73	891
73	1166
73	1196
73	1294
239	281
239	332
239	344
239	507
239	937
239	1192
239	1745
891	1464
891	1480
891	1669
891	1945
1294	1865
77	135
77	224
77	940
77	1220
77	1572
77	1803
137	298
137	537
137	974
137	1742
493	846
493	1078
493	1462
502	1078
502	1131
502	1158
502	1704
502	1762
568	610
568	1019
568	1916
1707	1876
1727	1832
214	756
214	863
214	895
214	1448
214	1608
1052	1592
1052	1876
1316	1330
1316	1348
1316	1571
76	193
76	572
76	618
76	1164
76	1357
76	1610
76	1684
193	253
193	388
193	668
193	689
193	775
572	668
572	1518
572	1594
618	657
618	990
618	1243
618	1520
618	1668
135	325
135	508
135	552
135	932
135	1200
135	1229
135	1696
224	321
224	722
224	746
224	1035
224	1137
224	1603
224	1688
940	1134
940	1317
940	1408
940	1492
940	1776
1220	1422
1220	1731
78	276
78	283
78	495
78	535
78	737
78	763
78	773
276	500
276	598
276	1582
276	1689
276	1844
495	723
495	1551
535	1166
535	1499
763	1108
763	1400
651	1449
651	1797
651	1901
806	882
806	1268
806	1435
1269	1321
1269	1408
1269	1450
1388	1470
1884	1941
1884	1990
127	321
127	718
127	1974
792	891
792	1228
792	1281
792	1915
960	1192
960	1581
960	1737
960	1833
1104	1639
1351	1817
1351	1912
1551	1689
1603	1894
1661	1718
1661	1877
1698	1843
81	111
81	353
81	451
81	587
81	628
81	1158
81	1704
111	363
111	601
111	1008
111	1232
111	1637
111	1663
353	386
353	468
353	776
353	1421
628	751
108	408
108	845
108	1001
108	1450
108	1564
108	1668
108	1873
538	761
703	790
703	914
703	1291
703	1571
703	1746
83	314
83	366
83	806
83	947
83	1085
83	1516
83	1686
83	1858
83	1910
366	921
366	1253
366	1646
366	1737
947	1021
947	1027
947	1288
947	1506
947	1526
947	1539
947	1834
1858	1963
84	330
84	355
84	552
84	746
84	1465
84	1832
330	432
330	789
330	1080
330	1302
552	910
552	1077
552	1818
746	964
746	1351
746	1590
319	694
319	1141
319	1231
319	1888
730	1386
730	1484
730	1580
730	1783
730	1823
887	1009
887	1189
887	1914
997	1223
997	1258
997	1273
1355	1564
1355	1754
115	264
115	366
115	683
115	1310
115	1324
115	1350
115	1406
115	1603
241	761
241	1004
241	1028
241	1080
241	1361
241	1511
241	1925
326	776
326	1138
326	1287
326	1599
326	1953
761	1451
761	1490
761	1493
761	1964
817	1330
817	1559
817	1567
817	1796
817	1873
906	1010
906	1138
1595	1878
1595	1914
1595	1992
282	332
282	346
282	774
282	804
282	966
282	1015
282	1863
351	859
351	1237
351	1343
351	1901
351	1962
1043	1232
1043	1287
1043	1587
1043	1653
1043	1890
1222	1305
1222	1355
1222	1543
1347	1728
1387	1588
1387	1762
1415	1486
1635	1901
1787	1909
88	195
88	741
88	1482
88	1511
88	1731
741	1488
741	1686
1482	1688
1482	1943
1511	1695
1511	1730
1511	1782
426	555
426	785
426	877
426	914
426	1107
426	1683
523	531
523	1536
523	1868
768	798
768	802
768	1108
768	1858
768	1950
894	917
894	1721
973	1244
973	1698
973	1979
1743	1832
1743	1982
91	380
91	707
91	928
91	1437
91	1508
91	1915
380	1167
380	1585
928	1901
203	258
203	800
203	1016
203	1208
203	1210
203	1313
203	1724
203	1774
312	363
312	600
312	780
312	840
312	1305
312	1567
312	1639
581	849
581	1657
581	1791
1227	1655
1227	1911
491	581
491	1105
620	794
620	859
620	1039
620	1104
620	1109
620	1385
620	1683
620	1782
669	1258
669	1308
669	1748
696	1167
696	1346
696	1376
696	1635
696	1684
1047	1415
1047	1721
1047	1907
1125	1284
1125	1947
1125	1948
1748	1780
1748	1904
94	117
94	217
94	455
94	587
94	835
94	973
94	1227
94	1376
217	289
217	661
217	870
217	1465
217	1584
217	1714
217	1904
455	1800
455	1865
835	1338
835	1620
835	1633
835	1996
1376	1402
1376	1428
1376	1551
1376	1642
270	345
270	732
270	910
270	942
270	1780
270	1908
667	707
667	994
667	1059
667	1143
1077	1151
1077	1626
1077	1680
1287	1415
1689	1703
1689	1742
778	957
778	1011
778	1268
778	1421
1063	1099
1063	1361
1063	1399
1063	1713
1063	1862
1063	1904
1150	1532
1150	1563
1150	1639
1150	1778
1814	1922
97	366
97	552
97	604
97	1226
97	1775
604	640
604	1563
604	1654
604	1718
1226	1314
1226	1388
564	737
564	1248
564	1767
564	1783
801	1913
801	1979
1066	1208
1066	1219
1066	1698
1364	1412
1364	1512
1783	1916
221	1331
221	1347
221	1909
221	1947
318	681
318	966
318	1110
318	1414
318	1550
318	1713
480	592
480	663
480	1008
480	1494
480	1866
480	1952
717	1015
717	1039
717	1294
717	1509
1638	1914
578	1435
578	1860
578	1950
772	882
772	959
772	1107
772	1915
777	1212
777	1724
777	1804
834	1214
834	1447
834	1658
834	1661
834	1833
1488	1657
153	321
153	362
153	826
153	1800
153	1884
153	1890
941	1087
941	1089
941	1590
458	850
458	1129
458	1866
1264	1943
1468	1743
1468	1860
1468	1920
877	1101
877	1586
877	1811
1045	1066
1045	1413
1045	1763
429	758
429	846
429	1185
429	1418
429	1581
429	1818
885	1762
905	994
905	1915
1031	1791
1338	1638
1804	1918
105	707
105	1284
700	789
700	1036
700	1218
700	1908
350	419
350	571
350	897
350	1284
350	1862
634	649
634	1189
1273	1722
1611	1817
845	1582
845	1698
845	1849
534	671
534	1008
534	1134
534	1512
534	1842
856	1062
856	1680
856	1707
856	1714
978	1653
978	1690
978	1830
261	330
261	984
261	1687
261	1963
261	1969
977	1125
977	1353
977	1437
977	1539
977	1588
977	1858
1075	1669
1075	1731
1075	1993
1413	1767
1413	1843
164	917
164	1320
164	1443
164	1592
164	1734
164	1832
164	1922
1255	1874
306	527
306	820
306	1120
306	1794
306	1840
306	1897
306	1904
306	1930
334	491
334	598
334	1240
334	1306
334	1414
334	1478
334	1755
764	931
764	958
764	1244
764	1862
809	1326
809	1918
809	1983
987	1575
1860	1914
114	608
114	723
114	929
114	1003
114	1244
929	1030
929	1475
929	1793
929	1866
1003	1068
1003	1683
683	733
683	1292
683	1705
683	1876
230	246
230	520
230	974
230	1367
230	1427
230	1472
397	1837
343	1164
343	1610
343	1868
497	1101
497	1385
497	1811
893	928
893	950
893	1038
893	1411
1712	1780
1726	1787
1726	1794
1758	1794
1758	1948
119	333
119	977
119	1069
119	1459
119	1904
119	1922
333	426
333	442
333	1422
333	1534
1459	1601
1459	1690
1459	1865
529	712
529	1169
529	1433
529	1448
529	1672
854	1047
854	1187
854	1366
854	1632
854	1692
1418	1546
1418	1617
1418	1998
1464	1633
1464	1955
1501	1894
1501	1897
1559	1650
1359	1624
1359	1679
1359	1713
173	510
173	856
173	1488
173	1748
173	1876
421	713
421	957
421	1138
421	1394
421	1486
325	532
325	697
325	741
325	808
325	1797
505	829
505	978
505	1060
505	1342
142	289
142	397
142	529
142	935
142	1073
142	1132
142	1158
142	1388
460	640
460	1062
460	1599
460	1611
460	1803
460	1978
551	601
551	1089
551	1132
551	1330
551	1365
551	1578
551	1635
636	907
636	1379
636	1865
1137	1321
1137	1714
1137	1747
1734	1917
646	798
646	1313
646	1479
646	1803
1120	1506
1120	1942
321	502
321	727
321	1015
321	1692
321	1874
1974	1982
323	681
323	1047
323	1111
323	1200
323	1244
323	1722
332	631
332	1451
332	1491
332	1654
332	1774
823	966
823	984
823	1832
823	1859
1584	1956
1079	1248
1079	1305
1079	1728
1417	1759
1417	1910
712	741
712	1151
712	1191
712	1222
712	1594
1580	1888
945	1102
945	1365
945	1649
1479	1705
1479	1936
1805	1829
1805	1942
134	493
134	759
134	1191
134	1234
759	882
1234	1391
1234	1901
932	1045
932	1229
932	1666
932	1907
1200	1687
1200	1705
1200	1830
974	1104
1742	1762
1742	1887
1742	1977
138	270
138	490
138	1047
138	1481
138	1683
138	1701
138	1727
490	591
490	729
490	1508
490	1762
139	507
139	1021
139	1131
139	1269
139	1580
139	1627
507	587
507	648
507	760
507	1546
507	1593
507	1900
644	840
644	886
644	939
644	1227
644	1231
644	1244
644	1877
644	1906
1460	1830
1460	1963
194	227
194	764
194	950
194	1872
194	1945
194	1953
760	774
760	778
760	848
760	873
760	1204
774	933
774	974
774	1105
774	1144
774	1399
289	454
289	549
289	634
289	926
289	1129
1073	1562
1073	1925
848	1343
848	1386
848	1592
848	1983
1650	1910
643	819
643	958
643	1274
643	1543
643	1551
643	1796
1078	1728
1089	1209
1089	1264
1089	1664
1089	1684
1240	1652
1259	1314
1259	1480
1259	1856
1259	1981
1281	1498
146	567
146	1015
146	1050
146	1448
146	1748
1015	1321
1015	1642
389	727
389	848
389	1353
389	1682
389	1727
389	1876
663	1027
663	1047
663	1353
663	1602
663	1886
663	1895
895	1096
895	1374
950	987
950	990
950	1447
950	1572
950	1926
797	1664
797	1730
797	1769
797	1774
797	1791
1549	1633
1571	1823
1571	1924
1649	1750
1649	1775
1730	1887
1730	1903
1121	1387
1121	1945
1206	1703
1206	1761
1206	1968
1325	1777
1325	1802
1325	1938
546	819
546	1217
546	1366
546	1498
546	1860
546	1878
892	937
892	1363
892	1509
917	1038
917	1121
1186	1268
1186	1471
1186	1492
1186	1598
1186	1730
826	1347
826	1493
826	1772
857	1050
857	1213
857	1400
857	1519
857	1626
1170	1581
1170	1652
1266	1507
1266	1550
1266	1823
1802	1877
172	509
172	763
172	1215
172	1321
172	1692
172	1887
309	481
309	763
309	857
309	937
309	1322
309	1562
681	1223
681	1859
681	1957
1664	1704
1664	1774
1664	1895
1664	1943
161	588
161	772
161	1311
161	1472
161	1761
161	1915
488	510
488	1462
488	1734
796	871
796	1008
796	1775
1237	1363
1237	1511
1237	1538
1360	1878
1360	1907
1496	1879
158	314
158	698
158	1045
158	1137
158	1233
158	1550
698	1496
698	1682
698	1700
310	401
310	437
310	580
310	676
310	909
310	939
310	1091
310	1242
346	431
346	480
346	636
346	1096
346	1866
346	1978
1414	1440
1579	1610
1579	1842
1579	1876
1579	1938
1657	1922
1657	1970
160	295
160	340
160	463
160	522
160	894
340	719
340	854
340	1121
340	1406
340	1614
340	1712
522	548
522	1060
522	1071
522	1411
522	1964
588	985
588	1050
588	1409
588	1428
588	1868
1311	1523
1311	1642
1311	1769
1761	1834
1761	1859
825	1493
910	945
1313	1572
1313	1722
1313	1975
1374	1402
1374	1588
1374	1654
1374	1750
1374	1993
1523	1829
1932	1977
1320	1814
1443	1724
1443	1797
1443	1945
273	444
273	629
273	704
273	886
273	1413
273	1712
273	1812
985	1206
985	1849
985	1941
985	1955
985	1990
1080	1482
1080	1491
1080	1655
1080	1822
1607	1761
1607	1938
1632	1879
982	1513
982	1523
982	1540
1068	1459
1068	1958
252	323
252	391
252	501
252	643
252	1102
954	1210
954	1322
954	1393
954	1420
954	1658
954	1843
954	1998
370	974
370	1039
370	1475
370	1908
624	1015
624	1120
624	1198
624	1313
624	1580
624	1777
785	1186
785	1347
785	1551
785	1638
416	768
416	870
416	1734
1315	1546
1315	1601
1315	1606
1315	1634
281	591
281	743
281	828
281	998
281	1198
281	1801
749	964
749	1001
999	1134
999	1232
999	1237
1209	1393
1209	1579
1209	1582
1209	1605
1209	1672
1321	1475
1321	1515
510	802
510	1608
510	1724
510	1914
501	1167
501	1380
1141	1724
1141	1992
175	345
175	460
175	604
175	634
175	1175
175	1259
175	1646
175	1712
175	1866
1646	1655
1646	1767
1646	1787
873	971
873	1199
873	1492
873	1608
873	1639
873	1887
873	1993
1434	1610
1434	1900
1737	1956
711	712
711	835
711	906
711	1360
711	1602
1161	1220
1161	1873
1161	1908
180	202
180	699
180	1068
180	1144
180	1231
180	1655
202	785
202	1091
202	1486
202	1501
202	1958
1144	1367
1144	1386
1144	1522
1144	1829
1231	1707
676	1548
676	1571
676	1605
676	1653
1422	1614
1422	1981
1539	1877
1539	1932
1539	1981
250	688
250	1389
968	1091
968	1408
968	1700
1412	1529
1412	1700
211	763
211	1196
575	740
575	808
575	907
575	1001
575	1746
575	1783
1494	1513
1494	1586
1494	1910
1011	1367
1011	1598
1011	1601
1011	1823
1011	1837
1011	1887
185	238
185	481
185	535
185	1222
185	1411
481	529
481	1008
481	1402
481	1538
863	1027
863	1538
863	1872
297	479
297	506
297	949
297	1012
297	1606
297	1969
411	790
411	1078
411	1941
733	772
733	987
733	1253
733	1373
733	1587
1108	1194
1108	1859
1108	1878
1108	1922
1642	1653
1856	1982
1912	1957
1181	1331
1181	1429
1181	1486
1181	1661
1687	1697
1687	1722
191	473
191	1035
191	1068
191	1169
191	1514
191	1595
191	1596
1169	1417
1169	1775
1514	1610
1514	1804
232	243
232	261
232	343
232	488
232	1030
232	1513
232	1611
232	1932
436	538
436	714
436	1385
1432	1977
253	332
253	360
253	468
253	500
253	733
253	853
253	928
668	929
668	1019
668	1175
668	1208
668	1482
689	725
689	797
689	1409
689	1498
689	1712
775	859
775	1338
775	1413
775	1641
775	1644
1218	1457
1218	1678
1218	1757
1218	1832
237	607
237	697
237	1310
237	1334
237	1357
237	1631
237	1971
431	793
694	1036
1134	1932
1583	1955
247	742
247	789
247	819
247	986
247	1518
654	672
654	1190
654	1496
654	1668
654	1803
740	894
740	1008
740	1223
1582	1886
269	419
269	825
269	1522
269	1559
269	1592
269	1834
269	1851
269	1916
394	785
394	790
394	1107
394	1144
394	1343
394	1592
394	1910
1390	1748
258	471
258	598
258	926
258	1636
258	1783
258	1975
800	841
800	1198
800	1283
800	1508
800	1529
401	649
401	1484
401	1890
437	495
437	963
437	1233
437	1284
437	1429
437	1983
1165	1255
1165	1317
1165	1386
1165	1587
1165	1617
1165	1830
814	1453
814	1679
898	926
898	1139
898	1141
898	1306
898	1769
1499	1842
251	312
251	481
251	892
251	954
251	1038
251	1330
251	1758
212	870
212	1532
212	1636
212	1639
212	1884
1636	1957
1416	1677
1416	1707
1416	1992
756	1338
756	1610
756	1754
1475	1586
216	223
216	532
216	748
216	789
216	1074
216	1141
216	1694
216	1754
216	1926
748	828
748	923
748	1538
748	1842
1074	1190
1074	1205
1074	1702
449	523
449	577
449	606
449	715
449	784
449	1364
449	1834
449	1960
1336	1493
1336	1546
1336	1559
808	1033
808	1325
808	1367
1250	1350
1361	1627
1361	1755
1361	1868
1361	1879
1361	1887
220	676
220	820
220	857
220	956
220	1079
220	1210
220	1641
220	1697
220	1763
956	1108
956	1353
956	1638
339	362
339	790
339	1175
339	1512
339	1712
339	1795
339	1977
664	840
664	1021
664	1724
664	1877
625	946
625	1330
625	1632
625	1742
909	986
909	1679
909	1701
909	1932
1139	1679
1139	1840
383	462
383	612
383	971
383	998
1314	1418
1314	1964
1656	1705
1656	1978
729	853
729	1409
729	1958
776	1191
776	1367
776	1470
776	1707
776	1769
776	1938
1028	1374
1028	1637
1028	1840
1028	1930
1028	1942
520	588
520	683
520	1010
520	1590
235	370
235	1063
235	1484
235	1646
743	1353
743	1363
743	1440
850	1056
850	1161
850	1795
234	575
234	1726
234	1823
1027	1449
819	1305
819	1686
819	1801
344	491
344	1188
344	1315
344	1530
344	1539
1192	1428
1192	1903
1745	1761
1745	1774
869	927
869	1242
869	1602
1428	1601
1428	1658
986	1013
986	1273
986	1429
986	1506
986	1868
305	319
305	427
305	546
305	699
305	1702
305	1884
742	946
742	1170
742	1856
742	1897
1518	1737
1518	1946
1518	1968
248	522
248	778
248	869
248	1608
248	1658
391	904
391	1188
468	469
468	1131
468	1212
468	1932
500	701
500	1817
853	993
853	1551
853	1771
444	592
444	828
444	866
444	1139
444	1258
444	1408
1728	1830
1728	1877
471	554
471	694
471	845
471	1331
471	1518
598	1578
1493	1727
1493	1969
1644	1696
1644	1730
1644	1858
841	845
841	1250
841	1432
841	1884
1167	1223
1167	1236
1167	1409
1167	1912
1262	1331
1291	1399
1291	1534
1291	1879
1713	1806
1261	1282
1261	1292
1261	1775
1308	1494
1308	1822
728	1457
728	1479
728	1605
728	1655
728	1801
1834	1913
942	1031
942	1547
942	1930
790	1415
790	1718
1393	1526
1393	1548
1393	1658
704	1152
704	1539
442	462
442	955
442	1177
442	1310
442	1678
1490	1872
1490	1971
300	335
300	1412
300	1898
300	1936
300	1997
998	1334
998	1373
998	1598
998	1860
1198	1320
1198	1415
1198	1523
1198	1643
1198	1776
1333	1780
1333	1890
285	705
285	857
285	949
285	1292
285	1641
285	1956
705	1347
705	1538
705	1670
705	1718
1956	1978
287	564
287	996
287	1051
287	1782
287	1898
454	575
454	584
454	1143
454	1918
798	1143
798	1342
798	1470
798	1524
798	1978
294	458
294	1602
294	1643
1575	1831
605	651
605	759
605	820
605	1007
605	1085
605	1805
1012	1696
1305	1316
1305	1394
1305	1642
831	914
831	1003
831	1027
831	1232
831	1627
831	1707
1598	1834
1598	1858
1598	1945
1680	1757
840	1302
840	1484
313	316
313	404
313	893
313	1386
313	1810
313	1979
1386	1886
320	581
320	752
320	1300
320	1506
320	1914
320	1963
320	1964
1672	1679
423	631
423	923
423	1073
423	1139
423	1814
610	956
610	965
610	1287
610	1551
1138	1214
1138	1534
1138	1546
1138	1722
1138	1797
348	440
348	484
348	1457
348	1624
348	1918
1107	1656
1536	1583
1536	1801
631	671
631	1195
631	1311
631	1508
631	1692
631	1811
1491	1700
1491	1901
1478	1654
1478	1703
1478	1854
1478	1863
860	929
860	983
860	1010
860	1484
860	1762
860	1851
860	1874
860	1952
1365	1754
1520	1697
1520	1854
1217	1233
1217	1703
1217	1800
1217	1818
1217	1917
1152	1782
714	1175
714	1647
541	567
541	886
541	1232
541	1330
541	1360
541	1365
1624	1718
658	1056
658	1383
658	1506
658	1796
352	411
352	497
352	580
352	612
352	1158
352	1295
352	1703
648	1001
648	1036
648	1434
648	1938
1948	1993
517	636
517	1082
517	1188
517	1942
517	1960
517	1981
1253	1457
1253	1746
1288	1587
1288	1859
1894	1907
1894	1936
369	1050
369	1306
369	1418
369	1911
516	1181
516	1288
516	1718
1282	1941
1529	1594
1391	1641
713	741
713	809
713	1075
713	1471
713	1548
713	1686
971	1451
971	1585
927	1099
927	1625
927	1728
927	1873
726	829
726	945
726	946
726	1415
726	1731
726	1983
888	1141
888	1360
888	1364
888	1726
888	1860
1380	1658
1380	1727
1447	1679
1447	1840
758	1056
758	1099
758	1261
758	1522
758	1626
758	1831
758	1868
866	887
866	1886
606	705
606	1188
606	1843
1204	1237
1204	1468
1204	1494
1204	1515
1204	1700
1204	1763
671	687
671	1642
671	1696
964	1096
964	1388
964	1432
793	921
793	957
793	1884
1540	1795
1540	1829
1408	1750
1408	1910
623	799
623	1455
623	1562
623	1863
795	846
795	1767
795	1783
554	1015
554	1264
554	1390
554	1686
1193	1664
1193	1823
1538	1727
1538	1776
1099	1947
1462	1596
1462	1878
958	1016
958	1074
701	909
701	1288
701	1338
701	1458
701	1515
701	1536
701	1546
1811	1943
561	869
561	873
561	942
561	1353
561	1575
561	1823
1590	1652
1590	1983
1590	1998
1498	1625
1498	1920
990	1200
990	1212
990	1406
990	1936
1440	1714
1317	1472
1317	1953
1248	1281
1248	1636
1248	1895
1605	1698
1112	1468
1112	1478
1019	1306
1019	1617
1019	1656
1019	1772
1830	1906
781	964
781	985
781	1305
781	1320
781	1330
781	1783
907	1253
907	1366
907	1422
907	1582
907	1593
907	1680
907	1906
751	1200
751	1548
596	838
596	1208
596	1462
596	1564
596	1718
1543	1702
1543	1793
1449	1486
665	809
665	884
665	1125
665	1336
665	1585
665	1650
665	1714
693	699
693	711
693	923
693	1338
693	1355
693	1494
1348	1411
1348	1588
1348	1684
1348	1958
871	933
871	1228
871	1308
871	1449
871	1508
1588	1942
