# Undirected graph (each unordered pair of nodes is saved once): output/networks/Random64000removeCentrality-55percent.txt
# Nodes: 900 Edges: 1702
# NodeId	NodeId
213	340
213	910
213	1121
213	1532
372	429
372	900
372	1035
372	1514
487	591
487	769
487	1073
487	1750
584	946
584	949
633	885
633	963
633	1817
633	1972
912	1391
912	1945
925	1166
925	1666
933	1066
933	1222
933	1320
933	1684
963	1667
963	1696
1013	1171
1747	1886
1873	1881
1873	1888
1	223
1	424
1	666
1	861
1	1561
223	339
223	1652
223	1903
424	1599
424	1714
861	1912
861	1975
1561	1671
65	691
65	1021
65	1071
374	1109
374	1963
376	977
452	817
452	912
452	997
452	1109
452	1697
452	1755
612	1394
612	1745
1175	1661
1175	1848
1196	1333
1196	1439
1663	1895
3	226
3	1225
226	544
226	694
226	960
226	1139
226	1327
1225	1281
1225	1713
129	387
129	534
129	823
129	1455
129	1485
154	566
154	959
154	1597
154	1920
355	393
355	984
355	1333
451	606
451	1169
451	1414
571	1579
571	1595
718	1045
718	1097
718	1634
1082	1233
1082	1460
1082	1549
1082	1774
1480	1543
1641	1833
1641	1924
1641	1974
274	1343
274	1674
996	1035
996	1781
1357	1743
293	1173
293	1485
293	1513
293	1614
293	1962
393	771
393	800
393	1320
393	1837
432	857
432	1420
432	1837
697	802
697	998
697	1240
716	820
716	878
716	944
716	1626
802	1326
844	1621
844	1704
109	534
109	856
109	978
462	1829
462	1968
506	1194
506	1220
506	1695
506	1858
752	856
752	1677
1096	1193
1759	1956
106	700
106	1458
106	1946
107	350
107	634
107	1789
430	697
430	1363
430	1865
1030	1703
1030	1886
1188	1887
1332	1638
1332	1812
1350	1755
1350	1817
1714	1803
9	838
9	1406
9	1647
133	1677
939	1517
1402	1936
1402	1952
63	440
63	1379
723	1228
723	1406
723	1415
723	1759
1110	1440
1110	1657
1143	1772
1201	1566
1492	1697
197	250
197	688
197	1301
197	1690
197	1696
197	1863
725	932
725	1849
1007	1633
1465	1829
1465	1956
427	524
427	646
514	780
514	1721
828	1738
1457	1517
1513	1858
14	1621
14	1812
14	1946
15	915
15	946
15	1029
15	1228
15	1327
15	1353
15	1930
915	1698
1029	1108
1029	1336
1228	1432
1228	1575
1228	1804
1327	1336
45	204
45	360
45	670
45	829
45	983
45	1547
85	887
85	997
85	1283
85	1355
508	568
508	798
508	1594
508	1767
780	958
780	1187
780	1478
1389	1849
116	557
116	1692
116	1859
178	799
199	654
199	740
199	1492
199	1550
1544	1547
1544	1757
123	421
123	770
123	804
141	194
141	1683
141	1791
141	1968
243	846
243	959
243	1295
245	305
245	1048
897	959
897	1802
966	1332
966	1704
966	1831
1033	1158
1033	1432
1258	1376
1258	1999
1400	1427
1400	1446
238	925
238	1363
238	1663
238	1721
414	1169
469	970
469	1047
469	1721
469	1795
804	843
219	770
219	1250
1087	1332
1087	1388
1087	1688
1087	1781
1087	1930
358	370
358	602
453	737
1069	1269
1069	1898
1171	1255
1171	1759
1199	1434
1199	1909
1800	1932
23	591
23	1631
23	1996
591	793
48	780
48	896
48	1567
771	885
771	949
794	1066
794	1236
794	1848
914	1755
89	686
89	1007
89	1647
89	1702
89	1951
176	1649
176	1776
404	628
404	1288
404	1493
404	1898
843	1432
843	1597
843	1895
1009	1078
1009	1762
1009	1972
1148	1465
1626	1812
26	130
26	267
26	374
26	1778
26	1866
26	1962
130	315
130	1079
130	1793
267	538
267	1797
1962	1974
709	792
709	838
1131	1193
1131	1388
1585	1587
1585	1588
1585	1743
1594	1910
28	373
28	769
28	1451
28	1767
373	439
373	516
373	1872
769	1364
1451	1669
1451	1800
29	275
29	653
29	884
29	1427
29	1429
29	1794
275	566
275	1490
275	1971
653	658
1427	1561
1429	1579
567	915
567	1112
637	861
637	1048
637	1778
1039	1110
1319	1670
1319	1758
1334	1726
1586	1791
1900	1903
335	488
335	949
335	1213
335	1283
473	637
473	877
473	1887
473	1916
878	1315
878	1498
878	1747
878	1854
1071	1085
1071	1336
1071	1924
1521	1579
1846	1957
32	226
32	574
32	580
32	789
574	1399
574	1603
580	651
580	1366
607	658
607	793
607	1534
607	1789
1038	1526
1129	1132
1373	1666
34	176
34	484
34	537
34	1688
34	1771
484	897
484	1550
537	795
537	895
537	1638
537	1671
537	1697
657	792
657	1038
657	1193
657	1881
688	722
688	1926
799	1077
799	1213
1036	1152
1036	1440
1213	1571
1214	1710
1446	1650
1458	1872
75	214
75	677
75	1052
75	1316
75	1472
548	694
548	1220
608	1201
608	1672
608	1909
1085	1109
1085	1551
1550	1999
38	130
38	246
38	849
246	1009
246	1051
246	1190
246	1567
849	887
849	1364
849	1943
242	274
242	894
242	1079
242	1295
242	1550
1683	1743
40	600
40	677
40	1236
40	1515
677	1007
677	1204
677	1455
677	1772
41	1746
1746	1846
42	996
42	1191
42	1516
1191	1671
1516	1565
1516	1849
43	274
43	1069
43	1105
43	1433
1105	1302
1433	1571
1433	1750
44	567
44	691
44	1174
44	1187
44	1561
691	1132
691	1376
1174	1549
1187	1594
204	209
204	670
204	861
360	488
360	669
360	1951
670	1219
670	1566
829	1597
829	1649
983	1009
46	387
46	399
46	1010
387	921
1010	1333
1010	1975
47	280
47	453
47	912
47	1109
280	748
1109	1161
1109	1462
896	1746
208	379
208	763
208	1171
208	1480
208	1603
208	1643
278	434
278	474
278	1654
278	1854
409	434
409	1413
640	779
640	1194
640	1642
640	1682
1243	1547
1243	1953
362	1514
362	1702
362	1953
439	502
439	1759
51	149
51	245
51	407
51	1688
149	480
149	1480
149	1763
149	1765
149	1810
149	1996
407	510
407	1800
407	1810
151	1033
151	1121
151	1206
151	1667
770	838
770	1724
770	1822
955	1414
955	1814
1051	1360
1051	1602
195	210
195	514
195	644
195	1218
255	779
255	1233
255	1481
255	1513
256	434
256	534
256	810
256	1918
291	584
291	1050
291	1521
544	1085
544	1104
544	1620
921	1067
921	1663
1195	1357
1195	1688
1195	1776
1195	1900
1195	1926
1423	1667
1423	1969
1423	1974
55	515
55	639
55	1251
515	915
515	1222
515	1320
639	866
639	1565
1251	1586
1251	1856
1251	1993
315	1295
315	1420
315	1471
315	1789
1637	1810
474	548
474	1601
686	1669
779	905
779	1333
58	566
58	805
58	1274
805	1087
805	1316
805	1352
805	1394
805	1818
805	1996
1274	1791
1274	1898
602	1139
602	1516
602	1888
959	1071
959	1607
1062	1924
1062	1962
1205	1216
1205	1632
1399	1607
1461	1508
1461	1636
1461	1763
1461	1910
1633	1690
299	401
299	553
299	910
314	1698
314	1713
1242	1523
1242	1654
1242	1802
1658	1765
316	544
316	910
316	1301
316	1621
316	1672
316	1895
629	1310
629	1666
629	1704
629	1851
672	846
672	1877
1132	1451
1132	1898
1177	1920
345	531
345	714
345	1668
1067	1143
1067	1415
440	1601
1379	1475
64	260
64	661
64	1343
64	1472
64	1677
260	643
260	1993
661	806
661	882
661	1186
1472	1490
1472	1898
1021	1945
66	376
66	804
210	251
210	905
210	1583
699	1952
1194	1196
1194	1534
1233	1391
263	572
263	841
263	893
820	1302
820	1918
1324	1871
482	625
482	1099
482	1326
482	1458
482	1492
482	1974
720	905
720	1327
720	1496
720	1778
737	1255
1548	1895
189	416
189	1021
189	1427
553	1131
553	1513
722	779
722	828
722	1391
722	1874
890	1795
890	1974
1634	1920
1634	1924
1695	1947
264	804
264	1262
264	1291
264	1713
531	1301
531	1840
72	1840
72	1904
73	239
73	1166
73	1196
73	1294
239	281
239	344
239	414
239	1192
239	1745
1294	1865
77	1220
77	1803
137	537
137	974
493	846
493	1078
493	1462
493	1521
502	1078
502	1131
502	1158
502	1704
502	1762
568	610
568	1916
214	756
214	863
214	895
214	1685
1316	1348
1316	1571
76	572
76	1164
76	1357
76	1621
76	1684
572	668
572	1594
572	1674
1220	1422
276	500
276	598
276	925
450	700
450	1346
495	723
495	1551
535	745
535	1166
763	1108
763	1400
1565	1888
651	1797
806	882
1269	1408
127	557
127	718
127	1974
792	1228
792	1281
792	1915
960	1192
960	1485
960	1737
960	1833
1104	1639
1603	1894
1661	1877
1698	1843
81	111
81	353
81	451
81	628
81	918
81	1158
81	1704
111	1637
111	1663
353	776
353	970
353	1517
628	751
918	1225
918	1514
918	1549
918	1842
108	845
108	1668
108	1873
538	745
882	1999
1858	1963
552	910
552	1077
552	1818
887	1009
887	1871
997	1258
1355	1754
115	264
115	683
115	1310
115	1324
115	1350
115	1406
115	1603
817	1567
817	1873
906	1010
906	1138
1043	1587
1222	1355
1222	1543
1787	1909
88	195
88	524
88	741
524	553
524	566
524	702
524	1363
524	1647
741	1488
741	1686
426	877
426	914
426	1107
426	1216
426	1683
523	531
745	1485
745	1637
745	1962
894	917
894	1721
973	1244
973	1698
91	380
91	1437
91	1508
91	1881
91	1915
380	1585
92	312
92	387
92	581
92	1105
92	1227
92	1794
312	600
312	780
312	840
312	900
312	1567
312	1639
581	849
581	1657
581	1791
491	581
491	900
491	1105
669	1258
669	1308
696	1346
696	1376
696	1635
696	1684
1047	1415
1047	1721
1125	1947
1125	1948
217	289
217	661
217	1465
217	1714
217	1904
455	1565
455	1800
455	1865
766	978
766	1348
766	1805
1376	1402
1376	1551
1376	1642
667	994
667	1143
1077	1626
1157	1674
1346	1710
1346	1846
778	957
778	1011
1150	1532
1150	1639
1150	1778
97	552
97	1226
97	1775
1226	1388
801	1251
1066	1219
1066	1698
1364	1972
1666	1667
1783	1916
221	1789
221	1909
221	1947
480	1866
480	1952
717	1015
717	1039
717	1294
1597	1624
1597	1762
1597	1805
100	358
100	578
100	777
100	1302
100	1488
578	1173
777	1212
777	1724
777	1804
1488	1657
153	362
153	826
153	1800
458	1129
458	1866
1264	1943
1468	1743
1468	1920
877	1101
877	1586
1045	1066
1045	1413
1045	1763
1667	1817
429	846
429	1818
885	1762
905	994
905	1915
1031	1674
1031	1791
1338	1565
1338	1638
1804	1918
700	789
700	1036
700	1218
350	419
350	571
350	897
350	1097
845	1698
845	1849
1668	1685
534	671
534	1134
534	1842
856	1062
856	1707
856	1714
978	1690
978	1830
261	984
261	1710
261	1738
261	1963
261	1969
977	1125
977	1353
977	1437
977	1588
977	1858
1075	1669
1075	1993
1413	1767
1413	1843
1517	1631
1517	1690
1517	1955
164	917
164	1320
164	1352
164	1734
1255	1874
113	709
113	764
113	1096
113	1283
113	1383
113	1795
764	958
764	1244
114	608
114	723
114	1003
114	1244
1003	1068
1003	1683
683	733
557	567
557	794
557	1201
557	1566
557	1599
397	1837
343	1048
343	1164
893	1038
1726	1787
1726	1794
1758	1794
1758	1948
119	333
119	977
119	1069
119	1904
333	426
333	1422
333	1534
421	713
421	957
421	1138
421	1394
325	697
325	741
325	1797
505	525
505	829
505	978
448	462
448	1264
448	1603
448	1948
460	640
460	1062
460	1517
460	1599
460	1803
551	1132
551	1578
551	1635
636	1379
636	1865
646	670
646	798
646	1313
646	1803
1120	1439
540	990
540	1170
540	1379
540	1529
823	966
823	984
823	1859
1079	1248
1580	1888
945	1649
1805	1829
134	493
134	759
134	890
134	1191
134	1234
759	882
1234	1391
932	1045
932	1666
1439	1601
1439	1690
1439	1754
1439	1874
974	1104
974	1951
138	414
138	1047
138	1481
138	1683
138	1701
1701	1738
139	1021
139	1131
139	1269
139	1580
644	840
644	939
644	1227
644	1231
644	1244
644	1877
1460	1830
1460	1963
194	227
194	764
194	1872
194	1945
194	1953
289	454
289	634
289	1129
308	1205
308	1324
308	1390
308	1458
308	1670
1073	1925
1097	1607
1097	1776
848	1343
848	1386
1650	1910
643	958
643	1274
643	1543
643	1551
1240	1251
1240	1652
1259	1480
1259	1521
1259	1856
1259	1981
1281	1498
1648	1669
1648	1707
146	567
146	1015
146	1050
1015	1642
895	1096
1549	1633
1571	1924
1649	1750
1649	1775
1121	1667
1121	1945
1206	1703
1206	1968
546	1366
546	1498
892	1363
892	1972
917	1038
917	1121
1186	1471
1186	1492
826	1493
826	1772
826	1999
857	1050
857	1213
857	1400
857	1626
1170	1652
1216	1872
1266	1550
1802	1877
172	763
172	1692
172	1887
309	763
309	857
681	1859
681	1957
681	1972
161	1311
161	1472
161	1915
488	510
488	1462
488	1734
796	861
796	1775
158	314
158	698
158	1045
158	1233
158	1550
698	1496
698	1682
698	1881
310	401
310	437
310	580
310	676
310	939
310	1242
346	431
346	480
346	636
346	1096
346	1866
1414	1440
1579	1842
1657	1970
160	340
160	522
160	894
340	1121
340	1406
340	1614
522	548
522	1071
522	1964
1311	1523
1311	1642
825	1485
825	1493
900	1595
900	1886
910	945
1313	1975
1523	1829
1320	1814
1352	1532
273	629
273	704
273	1413
273	1812
1080	1491
1080	1822
982	1513
982	1523
1068	1251
1068	1958
370	974
370	1039
370	1475
624	925
624	1015
624	1120
624	1313
624	1580
416	810
416	1734
1315	1601
1315	1634
281	591
281	828
281	998
281	1565
281	1801
749	964
999	1134
999	1216
1209	1393
1209	1579
1209	1605
1209	1672
336	580
336	598
336	628
336	741
336	1520
510	802
510	1724
501	670
501	1380
1141	1439
1141	1724
175	345
175	460
175	634
175	1175
175	1259
175	1866
1434	1900
1737	1956
1161	1220
1161	1873
180	202
180	699
180	1068
180	1144
180	1231
202	1789
202	1958
1144	1386
1144	1829
1231	1707
676	1548
676	1571
676	1605
1422	1521
1422	1614
1422	1981
250	688
250	1389
250	1781
968	1067
968	1408
211	763
211	1196
1011	1601
1011	1837
1011	1887
185	238
185	535
185	670
185	1222
863	1027
863	1872
297	506
297	949
297	1012
297	1969
411	1078
733	1253
733	1373
733	1587
1108	1194
1108	1859
1912	1957
191	473
191	1035
191	1068
191	1169
191	1514
191	1595
1035	1685
1169	1775
1514	1804
436	538
436	714
1004	1485
668	1175
689	725
689	1498
1218	1457
1218	1757
209	628
209	676
209	814
209	1778
431	793
694	1036
1301	1433
1301	1818
1301	1858
1134	1932
1583	1955
654	672
654	1190
654	1496
654	1668
654	1803
740	810
740	894
740	1710
1390	1738
258	598
258	1636
258	1783
258	1975
800	841
800	1283
800	1508
800	1529
437	495
437	963
437	1233
437	1429
594	722
594	1143
594	1624
594	1802
594	1843
1165	1255
1165	1317
1165	1386
1165	1587
1165	1685
1165	1830
1173	1475
1173	1834
379	949
379	1052
379	1650
379	1734
814	970
814	1846
251	312
251	892
251	1038
251	1758
212	414
212	450
212	1532
212	1636
212	1639
1636	1957
756	1338
756	1754
756	1881
1475	1586
1475	1846
748	766
748	828
748	1842
1074	1190
1074	1205
1074	1702
1336	1493
1250	1350
956	1108
956	1353
956	1638
339	362
339	1175
339	1795
625	946
625	1632
1139	1840
383	462
383	612
383	971
383	998
729	853
729	1251
729	1521
729	1958
776	1191
776	1707
520	683
520	1010
556	838
556	1261
556	1848
235	370
234	1097
234	1726
344	399
344	491
344	1188
344	1315
344	1530
1192	1903
1745	1774
986	1013
986	1429
305	427
305	546
305	699
305	1702
1048	1201
1048	1332
1048	1406
367	681
367	1186
742	946
742	1170
742	1856
742	1897
248	522
248	778
248	918
248	1658
391	1188
391	1628
500	701
500	1817
500	1846
853	1551
853	1771
434	548
434	717
434	1831
434	1998
810	1266
810	1638
810	1652
598	1578
1493	1969
1969	1999
841	845
841	1250
841	1432
1291	1399
1291	1534
1261	1775
1308	1822
942	1031
942	1547
942	1930
1393	1526
1393	1544
1393	1548
1393	1658
704	1152
704	1781
1490	1872
1490	1971
998	1334
998	1373
285	857
285	949
285	1641
285	1956
944	1250
944	1281
944	1834
944	1897
287	996
287	1051
287	1789
287	1898
454	584
454	1143
454	1918
798	1143
294	448
294	458
294	1602
294	1643
1575	1831
605	651
605	759
605	820
605	1007
605	1085
605	1805
1012	1517
1012	1696
840	1302
840	1871
1386	1886
1671	1754
1671	1909
610	956
610	1551
1138	1214
1138	1534
1138	1797
631	671
631	1195
631	1311
631	1508
631	1692
1478	1654
1478	1703
1478	1854
1478	1863
1520	1697
1520	1854
1152	1671
714	1175
714	1485
714	1647
541	567
541	1360
658	1383
970	1016
970	1225
970	1234
970	1334
970	1423
352	411
352	580
352	612
352	1158
352	1295
352	1703
648	1036
648	1434
648	1871
1948	1993
517	636
517	1082
517	1188
517	1439
517	1960
517	1981
1253	1457
1253	1746
1288	1587
1288	1859
1894	1936
369	399
369	1050
516	1288
1529	1594
1391	1641
713	741
713	1075
713	1471
713	1548
713	1686
971	1451
971	1585
971	1685
1380	1658
1628	1686
1628	1726
525	551
525	561
525	897
525	1498
525	1520
525	1670
866	887
866	1886
606	1188
606	1843
1204	1468
1204	1515
1204	1763
671	1642
671	1696
964	1096
964	1388
964	1432
793	921
793	957
1408	1750
1408	1881
1408	1910
715	1881
623	799
623	1455
623	1863
795	846
795	1767
795	1783
1099	1947
958	1016
958	1074
701	1288
701	1338
701	1458
701	1515
561	942
561	1353
561	1575
1498	1625
1498	1920
990	1212
990	1406
990	1936
1440	1714
1317	1472
1317	1953
1248	1281
1248	1636
1248	1895
1605	1698
1112	1468
1112	1478
1112	1781
781	964
781	1320
781	1783
751	1548
596	838
596	1462
596	1648
1543	1702
1543	1793
693	699
693	1338
693	1355
1348	1588
1348	1684
1348	1958
