# Undirected graph (each unordered pair of nodes is saved once): output/networks/Random64000removeRandom-90percent.txt
# Nodes: 200 Edges: 172
# NodeId	NodeId
65	445
271	527
271	1186
271	1495
303	882
303	1134
303	1623
154	433
154	1558
298	509
1296	1731
1296	1755
1296	1966
106	179
106	1946
1163	1620
11	1201
11	1492
11	1702
1201	1495
1492	1938
828	1155
828	1235
509	1301
509	1565
509	1845
509	1939
178	799
511	576
511	905
123	173
123	200
123	1322
1495	1828
259	1037
259	1235
259	1296
259	1493
259	1762
441	576
539	1877
48	1163
404	1493
267	728
27	818
27	1594
818	990
1466	1946
192	200
192	1620
991	1347
991	1441
548	965
650	764
650	809
650	1479
280	1646
170	1005
170	1558
409	433
409	1413
1155	1492
1155	1755
1224	1495
1224	1903
965	1362
1622	1755
283	527
647	1997
527	1558
527	1835
904	1201
904	1622
440	991
773	1033
1362	1622
1557	1694
445	895
445	1034
445	1593
994	1155
994	1417
784	910
784	1565
1578	1885
1034	1511
609	857
77	179
77	1557
77	1803
193	775
179	904
597	756
597	812
597	1511
806	882
882	1622
351	970
590	1903
94	303
94	835
835	1620
338	1033
338	1134
338	1620
778	957
778	1005
1150	1557
662	1014
662	1449
662	1492
662	1668
772	815
772	882
772	930
215	279
215	756
215	1803
521	1186
905	994
809	1885
809	1918
557	1201
557	1417
497	1385
497	1454
433	1803
173	856
200	205
200	815
200	1938
812	932
812	991
812	1034
1885	1902
932	1155
194	227
194	764
1097	1593
1186	1492
1186	1828
205	437
205	1150
205	1441
205	1769
857	1005
156	1769
1414	1527
910	1845
1115	1150
297	1558
775	1413
756	1495
279	828
1336	1493
664	1115
664	1877
383	462
234	1097
367	497
367	664
367	1186
1762	1966
728	1479
1454	1840
860	1762
860	1939
970	1034
576	831
517	662
665	809
665	1336
