# Undirected graph (each unordered pair of nodes is saved once): output/networks/Random16000removeRandom-25percent.txt
# Nodes: 1500 Edges: 8951
# NodeId	NodeId
0	633
0	791
0	912
0	925
0	1000
0	1223
0	1331
0	1554
0	1563
0	1747
0	1863
0	1873
633	862
633	885
633	1178
633	1731
633	1817
633	1972
791	852
791	912
791	921
791	1095
791	1244
791	1255
791	1310
791	1472
791	1832
912	1254
912	1335
912	1391
925	1060
925	1160
925	1166
925	1335
925	1506
925	1527
925	1591
925	1937
1000	1173
1000	1472
1000	1533
1000	1539
1000	1627
1000	1715
1223	1943
1554	1733
1554	1917
1554	1931
1563	1792
1563	1954
1747	1886
1747	1949
1873	1881
1873	1888
1873	1933
1	36
1	528
1	666
1	807
1	861
1	953
1	1238
1	1396
1	1561
1	1630
36	69
36	75
36	807
36	1258
36	1455
36	1675
36	1848
528	616
528	948
528	1121
528	1357
528	1553
528	1664
528	1806
666	950
666	1032
666	1151
666	1444
666	1449
666	1651
666	1715
666	1733
807	890
807	1105
807	1225
807	1366
807	1401
807	1839
807	1903
861	948
861	1091
861	1095
861	1126
861	1351
861	1438
861	1731
861	1975
953	998
953	1217
953	1530
953	1626
953	1695
953	1800
1238	1373
1238	1680
1238	1926
1396	1552
1396	1720
1396	1852
1396	1972
1396	1990
1561	1655
1561	1954
1630	1722
2	65
2	359
2	376
2	452
2	612
2	735
2	1175
2	1196
2	1663
2	1852
2	1954
2	1961
65	415
65	532
65	615
65	691
65	762
65	901
65	976
65	1055
65	1056
65	1071
65	1153
65	1606
65	1827
359	430
359	1179
359	1264
359	1267
359	1327
359	1534
359	1578
359	1644
359	1689
376	969
376	1249
376	1644
376	1693
376	1979
452	730
452	817
452	912
452	1109
452	1267
452	1293
452	1349
452	1464
452	1697
452	1755
612	738
612	1081
612	1277
612	1425
612	1616
735	911
735	1458
735	1655
735	1804
1175	1557
1175	1848
1196	1203
1196	1333
1196	1439
1196	1541
1663	1790
1663	1959
1852	1860
1852	1877
3	112
3	226
3	303
3	428
3	619
3	791
3	862
3	1225
3	1367
3	1469
112	164
112	359
112	412
112	414
112	673
112	769
112	1130
112	1255
112	1297
112	1379
112	1589
112	1610
112	1810
112	1937
112	1967
226	544
226	694
226	1002
226	1115
226	1139
226	1257
226	1327
226	1933
303	310
303	530
303	591
303	603
303	688
303	690
303	745
303	882
303	919
303	1060
303	1134
303	1319
303	1608
303	1623
303	1806
428	615
428	705
428	878
428	1090
428	1262
428	1463
428	1622
428	1747
428	1849
428	1884
428	1917
619	834
619	965
619	1150
619	1246
619	1360
619	1415
619	1627
862	921
862	957
862	1347
862	1425
862	1478
862	1604
862	1734
862	1784
862	1979
1225	1268
1225	1281
1225	1619
1225	1942
1225	1997
1367	1371
1367	1502
1469	1498
1469	1808
1469	1836
4	129
4	154
4	451
4	571
4	803
4	1452
4	1480
4	1641
4	1756
4	1792
129	218
129	387
129	656
129	757
129	823
129	880
129	903
129	1245
129	1426
129	1455
129	1485
129	1584
154	433
154	566
154	959
154	1597
154	1651
154	1847
154	1920
451	656
451	813
451	901
451	953
451	1414
451	1622
571	744
571	746
571	1470
571	1579
571	1595
571	1716
803	1063
803	1221
803	1404
803	1618
803	1638
803	1642
803	1649
803	1838
803	1913
1452	1487
1452	1782
1452	1784
1452	1808
1480	1542
1480	1543
1480	1592
1480	1659
1480	1870
1641	1807
1756	1946
1792	1844
1792	1970
5	16
5	274
5	298
5	317
5	1357
5	1392
5	1941
16	45
16	85
16	388
16	509
16	611
16	780
16	1367
16	1555
16	1791
16	1898
16	1925
16	1929
16	1976
274	382
274	418
274	420
274	442
274	757
274	1126
274	1343
274	1674
274	1753
274	1780
274	1913
274	1931
298	397
298	430
298	500
298	509
298	685
298	757
298	883
298	1419
298	1473
298	1788
298	1797
298	1891
298	1987
298	1990
317	434
317	456
317	786
317	821
317	856
317	894
317	1177
317	1396
317	1407
317	1428
317	1843
317	1855
317	1925
317	1959
1357	1377
1357	1689
1357	1743
1357	1786
1357	1885
1392	1575
1392	1629
1392	1699
1392	1761
6	293
6	378
6	393
6	422
6	432
6	697
6	716
6	802
6	844
6	1072
6	1296
6	1353
6	1425
6	1542
6	1662
6	1709
6	1753
6	1839
293	422
293	438
293	539
293	611
293	1092
293	1113
293	1173
293	1404
293	1485
293	1513
293	1614
293	1962
378	395
378	732
378	755
378	894
378	1024
378	1104
378	1202
378	1339
378	1373
378	1612
378	1639
378	1644
378	1674
393	641
393	771
393	847
393	930
393	1267
393	1320
393	1709
393	1837
393	1986
422	452
422	679
422	716
422	866
422	924
422	964
422	981
422	1074
422	1095
422	1274
422	1468
422	1642
422	1649
422	1683
422	1775
432	563
432	857
432	1103
432	1441
432	1554
432	1616
432	1821
432	1837
697	802
697	979
697	998
697	1240
697	1307
697	1500
716	820
716	878
716	944
716	1054
716	1604
716	1626
716	1811
802	1326
802	1365
844	875
844	985
844	1254
844	1351
844	1362
844	1768
844	1816
1072	1151
1072	1164
1072	1207
1072	1275
1072	1333
1072	1832
1072	1855
1296	1484
1296	1497
1296	1731
1296	1755
1353	1527
1353	1864
1425	1759
1425	1931
1542	1632
1662	1742
1662	1784
1662	1910
1662	1941
1709	1806
1709	1985
1753	1950
33	74
33	143
33	275
33	381
33	607
33	923
33	1038
33	1129
33	1331
33	1373
33	1436
33	1552
33	1619
62	345
62	418
62	472
62	919
62	1067
62	1189
62	1232
188	546
188	732
188	1052
188	1181
188	1264
188	1397
188	1438
188	1481
188	1508
188	1669
462	1061
462	1392
462	1536
462	1687
462	1806
462	1813
462	1829
462	1968
462	1985
506	577
506	961
506	1220
506	1695
506	1858
563	667
563	766
563	984
563	1012
563	1055
563	1072
563	1087
563	1310
563	1349
563	1370
563	1416
563	1440
563	1617
563	1658
563	1687
563	1758
685	713
685	962
685	1068
685	1595
685	1634
685	1654
685	1733
685	1787
685	1873
1096	1163
1096	1193
1096	1254
1096	1454
1096	1629
1096	1756
1244	1536
1244	1630
1502	1549
1502	1676
1502	1775
1502	1830
1547	1574
1547	1693
1547	1766
1572	1753
1572	1898
1572	1948
1759	1773
1759	1956
8	107
8	430
8	463
8	811
8	861
8	884
8	952
8	1030
8	1060
8	1163
8	1188
8	1332
8	1350
8	1524
8	1601
8	1893
107	131
107	140
107	428
107	447
107	463
107	634
107	867
107	1034
107	1789
107	1967
430	476
430	481
430	652
430	697
430	891
430	903
430	1147
430	1202
430	1351
430	1865
430	1870
463	477
463	623
463	640
463	1668
463	1735
463	1773
463	1908
811	867
811	1036
811	1112
811	1147
811	1166
811	1248
884	1042
884	1510
952	975
952	1193
952	1285
952	1288
952	1324
952	1354
952	1587
952	1649
952	1657
952	1759
952	1787
952	1893
952	1972
1030	1163
1030	1275
1030	1371
1030	1377
1030	1497
1030	1619
1030	1703
1030	1827
1030	1847
1030	1886
1030	1997
1060	1442
1060	1529
1060	1547
1163	1216
1163	1281
1163	1400
1163	1469
1163	1620
1163	1670
1163	1822
1163	1859
1163	1987
1188	1247
1188	1375
1188	1887
1188	1938
1332	1638
1332	1892
1350	1403
1350	1430
1350	1469
1350	1572
1350	1755
1350	1817
1524	1634
1524	1742
1601	1827
1601	1878
1893	1908
9	422
9	838
9	919
9	1106
9	1232
9	1235
9	1406
838	911
838	1163
838	1372
838	1619
838	1931
919	1193
919	1212
919	1309
919	1518
919	1584
919	1644
919	1820
919	1853
919	1903
919	1954
1106	1512
1106	1567
1106	1721
1106	1852
1106	1913
1232	1238
1232	1616
1232	1768
1232	1902
1232	1929
1235	1238
1235	1245
1235	1307
1235	1546
1235	1617
1235	1748
1235	1753
1235	1761
1406	1716
1406	1751
10	133
10	147
10	1223
10	1230
10	1235
10	1254
10	1278
10	1402
10	1409
133	519
133	1705
133	1708
133	1976
147	333
147	389
147	571
147	663
147	895
147	950
147	1030
147	1327
147	1512
1230	1429
1230	1532
1230	1689
1230	1721
1254	1256
1254	1270
1254	1355
1254	1601
1254	1676
1254	1737
1278	1432
1278	1481
1278	1602
1278	1650
1278	1786
1278	1836
1278	1860
1278	1872
1402	1510
1402	1705
1402	1952
1409	1464
1409	1720
1409	1847
63	140
63	440
63	585
63	773
63	993
63	1362
63	1379
63	1557
63	1806
63	1816
63	1862
67	168
67	210
67	225
67	390
67	577
67	592
67	1233
67	1377
67	1404
67	1754
67	1954
566	586
566	1018
566	1023
566	1371
566	1503
566	1785
723	836
723	975
723	1228
723	1306
723	1406
723	1415
723	1629
723	1742
723	1759
723	1852
1201	1370
1201	1495
1201	1566
1208	1216
1208	1628
1208	1637
1208	1950
1481	1600
1481	1883
1702	1786
1702	1890
12	197
12	725
12	1007
12	1156
12	1465
12	1596
12	1715
12	1887
197	323
197	486
197	688
197	891
197	1301
197	1321
197	1863
197	1913
725	738
725	772
725	932
725	937
725	979
725	1849
1007	1119
1007	1286
1007	1344
1156	1220
1156	1890
1156	1906
1156	1917
1465	1829
1465	1956
1596	1674
1715	1768
1715	1825
1887	1973
13	244
13	427
13	514
13	723
13	1163
13	1457
13	1497
13	1510
13	1513
13	1725
13	1735
13	1855
13	1881
244	393
244	834
244	986
244	1398
244	1410
244	1511
244	1660
427	499
427	627
427	646
427	663
427	761
427	1098
427	1365
427	1708
427	1716
514	780
514	1368
514	1721
514	1844
514	1987
1457	1517
1497	1751
1497	1975
1497	1990
1510	1729
1513	1741
1513	1816
1513	1838
1513	1858
1725	1753
1725	1878
1881	1884
14	125
14	616
14	842
14	937
14	1392
14	1436
14	1627
14	1838
14	1896
14	1946
125	142
125	143
125	207
125	448
125	551
125	613
125	636
125	981
125	1001
125	1137
125	1158
125	1296
125	1463
125	1734
616	698
616	862
616	976
616	1062
616	1333
616	1339
616	1502
616	1584
616	1601
616	1612
616	1815
616	1938
616	1993
842	893
842	1313
842	1499
842	1665
842	1718
937	975
937	1017
937	1756
937	1829
937	1970
1436	1458
1436	1511
1436	1655
1436	1699
1436	1747
1436	1765
1436	1791
1627	1656
1627	1836
1838	1917
1838	1958
1896	1946
1896	1964
782	999
782	1099
782	1170
782	1248
782	1354
782	1533
782	1660
782	1903
782	1913
782	1972
782	1986
822	892
822	896
822	964
822	970
822	1065
822	1113
822	1145
822	1154
822	1244
822	1310
822	1706
855	1020
855	1054
855	1095
855	1115
855	1467
855	1498
855	1547
855	1734
855	1765
855	1792
855	1848
855	1925
855	1963
1029	1108
1029	1336
1029	1452
1029	1536
1228	1432
1228	1575
1228	1804
1327	1336
1327	1482
1327	1525
1327	1564
1381	1914
1381	1920
1659	1767
1659	1929
45	204
45	496
45	670
45	818
45	829
45	1425
45	1547
45	1864
85	112
85	319
85	359
85	730
85	887
85	1283
85	1297
85	1339
85	1355
85	1528
85	1933
388	541
388	645
388	695
388	811
388	1247
388	1270
388	1282
388	1374
509	1035
509	1127
509	1151
509	1246
509	1301
509	1565
509	1628
509	1959
509	1991
611	633
611	855
611	953
611	1099
611	1132
611	1159
611	1235
611	1293
611	1327
611	1490
611	1552
611	1870
780	822
780	958
780	1478
780	1662
1555	1658
1555	1741
1555	1870
1555	1920
1791	1839
1929	1968
1976	1998
17	116
17	178
17	417
17	511
17	1000
17	1007
17	1059
17	1284
17	1544
17	1921
116	145
116	166
116	331
116	418
116	557
116	979
116	1076
116	1275
116	1403
116	1476
116	1692
116	1832
116	1859
178	470
178	583
178	711
178	744
178	799
178	1100
178	1610
178	1766
178	1813
417	506
417	517
417	691
417	1054
417	1090
417	1100
417	1137
417	1218
417	1311
417	1457
417	1472
417	1810
417	1858
511	515
511	576
511	600
511	805
511	905
511	1060
511	1268
511	1563
511	1680
511	1691
511	1782
1059	1285
1059	1461
1059	1650
1059	1654
1284	1434
1284	1589
1284	1824
1284	1959
1544	1547
1921	1949
18	123
18	245
18	432
18	612
18	847
18	897
18	966
18	1033
18	1046
18	1185
18	1256
18	1258
18	1296
18	1400
18	1455
18	1577
18	1610
18	1629
18	1867
18	1908
123	200
123	385
123	421
123	528
123	874
123	1691
123	1908
245	305
245	545
245	743
245	851
245	1048
245	1145
245	1377
245	1766
245	1847
847	850
847	950
847	1254
847	1517
847	1670
847	1761
847	1820
897	959
966	1332
966	1502
966	1831
1033	1158
1033	1432
1046	1367
1046	1388
1046	1418
1046	1577
1046	1783
1046	1856
1046	1935
1046	1949
1185	1544
1185	1566
1185	1648
1185	1773
1185	1789
1256	1324
1256	1381
1256	1481
1256	1730
1256	1797
1256	1829
1256	1854
1256	1864
1256	1884
1256	1899
1258	1376
1258	1484
1258	1524
1258	1729
1400	1446
1400	1537
1400	1931
1400	1961
1455	1505
1577	1851
1629	1649
1629	1709
1629	1773
1908	1954
19	236
19	347
19	376
19	385
19	414
19	483
19	656
19	948
19	1495
19	1544
19	1710
236	366
236	375
236	497
236	677
236	1027
236	1073
236	1257
236	1290
236	1350
236	1725
236	1809
236	1946
347	359
347	371
347	427
347	432
347	486
347	541
347	545
347	896
347	901
347	1085
347	1162
347	1297
347	1333
347	1478
347	1506
347	1664
347	1877
385	486
385	1121
385	1252
385	1438
385	1490
385	1917
414	599
414	811
414	1731
483	603
483	685
483	689
483	876
483	950
483	1007
483	1099
483	1174
483	1186
483	1229
483	1243
483	1783
483	1844
483	1858
483	1863
483	1896
656	761
656	788
656	808
656	887
656	975
656	1402
656	1616
656	1729
656	1810
948	1145
948	1147
948	1218
948	1298
948	1326
948	1957
948	1972
1495	1771
117	272
117	377
117	397
117	398
117	901
117	1220
117	1436
117	1563
117	1706
117	1781
117	1793
117	1903
117	1986
259	336
259	1235
259	1296
259	1410
259	1721
259	1762
259	1846
259	1873
322	418
322	448
322	583
322	716
322	838
322	1005
322	1070
322	1230
322	1301
322	1353
322	1565
322	1595
322	1692
322	1707
322	1832
322	1882
363	418
363	497
363	526
363	923
363	1035
363	1381
363	1481
363	1521
363	1573
398	582
398	807
398	961
398	972
398	1124
398	1343
398	1938
398	1946
398	1997
412	448
412	721
412	866
412	1090
412	1213
412	1624
412	1650
412	1703
412	1929
732	810
732	823
732	837
732	901
732	1100
732	1178
732	1179
732	1193
732	1241
732	1257
732	1397
732	1790
762	884
762	979
762	1223
762	1295
762	1423
762	1465
762	1734
762	1801
1102	1103
1102	1245
1102	1578
1102	1916
1576	1709
1576	1851
1576	1874
1576	1973
1602	1766
1620	1995
1741	1803
1741	1893
1741	1941
1832	1840
1832	1905
61	117
61	165
61	485
61	647
61	727
61	1132
61	1177
61	1421
61	1763
61	1825
61	1881
219	530
219	739
219	808
219	1766
219	1893
459	620
459	855
459	884
459	1079
459	1251
459	1476
459	1905
459	1959
459	1986
615	790
615	793
615	821
615	830
615	980
615	1229
615	1336
615	1511
615	1518
615	1685
615	1882
872	879
872	909
872	1104
872	1654
872	1680
872	1819
872	1982
872	1995
1087	1254
1087	1297
1087	1332
1087	1388
1087	1426
1087	1623
1087	1688
1087	1781
1087	1815
1087	1930
1168	1173
1168	1237
1168	1557
1168	1587
1168	1840
1210	1248
1210	1973
1525	1549
1525	1635
1525	1649
1525	1759
1525	1774
1525	1787
1566	1612
1619	1720
1619	1819
1619	1961
1619	1979
1676	1731
1676	1892
1676	1963
1771	1991
249	280
249	288
249	564
249	578
249	676
249	954
249	988
249	1127
249	1264
249	1514
249	1530
249	1553
249	1866
358	513
358	602
358	719
358	1034
358	1142
358	1330
358	1365
453	512
453	542
453	737
453	1142
453	1618
453	1785
719	876
719	992
719	1290
719	1315
719	1354
719	1495
719	1594
719	1903
719	1952
1069	1162
1069	1252
1069	1269
1069	1473
1069	1552
1069	1563
1069	1644
1069	1753
1069	1841
1069	1898
1199	1434
1199	1570
1199	1799
1199	1909
1670	1766
1800	1850
1800	1893
23	259
23	539
23	591
23	706
23	1076
23	1297
23	1372
23	1392
23	1996
539	638
539	1188
539	1332
539	1468
539	1538
539	1576
539	1626
539	1750
539	1839
539	1877
539	1964
591	638
591	793
591	821
591	858
591	1347
591	1799
591	1836
591	1839
706	892
706	893
706	1091
706	1252
706	1603
706	1820
706	1837
1076	1077
1076	1523
1076	1574
1076	1808
1076	1985
1297	1428
1297	1523
1297	1550
1297	1709
1297	1710
1297	1891
1372	1500
1372	1748
1372	1801
1372	1886
1372	1952
24	48
24	265
24	324
24	771
24	794
24	846
24	1042
24	1091
24	1164
24	1476
24	1505
24	1562
24	1767
24	1863
24	1897
24	1977
48	165
48	446
48	780
48	896
48	988
48	1145
48	1163
48	1567
265	328
265	427
265	721
265	806
265	1147
265	1258
265	1428
265	1600
265	1667
265	1707
324	446
324	610
324	678
324	782
324	807
324	1454
324	1524
324	1587
324	1723
324	1730
324	1768
771	885
771	949
771	972
771	1058
771	1505
771	1651
771	1768
771	1835
794	1066
794	1123
794	1245
794	1653
794	1751
794	1848
794	1935
846	1450
846	1576
846	1689
846	1770
1042	1055
1042	1315
1042	1780
1042	1790
1042	1797
1091	1124
1091	1154
1091	1391
1091	1570
1091	1925
1164	1407
1476	1783
1476	1862
1505	1595
1505	1619
1977	1979
25	89
25	176
25	262
25	404
25	422
25	1009
25	1148
25	1426
25	1544
25	1626
25	1868
89	603
89	686
89	692
89	755
89	883
89	1007
89	1622
89	1702
89	1853
89	1938
176	288
176	920
176	941
176	1133
176	1270
176	1649
176	1776
262	499
262	539
262	739
262	1024
262	1035
262	1092
262	1591
262	1648
262	1862
262	1988
404	628
404	1252
404	1288
404	1464
404	1589
404	1729
404	1898
404	1991
1009	1282
1009	1527
1009	1659
1009	1762
1009	1790
1009	1972
1148	1441
1148	1465
1148	1487
1148	1495
1148	1577
1148	1715
1148	1917
1426	1442
1426	1490
1426	1566
1426	1885
1426	1930
1426	1935
1426	1975
1626	1836
1868	1993
130	193
130	315
130	876
130	1079
130	1417
130	1613
130	1793
130	1890
130	1914
267	410
267	538
267	595
267	660
267	728
267	953
267	1297
267	1797
499	564
499	873
499	1011
499	1038
499	1235
499	1314
499	1354
499	1500
499	1604
499	1676
499	1954
499	1973
1263	1321
1263	1790
1263	1806
1263	1840
1263	1897
1263	1997
1267	1397
1267	1450
1267	1584
1267	1803
1267	1817
1778	1931
27	35
27	226
27	577
27	709
27	818
27	1131
27	1189
27	1430
27	1585
27	1594
27	1600
27	1842
27	1874
27	1993
35	65
35	459
35	612
35	679
35	688
35	799
35	1036
35	1213
35	1293
35	1446
35	1455
35	1458
35	1522
35	1653
35	1700
577	650
577	671
577	979
577	1111
577	1126
577	1325
577	1378
577	1641
577	1976
709	838
709	874
709	923
709	1362
709	1374
709	1533
709	1541
709	1606
818	968
818	990
818	1256
818	1423
818	1498
818	1514
818	1538
818	1547
818	1785
818	1950
1131	1193
1131	1388
1131	1435
1131	1555
1131	1921
1189	1272
1189	1330
1189	1575
1430	1664
1430	1765
1430	1929
1585	1587
1585	1588
1585	1600
1585	1743
1594	1910
1600	1897
1600	1898
1600	1910
1842	1976
1874	1906
1874	1949
28	69
28	86
28	126
28	373
28	769
28	847
28	1451
28	1542
28	1715
28	1767
28	1836
69	244
69	467
69	482
69	720
69	737
69	754
69	830
69	1087
69	1224
69	1323
69	1946
86	115
86	241
86	326
86	373
86	761
86	817
86	906
86	949
86	1595
86	1720
86	1763
126	326
126	371
126	563
126	646
126	757
126	1120
126	1553
373	472
373	879
373	1028
373	1081
373	1111
373	1145
373	1421
373	1584
373	1872
769	1364
769	1564
1451	1452
1451	1562
1451	1669
1451	1741
1451	1800
1836	1886
29	275
29	328
29	483
29	653
29	721
29	884
29	1032
29	1119
29	1312
29	1429
29	1430
29	1794
275	384
275	566
275	1119
275	1479
275	1490
275	1627
275	1893
328	348
328	478
328	578
328	609
328	762
328	993
328	1055
328	1505
328	1763
328	1781
328	1959
653	943
653	1325
653	1905
721	734
721	845
721	934
721	981
721	1206
721	1288
721	1406
721	1449
721	1471
721	1546
721	1702
721	1735
721	1760
1032	1048
1032	1127
1032	1131
1032	1186
1032	1349
1032	1397
1032	1414
1032	1646
1119	1134
1119	1397
1119	1542
1119	1567
1119	1653
1119	1687
1119	1865
1119	1988
1312	1428
1312	1509
1312	1512
1312	1516
1312	1588
1312	1688
1312	1872
1429	1522
1429	1579
1429	1735
1429	1751
1794	1885
136	378
136	446
136	450
136	627
136	744
136	836
136	1000
136	1101
136	1220
136	1331
136	1364
136	1373
136	1423
136	1792
567	915
567	1000
567	1112
567	1257
870	1098
870	1100
870	1255
870	1419
870	1446
1319	1371
1319	1670
1319	1758
1319	1982
1334	1344
1334	1726
1537	1538
1537	1708
1537	1729
1537	1750
1537	1782
31	335
31	473
31	878
31	1054
31	1069
31	1071
31	1163
31	1503
31	1521
31	1615
31	1651
31	1785
31	1846
31	1902
31	1925
335	488
335	949
335	1076
335	1210
335	1213
335	1283
335	1285
335	1396
335	1592
473	877
473	1041
473	1354
473	1887
473	1916
878	1018
878	1270
878	1315
878	1401
878	1498
878	1747
878	1854
878	1899
1054	1062
1054	1091
1054	1505
1054	1511
1054	1977
1071	1085
1071	1336
1071	1902
1071	1905
1503	1691
1503	1948
1521	1579
1521	1653
1615	1641
1615	1754
1615	1904
1651	1756
1651	1765
1651	1771
1651	1957
1785	1950
1846	1957
1846	1961
1902	1913
456	536
456	578
456	709
456	829
456	962
456	973
456	1518
456	1807
456	1982
456	1994
574	734
574	785
574	1064
574	1441
574	1452
574	1603
574	1660
574	1901
580	692
580	855
580	1197
580	1366
580	1370
789	847
789	1155
789	1237
789	1790
1786	1860
1786	1986
74	77
74	130
74	137
74	453
74	456
74	457
74	502
74	697
74	937
74	1114
74	1185
74	1532
74	1561
74	1702
74	1707
143	301
143	607
143	848
143	903
143	928
143	1309
143	1459
143	1501
143	1650
143	1716
143	1763
143	1851
143	1896
143	1917
381	612
381	713
381	848
381	893
381	1372
381	1373
381	1534
381	1550
381	1552
381	1705
381	1837
381	1886
607	793
607	1298
607	1482
607	1534
607	1789
607	1959
923	1106
923	1357
923	1788
1038	1246
1038	1344
1038	1500
1129	1132
1129	1176
1129	1700
1129	1883
1373	1473
1373	1483
1373	1691
1373	1811
1373	1954
1552	1582
1552	1843
1552	1949
192	200
192	232
192	436
192	526
192	686
192	1004
192	1113
192	1188
192	1432
192	1533
192	1620
400	461
400	462
400	547
400	758
400	866
400	945
400	970
400	994
400	1177
400	1251
400	1831
484	521
484	542
484	754
484	897
484	1135
484	1257
484	1479
484	1550
484	1720
484	1997
537	652
537	795
537	895
537	1510
537	1638
537	1697
537	1699
537	1784
913	950
913	1142
913	1226
913	1392
913	1487
913	1576
913	1617
913	1813
913	1948
1061	1070
1061	1156
1061	1193
1061	1357
1061	1364
1061	1697
1061	1747
1061	1808
1688	1870
679	1099
679	1188
679	1293
679	1534
679	1591
679	1608
679	1629
679	1658
679	1725
679	1897
679	1991
688	721
688	783
688	1154
688	1282
688	1430
688	1450
688	1646
688	1699
688	1926
799	869
799	993
799	1077
799	1213
799	1542
799	1689
799	1883
1036	1133
1036	1152
1036	1440
1036	1464
1036	1782
1213	1246
1213	1454
1293	1454
1293	1488
1293	1693
1293	1748
1293	1941
1293	1981
1446	1483
1446	1553
1446	1650
1446	1665
1446	1841
1446	1882
1458	1867
1458	1872
1522	1629
1522	1665
1700	1949
75	645
75	677
75	967
75	1052
75	1114
75	1211
75	1316
75	1472
75	1600
75	1773
75	1959
75	1976
1675	1756
1675	1775
1675	1806
1675	1822
479	519
479	574
479	972
479	1056
479	1226
479	1565
479	1573
479	1659
479	1715
479	1750
496	803
496	821
496	903
496	935
496	1336
496	1400
496	1470
496	1650
496	1685
496	1834
548	656
548	694
548	842
548	965
548	1023
548	1220
548	1256
548	1392
608	967
608	1201
608	1254
608	1339
608	1403
608	1482
608	1533
608	1909
608	1959
608	1961
827	940
827	1148
827	1173
827	1451
827	1855
827	1902
827	1929
868	986
868	1164
868	1344
868	1497
868	1626
1085	1109
1528	1605
1528	1630
1528	1800
1550	1653
38	130
38	246
38	650
38	849
38	1229
38	1404
38	1524
246	334
246	498
246	1009
246	1051
246	1190
246	1247
246	1495
246	1567
650	793
650	809
650	900
650	1090
650	1159
650	1218
650	1353
650	1386
650	1426
650	1479
650	1718
650	1831
650	1986
849	887
849	1364
849	1943
1229	1245
1229	1367
1229	1379
1229	1525
1229	1561
1229	1817
1404	1469
1404	1506
1404	1913
39	126
39	147
39	167
39	242
39	349
39	459
39	789
39	867
39	1487
39	1510
39	1553
39	1683
39	1794
39	1991
167	415
167	579
167	638
167	737
167	773
167	905
167	930
167	1002
167	1061
167	1068
167	1097
167	1417
167	1452
242	274
242	334
242	532
242	869
242	894
242	1079
242	1295
242	1309
242	1375
242	1428
242	1550
242	1733
349	537
349	678
349	930
349	1055
349	1306
349	1508
349	1536
349	1994
867	1089
867	1132
867	1351
867	1360
867	1476
867	1562
867	1615
867	1789
867	1793
867	1837
867	1843
867	1985
1553	1733
1553	1753
1553	1872
1683	1743
1683	1821
277	284
277	300
277	345
277	422
277	471
277	711
277	836
277	886
277	1027
277	1205
277	1347
277	1392
277	1465
277	1471
277	1559
277	1855
600	616
600	1298
600	1325
600	1878
677	969
677	1007
677	1207
677	1455
677	1906
1064	1068
1064	1103
1064	1254
1064	1262
1064	1422
1064	1451
1064	1527
1064	1868
1064	1917
1221	1357
1221	1442
1221	1680
1221	1782
1221	1806
1221	1827
1221	1947
1486	1546
1486	1782
1486	1819
1486	1839
1512	1596
1512	1837
1824	1848
1824	1916
1824	1947
1377	1547
1377	1570
1377	1614
1706	1811
1706	1816
1706	1901
42	1145
42	1191
42	1238
42	1275
42	1392
42	1430
42	1516
42	1855
1145	1244
1145	1457
1145	1482
1145	1695
1145	1753
1145	1868
1191	1298
1191	1792
1275	1377
1275	1591
1275	1600
1275	1687
1275	1842
1516	1541
1516	1565
1516	1849
1516	1995
43	186
43	274
43	1069
43	1105
43	1202
43	1433
43	1618
186	278
186	513
186	863
186	1145
186	1310
186	1350
186	1501
186	1527
186	1750
186	1821
1105	1124
1105	1419
1105	1623
1105	1768
1105	1823
1105	1941
1202	1234
1202	1549
1202	1561
1202	1563
1202	1692
1202	1695
1202	1754
1202	1842
1433	1750
1433	1862
1618	1851
1618	1947
44	131
44	513
44	567
44	691
44	738
44	1174
44	1385
44	1561
131	263
131	363
131	633
131	712
131	961
131	1179
131	1567
131	1580
131	1627
131	1706
131	1723
131	1795
131	1883
513	760
513	1002
513	1108
513	1228
513	1269
513	1311
513	1355
513	1634
513	1676
691	1132
691	1142
691	1376
691	1656
738	778
738	870
738	981
738	1130
738	1224
738	1455
738	1897
738	1952
1174	1454
1174	1549
1174	1700
1385	1473
1385	1605
204	209
204	528
204	670
204	861
204	1090
204	1613
204	1807
204	1976
670	732
670	775
670	911
670	1203
670	1524
670	1566
829	1597
829	1649
829	1753
829	1906
1864	1914
229	679
229	727
229	729
229	776
229	778
229	814
229	969
229	1028
229	1154
229	1234
229	1351
229	1385
229	1470
229	1709
229	1838
229	1868
229	1986
387	498
387	692
387	888
387	921
387	1072
387	1122
387	1159
387	1245
387	1309
387	1537
387	1825
399	768
399	943
399	993
399	1001
399	1026
399	1604
399	1623
399	1676
492	592
492	851
492	1163
492	1201
492	1350
492	1470
492	1598
492	1931
492	1942
492	1982
767	853
767	1012
767	1241
767	1470
786	967
786	1051
786	1058
786	1145
786	1405
786	1523
786	1575
786	1806
786	1949
786	1996
788	802
788	815
788	1193
788	1197
788	1514
788	1557
788	1674
788	1783
788	1835
788	1873
924	1003
924	1068
924	1174
924	1267
924	1462
924	1797
924	1808
1010	1333
1010	1425
1010	1644
1010	1975
1026	1065
1026	1379
1026	1458
1026	1525
1026	1596
1026	1868
1368	1435
1368	1575
1368	1664
1368	1668
1368	1756
1368	1846
1368	1943
1933	1991
47	49
47	280
47	453
47	660
47	908
47	912
47	980
47	1109
49	170
49	208
49	278
49	357
49	409
49	438
49	632
49	640
49	724
49	738
49	830
49	935
49	961
49	1155
49	1243
49	1343
49	1385
49	1421
49	1541
49	1800
49	1807
49	1855
280	471
280	748
280	786
280	1058
280	1133
280	1349
280	1573
280	1646
280	1665
280	1917
660	698
660	944
660	1208
660	1421
660	1559
660	1602
660	1975
908	959
908	992
908	1047
908	1168
908	1464
908	1755
908	1874
980	1062
980	1102
980	1324
980	1374
980	1521
980	1639
980	1652
980	1693
1109	1161
1109	1462
1109	1892
165	186
165	273
165	334
165	537
165	640
165	886
165	985
165	1034
165	1411
165	1619
165	1720
165	1822
165	1993
165	1997
446	698
446	806
446	949
446	962
446	1028
446	1653
446	1675
896	1100
896	1106
896	1128
896	1751
988	1060
988	1066
988	1284
988	1396
988	1417
988	1823
170	324
170	326
170	366
170	416
170	917
170	981
170	1005
170	1060
170	1208
170	1297
170	1315
170	1442
170	1675
208	650
208	1396
208	1480
208	1542
208	1603
278	301
278	382
278	434
278	474
278	614
278	685
278	1059
278	1268
278	1623
278	1654
278	1705
278	1816
278	1825
278	1854
357	363
357	432
357	467
357	679
357	811
357	1106
357	1385
357	1409
357	1629
357	1689
357	1926
357	1948
409	433
409	434
409	585
409	642
409	948
409	1536
409	1870
438	648
438	732
438	758
438	761
438	769
438	868
438	1026
438	1067
438	1108
438	1150
438	1314
438	1336
438	1357
438	1454
438	1759
438	1929
438	1998
632	641
632	671
632	733
632	757
632	819
632	1046
632	1079
632	1241
632	1366
632	1433
632	1527
632	1618
632	1913
632	1981
640	779
640	803
640	1642
724	795
724	814
724	1098
724	1403
724	1562
724	1617
724	1806
830	895
830	944
830	986
830	1579
830	1851
830	1937
935	1545
935	1576
935	1637
935	1899
961	985
961	1009
961	1186
961	1379
961	1444
961	1909
1155	1173
1155	1270
1155	1316
1155	1555
1155	1705
1155	1755
1155	1782
1155	1839
1243	1375
1243	1487
1243	1547
1243	1553
1243	1722
1343	1680
1343	1739
1343	1852
1343	1921
1343	1976
1421	1529
1421	1634
1541	1625
1541	1969
1807	1832
1807	1859
1807	1877
1807	1943
50	257
50	301
50	362
50	483
50	754
50	827
50	858
50	1020
50	1199
50	1396
50	1612
50	1756
257	387
257	817
257	848
257	1125
257	1235
257	1278
257	1367
257	1723
257	1731
257	1892
257	1986
257	1990
301	361
301	557
301	931
301	1136
301	1150
301	1154
301	1503
301	1572
301	1627
301	1658
301	1834
301	1976
362	530
362	573
362	815
362	855
362	1137
362	1514
362	1574
362	1702
754	930
754	1221
754	1258
754	1268
754	1463
754	1509
754	1636
754	1648
754	1771
754	1893
858	871
858	952
858	1514
858	1836
858	1870
1020	1033
1020	1270
1020	1353
1020	1386
1020	1543
1020	1930
1612	1625
1612	1724
1612	1768
1612	1897
1612	1981
51	149
51	245
51	407
51	560
51	635
51	783
51	1065
51	1600
51	1688
149	171
149	417
149	480
149	650
149	685
149	855
149	1070
149	1480
149	1735
149	1763
149	1765
149	1810
149	1967
149	1996
407	706
407	1341
407	1651
407	1725
407	1800
407	1810
407	1893
560	666
560	863
560	913
560	992
560	1108
560	1161
560	1315
560	1455
560	1761
560	1823
560	1938
635	724
635	725
635	976
635	993
635	1046
635	1101
635	1181
635	1470
635	1728
783	1091
783	1376
783	1386
783	1407
783	1536
783	1541
783	1601
783	1628
783	1630
783	1762
783	1968
1065	1077
1065	1148
1065	1223
1065	1393
1065	1414
1065	1469
1065	1528
1065	1700
1065	1778
1065	1822
1065	1954
52	151
52	186
52	357
52	381
52	400
52	512
52	916
52	1051
52	1224
52	1306
52	1509
52	1564
52	1618
52	1706
151	152
151	169
151	303
151	378
151	773
151	1033
151	1121
151	1168
151	1206
151	1325
151	1495
151	1524
151	1667
151	1731
512	586
512	660
512	663
512	898
512	979
512	1341
512	1574
512	1579
512	1733
512	1743
916	964
916	1027
916	1097
916	1105
916	1119
916	1518
916	1574
916	1754
916	1794
1051	1211
1051	1360
1051	1499
1051	1602
1051	1935
1051	1987
1224	1495
1224	1547
1224	1819
1224	1903
1224	1917
1306	1517
1306	1716
1306	1776
1509	1510
1509	1642
1509	1651
1509	1821
1509	1864
1509	1946
1509	1987
1564	1592
1564	1660
1564	1758
1564	1766
1564	1809
1564	1883
195	210
195	514
195	570
195	644
195	940
195	1093
195	1218
195	1537
255	396
255	679
255	779
255	879
255	965
255	1114
255	1115
255	1233
255	1397
255	1481
255	1513
255	1788
255	1850
256	377
256	434
256	497
256	810
256	847
256	876
256	886
256	1224
256	1610
256	1728
291	736
291	1050
291	1441
291	1521
544	604
544	656
544	755
544	1028
544	1085
544	1092
544	1104
544	1270
544	1620
544	1733
921	927
921	1067
921	1106
921	1663
921	1720
921	1841
993	1135
993	1743
993	1809
993	1942
1286	1327
1286	1406
1286	1461
1286	1759
1286	1784
1370	1642
1370	1685
1370	1788
1370	1972
1470	1665
1587	1820
1587	1995
1877	1878
122	151
122	260
122	282
122	432
122	1351
122	1883
122	1914
122	1937
390	577
390	594
390	595
390	673
390	686
390	830
390	858
390	962
390	1275
390	1295
390	1372
390	1414
390	1780
457	559
457	890
457	953
457	1170
457	1188
457	1314
457	1355
457	1422
457	1737
457	1781
457	1854
457	1891
585	688
585	1095
585	1107
585	1282
585	1374
585	1501
585	1864
585	1904
1195	1357
1195	1688
1195	1708
1195	1725
1195	1776
1195	1926
1195	1931
1195	1979
1423	1667
1423	1969
1441	1570
1441	1820
1441	1921
1718	1792
1718	1935
55	201
55	435
55	515
55	901
55	965
55	1251
55	1502
55	1622
55	1708
201	663
201	1097
201	1108
201	1129
201	1164
201	1191
201	1205
201	1372
201	1639
201	1760
201	1838
435	557
435	844
435	911
435	1128
435	1231
435	1247
435	1341
435	1488
435	1518
435	1583
435	1804
515	815
515	915
515	1222
515	1320
515	1577
515	1977
901	1612
901	1780
965	1114
965	1166
965	1290
965	1321
965	1362
965	1554
965	1561
965	1800
1251	1335
1251	1351
1251	1396
1251	1735
1251	1852
1251	1856
1251	1892
1251	1987
1251	1993
1622	1637
1622	1755
1622	1952
1708	1765
1708	1950
56	292
56	315
56	682
56	903
56	1421
56	1608
56	1637
292	438
292	468
292	736
292	798
292	1052
292	1324
292	1572
292	1770
315	320
315	417
315	422
315	1130
315	1295
315	1471
315	1789
315	1893
682	898
682	992
682	1138
682	1179
682	1331
682	1462
682	1482
682	1618
682	1651
682	1653
903	980
903	1010
903	1065
903	1067
903	1668
1608	1819
1637	1810
1637	1811
1637	1839
361	375
361	404
361	759
361	802
361	934
361	1139
361	1224
361	1607
361	1667
361	1815
420	671
420	712
420	809
420	863
420	972
420	1038
420	1073
420	1113
420	1184
420	1321
420	1579
420	1612
420	1775
420	1785
474	548
474	1321
474	1425
474	1559
474	1601
474	1735
474	1921
686	797
686	898
686	1669
690	830
690	872
690	984
690	988
690	1213
690	1275
690	1347
690	1357
690	1580
690	1626
690	1774
690	1996
779	874
779	905
779	961
779	1241
779	1297
779	1333
779	1570
1005	1247
1005	1272
1005	1281
1005	1353
1005	1360
1005	1386
1005	1685
1005	1905
1024	1036
1024	1074
1024	1101
1024	1434
1024	1587
1024	1591
1024	1700
1024	1735
1024	1848
1024	1925
1041	1262
1041	1277
1041	1391
1041	1462
1041	1715
1041	1943
1092	1123
1092	1264
1092	1624
1092	1728
1092	1890
1092	1950
1176	1210
1176	1270
1176	1313
1176	1554
1176	1675
1176	1866
1176	1987
1614	1864
1614	1913
1614	1982
58	566
58	611
58	805
58	830
58	981
58	1059
58	1246
58	1274
58	1286
58	1760
805	967
805	1087
805	1316
805	1441
805	1442
805	1537
805	1562
805	1729
805	1818
805	1996
981	1578
981	1607
981	1968
1246	1723
1246	1758
1246	1785
1246	1818
1246	1825
1274	1354
1274	1510
1274	1656
1274	1791
1274	1898
1760	1957
1760	1972
183	211
183	433
183	575
183	663
183	667
183	834
183	978
183	1003
183	1347
183	1372
183	1407
183	1758
183	1804
183	1902
589	888
589	993
589	1323
589	1355
589	1886
602	613
602	864
602	1055
602	1139
602	1516
602	1518
602	1574
602	1700
602	1766
602	1888
959	1059
959	1071
959	1607
959	1753
959	1780
1062	1176
1062	1962
1062	1986
1111	1476
1111	1834
1111	1958
1133	1144
1133	1212
1133	1316
1133	1514
1133	1669
1133	1825
1133	1862
1205	1216
1205	1430
1205	1442
1205	1582
1205	1632
1205	1860
1461	1508
1461	1636
1461	1689
1461	1763
1461	1910
1461	1941
1790	1835
314	872
314	943
314	981
314	1026
314	1054
314	1055
314	1502
314	1931
984	1438
984	1906
1506	1649
1506	1825
1658	1735
1658	1765
1658	1819
485	607
485	945
485	992
485	1087
485	1104
485	1137
485	1339
485	1465
485	1758
485	1816
485	1917
485	1975
647	730
647	769
647	913
647	1030
647	1184
647	1231
647	1243
647	1865
647	1954
647	1997
727	756
727	822
727	992
727	1155
727	1162
727	1179
727	1295
727	1441
727	1706
727	1766
727	1789
727	1888
1132	1162
1132	1178
1132	1184
1132	1245
1132	1392
1132	1451
1132	1813
1132	1898
1177	1920
1763	1902
1825	1898
1825	1996
1825	1998
345	442
345	496
345	531
345	714
345	961
345	1500
345	1668
418	579
418	803
418	1165
418	1296
418	1592
418	1628
418	1982
418	1995
472	481
472	530
472	754
472	799
472	803
472	896
472	915
472	1012
472	1041
472	1125
472	1156
472	1223
472	1308
472	1455
472	1602
472	1943
1067	1415
1067	1577
1067	1937
1067	1997
140	171
140	200
140	366
140	410
140	515
140	644
140	815
140	817
140	1177
140	1450
140	1572
140	1587
140	1839
140	1963
440	808
440	1398
440	1601
440	1616
440	1824
773	821
773	913
773	1033
773	1176
773	1275
773	1403
773	1644
773	1735
773	1773
773	1847
1362	1573
1362	1622
1362	1685
1362	1787
1362	1921
1557	1665
1557	1737
1557	1985
1806	1959
1806	1976
1816	1851
1816	1853
1816	1997
1862	1985
64	260
64	438
64	661
64	913
64	935
64	1001
64	1343
64	1472
260	643
260	811
260	851
260	1644
260	1808
260	1993
661	806
661	882
661	1186
661	1362
661	1403
661	1538
661	1563
661	1827
661	1973
1001	1368
1001	1639
1001	1656
1472	1487
1472	1490
1472	1706
1472	1898
415	799
415	875
415	928
415	1166
415	1367
415	1580
415	1603
415	1644
415	1655
415	1688
415	1979
532	861
532	979
532	1125
532	1222
532	1465
532	1824
976	1125
976	1331
976	1355
976	1422
976	1478
976	1486
976	1625
976	1693
976	1850
1055	1134
1055	1314
1055	1404
1055	1537
1055	1755
1056	1093
1056	1216
1056	1257
1056	1627
1056	1665
1153	1161
1153	1310
1153	1348
1153	1557
1153	1674
1153	1715
1153	1837
1827	1938
66	80
66	376
66	839
66	872
66	1178
66	1254
66	1277
66	1296
66	1510
66	1617
66	1985
80	127
80	916
80	1104
80	1351
80	1533
80	1603
80	1797
80	1855
80	1881
839	961
839	1220
839	1282
839	1612
839	1952
839	1963
839	1988
1178	1375
1178	1630
1178	1662
1178	1747
1178	1916
1277	1362
1277	1393
1277	1440
1277	1788
1277	1789
1617	1641
168	215
168	221
168	241
168	252
168	906
168	954
168	972
168	1056
168	1104
168	1206
168	1370
168	1377
168	1451
168	1603
168	1964
210	251
210	570
210	614
210	905
210	1583
210	1850
225	607
225	615
225	625
225	647
225	667
225	677
225	909
225	952
225	1521
225	1572
592	612
592	757
592	1054
592	1263
592	1618
592	1748
592	1899
592	1990
1233	1241
1233	1391
1233	1699
1233	1870
1233	1942
1754	1902
263	466
263	513
263	572
263	791
263	841
263	893
263	916
263	1005
263	1378
263	1629
263	1753
263	1806
820	830
820	962
820	1023
820	1542
820	1662
820	1699
820	1921
994	1100
994	1155
994	1417
994	1700
994	1825
994	1844
994	1883
1122	1371
1122	1461
1122	1561
1122	1582
1122	1691
1122	1811
1122	1854
1122	1882
1122	1890
1122	1957
1127	1332
1127	1510
1127	1667
1127	1791
1241	1790
1241	1872
1241	1933
467	1442
467	1961
482	569
482	625
482	934
482	1099
482	1326
482	1375
482	1403
482	1458
482	1596
482	1699
720	905
720	1327
720	1484
720	1497
720	1537
720	1646
720	1768
720	1778
720	1855
737	1122
737	1255
737	1557
1323	1409
1323	1417
1323	1552
1323	1559
1323	1729
1323	1737
1323	1942
70	189
70	197
70	537
70	553
70	562
70	886
70	890
70	1185
70	1419
70	1441
70	1634
70	1695
70	1733
70	1784
70	1837
189	416
189	1023
189	1312
189	1368
189	1722
553	570
553	613
553	1113
553	1131
553	1230
553	1513
562	786
562	799
562	878
562	894
562	895
562	1104
562	1181
562	1205
562	1405
562	1451
562	1516
562	1566
562	1903
562	1943
562	1948
886	1076
886	1241
886	1311
886	1323
886	1608
886	1819
886	1827
886	1991
890	898
890	1237
890	1450
890	1795
1419	1444
1419	1458
1419	1516
1419	1687
1419	1929
1634	1920
1695	1947
1784	1884
1784	1917
264	815
264	1092
264	1178
264	1262
264	1501
264	1770
531	867
531	927
531	1065
531	1297
531	1301
531	1349
531	1840
784	863
784	910
784	911
784	1098
784	1231
784	1381
784	1410
784	1428
784	1530
784	1545
784	1565
784	1654
784	1836
969	1006
969	1175
969	1268
969	1307
969	1498
969	1508
969	1858
1578	1606
1578	1855
1578	1885
72	80
72	143
72	292
72	415
72	513
72	813
72	931
72	1034
72	1577
72	1840
72	1844
72	1904
72	1973
813	863
813	1162
813	1226
813	1263
813	1545
813	1600
813	1792
931	1072
931	1077
931	1104
931	1820
931	1866
931	1961
1034	1176
1034	1355
1034	1393
1034	1483
1034	1511
1034	1776
1034	1976
73	201
73	239
73	244
73	539
73	609
73	615
73	874
73	875
73	891
73	1154
73	1166
73	1196
73	1502
73	1882
239	281
239	332
239	344
239	414
239	818
239	937
239	1176
239	1179
239	1241
239	1263
239	1438
609	759
609	857
609	966
609	1035
609	1076
609	1315
609	1693
609	1913
874	924
874	930
874	942
874	1109
874	1177
874	1270
874	1321
874	1667
875	925
875	1156
875	1402
875	1404
875	1567
875	1792
875	1821
875	1848
875	1906
891	1090
891	1115
891	1256
891	1430
891	1454
891	1464
891	1480
891	1669
891	1790
891	1961
1154	1158
1154	1371
1154	1761
1154	1846
1166	1441
1166	1725
1166	1937
1166	1961
1166	1988
77	135
77	179
77	586
77	940
77	975
77	1220
77	1270
77	1557
77	1572
77	1803
137	179
137	298
137	537
137	573
137	803
137	974
137	1693
137	1742
137	1985
502	547
502	1046
502	1131
502	1158
502	1398
502	1762
1114	1246
1114	1373
1114	1409
1114	1508
1114	1544
1114	1583
1114	1653
1114	1654
1114	1969
1532	1768
1532	1853
1707	1852
645	895
645	928
645	1111
645	1319
645	1349
645	1758
645	1852
645	1950
967	1153
967	1218
967	1529
967	1667
967	1683
967	1688
967	1807
1052	1247
1052	1592
1052	1809
1211	1231
1211	1409
1211	1502
1211	1511
1211	1575
1211	1652
1211	1823
1211	1855
1211	1942
1316	1330
1316	1348
1773	1799
1773	1878
1773	1926
76	193
76	378
76	572
76	879
76	1164
76	1357
76	1610
76	1662
76	1819
193	253
193	388
193	464
193	668
193	689
193	775
193	1354
193	1533
193	1577
193	1741
572	668
572	1064
572	1518
572	1594
572	1674
572	1891
572	1935
879	883
879	954
879	979
879	990
879	1432
879	1748
135	302
135	303
135	325
135	399
135	552
135	858
135	879
135	932
135	1200
135	1229
135	1278
135	1439
135	1452
135	1665
179	188
179	204
179	257
179	277
179	700
179	961
179	1161
179	1585
179	1765
179	1809
179	1920
179	1975
586	741
586	1614
586	1639
586	1687
586	1702
586	1730
586	1874
940	1134
940	1203
940	1317
940	1776
975	1048
975	1326
975	1546
975	1722
975	1725
975	1938
1220	1312
1220	1422
1220	1731
1270	1497
1270	1537
1270	1565
1270	1706
1270	1804
1803	1929
276	500
276	547
276	598
276	925
276	1026
276	1354
276	1436
276	1582
276	1689
276	1844
276	1954
382	411
382	588
382	727
382	876
382	1020
382	1417
382	1722
382	1758
382	1788
382	1898
450	700
450	870
450	1263
450	1454
450	1573
450	1676
450	1852
495	723
495	783
495	1452
495	1629
535	745
535	1166
535	1499
535	1825
755	867
755	954
755	1159
755	1386
755	1807
755	1972
755	1986
1565	1888
806	882
806	1017
806	1136
806	1268
806	1435
806	1545
1124	1485
1124	1530
1124	1583
1124	1588
1124	1623
1124	1655
1124	1658
1124	1707
1124	1820
1269	1321
1269	1450
1269	1525
1269	1853
1269	1905
1269	1973
1388	1470
1768	1774
1768	1780
1768	1803
1884	1941
1884	1990
127	249
127	321
127	382
127	557
127	614
127	1221
127	1495
127	1615
127	1785
127	1973
1104	1639
1104	1824
1104	1847
1104	1995
1351	1517
1351	1784
1351	1817
1351	1899
1533	1887
1797	1820
1797	1825
111	363
111	1232
111	1497
111	1637
111	1663
353	468
353	647
353	776
353	967
353	970
353	1098
353	1160
353	1421
353	1517
353	1741
353	1988
569	714
569	976
569	1061
569	1130
569	1386
569	1539
569	1830
569	1943
569	1948
622	719
622	821
622	1144
622	1188
622	1226
622	1335
622	1528
622	1625
622	1882
628	751
628	875
628	1098
628	1297
628	1368
628	1741
628	1756
628	1790
641	645
641	807
641	813
641	1033
641	1503
641	1680
641	1896
918	965
918	1041
918	1122
918	1225
918	1305
918	1514
918	1549
918	1842
918	1921
1158	1286
1249	1323
1249	1364
1249	1415
1249	1501
1249	1592
1249	1657
1249	1710
1249	1778
108	791
108	821
108	845
108	1001
108	1145
108	1450
108	1564
108	1668
108	1693
108	1873
196	209
196	237
196	694
196	775
196	877
196	988
196	1144
196	1231
196	1320
196	1446
196	1457
196	1565
196	1741
196	1958
538	745
538	761
678	729
678	738
678	799
678	863
678	1109
678	1256
678	1438
678	1550
678	1552
678	1676
678	1680
678	1731
678	1905
703	790
703	842
703	916
703	1067
703	1257
703	1407
703	1505
703	1883
703	1987
882	980
882	1058
882	1500
882	1622
83	314
83	366
83	678
83	806
83	1023
83	1085
83	1452
83	1516
83	1858
83	1910
366	398
366	679
366	921
366	1646
366	1737
366	1786
366	1850
366	1885
1023	1064
1023	1144
1023	1216
1023	1264
1023	1338
1023	1522
1023	1715
1858	1963
84	552
84	746
84	924
84	1465
84	1487
84	1545
84	1710
84	1832
552	851
552	910
552	1077
552	1114
552	1238
552	1818
552	1933
746	918
746	964
746	1046
746	1203
746	1351
746	1426
746	1708
746	1839
319	341
319	622
319	694
319	890
319	1048
319	1231
319	1241
319	1888
730	1076
730	1386
730	1484
730	1580
730	1622
730	1783
730	1823
887	975
887	1009
887	1189
887	1256
887	1914
1283	1573
1283	1995
1339	1702
1339	1797
1339	1850
1339	1896
1339	1903
1355	1564
1355	1619
1355	1754
1355	1852
115	264
115	366
115	512
115	683
115	1310
115	1324
115	1350
115	1406
115	1452
115	1603
241	279
241	559
241	706
241	761
241	788
241	925
241	1004
241	1028
241	1354
241	1511
241	1925
326	418
326	776
326	1092
326	1138
326	1349
326	1554
326	1589
326	1674
761	925
761	1064
761	1184
761	1451
761	1490
761	1964
761	1991
817	1330
817	1559
817	1567
817	1873
906	1010
906	1138
906	1246
906	1275
906	1541
949	1135
949	1211
949	1285
1595	1676
1595	1878
1595	1914
1720	1743
282	332
282	346
282	357
282	382
282	774
282	966
282	1128
282	1576
282	1827
282	1863
547	573
547	589
547	653
547	780
547	820
547	986
547	1296
547	1598
547	1618
547	1759
547	1803
547	1885
547	1979
1222	1305
1222	1355
1222	1368
1222	1404
1222	1543
1222	1699
1222	1816
1222	1994
1347	1600
1347	1728
1347	1937
1415	1486
1415	1809
1635	1901
1635	1954
1654	1706
1787	1909
88	195
88	590
88	741
88	1093
88	1298
88	1482
88	1511
88	1731
88	1847
590	794
590	968
590	1367
590	1683
590	1813
590	1825
590	1903
590	1904
590	1937
741	1488
741	1618
741	1905
1093	1111
1093	1232
1093	1348
1093	1450
1093	1451
1093	1455
1093	1574
1093	1692
1093	1743
1093	1935
1298	1404
1298	1488
1298	1825
1482	1485
1482	1688
1482	1943
1511	1665
1511	1695
1511	1730
1511	1782
1847	1853
1847	1887
603	777
603	841
603	994
603	1126
603	1142
603	1501
603	1575
603	1659
603	1897
603	1926
603	1957
692	1107
692	1150
692	1439
692	1476
692	1580
692	1660
692	1670
692	1739
692	1761
692	1827
692	1973
883	912
883	945
883	974
883	1028
883	1232
883	1438
883	1454
883	1528
883	1710
883	1787
1853	1873
1853	1896
90	165
90	432
90	523
90	745
90	768
90	894
90	973
90	1268
90	1600
90	1618
90	1743
90	1890
90	1954
523	531
523	1115
523	1502
523	1536
523	1574
523	1604
523	1612
523	1868
745	1064
745	1168
745	1330
745	1411
745	1485
745	1637
745	1906
745	1962
768	791
768	798
768	802
768	858
768	1108
768	1426
768	1597
768	1858
768	1950
894	917
894	1135
894	1721
973	1032
973	1244
973	1246
973	1247
973	1381
973	1557
973	1885
973	1979
1268	1676
1268	1929
1268	1972
1268	1976
1743	1832
1743	1982
91	218
91	380
91	928
91	1407
91	1430
91	1508
91	1881
218	284
218	297
218	409
218	449
218	450
218	754
218	786
218	1105
218	1177
218	1240
218	1336
218	1344
218	1354
218	1451
218	1642
218	1835
218	1844
218	1981
380	603
380	1000
380	1221
380	1585
380	1600
928	1168
928	1207
928	1476
928	1591
928	1901
1407	1663
1407	1743
1407	1803
1407	1827
92	169
92	203
92	312
92	387
92	486
92	647
92	679
92	836
92	965
92	1024
92	1042
92	1105
92	1410
92	1606
92	1794
92	1825
169	293
169	569
169	785
169	935
169	984
169	1332
169	1722
169	1801
169	1819
169	1957
203	528
203	786
203	1026
203	1054
203	1179
203	1208
203	1210
203	1313
203	1381
203	1724
203	1774
203	1921
203	1995
312	363
312	410
312	585
312	600
312	627
312	780
312	840
312	900
312	1246
312	1305
312	1567
312	1629
312	1639
486	640
486	1164
486	1205
486	1284
486	1313
486	1576
486	1680
486	1742
486	1914
486	1921
486	1998
836	1270
836	1375
836	1527
836	1715
836	1767
836	1916
836	1949
836	1996
1410	1436
1410	1543
1410	1793
1410	1815
1410	1822
182	398
182	435
182	669
182	968
182	1115
182	1256
182	1381
182	1528
182	1534
182	1669
182	1844
182	1864
233	276
233	437
233	743
233	850
233	1591
233	1908
491	583
491	900
491	962
491	1105
491	1739
491	1788
620	794
620	1104
620	1109
620	1286
620	1385
620	1398
620	1683
620	1709
620	1782
620	1967
669	1258
669	1308
669	1748
1047	1197
1047	1335
1047	1415
1047	1721
1047	1988
1125	1275
1125	1284
1125	1410
1125	1947
1125	1948
1335	1468
1335	1759
1335	1822
1335	1933
1335	1972
1748	1780
1748	1882
1748	1904
1775	1929
94	117
94	217
94	303
94	455
94	466
94	766
94	876
94	934
94	973
94	1127
94	1252
94	1341
94	1376
94	1544
94	1675
217	661
217	870
217	1049
217	1095
217	1100
217	1298
217	1465
217	1584
217	1904
455	536
455	1046
455	1098
455	1136
455	1565
455	1790
455	1800
455	1813
455	1865
466	795
466	849
466	1024
466	1048
466	1062
466	1274
466	1495
466	1635
466	1718
466	1793
466	1962
766	978
766	1348
766	1452
766	1541
766	1562
766	1839
766	1950
766	1979
876	1370
876	1852
934	992
934	1050
934	1060
934	1112
934	1148
934	1159
934	1196
934	1454
934	1800
934	1815
934	1873
934	1996
1252	1343
1252	1401
1252	1639
1252	1658
1252	1691
1252	1840
1252	1921
1341	1529
1341	1715
1341	1837
1341	1958
1376	1381
1376	1402
1376	1428
1376	1642
1376	1675
1376	1788
95	667
95	935
95	1077
95	1157
95	1550
95	1689
95	1808
95	1878
667	994
667	1059
667	1809
667	1892
1077	1151
1077	1289
1077	1626
1077	1680
1077	1751
1077	1855
1077	1967
1157	1221
1157	1371
1157	1674
1689	1703
1689	1742
1808	1836
96	240
96	627
96	632
96	686
96	778
96	779
96	1036
96	1063
96	1123
96	1150
96	1179
96	1244
96	1397
96	1505
96	1904
240	353
240	449
240	638
240	1229
240	1339
240	1539
240	1596
240	1618
240	1793
240	1896
627	674
627	910
627	1033
627	1230
627	1365
627	1574
627	1652
778	957
778	992
778	1005
778	1011
778	1268
778	1421
778	1735
1063	1099
1063	1349
1063	1597
1063	1613
1063	1852
1063	1862
1063	1904
1123	1229
1123	1578
1123	1685
1123	1960
1123	1979
1150	1238
1150	1532
1150	1557
1150	1563
1150	1639
1150	1778
1150	1973
1179	1269
1179	1371
1179	1652
1179	1654
1179	1780
1179	1807
1179	1809
1179	1994
1397	1709
1397	1824
1397	1926
97	222
97	366
97	552
97	604
97	1226
97	1675
97	1775
222	491
222	509
222	573
222	575
222	690
222	842
222	913
222	1062
222	1534
222	1941
604	640
604	1130
604	1563
604	1654
604	1718
604	1781
604	1799
604	1976
1226	1314
1226	1388
101	153
101	207
101	210
101	215
101	695
101	822
101	903
101	941
101	1461
101	1470
101	1503
101	1591
101	1625
101	1626
101	1639
101	1724
101	1893
290	522
290	790
290	911
290	917
290	956
290	1142
290	1188
290	1251
290	1353
290	1479
290	1486
290	1584
290	1702
290	1785
290	1858
290	1969
559	577
559	616
559	620
559	761
559	945
559	1058
559	1102
559	1145
559	1646
559	1754
559	1850
559	1952
564	737
564	766
564	1123
564	1127
564	1248
564	1436
564	1710
564	1767
564	1783
564	1824
801	901
801	1251
801	1613
801	1615
801	1708
801	1913
801	1979
930	1012
930	1142
930	1311
930	1613
930	1619
930	1865
1066	1208
1066	1505
1364	1512
1364	1891
1364	1972
1364	1988
1442	1529
1450	1485
1450	1554
1450	1899
1766	1787
1766	1986
1783	1786
1783	1916
1820	1832
1820	1970
99	104
99	221
99	256
99	318
99	398
99	480
99	737
99	1033
99	1096
99	1162
99	1316
99	1446
99	1508
99	1597
99	1622
99	1638
99	1700
99	1760
99	1822
99	1855
99	1994
104	240
104	354
104	542
104	614
104	885
104	905
104	1338
104	1381
104	1423
104	1564
104	1759
104	1801
104	1804
221	371
221	415
221	706
221	1197
221	1331
221	1335
221	1347
221	1789
221	1835
221	1841
221	1896
221	1909
221	1947
318	384
318	590
318	681
318	908
318	966
318	1020
318	1307
318	1414
318	1550
480	592
480	663
480	1020
480	1866
480	1952
1162	1636
1162	1748
1162	1751
1162	1822
1162	1884
1162	1978
1597	1624
1597	1751
1597	1762
1597	1841
1638	1914
1822	1882
100	236
100	358
100	366
100	578
100	727
100	772
100	777
100	834
100	1127
100	1155
100	1238
100	1488
100	1546
578	679
578	952
578	1113
578	1173
578	1435
578	1860
578	1950
772	815
772	882
772	930
772	959
772	1064
772	1065
772	1107
772	1216
772	1819
772	1821
777	981
777	1212
777	1410
777	1574
777	1724
777	1804
777	1937
834	1061
834	1072
834	1301
834	1658
834	1972
1488	1552
1488	1657
1488	1954
1488	1976
153	169
153	286
153	321
153	362
153	395
153	826
153	962
153	1179
153	1800
153	1847
153	1884
153	1890
207	277
207	410
207	418
207	433
207	515
207	582
207	834
207	885
207	1133
207	1324
207	1521
207	1537
207	1626
207	1963
215	279
215	396
215	459
215	564
215	569
215	579
215	600
215	756
215	782
215	854
215	1415
215	1547
215	1552
215	1770
215	1803
215	1887
695	698
695	767
695	786
695	846
695	1010
695	1120
695	1173
695	1223
695	1230
695	1297
695	1332
695	1393
695	1610
695	1761
941	948
941	1087
941	1089
941	1203
941	1790
1591	1720
1591	1778
1591	1813
1591	1997
1639	1976
1639	1985
1724	1756
102	264
102	451
102	458
102	464
102	521
102	1070
102	1224
102	1264
102	1468
102	1473
102	1484
102	1567
102	1877
102	1930
102	1962
458	589
458	767
458	850
458	1129
458	1396
458	1866
464	814
464	1202
464	1314
464	1334
464	1343
464	1430
464	1495
464	1500
464	1523
464	1663
464	1794
464	1855
464	1908
521	545
521	564
521	1186
521	1343
521	1378
521	1435
521	1472
521	1487
521	1580
521	1862
1070	1226
1070	1252
1070	1321
1070	1406
1070	1624
1070	1635
1070	1782
1070	1930
1264	1442
1264	1943
1264	1995
1468	1555
1468	1743
1468	1860
1468	1920
1473	1483
1473	1582
1473	1641
1473	1773
103	115
103	229
103	794
103	877
103	1029
103	1049
103	1096
103	1203
103	1247
103	1357
103	1385
103	1516
103	1545
103	1659
103	1667
103	1705
103	1715
103	1847
877	1101
877	1811
1049	1107
1049	1122
1049	1144
1049	1197
1049	1438
1049	1584
1049	1636
1049	1689
1049	1708
1049	1750
1049	1751
1049	1800
1203	1416
1203	1718
1203	1995
1247	1370
1247	1429
1247	1563
1247	1637
1247	1873
1247	1909
1667	1817
1667	1838
1705	1753
1705	1770
354	532
354	648
354	673
354	1213
354	1400
354	1620
354	1863
542	760
542	925
542	937
542	1401
542	1624
542	1649
542	1659
542	1829
542	1994
614	700
614	772
614	869
614	1060
614	1107
614	1125
614	1168
614	1256
614	1664
885	976
885	1154
885	1762
885	1902
905	994
905	1128
905	1270
905	1552
1338	1565
1338	1577
1338	1638
1804	1902
1804	1976
105	301
105	378
105	492
105	613
105	1076
105	1284
105	1651
105	1864
613	849
613	894
613	934
613	945
613	1068
613	1177
613	1360
613	1458
613	1608
579	634
579	815
579	829
579	981
579	1085
579	1473
579	1530
579	1691
579	1707
579	1848
579	1913
582	592
582	646
582	653
582	720
582	841
582	885
582	962
582	1523
582	1987
700	721
700	789
700	822
700	901
700	930
700	1024
700	1036
700	1218
700	1908
447	646
447	844
447	1175
447	1403
447	1421
447	1563
447	1675
447	1726
447	1892
634	811
634	919
634	1189
634	1211
634	1278
634	1483
634	1503
634	1622
634	1784
821	846
821	921
821	1145
821	1151
821	1203
821	1257
821	1530
821	1656
821	1716
821	1728
845	1179
845	1405
845	1582
845	1849
1668	1685
1693	1761
1693	1793
1693	1839
1693	1877
1693	1884
1693	1978
286	382
286	479
286	560
286	944
286	994
286	1230
286	1283
286	1367
286	1778
286	1891
856	1062
856	1680
856	1707
978	1026
978	1354
978	1653
978	1729
978	1830
1483	1601
1483	1649
1483	1735
1483	1995
1788	1865
110	133
110	140
110	261
110	474
110	846
110	1330
110	1388
110	1406
110	1435
110	1517
110	1594
261	337
261	961
261	969
261	984
261	1002
261	1184
261	1687
261	1710
261	1963
261	1969
1330	1397
1330	1709
1330	1735
1517	1862
1517	1987
164	917
164	1049
164	1320
164	1441
164	1592
164	1734
164	1832
164	1855
673	676
673	762
673	772
673	1471
673	1503
673	1530
673	1570
673	1864
1130	1158
1130	1163
1130	1306
1130	1309
1130	1385
1130	1471
1130	1702
1130	1739
1130	1781
1130	1788
1255	1502
1255	1541
1255	1850
1255	1874
1589	1592
1589	1975
1589	1996
1589	1997
1810	1838
113	306
113	334
113	679
113	709
113	730
113	809
113	867
113	987
113	1018
113	1070
113	1096
113	1283
113	1430
113	1795
113	1832
113	1860
306	478
306	486
306	820
306	1064
306	1120
306	1123
306	1794
306	1840
306	1897
306	1904
306	1930
334	491
334	598
334	766
334	1240
334	1306
334	1414
334	1478
334	1755
334	1972
809	924
809	1326
809	1403
809	1497
809	1885
987	1312
987	1323
987	1575
1018	1069
1018	1309
1018	1310
1018	1440
1018	1567
1018	1811
1018	1850
1860	1914
114	608
114	723
114	1003
114	1244
1003	1068
1003	1503
1003	1683
1003	1751
1003	1766
1003	1820
1003	1821
683	733
683	754
683	1705
1310	1438
1310	1838
1310	1853
145	153
145	440
145	479
145	506
145	532
145	570
145	638
145	660
145	965
145	1009
145	1259
145	1281
145	1469
145	1604
145	1648
166	836
166	906
166	1102
166	1327
166	1607
166	1632
166	1657
166	1929
331	542
331	642
331	801
331	985
331	1107
331	1174
331	1235
331	1306
331	1536
331	1596
331	1882
557	567
557	743
557	794
557	1142
557	1147
557	1201
557	1417
557	1566
557	1884
557	1961
979	1004
979	1393
979	1562
979	1570
979	1807
979	1852
1403	1468
1403	1483
1403	1557
1403	1559
1403	1610
1403	1771
1403	1817
272	562
272	595
272	646
272	789
272	845
272	1108
272	1132
272	1191
272	1298
272	1502
272	1562
272	1604
272	1827
272	1858
272	1941
377	422
377	532
377	544
377	580
377	716
377	849
377	1063
377	1255
377	1350
377	1374
377	1391
377	1562
377	1616
377	1967
377	1975
397	476
397	706
397	791
397	1444
397	1837
397	1870
1781	1976
1781	1979
144	147
144	448
144	480
144	514
144	643
144	780
144	1089
144	1240
144	1353
144	1385
144	1968
174	433
174	459
174	501
174	759
174	788
174	807
174	1017
174	1158
174	1264
497	599
497	616
497	745
497	767
497	1101
497	1106
497	1385
497	1454
497	1811
893	928
893	950
893	979
893	1038
893	1411
893	1937
893	1994
1726	1787
1726	1794
1726	1973
1758	1794
1758	1948
119	259
119	333
119	347
119	433
119	1069
119	1257
119	1370
119	1403
119	1459
119	1836
119	1904
333	442
333	496
333	976
333	1156
333	1257
333	1307
333	1422
333	1534
433	663
433	720
433	949
433	1656
433	1803
433	1824
1257	1482
1257	1726
1257	1917
1459	1467
1459	1505
1459	1601
1459	1820
1459	1865
121	140
121	149
121	179
121	219
121	385
121	724
121	854
121	961
121	1060
121	1247
121	1418
121	1464
121	1501
121	1559
121	1652
854	861
854	916
854	1020
854	1047
854	1156
854	1323
854	1366
854	1377
854	1396
854	1426
854	1632
854	1692
854	1789
854	1961
1418	1546
1418	1617
1418	1691
1418	1885
1418	1893
1418	1998
1464	1557
1464	1604
1464	1720
1501	1533
1501	1685
1501	1799
1501	1815
1501	1897
1559	1650
1559	1662
1559	1788
1559	1885
1652	1676
1883	1891
200	269
200	335
200	394
200	815
200	886
200	919
200	1059
200	1093
200	1906
200	1938
200	1947
421	713
421	818
421	957
421	1023
421	1138
421	1368
421	1486
1691	1697
1691	1783
1691	1877
1691	1901
325	485
325	526
325	532
325	697
325	741
325	808
325	943
325	1123
325	1797
325	1885
505	536
505	645
505	678
505	829
505	930
505	978
505	1060
812	932
812	1034
812	1058
812	1223
812	1232
812	1562
812	1585
812	1617
812	1987
962	1085
962	1132
962	1301
962	1336
962	1451
962	1775
962	1843
962	1987
1616	1734
1616	1795
1770	1799
1770	1860
142	308
142	397
142	836
142	935
142	1073
142	1097
142	1132
142	1158
142	1388
448	462
448	466
448	498
448	784
448	785
448	847
448	1114
448	1264
448	1603
448	1948
448	1995
551	1089
551	1132
551	1252
551	1330
551	1365
551	1442
551	1578
551	1635
551	1792
636	867
636	1046
636	1379
636	1865
1137	1321
1137	1574
1137	1747
1137	1820
1137	1902
1137	1986
1463	1565
1463	1636
1463	1707
1463	1784
1463	1821
1734	1841
1734	1917
371	746
371	847
371	913
371	1206
371	1354
371	1367
371	1418
371	1822
646	670
646	798
646	1049
646	1313
646	1392
646	1479
646	1660
646	1803
757	942
757	1217
757	1349
757	1375
757	1641
757	1644
757	1849
757	1897
1120	1122
1120	1439
1120	1506
1120	1921
1120	1942
321	502
321	727
321	744
321	847
321	1054
321	1098
321	1467
321	1597
321	1692
321	1739
321	1790
321	1874
181	195
181	335
181	676
181	940
181	1092
181	1161
181	1313
181	1374
181	1422
181	1539
181	1579
181	1637
181	1660
181	1731
181	1793
323	681
323	762
323	803
323	1034
323	1047
323	1111
323	1200
323	1244
323	1722
332	674
332	1103
332	1451
332	1555
332	1597
332	1654
332	1774
332	1786
573	781
573	969
573	1398
573	1411
573	1430
573	1594
573	1667
1674	1884
1674	1967
823	934
823	966
823	984
823	1277
823	1612
823	1832
823	1859
880	1066
880	1127
880	1147
880	1165
880	1222
880	1237
880	1245
880	1479
880	1559
1485	1709
1584	1725
1584	1956
1079	1241
1079	1248
1079	1305
1079	1728
1079	1790
1417	1500
1417	1759
1417	1896
1417	1910
712	741
712	874
712	1151
712	1191
712	1222
712	1275
712	1594
712	1799
712	1987
1580	1651
1580	1691
1580	1888
1723	1791
1723	1843
1723	1881
1723	1891
1723	1948
1723	1981
132	506
132	757
132	945
132	1052
132	1163
132	1350
132	1479
132	1693
132	1721
132	1763
132	1885
945	1102
945	1224
945	1277
945	1365
945	1649
945	1766
945	1864
1479	1613
1479	1628
1479	1705
1479	1715
1721	1820
1721	1929
1885	1902
1885	1916
519	636
519	760
519	973
519	1129
519	1181
519	1212
519	1235
519	1274
519	1341
519	1457
134	286
134	759
134	839
134	883
134	890
134	1163
134	1191
134	1234
134	1675
134	1933
759	882
1234	1391
1234	1425
1234	1691
1234	1901
302	459
302	789
302	819
302	831
302	842
302	1105
302	1226
302	1467
302	1728
302	1797
302	1806
302	1958
932	1155
932	1160
932	1229
932	1784
1200	1203
1200	1256
1200	1339
1200	1687
1200	1705
1200	1790
1200	1830
1439	1589
1439	1601
1439	1754
1439	1874
1665	1856
1665	1969
744	830
744	987
744	1115
744	1338
744	1509
744	1529
744	1665
1101	1354
1101	1375
1101	1709
1101	1949
1101	1967
974	1095
974	1104
974	1503
974	1986
1742	1762
1742	1827
1742	1887
1742	1977
138	414
138	476
138	645
138	673
138	852
138	1047
138	1070
138	1481
138	1525
138	1683
138	1753
138	1785
476	515
476	645
476	648
476	719
476	801
476	999
476	1125
476	1193
476	1220
476	1396
476	1465
476	1831
852	935
852	987
852	1365
852	1398
852	1426
852	1610
852	1635
852	1655
852	1885
1799	1809
171	280
171	281
171	542
171	749
171	807
171	827
171	875
171	937
171	999
171	1179
171	1210
171	1562
171	1723
171	1741
410	468
410	670
410	700
410	1049
410	1173
410	1320
410	1417
410	1638
410	1760
410	1762
644	840
644	886
644	1000
644	1231
644	1244
644	1877
644	1906
815	903
815	1023
815	1092
815	1315
815	1561
815	1612
815	1723
815	1725
815	1780
815	1834
760	774
760	778
760	848
760	855
760	873
760	1354
760	1533
760	1544
760	1573
760	1574
760	1600
760	1891
774	858
774	880
774	974
774	1105
774	1144
774	1230
774	1341
774	1613
774	1841
1905	1910
308	388
308	499
308	812
308	969
308	1205
308	1278
308	1324
308	1458
308	1670
308	1680
308	1868
1073	1562
1073	1925
1073	1935
1097	1442
1097	1607
1097	1770
1097	1776
1097	1780
848	1046
848	1168
848	1343
848	1362
848	1386
848	1592
848	1729
848	1870
1309	1366
1309	1407
1309	1748
1309	1801
1309	1855
1650	1910
1716	1742
1716	1809
1851	1935
643	819
643	911
643	958
643	1274
643	1543
643	1619
643	1629
643	1733
643	1813
643	1891
643	1985
1089	1264
1089	1397
1089	1628
1089	1664
1089	1809
1089	1813
1240	1251
1240	1600
1240	1652
1240	1760
1240	1852
570	727
570	746
570	1277
570	1561
570	1570
570	1921
638	689
638	760
638	761
638	806
638	981
638	1163
638	1543
638	1549
638	1602
638	1921
638	1954
638	1964
1259	1314
1259	1403
1259	1480
1259	1521
1259	1760
1259	1856
1259	1981
1259	1988
1281	1498
1281	1770
1604	1849
1604	1850
1604	1969
1648	1669
1648	1705
1648	1707
1648	1782
337	390
337	821
337	1038
337	1061
337	1324
337	1335
337	1576
337	1594
337	1613
337	1636
337	1667
337	1838
337	1959
337	1996
911	1068
911	1072
911	1438
911	1650
911	1792
1050	1100
1050	1211
1050	1768
1050	1786
1160	1218
1160	1240
389	422
389	573
389	642
389	706
389	727
389	848
389	1221
389	1230
389	1353
389	1835
663	736
663	992
663	1027
663	1047
663	1307
663	1353
663	1602
663	1886
663	1994
895	1096
895	1374
895	1591
950	987
950	990
950	1289
950	1572
950	1855
950	1864
950	1926
797	1664
797	1699
797	1730
797	1774
797	1791
797	1967
1126	1134
1126	1166
1126	1315
1126	1355
1126	1385
1126	1490
1126	1660
1126	1724
1126	1807
1126	1957
1549	1557
1549	1836
1549	1838
341	539
341	860
341	886
341	966
341	1065
341	1189
341	1245
341	1486
341	1638
341	1815
341	1938
341	1967
1649	1750
1649	1775
1730	1887
1730	1903
1730	1954
152	363
152	546
152	848
152	892
152	917
152	1001
152	1097
152	1186
152	1247
152	1252
152	1357
152	1625
152	1756
152	1782
152	1817
152	1898
152	1925
1121	1555
1121	1667
1121	1892
1206	1398
1206	1703
1206	1761
1206	1836
1206	1968
1325	1938
546	819
546	1217
546	1366
546	1397
546	1401
546	1498
546	1503
546	1860
546	1878
892	937
892	1122
892	1278
892	1344
892	1509
892	1972
917	1038
917	1121
917	1554
1186	1268
1186	1396
1186	1407
1186	1471
1186	1598
1186	1730
1186	1921
395	400
395	415
395	572
395	679
395	705
395	854
395	878
395	1089
395	1093
395	1355
395	1481
395	1536
395	1554
395	1662
826	1289
826	1347
826	1735
826	1809
826	1867
857	1005
857	1050
857	1124
857	1213
857	1278
857	1400
857	1600
857	1613
857	1616
857	1626
857	1839
1170	1652
1170	1675
1216	1428
1216	1476
1216	1536
1216	1872
1216	1878
1285	1377
1285	1411
1285	1458
1285	1620
1285	1773
1285	1913
156	264
156	309
156	472
156	627
156	681
156	1392
156	1554
156	1664
156	1783
156	1790
156	1800
156	1862
156	1998
309	481
309	783
309	857
309	937
309	1147
309	1238
309	1257
309	1502
309	1562
309	1853
309	1987
681	1223
681	1503
681	1613
681	1859
681	1957
681	1972
1664	1709
1664	1774
1664	1943
157	161
157	165
157	488
157	498
157	562
157	796
157	928
157	1150
157	1237
157	1360
157	1723
157	1791
157	1929
161	588
161	772
161	1065
161	1130
161	1256
161	1311
161	1381
161	1472
161	1553
161	1622
161	1630
161	1761
488	603
488	695
488	880
488	1462
488	1734
488	1885
498	505
498	535
498	552
498	697
498	837
498	941
498	1311
498	1333
498	1391
498	1614
498	1873
498	1898
796	811
796	861
796	871
796	1463
796	1756
796	1775
796	1899
1237	1511
1237	1538
1360	1476
1360	1715
1360	1878
698	818
698	1046
698	1286
698	1362
698	1700
698	1770
698	1881
310	401
310	437
310	470
310	580
310	645
310	676
310	909
310	1091
310	1203
310	1841
346	480
346	586
346	636
346	1096
346	1368
346	1370
346	1554
346	1616
346	1675
346	1866
346	1978
1414	1440
1414	1527
1414	1813
1414	1931
1579	1610
1579	1842
1579	1938
1657	1892
1657	1970
1657	1994
1703	1815
1703	1935
163	440
163	900
163	910
163	1313
163	1374
163	1523
163	1743
163	1921
163	1935
163	1977
163	1986
340	485
340	635
340	719
340	811
340	854
340	901
340	1000
340	1121
340	1406
340	1570
340	1614
340	1676
340	1827
340	1893
522	548
522	682
522	734
522	864
522	1060
522	1071
522	1354
522	1411
522	1577
522	1964
588	985
588	1050
588	1409
588	1428
588	1452
588	1770
588	1785
588	1868
1311	1497
1311	1523
1311	1642
1311	1739
1761	1834
1761	1859
739	755
739	839
739	948
739	1354
739	1371
739	1422
739	1613
739	1634
739	1729
739	1865
739	1957
739	1987
900	927
900	934
900	1595
900	1806
900	1886
910	945
910	1065
910	1307
910	1808
910	1896
1313	1572
1313	1722
1313	1733
1313	1975
1374	1402
1374	1588
1374	1654
1374	1706
1374	1750
1374	1993
1523	1829
1523	1961
1320	1354
273	444
273	470
273	706
273	839
273	886
273	1441
273	1676
985	1135
985	1206
985	1323
985	1378
985	1410
985	1849
985	1891
985	1941
985	1990
1411	1691
1411	1902
1411	1988
1607	1619
1607	1761
1607	1938
1002	1151
1002	1307
1002	1416
1002	1844
1068	1251
1068	1312
1068	1459
1068	1958
252	323
252	391
252	398
252	399
252	414
252	501
252	619
252	635
252	643
252	1102
252	1510
252	1537
954	1210
954	1224
954	1275
954	1290
954	1393
954	1517
954	1658
954	1788
954	1843
954	1998
972	1002
972	1038
972	1079
972	1089
972	1090
972	1601
972	1685
972	1737
972	1754
972	1913
785	818
785	1186
785	1347
785	1638
785	1770
785	1820
1722	1841
416	768
416	810
416	870
416	1734
416	1933
1315	1546
1315	1601
1315	1606
1315	1634
1315	1665
281	465
281	591
281	743
281	998
281	1565
281	1801
749	964
749	1001
749	1290
749	1407
749	1430
749	1954
999	1134
999	1216
999	1232
999	1237
999	1502
198	267
198	306
198	694
198	735
198	822
198	937
198	1105
198	1134
198	1583
198	1903
198	1941
1321	1467
1321	1972
336	580
336	598
336	628
336	741
336	860
336	880
336	1133
336	1176
336	1211
336	1307
336	1365
336	1908
595	734
595	1355
595	1435
595	1784
595	1811
595	1882
595	1960
595	1963
501	670
501	1160
501	1541
1017	1026
1017	1033
1017	1038
1017	1124
1017	1247
1017	1483
1017	1524
1017	1935
175	345
175	604
175	634
175	855
175	1092
175	1175
175	1259
175	1272
175	1290
175	1298
175	1646
175	1866
175	1994
1272	1314
1272	1628
1272	1963
1290	1309
1290	1373
1290	1439
1290	1481
1290	1580
1290	1584
1290	1597
1290	1629
1290	1708
1646	1655
1646	1767
1646	1787
1646	1847
1646	1935
1646	1994
288	318
288	449
288	501
288	506
288	559
288	679
288	794
288	808
288	981
288	1199
288	1200
288	1407
288	1488
288	1654
288	1910
920	930
920	934
920	1422
920	1575
920	1597
920	1670
920	1767
920	1985
470	488
470	803
470	1403
470	1467
470	1533
470	1695
470	1824
873	971
873	1098
873	1199
873	1211
873	1608
873	1639
873	1887
873	1993
1434	1610
1434	1790
1737	1760
1737	1956
583	751
583	831
583	876
583	967
583	987
583	1232
583	1326
583	1561
583	1758
711	712
711	837
711	906
711	1163
711	1360
711	1602
711	1821
1100	1680
1100	1787
1100	1808
1161	1220
1161	1873
1161	1908
1161	1949
1161	1986
1809	1908
1809	1985
1975	1986
1144	1270
1144	1367
1144	1386
1144	1522
1144	1829
1231	1503
1231	1525
1231	1707
1231	1741
1231	1751
1655	1870
676	911
676	988
676	1476
676	1527
676	1605
676	1653
1422	1426
1422	1503
1422	1521
1422	1542
1422	1614
1422	1981
1539	1665
1539	1685
1539	1741
1539	1838
1539	1877
1539	1981
1660	1664
1660	1783
1660	1868
968	1067
968	1091
968	1224
968	1502
968	1700
1115	1148
1115	1150
1115	1197
1115	1459
1115	1462
1115	1691
1115	1765
1534	1570
211	734
211	736
211	807
211	1196
211	1651
575	627
575	678
575	808
575	883
575	1001
575	1034
575	1257
575	1783
1011	1293
1011	1367
1011	1598
1011	1601
1011	1823
1011	1837
1011	1887
1349	1523
1349	1634
1349	1664
1349	1827
1349	1832
1349	1835
1349	1870
1349	1891
1349	1995
481	559
481	573
481	1402
481	1469
481	1538
481	1630
481	1648
481	1850
1142	1207
1142	1430
1142	1550
1142	1657
1142	1864
863	1027
863	1055
863	1538
863	1872
1527	1660
1527	1867
1821	1853
1821	1904
297	477
297	479
297	506
297	879
297	949
297	1012
297	1156
297	1159
297	1606
297	1969
411	539
411	790
411	1381
411	1941
411	1959
733	772
733	847
733	987
733	1370
733	1373
733	1587
733	1629
837	887
837	1071
837	1127
837	1364
837	1379
837	1422
837	1428
837	1761
837	1799
837	1859
1108	1693
1108	1859
1108	1878
1378	1512
1378	1524
1378	1646
1378	1748
1378	1789
1378	1950
1642	1653
1642	1735
1856	1982
1181	1331
1181	1419
1181	1429
1181	1486
1181	1576
1181	1892
1438	1908
992	1027
992	1091
992	1152
992	1154
992	1221
992	1224
992	1334
992	1381
992	1577
1398	1411
1398	1481
1398	1617
1398	1646
1398	1859
1398	1942
1398	1975
1687	1697
1687	1722
1697	1931
191	473
191	569
191	1035
191	1068
191	1514
191	1595
191	1596
1035	1407
1035	1576
1035	1685
1514	1610
1514	1659
1514	1804
1514	1973
232	242
232	261
232	322
232	488
232	545
232	560
232	673
232	744
232	858
232	1030
232	1123
232	1381
232	1513
436	538
436	714
436	1024
436	1070
436	1385
436	1467
436	1885
526	546
526	594
526	604
526	891
526	1224
526	1576
526	1703
526	1817
1004	1485
1113	1231
1113	1275
1113	1468
1113	1575
1113	1775
1113	1929
1113	1985
1432	1463
1432	1790
1432	1937
1432	1977
253	332
253	468
253	500
253	673
253	733
253	739
253	853
253	928
253	1006
253	1202
253	1816
668	1175
668	1208
668	1482
689	725
689	797
689	879
689	1409
689	1438
689	1495
689	1498
689	1786
775	980
775	1133
775	1338
775	1641
775	1644
1354	1371
1354	1592
1354	1773
1354	1832
1354	1870
1354	1899
530	531
530	590
530	640
530	790
530	1162
530	1170
530	1403
530	1528
530	1608
530	1688
530	1758
530	1817
530	1852
530	1873
530	1988
734	812
734	923
734	1153
734	1247
734	1478
734	1901
734	1986
1159	1210
1159	1221
1159	1497
1159	1552
1159	1561
1159	1710
1159	1823
1218	1290
1218	1457
1218	1467
1218	1527
1218	1708
1218	1832
209	628
209	676
209	773
209	814
209	898
209	919
209	1426
209	1499
209	1761
209	1778
237	265
237	607
237	656
237	697
237	953
237	1235
237	1247
237	1309
237	1310
237	1327
237	1334
237	1357
237	1710
237	1813
694	836
694	839
694	1036
694	1106
694	1197
694	1613
694	1751
694	1753
1301	1433
1301	1709
1301	1722
1301	1786
1301	1818
1301	1858
1134	1476
1134	1675
1134	1985
247	450
247	789
247	819
247	986
247	1156
247	1309
247	1368
247	1397
247	1518
1582	1886
269	419
269	890
269	1095
269	1275
269	1286
269	1377
269	1522
269	1559
269	1592
269	1834
269	1851
269	1916
394	614
394	785
394	790
394	1107
394	1144
394	1343
394	1592
394	1674
394	1855
394	1910
1835	1856
1774	1808
1090	1195
1090	1206
1090	1298
1090	1332
1090	1472
1090	1975
384	442
384	478
384	908
384	927
384	987
384	1113
384	1509
384	1617
384	1758
384	1806
384	1930
401	615
401	645
401	1034
401	1483
401	1484
401	1890
401	1967
437	495
437	679
437	1065
437	1233
437	1284
437	1429
594	626
594	862
594	888
594	924
594	1254
594	1616
594	1624
594	1843
594	1901
1165	1255
1165	1317
1165	1335
1165	1386
1165	1587
1165	1617
1165	1685
1165	1830
1165	1954
1173	1411
1173	1618
1173	1656
1173	1834
814	970
814	1017
814	1290
814	1463
814	1786
814	1846
814	1937
814	1987
898	1139
898	1203
898	1306
898	1396
898	1444
898	1527
898	1591
898	1781
1499	1555
1499	1842
1499	1882
251	312
251	481
251	892
251	954
251	1038
251	1114
251	1330
251	1758
1850	1902
1850	1979
736	969
736	975
736	1009
736	1114
736	1184
736	1665
736	1762
736	1883
212	284
212	414
212	450
212	755
212	870
212	1341
212	1532
212	1636
212	1639
212	1884
212	1954
284	326
284	414
284	531
284	762
284	880
284	910
284	1333
284	1578
284	1747
284	1816
284	1870
284	1886
1636	1957
1184	1360
1184	1506
1184	1537
1184	1795
1184	1862
1371	1533
1371	1557
1371	1573
1371	1662
1371	1742
1371	1914
1416	1510
1416	1707
1416	1933
1416	1949
1444	1550
1444	1588
1444	1601
1444	1715
1444	1986
756	822
756	1293
756	1338
756	1495
756	1610
756	1754
756	1881
756	1891
1685	1729
279	323
279	394
279	613
279	642
279	689
279	741
279	1522
279	1995
396	502
396	987
396	1102
396	1120
396	1125
396	1151
396	1152
396	1178
396	1238
396	1334
396	1349
396	1467
396	1529
396	1669
216	395
216	532
216	585
216	677
216	748
216	767
216	789
216	919
216	1074
216	1372
216	1483
216	1754
216	1926
748	766
748	923
748	975
748	1032
748	1296
748	1538
748	1842
1074	1190
1074	1205
1074	1702
1074	1790
1074	1995
1095	1098
1095	1165
1095	1539
1095	1575
1095	1910
1095	1949
449	523
449	577
449	595
449	784
449	1142
449	1203
449	1364
449	1403
449	1577
449	1766
449	1834
449	1960
449	1988
1336	1541
1336	1546
1336	1559
1336	1867
1344	1423
1344	1440
1344	1674
1344	1831
1344	1863
1344	1867
1981	1995
808	837
808	961
808	1033
808	1173
808	1176
808	1246
808	1325
808	1367
808	1396
808	1441
808	1500
808	1570
808	1591
220	229
220	676
220	820
220	857
220	956
220	1020
220	1079
220	1142
220	1210
220	1544
220	1591
220	1641
220	1697
220	1706
220	1720
220	1763
956	1018
956	1108
956	1353
956	1638
956	1813
1197	1259
1197	1484
1909	1991
339	362
339	647
339	790
339	1163
339	1175
339	1512
339	1795
339	1815
339	1977
1739	1841
1739	1891
1739	1901
1739	1964
1739	1970
625	967
625	1006
625	1018
625	1270
625	1330
625	1537
625	1619
625	1632
625	1742
625	1985
909	986
909	992
909	1555
909	1574
909	1959
1139	1275
1139	1483
1139	1676
1139	1840
1139	1883
652	876
652	971
652	1000
652	1584
652	1705
652	1761
652	1872
652	1968
652	1976
1058	1184
1058	1440
1058	1471
1058	1582
1058	1786
1058	1938
383	462
383	612
383	837
383	971
383	998
1314	1418
1314	1545
1314	1570
1314	1630
1314	1674
1314	1691
1314	1964
1656	1705
1656	1978
729	853
729	855
729	1251
729	1409
729	1521
729	1615
729	1725
729	1937
729	1958
776	1191
776	1367
776	1470
776	1707
776	1766
776	1768
776	1938
1028	1127
1028	1374
1028	1619
1028	1637
1028	1840
1028	1930
1028	1942
545	769
545	905
545	925
545	967
545	1062
545	1317
545	1378
545	1567
545	1806
545	1820
545	1832
545	1962
743	745
743	1020
743	1353
743	1440
743	1892
743	1954
743	1959
850	975
850	1054
850	1056
850	1161
850	1211
850	1495
850	1521
850	1685
850	1756
850	1786
850	1795
234	447
234	536
234	575
234	1049
234	1097
234	1726
234	1823
536	544
536	695
536	757
536	853
536	1018
536	1073
536	1578
536	1610
536	1840
1823	1882
1823	1883
1289	1378
1289	1578
1289	1582
1289	1592
1289	1617
1289	1660
1289	1786
1289	1913
375	395
375	511
375	552
375	571
375	666
375	1076
375	1115
375	1481
375	1529
375	1539
375	1553
375	1762
375	1853
375	1903
1027	1249
1027	1449
1027	1527
1027	1557
819	1305
819	1801
344	399
344	415
344	491
344	579
344	736
344	1188
344	1315
344	1426
344	1438
344	1530
344	1539
869	927
869	976
869	1153
869	1436
869	1602
1295	1404
1295	1995
1375	1464
1375	1584
1375	1597
1375	1683
1375	1943
1375	1950
1428	1601
1428	1658
1751	1947
986	1429
986	1506
986	1510
986	1709
986	1868
305	319
305	331
305	371
305	427
305	546
305	788
305	1235
305	1702
305	1735
305	1760
305	1884
851	912
851	1092
851	1101
851	1368
851	1478
851	1617
851	1808
851	1868
851	1884
1048	1201
1048	1332
1048	1406
1048	1655
1518	1737
1518	1929
1518	1946
1518	1968
248	522
248	735
248	778
248	869
248	918
248	1608
248	1658
391	1159
391	1188
391	1297
391	1410
391	1628
391	1937
391	1985
468	470
468	754
468	1131
468	1212
468	1533
468	1604
500	701
500	842
500	851
500	862
500	919
500	1095
500	1476
500	1817
500	1846
500	1892
853	993
853	1115
853	1298
853	1771
1006	1029
1006	1199
1006	1386
1006	1537
1006	1848
1006	1855
1006	1938
1006	1954
1006	1994
1006	1995
444	592
444	677
444	866
444	1067
444	1139
444	1258
444	1846
434	548
434	614
434	767
434	1063
434	1076
434	1176
434	1297
434	1347
434	1417
434	1831
434	1998
810	1200
810	1290
810	1554
810	1638
810	1652
1728	1830
1728	1877
471	694
471	845
471	1095
471	1331
471	1398
471	1518
471	1835
598	1397
598	1578
1644	1720
1644	1730
1644	1733
1644	1858
841	845
841	924
841	961
841	1432
841	1815
841	1884
841	1986
1262	1286
1262	1296
1262	1331
1147	1200
1147	1208
1147	1338
1147	1440
1147	1482
1147	1707
1147	1905
1308	1725
1308	1799
1308	1822
1308	1864
728	839
728	1457
728	1479
728	1577
728	1605
728	1655
728	1801
728	1893
728	1896
728	1995
419	511
419	1267
419	1554
419	1808
1834	1913
1916	1976
1916	1987
942	1119
942	1278
942	1430
942	1547
942	1760
942	1930
1135	1243
1780	1827
790	1173
790	1270
790	1278
790	1415
790	1718
790	1785
790	1949
1393	1544
1393	1658
1393	1753
1393	1825
1393	1935
1393	1959
1405	1425
1405	1433
1405	1610
1405	1630
1405	1705
1405	1791
1405	1827
1405	1849
1405	1935
1405	1943
442	462
442	685
442	1002
442	1177
442	1293
442	1310
442	1323
442	1893
442	1972
1490	1756
1490	1872
300	303
300	335
300	519
300	1122
300	1275
300	1552
300	1836
300	1898
300	1997
1471	1573
1471	1629
1623	1725
1623	1799
1623	1972
1623	1978
642	703
642	744
642	961
642	1091
642	1100
642	1308
642	1360
642	1452
642	1471
642	1490
642	1620
642	1824
642	1829
1573	1613
1573	1626
1573	1652
1573	1795
1573	1836
465	783
465	842
465	850
465	863
465	1032
465	1089
465	1191
465	1207
465	1210
465	1316
465	1495
465	1595
465	1618
465	1832
465	1834
465	1841
465	1961
998	1179
998	1334
998	1373
998	1598
998	1808
998	1860
1128	1278
1128	1636
1128	1659
1128	1807
1128	1987
1333	1780
1333	1890
705	811
705	1113
705	1347
705	1452
705	1538
705	1670
705	1718
705	1883
1956	1978
944	1185
944	1237
944	1249
944	1281
944	1499
944	1834
944	1897
944	1997
287	384
287	435
287	564
287	875
287	1034
287	1051
287	1245
287	1782
287	1789
287	1892
287	1898
461	479
461	729
461	733
461	803
461	895
461	1061
461	1137
461	1148
461	1272
461	1321
461	1411
461	1417
461	1842
798	1061
798	1211
798	1470
798	1524
798	1978
1366	1528
1575	1618
1575	1831
296	324
296	677
296	689
296	1023
296	1111
296	1189
296	1272
296	1439
296	1513
296	1663
296	1844
477	616
477	883
477	892
477	934
477	999
477	1002
477	1205
477	1321
477	1386
477	1435
477	1467
477	1573
477	1653
1012	1023
1012	1103
1012	1128
1012	1467
1012	1517
1012	1792
1305	1316
1305	1642
1305	1819
1136	1197
1136	1257
1136	1406
1136	1553
1136	1562
1136	1625
1136	1797
1136	1819
831	1003
831	1027
831	1232
831	1505
831	1627
831	1706
831	1707
831	1751
831	1949
1467	1566
1467	1635
1467	1636
1467	1774
1598	1808
1598	1834
1598	1858
1598	1954
478	545
478	625
478	627
478	677
478	785
478	788
478	895
478	1007
478	1130
478	1438
478	1511
478	1702
478	1970
1680	1835
1680	1838
840	1090
840	1484
840	1961
313	404
313	478
313	893
313	1024
313	1034
313	1386
313	1444
313	1552
313	1810
313	1979
313	1994
1386	1574
1386	1591
1386	1886
943	979
943	1282
943	1379
943	1449
943	1808
943	1892
320	349
320	589
320	739
320	1054
320	1506
320	1914
320	1963
320	1964
1307	1321
1307	1407
1307	1435
1307	1467
1307	1518
1307	1534
1307	1878
1888	1891
1888	1937
1888	1959
1098	1459
1098	1822
1098	1899
1098	1901
1098	1904
1098	1935
1098	1967
610	956
610	965
610	1168
610	1289
1454	1498
1454	1616
1454	1710
1454	1759
1454	1840
1454	1867
1138	1159
1138	1403
1138	1476
1138	1534
1138	1546
1138	1722
1138	1788
1138	1797
1570	1800
348	440
348	484
348	734
348	855
348	1097
348	1457
348	1469
348	1624
1500	1976
1815	1863
1815	1917
1107	1656
1107	1659
1536	1583
1536	1801
1536	1855
674	769
674	1071
674	1096
674	1122
674	1330
674	1336
674	1512
674	1605
674	1822
674	1836
674	1948
1103	1151
1103	1166
1103	1175
1103	1240
1103	1335
1103	1341
1103	1391
1103	1402
1103	1429
1103	1480
1103	1830
1103	1961
1103	1998
1478	1654
1478	1703
1478	1854
1478	1863
860	1010
860	1484
860	1542
860	1628
860	1762
860	1851
860	1874
860	1952
1365	1541
1365	1754
1365	1937
1217	1233
1217	1327
1217	1527
1217	1703
1217	1800
1217	1818
1217	1917
1152	1463
1152	1782
1729	1818
1729	1956
714	852
714	1175
714	1238
714	1341
714	1485
541	567
541	695
541	886
541	1163
541	1232
541	1330
541	1360
541	1365
1624	1691
1624	1718
1624	1850
1624	1931
970	1034
970	1046
970	1225
970	1234
970	1307
970	1334
970	1423
970	1450
970	1882
970	1914
352	411
352	497
352	580
352	612
352	1034
352	1123
352	1158
352	1295
352	1703
352	1819
352	1867
648	767
648	874
648	1001
648	1036
648	1286
648	1434
648	1938
576	831
576	841
576	877
576	1046
576	1162
576	1195
576	1293
576	1375
864	1130
864	1293
864	1459
864	1601
864	1607
864	1695
864	1874
864	1949
1948	1993
1574	1763
517	528
517	636
517	757
517	1055
517	1188
517	1263
517	1439
517	1942
517	1960
517	1981
1288	1587
1288	1859
369	399
369	1050
369	1122
369	1306
369	1418
369	1921
1699	1742
1699	1829
1699	1836
1699	1890
1699	1949
1699	1969
1081	1158
1081	1177
1081	1317
1081	1438
1081	1584
1081	1767
1081	1808
1282	1824
1282	1892
1282	1902
1282	1931
1282	1941
1529	1594
1391	1641
1391	1756
713	741
713	809
713	1026
713	1072
713	1135
713	1297
713	1471
713	1576
713	1604
971	1103
971	1285
971	1451
971	1585
971	1685
971	1729
971	1985
927	1099
927	1296
927	1473
927	1573
927	1625
927	1728
927	1873
1207	1285
1207	1516
1207	1582
1207	1793
1207	1803
1207	1806
1207	1973
888	1006
888	1360
888	1364
888	1370
888	1674
888	1726
888	1781
888	1860
1628	1726
1151	1252
758	972
758	1056
758	1099
758	1339
758	1522
758	1528
758	1600
758	1626
758	1831
758	1868
866	887
866	1202
866	1613
866	1723
866	1733
866	1838
866	1886
1831	1899
504	561
504	608
504	679
504	743
504	761
504	809
504	909
504	965
504	1030
504	1234
504	1366
504	1480
504	1789
504	1877
504	1979
599	705
599	840
599	861
599	1264
599	1335
599	1707
671	1076
671	1095
671	1642
671	1850
671	1994
957	1203
957	1853
964	992
964	1070
964	1096
964	1323
964	1388
964	1432
964	1613
1401	1848
1401	1938
1401	1975
793	875
793	921
793	957
793	1405
793	1884
443	585
443	725
443	1137
443	1289
443	1301
443	1344
443	1657
443	1759
443	1794
623	799
623	1061
623	1252
623	1309
623	1455
623	1562
623	1820
623	1863
623	1883
795	842
795	846
795	1767
795	1783
1212	1525
1193	1441
1193	1542
1193	1630
1193	1664
1193	1823
1538	1553
1538	1776
1538	1976
1099	1263
1099	1807
1099	1905
1099	1947
1326	1375
1326	1404
1462	1469
1462	1596
1462	1630
1462	1768
1462	1878
958	1074
958	1154
958	1766
958	1807
701	909
701	1288
701	1307
701	1338
701	1458
701	1525
701	1536
701	1546
1811	1943
561	869
561	873
561	942
561	1353
561	1575
561	1823
561	1893
626	746
626	795
626	931
626	1186
626	1272
626	1308
626	1430
626	1459
626	1563
626	1946
626	1970
1498	1625
1498	1920
1498	1921
990	1055
990	1081
990	1200
990	1212
990	1406
990	1739
990	1949
1440	1553
1317	1410
1317	1472
1317	1533
1317	1589
1317	1665
1317	1675
1317	1729
1317	1949
1248	1281
1248	1576
1248	1636
1112	1184
1112	1468
1112	1478
1112	1766
1112	1781
1830	1906
781	964
781	985
781	1305
781	1320
781	1330
781	1783
751	1200
751	1241
596	838
596	980
596	1208
596	1462
596	1564
596	1648
596	1718
1543	1570
1543	1612
1543	1702
1543	1729
1543	1790
1543	1793
1449	1486
1449	1545
1449	1612
665	809
665	830
665	884
665	1125
665	1336
665	1585
665	1650
693	711
693	923
693	988
693	1017
693	1275
693	1338
693	1349
693	1355
1348	1411
1348	1588
1348	1847
1348	1958
1348	1987
871	1160
871	1162
871	1228
871	1308
871	1377
871	1449
871	1508
1588	1623
1588	1882
1588	1942
