# Undirected graph (each unordered pair of nodes is saved once): output/networks/Random8000removeCentrality-55percent.txt
# Nodes: 910 Edges: 832
# NodeId	NodeId
245	1516
245	1868
529	1363
529	1886
251	1797
326	1222
450	965
1165	1232
1165	1357
627	983
627	1044
534	545
534	1893
459	558
659	1863
1221	1766
569	1255
10	493
10	817
493	1523
817	848
817	1654
11	1879
832	1288
832	1684
1229	1433
1229	1914
571	1188
571	1733
1592	1784
259	459
259	1236
259	1853
259	1947
535	958
535	1063
535	1138
535	1825
957	1771
15	655
655	1595
16	301
16	974
301	900
301	1077
301	1970
17	993
1323	1811
20	102
102	569
102	690
518	1511
556	1516
556	1945
714	1024
714	1766
1384	1756
24	1721
750	1087
750	1277
787	1082
812	818
812	1102
812	1376
634	851
925	1396
27	1358
28	1140
1140	1150
1140	1570
29	1186
30	666
666	676
666	1416
31	839
31	1442
31	1619
839	1401
839	1735
1442	1949
506	770
506	1147
1432	1929
33	43
33	1442
33	1446
43	247
43	1031
43	1455
951	974
951	994
951	1639
35	191
35	354
191	1796
191	1989
354	775
354	893
36	788
36	805
788	1182
805	1487
236	581
462	1030
462	1874
878	1865
878	1896
1027	1391
1063	1281
1102	1391
1102	1528
39	939
39	1089
39	1282
939	1046
1089	1185
1089	1297
40	876
222	475
1031	1503
44	1317
1317	1766
45	720
45	733
720	1472
935	1141
935	1998
959	1185
1298	1384
1298	1889
47	292
47	1425
292	652
1472	1541
563	1484
1112	1427
1112	1684
1390	1400
767	1100
767	1275
771	1880
771	1920
851	1221
851	1894
851	1913
994	1533
1030	1967
1404	1537
1404	1642
1815	1996
199	588
199	939
199	959
679	753
679	1029
1071	1920
52	837
52	923
837	1871
923	1719
923	1764
923	1896
171	557
825	1112
888	999
1296	1551
54	68
54	1538
68	1111
68	1157
69	1348
234	336
234	1546
728	752
728	807
728	1328
745	864
56	743
56	1175
743	1317
57	697
57	1468
134	954
134	1363
434	1819
1456	1774
1889	1999
59	820
59	1236
60	202
60	1701
60	1832
202	350
202	896
61	1185
1185	1678
578	676
578	707
578	1366
578	1629
1313	1543
1313	1668
63	941
63	1654
403	800
403	1559
986	1889
1573	1868
230	1177
1283	1353
80	1808
1210	1701
105	1077
105	1440
110	290
110	482
110	1639
581	600
581	1227
1511	1852
1111	1772
1157	1250
1505	1562
71	310
71	1234
71	1684
87	765
87	1560
406	1031
93	1442
93	1803
1142	1327
1152	1188
1152	1797
76	190
76	1432
190	1543
190	1698
190	1733
290	589
588	1571
544	1935
130	991
1808	1812
368	434
368	1921
482	1695
531	823
531	947
1376	1559
1499	1872
1499	1950
1729	1874
1551	1580
83	658
1048	1298
1048	1925
1853	1873
617	749
617	1616
844	1975
523	807
523	1079
523	1580
641	842
641	1617
765	1331
172	231
172	1044
1559	1929
91	563
337	1045
1568	1859
1803	1878
776	1226
1002	1284
858	1139
858	1402
858	1647
1647	1865
96	557
96	829
96	1516
1539	1660
226	1592
262	1485
843	1523
843	1579
545	932
100	1505
100	1810
100	1969
342	1358
823	1065
823	1435
690	1947
152	581
152	1601
334	421
1629	1721
1844	1929
1077	1763
558	1392
748	1396
297	354
297	1427
542	1136
811	939
811	1100
811	1975
1351	1677
1642	1791
471	1056
471	1231
471	1510
170	1878
1107	1288
1107	1485
510	1072
510	1376
113	274
113	330
113	1946
274	392
274	930
274	1175
167	1409
167	1539
1467	1810
1132	1196
1132	1721
992	1522
347	1903
948	1331
118	858
118	1139
118	1304
1304	1949
119	1164
119	1521
119	1981
193	206
193	748
193	1341
1029	1483
123	1581
125	298
125	1156
125	1317
298	1156
1156	1503
211	1659
316	1125
316	1583
633	845
128	211
128	701
129	525
129	527
527	558
991	1666
131	1062
1062	1675
241	963
241	1361
1354	1698
954	1397
746	1027
746	1234
1601	1850
594	1972
599	907
599	1153
209	573
142	457
142	1186
142	1701
144	588
144	682
144	760
144	1764
760	1012
145	1085
145	1203
145	1808
1085	1633
1203	1897
1490	1573
148	838
148	1543
149	209
150	314
150	775
150	1780
314	721
314	1728
775	1581
381	1028
381	1358
381	1844
388	981
388	1343
177	1174
372	1475
372	1968
696	1317
696	1926
156	457
932	1248
213	1714
344	1284
344	1328
344	1513
344	1838
883	1427
164	1825
576	746
576	1113
582	1787
1409	1505
168	770
168	1106
168	1372
770	1071
1106	1673
169	1353
1353	1668
231	838
1044	1658
176	208
208	1460
208	1599
1174	1683
235	1596
1509	1805
930	1461
930	1574
295	623
319	569
184	411
184	1104
184	1844
411	890
411	1293
411	1673
185	1100
185	1571
1666	1765
1666	1791
1035	1698
963	1417
963	1976
189	529
764	776
764	1662
797	1568
797	1625
196	228
228	1455
228	1921
318	1028
318	1128
318	1164
417	1563
417	1821
271	324
271	944
271	982
673	982
914	1339
914	1967
914	1996
201	636
201	818
201	1435
636	918
818	1320
1435	1891
896	1236
203	212
203	682
212	723
212	1293
1248	1873
1583	1683
205	1981
207	1182
207	1523
207	1998
573	610
573	1904
723	1516
1498	1879
333	1177
463	1476
648	1851
355	1873
358	1108
358	1719
217	326
217	417
218	358
218	1254
218	1571
512	983
512	1146
428	1904
868	1634
868	1906
1181	1893
437	518
437	634
437	1863
437	1913
706	1164
706	1624
706	1808
227	749
227	1560
1177	1920
237	512
237	1721
623	816
623	1623
239	1425
239	1484
240	520
240	1852
520	1736
483	983
483	1513
244	1397
244	1527
244	1672
244	1984
1397	1596
246	380
246	1811
249	1250
1250	1255
1143	1339
1143	1784
1143	1975
416	1704
501	1112
501	1889
254	689
254	1210
254	1638
254	1980
689	1649
1218	1397
1218	1463
1189	1355
1189	1516
441	894
441	1281
489	658
849	1456
849	1857
260	572
572	633
572	752
572	1404
1281	1315
1281	1512
391	606
267	682
267	1528
268	975
975	1203
975	1672
270	1182
270	1249
324	370
324	472
324	894
324	1212
982	1549
272	1095
272	1595
272	1706
1095	1876
392	707
275	1984
973	1639
973	1774
1041	1179
1041	1295
1041	1466
1611	1925
468	568
468	1263
468	1985
1863	1939
282	718
282	1725
282	1904
1725	1972
605	698
390	1155
390	1159
618	1297
902	1765
902	1906
1009	1642
652	1158
313	745
317	1389
1133	1729
296	1721
1427	1611
900	1675
1205	1475
1277	1425
309	606
309	673
309	1956
721	1133
1728	1850
730	1505
803	956
1028	1673
320	860
860	991
321	536
321	831
536	999
370	652
1212	1331
1222	1292
1222	1537
1222	1740
327	788
328	1549
328	1596
1549	1775
331	956
432	1891
1138	1709
1045	1341
1045	1771
338	954
338	1436
1436	1476
340	1229
938	1141
1703	1896
447	956
1308	1392
1476	1515
813	1665
813	1811
893	1058
1108	1143
360	1072
364	873
364	894
364	1232
364	1259
480	1136
374	1460
374	1941
662	1262
662	1434
662	1452
1914	1935
1017	1688
1335	1704
955	1404
955	1674
955	1769
955	1851
651	1658
651	1893
891	1539
384	1188
768	888
768	1294
768	1315
967	1308
1141	1625
698	1944
577	1159
577	1832
1058	1550
1058	1648
413	1175
413	1293
1935	1944
401	1903
402	710
710	842
710	991
710	1835
1466	1544
1530	1984
410	1468
1562	1669
414	1282
637	1190
637	1714
1219	1853
1219	1947
1540	1634
1416	1940
650	1343
650	1868
879	1187
626	902
446	748
446	797
1392	1903
1007	1456
453	659
453	852
453	1433
453	1639
997	1141
997	1895
1387	1876
568	1850
1263	1733
538	1950
1342	1756
470	822
470	1082
470	1976
1082	1177
1056	1772
1056	1983
515	1612
1662	1889
1662	1904
875	1036
1105	1366
486	1331
1064	1616
1150	1759
1150	1980
494	1593
1258	1443
1487	1510
1080	1791
1147	1343
1147	1573
1309	1669
516	1126
516	1791
1126	1139
1039	1153
1039	1174
567	728
1925	1998
610	718
947	1543
1950	1985
656	1487
907	1062
907	1606
549	1606
1347	1700
1347	1921
1347	1985
566	599
566	1351
566	1515
566	1613
566	1641
1021	1141
575	902
575	1291
575	1475
584	771
584	1533
1533	1721
586	1291
1024	1756
1153	1469
603	1175
603	1323
1237	1500
1237	1774
1297	1498
1512	1879
845	1140
1158	1309
670	1976
667	753
667	879
667	1965
687	1834
1834	1835
1834	1996
1688	1775
694	807
694	1044
695	836
695	1213
961	1186
961	1599
1087	1871
871	940
871	1095
871	1253
795	1157
795	1843
996	1218
996	1998
792	1624
1160	1363
940	955
827	1401
827	1944
827	1958
1253	1852
1544	1759
903	1587
1090	1427
1525	1895
1525	1967
1383	1513
1383	1969
1383	1983
1541	1850
1109	1341
1355	1825
1289	1984
1859	1939
1405	1582
1405	1659
1582	1784
