# Undirected graph (each unordered pair of nodes is saved once): output/networks/Random64000removeRandom-25percent.txt
# Nodes: 1500 Edges: 8952
# NodeId	NodeId
213	340
213	617
213	785
213	910
213	1121
213	1149
213	1184
213	1416
213	1444
213	1532
213	1731
213	1977
487	591
487	599
487	769
487	1044
487	1073
487	1482
487	1596
487	1750
584	675
584	710
584	809
584	949
584	1042
584	1122
584	1189
584	1504
584	1967
708	801
708	948
708	1013
708	1070
708	1273
708	1313
708	1487
708	1517
708	1623
708	1747
708	1791
791	852
791	912
791	921
791	989
791	1095
791	1204
791	1255
791	1427
791	1472
791	1832
791	1907
912	1254
912	1335
912	1359
912	1945
925	1060
925	1160
925	1166
925	1335
925	1453
925	1506
925	1527
925	1666
925	1937
933	1066
933	1222
933	1320
933	1425
933	1613
933	1684
963	1061
963	1378
963	1577
963	1667
963	1696
995	999
995	1170
995	1410
995	1482
995	1557
995	1862
1000	1173
1000	1380
1000	1472
1000	1533
1000	1539
1000	1715
1013	1483
1013	1535
1013	1752
1223	1382
1223	1460
1331	1684
1747	1886
1747	1949
1747	1980
1863	1984
1873	1881
1873	1888
1873	1933
1873	1944
1	424
1	528
1	666
1	861
1	953
1	1238
1	1396
1	1561
424	456
424	565
424	692
424	1359
424	1714
528	616
528	948
528	1121
528	1357
528	1493
528	1711
528	1806
666	1444
666	1449
666	1715
666	1733
861	881
861	948
861	1091
861	1095
861	1438
861	1611
861	1731
861	1975
953	989
953	998
953	1530
953	1626
953	1695
953	1764
953	1895
953	1980
1238	1680
1238	1719
1238	1926
1396	1552
1396	1720
1396	1852
1396	1971
1396	1972
1561	1655
1561	1954
2	65
2	71
2	266
2	271
2	359
2	374
2	376
2	452
2	612
2	1175
2	1828
2	1852
2	1954
65	415
65	445
65	691
65	762
65	976
65	1021
65	1071
65	1153
65	1606
65	1827
71	122
71	130
71	256
71	650
71	784
71	870
71	926
71	969
71	1042
71	1190
71	1228
71	1319
71	1453
71	1578
71	1967
266	358
266	441
266	508
266	617
266	680
266	976
266	1070
266	1113
266	1169
266	1304
266	1308
266	1431
266	1510
266	1977
271	379
271	527
271	790
271	1058
271	1060
271	1186
271	1279
271	1393
271	1405
271	1495
271	1612
271	1675
271	1850
359	430
359	555
359	800
359	1179
359	1475
359	1534
359	1578
359	1644
359	1689
359	1812
359	1989
374	526
374	1109
374	1249
374	1282
374	1609
374	1963
376	969
376	977
376	1249
376	1644
376	1693
376	1979
452	730
452	912
452	997
452	1109
452	1349
452	1464
452	1697
452	1755
452	1861
452	1983
612	675
612	1277
612	1394
612	1425
612	1616
612	1745
1175	1260
1175	1557
1175	1661
1175	1848
1828	1944
1852	1860
1852	1877
3	112
3	226
3	303
3	428
3	750
3	791
3	862
3	1469
112	359
112	405
112	412
112	414
112	673
112	769
112	1130
112	1255
112	1297
112	1379
112	1589
112	1610
112	1704
112	1937
112	1967
226	544
226	960
226	1002
226	1084
226	1115
226	1139
226	1257
226	1933
303	310
303	591
303	654
303	688
303	745
303	882
303	919
303	1060
303	1086
303	1134
303	1319
303	1608
303	1623
303	1806
428	487
428	705
428	1090
428	1262
428	1463
428	1622
428	1712
428	1747
428	1798
428	1849
428	1861
428	1983
750	912
750	948
750	983
750	1505
750	1831
862	921
862	957
862	1045
862	1172
862	1337
862	1347
862	1425
862	1478
862	1604
862	1672
862	1734
862	1979
1469	1498
1469	1808
154	405
154	433
154	959
154	1337
154	1558
154	1597
154	1645
154	1847
154	1920
154	1992
571	744
571	746
571	1470
571	1595
571	1716
803	1063
803	1322
803	1404
803	1618
803	1638
803	1649
803	1769
803	1838
803	1913
1082	1233
1082	1279
1082	1416
1082	1435
1082	1460
1082	1739
1082	1774
1420	1425
1420	1474
1420	1615
1420	1869
1420	1973
1452	1487
1452	1782
1452	1808
1480	1542
1480	1543
1480	1592
1480	1659
1560	1575
1560	1682
1560	1774
1560	1801
1560	1967
1641	1833
1641	1889
1641	1924
16	45
16	85
16	148
16	388
16	508
16	509
16	649
16	780
16	1389
16	1555
16	1791
16	1898
16	1925
16	1929
124	325
124	433
124	505
124	708
124	812
124	952
124	962
124	1358
124	1388
124	1436
124	1616
162	214
162	364
162	415
162	521
162	739
162	804
162	988
162	1175
162	1240
162	1259
162	1903
274	382
274	418
274	420
274	442
274	1343
274	1753
274	1913
274	1931
298	430
298	500
298	509
298	883
298	1419
298	1788
298	1891
298	1987
317	456
317	856
317	894
317	1177
317	1396
317	1407
317	1428
317	1843
317	1855
317	1925
317	1959
617	648
617	773
617	876
617	931
617	1427
617	1491
617	1832
710	778
710	803
710	1159
710	1920
1356	1539
1356	1914
1356	1978
1356	1994
1357	1377
1357	1689
1357	1743
1357	1786
1357	1885
1911	1949
6	378
6	393
6	422
6	432
6	697
6	716
6	802
6	844
6	1072
6	1296
6	1425
6	1542
6	1662
6	1709
6	1740
6	1753
6	1839
378	395
378	732
378	755
378	894
378	1024
378	1080
378	1143
378	1612
378	1639
378	1644
393	641
393	800
393	930
393	1320
393	1709
393	1837
393	1986
422	452
422	716
422	750
422	866
422	924
422	964
422	981
422	1074
422	1095
422	1265
422	1274
422	1468
422	1621
422	1649
422	1683
422	1775
432	563
432	857
432	1395
432	1420
432	1441
432	1616
432	1821
432	1837
697	765
697	802
697	998
697	1240
697	1307
697	1500
716	944
716	1604
716	1626
716	1811
716	1861
802	1326
802	1358
802	1365
844	875
844	985
844	1254
844	1362
844	1621
844	1704
844	1816
1072	1164
1072	1275
1072	1333
1072	1399
1072	1832
1072	1855
1296	1380
1296	1731
1296	1755
1296	1812
1296	1966
1425	1931
1542	1632
1542	1643
1662	1742
1709	1806
1709	1869
1740	1863
1740	1865
1740	1888
1753	1950
7	33
7	62
7	188
7	462
7	563
7	844
7	1096
7	1502
7	1545
7	1547
7	1873
7	1993
33	74
33	120
33	143
33	275
33	381
33	607
33	899
33	923
33	1025
33	1038
33	1129
33	1331
33	1436
33	1552
33	1619
62	345
62	368
62	418
62	527
62	824
62	904
62	919
62	1086
62	1189
62	1232
62	1299
188	403
188	732
188	1052
188	1397
188	1438
188	1481
188	1669
462	1061
462	1536
462	1687
462	1806
462	1813
462	1829
563	766
563	1012
563	1072
563	1087
563	1349
563	1370
563	1416
563	1440
563	1658
563	1687
563	1758
1096	1163
1096	1193
1096	1254
1096	1454
1096	1740
1502	1775
1545	1647
1545	1814
1545	1983
1547	1574
1547	1640
1547	1693
1547	1766
1547	1984
8	106
8	107
8	227
8	430
8	463
8	861
8	884
8	952
8	1060
8	1163
8	1188
8	1332
8	1350
8	1431
8	1524
8	1714
8	1893
106	117
106	179
106	464
106	579
106	700
106	947
106	1271
106	1458
106	1474
106	1946
107	131
107	428
107	447
107	463
107	634
107	867
107	1034
107	1273
107	1611
107	1967
227	385
227	920
227	985
227	1058
227	1230
227	1435
227	1464
227	1612
227	1940
430	476
430	481
430	697
430	891
430	903
430	991
430	1147
430	1865
463	477
463	640
463	654
463	1668
463	1735
463	1908
463	1992
884	1042
884	1304
884	1322
884	1510
952	955
952	975
952	1025
952	1193
952	1587
952	1649
952	1787
952	1893
952	1972
1060	1547
1163	1216
1163	1281
1163	1469
1163	1609
1163	1620
1163	1727
1163	1822
1163	1965
1163	1987
1188	1375
1188	1938
1332	1638
1332	1812
1350	1403
1350	1469
1350	1755
1350	1817
1431	1644
1431	1701
1431	1838
1524	1634
1524	1742
1714	1803
1714	1852
1893	1908
9	422
9	838
9	919
9	1106
9	1232
9	1235
9	1358
9	1406
9	1647
9	1679
9	1983
838	911
838	1163
838	1356
838	1372
838	1619
838	1931
919	1193
919	1212
919	1309
919	1518
919	1644
919	1820
919	1853
919	1903
919	1954
1106	1567
1106	1852
1106	1913
1232	1238
1232	1616
1232	1902
1232	1929
1235	1238
1235	1245
1235	1307
1235	1748
1235	1753
1235	1761
1358	1624
1358	1654
1358	1748
1406	1716
1406	1777
1647	1995
1679	1777
1679	1986
10	124
10	133
10	147
10	939
10	1223
10	1230
10	1235
10	1254
10	1278
10	1402
10	1409
10	1424
133	519
133	617
133	1677
133	1705
133	1708
147	333
147	389
147	507
147	571
147	663
147	895
147	960
147	1764
939	1428
939	1435
939	1517
939	1708
1230	1429
1230	1532
1230	1689
1254	1256
1254	1270
1254	1355
1254	1737
1254	1951
1278	1359
1278	1432
1278	1481
1278	1602
1278	1786
1278	1860
1278	1872
1278	1936
1402	1453
1402	1510
1402	1705
1402	1936
1409	1464
1409	1474
1409	1535
1409	1720
1409	1847
1424	1439
1424	1468
1424	1495
1424	1694
1424	1713
1424	1994
11	63
11	268
11	406
11	723
11	1110
11	1143
11	1201
11	1357
11	1481
11	1492
11	1702
11	1889
63	440
63	585
63	593
63	773
63	993
63	1362
63	1379
63	1557
63	1806
63	1816
63	1862
63	1966
268	869
268	879
268	1122
268	1382
268	1559
268	1612
268	1679
268	1852
406	516
406	716
406	843
406	853
406	899
406	1071
406	1095
406	1209
406	1336
406	1396
406	1404
406	1443
406	1737
406	1995
723	836
723	975
723	1228
723	1306
723	1406
723	1415
723	1742
723	1852
1110	1331
1110	1410
1110	1440
1110	1577
1110	1665
1143	1189
1143	1720
1143	1772
1201	1370
1201	1495
1201	1566
1201	1798
1481	1600
1492	1697
1492	1938
1702	1786
12	187
12	197
12	725
12	1007
12	1465
12	1556
12	1596
12	1715
187	271
187	297
187	411
187	469
187	733
187	788
187	837
187	1178
187	1378
187	1434
187	1511
187	1640
197	486
197	688
197	891
197	1301
197	1321
197	1466
197	1558
197	1690
197	1696
197	1863
197	1913
197	1966
725	772
725	932
725	937
725	995
725	1265
725	1849
1007	1286
1007	1344
1465	1829
1465	1956
1556	1809
1556	1820
1556	1911
1596	1757
1715	1825
13	244
13	356
13	427
13	723
13	828
13	1163
13	1437
13	1457
13	1510
13	1513
13	1725
13	1735
13	1855
13	1881
244	393
244	601
244	986
244	1014
244	1398
244	1410
244	1511
356	568
356	585
356	813
356	1403
356	1436
356	1624
356	1734
356	1900
427	499
427	524
427	646
427	663
427	1098
427	1365
427	1708
427	1716
427	1764
828	1060
828	1155
828	1235
828	1303
828	1365
828	1709
828	1738
1437	1687
1437	1716
1457	1517
1510	1729
1513	1741
1513	1816
1513	1838
1725	1753
1725	1878
1735	1798
1735	1907
125	142
125	143
125	207
125	448
125	460
125	568
125	636
125	731
125	981
125	1001
125	1158
125	1296
125	1463
125	1734
125	1953
616	698
616	824
616	862
616	976
616	1333
616	1502
616	1556
616	1612
616	1815
616	1938
616	1993
842	893
842	1187
842	1313
842	1499
842	1558
842	1590
842	1665
842	1718
842	1798
937	975
937	1017
937	1390
937	1829
1436	1458
1436	1511
1436	1655
1436	1699
1436	1712
1436	1747
1436	1765
1436	1791
1436	1879
1621	1847
1812	1954
1838	1966
782	999
782	1099
782	1170
782	1533
782	1711
782	1749
782	1894
782	1903
782	1913
782	1972
782	1986
822	892
822	964
822	970
822	983
822	1065
822	1113
822	1140
822	1145
822	1149
822	1833
855	1020
855	1095
855	1115
855	1180
855	1467
855	1498
855	1547
855	1734
855	1765
855	1792
855	1848
855	1925
855	1963
1029	1336
1029	1452
1029	1536
1029	1984
1228	1432
1228	1575
1381	1682
1381	1712
1381	1871
1381	1914
1381	1920
1384	1652
1659	1767
1659	1812
1659	1845
1659	1929
1659	1951
1927	1957
45	204
45	496
45	670
45	818
45	829
45	983
45	1180
45	1279
45	1322
45	1425
45	1547
45	1769
45	1864
85	112
85	319
85	359
85	413
85	730
85	997
85	1297
85	1355
85	1384
85	1528
85	1933
148	184
148	345
148	519
148	672
148	764
148	774
148	778
148	1001
148	1021
148	1355
148	1368
148	1409
148	1571
388	541
388	645
388	695
388	1270
388	1282
388	1374
388	1380
388	1447
388	1466
388	1717
388	1939
508	509
508	568
508	599
508	775
508	798
508	1128
508	1594
508	1767
508	1939
509	951
509	1301
509	1565
509	1628
509	1845
509	1939
509	1959
509	1989
509	1991
649	1135
649	1139
649	1369
649	1372
649	1589
649	1612
649	1754
649	1811
780	822
780	936
780	958
780	1187
780	1478
780	1535
780	1662
1389	1416
1389	1847
1389	1849
1389	1867
1555	1658
1555	1682
1555	1741
1555	1879
1555	1920
1791	1839
17	79
17	116
17	178
17	199
17	417
17	511
17	1000
17	1007
17	1059
17	1329
17	1395
17	1544
79	406
79	527
79	597
79	806
79	1269
79	1388
79	1504
79	1577
79	1767
79	1977
116	145
116	166
116	418
116	557
116	1076
116	1275
116	1403
116	1476
116	1740
116	1832
116	1889
178	470
178	583
178	710
178	744
178	799
178	1100
178	1279
178	1610
178	1766
178	1813
199	247
199	654
199	740
199	1304
199	1466
199	1492
199	1528
199	1550
199	1582
199	1733
199	1891
417	507
417	517
417	691
417	1090
417	1100
417	1218
417	1311
417	1457
417	1472
511	576
511	629
511	805
511	905
511	1060
511	1117
511	1268
511	1680
511	1691
511	1782
1059	1169
1059	1654
1329	1383
1329	1403
1329	1428
1329	1595
1329	1741
1329	1956
1395	1406
1395	1431
1395	1609
1395	1656
1395	1702
1395	1839
1395	1948
1395	1994
1544	1547
1544	1590
1544	1757
18	123
18	141
18	245
18	432
18	612
18	897
18	966
18	1033
18	1046
18	1185
18	1256
18	1258
18	1296
18	1455
18	1504
18	1577
18	1610
18	1867
18	1908
123	173
123	200
123	385
123	421
123	528
123	618
123	770
123	804
123	874
123	1322
123	1691
123	1908
141	194
141	249
141	479
141	760
141	774
141	842
141	1024
141	1615
141	1683
141	1791
141	1816
141	1905
245	305
245	545
245	851
245	929
245	1048
245	1145
245	1377
245	1412
245	1558
245	1766
245	1847
245	1923
897	959
897	1443
897	1802
966	1332
966	1502
966	1704
966	1831
1033	1158
1033	1432
1046	1080
1046	1388
1046	1418
1046	1577
1046	1924
1046	1935
1046	1949
1185	1544
1185	1566
1185	1648
1256	1381
1256	1481
1256	1829
1256	1864
1258	1376
1258	1524
1258	1729
1258	1999
1455	1505
1504	1582
1504	1771
1504	1977
1908	1954
19	236
19	238
19	347
19	376
19	385
19	414
19	469
19	543
19	656
19	702
19	948
19	995
19	1495
19	1544
19	1710
19	1717
236	366
236	497
236	677
236	1027
236	1073
236	1257
236	1290
236	1350
236	1453
236	1725
236	1809
236	1946
238	573
238	819
238	925
238	1142
238	1273
238	1411
238	1609
238	1855
238	1973
347	359
347	371
347	427
347	432
347	486
347	541
347	545
347	1085
347	1162
347	1297
347	1333
347	1478
347	1489
347	1506
347	1621
347	1877
385	486
385	1025
385	1121
385	1242
385	1438
385	1490
385	1740
414	599
414	1169
414	1731
469	888
469	970
469	1047
469	1790
469	1939
543	569
543	631
543	970
543	1335
543	1440
543	1494
543	1755
543	1757
543	1769
543	1967
656	750
656	788
656	808
656	975
656	1013
656	1402
656	1616
656	1684
656	1727
656	1729
702	812
702	995
702	1307
702	1545
702	1893
948	1145
948	1147
948	1218
948	1271
948	1326
948	1609
948	1677
948	1957
948	1972
1495	1771
1495	1828
117	230
117	1436
117	1781
117	1793
117	1903
117	1986
259	336
259	386
259	1037
259	1235
259	1296
259	1410
259	1493
259	1762
259	1833
259	1846
259	1873
322	418
322	423
322	448
322	583
322	702
322	716
322	838
322	1005
322	1021
322	1070
322	1230
322	1287
322	1301
322	1565
322	1595
322	1832
322	1882
363	418
363	497
363	526
363	923
363	1381
363	1481
363	1521
363	1573
412	448
412	721
412	866
412	1013
412	1090
412	1424
412	1624
412	1672
412	1703
412	1802
412	1929
732	810
732	823
732	837
732	1100
732	1178
732	1179
732	1193
732	1241
732	1257
732	1397
732	1790
732	1944
762	884
762	1223
762	1295
762	1423
762	1465
762	1474
762	1734
762	1798
762	1801
804	843
804	962
804	975
804	1271
804	1307
804	1749
1576	1709
1576	1973
1576	1983
1602	1766
1620	1717
1620	1995
1741	1803
1741	1893
1832	1840
1832	1905
21	61
21	219
21	441
21	459
21	872
21	1087
21	1168
21	1566
21	1602
21	1619
21	1771
61	98
61	117
61	165
61	316
61	629
61	647
61	672
61	1132
61	1177
61	1421
61	1825
61	1881
219	550
219	739
219	770
219	808
219	1250
219	1766
219	1893
441	545
441	576
441	759
441	1199
441	1839
459	835
459	855
459	884
459	1079
459	1261
459	1476
459	1905
459	1959
459	1986
872	879
872	1021
872	1080
872	1474
872	1654
872	1680
872	1982
872	1995
1087	1254
1087	1297
1087	1332
1087	1388
1087	1623
1087	1688
1087	1781
1087	1815
1087	1930
1168	1173
1168	1237
1168	1383
1168	1557
1168	1587
1168	1840
1566	1612
1566	1719
1619	1720
1619	1979
1771	1991
249	280
249	288
249	564
249	578
249	676
249	954
249	988
249	1530
249	1866
249	1895
249	1924
358	370
358	413
358	513
358	602
358	719
358	787
358	1034
358	1142
358	1330
358	1365
453	550
453	737
453	1142
453	1618
453	1989
719	876
719	1290
719	1315
719	1456
719	1495
719	1594
719	1903
1037	1087
1037	1185
1037	1193
1037	1270
1037	1271
1037	1276
1037	1659
1037	1688
1037	1771
1037	1827
1069	1162
1069	1269
1069	1552
1069	1644
1069	1753
1069	1898
1199	1434
1199	1570
1199	1799
1199	1940
1690	1950
23	259
23	539
23	591
23	601
23	706
23	1076
23	1117
23	1297
23	1372
23	1631
23	1764
23	1828
23	1996
539	638
539	1169
539	1188
539	1291
539	1332
539	1468
539	1538
539	1576
539	1626
539	1750
539	1839
539	1877
591	638
591	1347
591	1799
591	1839
601	831
601	1129
601	1166
601	1184
601	1272
601	1364
706	892
706	893
706	1091
706	1369
706	1603
706	1820
706	1837
706	1879
1076	1077
1076	1180
1076	1523
1076	1574
1076	1677
1076	1738
1076	1805
1076	1808
1076	1940
1117	1268
1117	1403
1117	1454
1117	1767
1117	1782
1117	1993
1297	1428
1297	1523
1297	1550
1297	1709
1297	1710
1297	1891
1372	1500
1372	1571
1372	1645
1372	1748
1372	1801
1372	1886
1631	1708
1764	1833
1764	1911
24	48
24	148
24	265
24	794
24	846
24	914
24	1042
24	1091
24	1164
24	1476
24	1505
24	1556
24	1767
24	1863
24	1897
24	1977
48	98
48	165
48	446
48	780
48	988
48	1145
48	1163
48	1567
48	1719
265	328
265	427
265	441
265	721
265	806
265	1147
265	1258
265	1261
265	1428
265	1453
265	1600
265	1667
265	1673
265	1907
794	1066
794	1236
794	1245
794	1653
794	1848
794	1935
846	1450
846	1576
846	1689
914	938
914	1041
914	1128
914	1405
914	1755
914	1979
1042	1315
1042	1358
1042	1571
1042	1752
1042	1790
1091	1570
1091	1752
1091	1925
1091	1980
1164	1407
1476	1581
1476	1736
1476	1862
1505	1595
1505	1619
1505	1686
1977	1979
89	692
89	755
89	883
89	1007
89	1622
89	1647
89	1702
89	1853
89	1938
89	1951
176	288
176	731
176	920
176	941
176	1084
176	1270
176	1558
176	1649
176	1776
176	1965
262	499
262	539
262	617
262	739
262	1024
262	1346
262	1456
262	1648
262	1862
262	1988
311	415
311	440
311	484
311	634
311	844
311	850
311	882
311	1179
311	1337
311	1596
311	1614
311	1848
311	1986
404	628
404	1464
404	1493
404	1589
404	1729
404	1898
404	1991
843	935
843	1432
843	1597
843	1835
843	1895
1009	1078
1009	1282
1009	1527
1009	1659
1009	1762
1009	1790
1009	1972
1148	1441
1148	1465
1148	1487
1148	1495
1148	1577
1148	1715
1474	1478
1474	1608
1474	1737
1626	1812
1626	1940
1704	1853
1704	1923
1704	1994
1772	1850
1772	1852
1868	1993
130	193
130	876
130	1079
130	1417
130	1613
130	1793
130	1914
130	1980
267	538
267	617
267	728
267	953
267	1297
267	1303
267	1556
499	564
499	873
499	1011
499	1038
499	1039
499	1235
499	1500
499	1604
499	1954
499	1973
675	730
675	1260
675	1301
675	1431
675	1620
675	1649
675	1849
675	1850
1263	1321
1263	1790
1263	1806
1263	1840
1263	1897
1263	1997
1279	1326
1279	1409
1279	1881
1778	1931
1866	1889
27	35
27	226
27	577
27	709
27	818
27	1131
27	1189
27	1329
27	1585
27	1594
27	1600
27	1842
27	1944
27	1993
35	65
35	459
35	612
35	657
35	688
35	799
35	1036
35	1389
35	1395
35	1424
35	1446
35	1455
35	1458
35	1522
35	1631
35	1653
35	1700
35	1918
577	650
577	833
577	899
577	1111
577	1325
577	1378
577	1641
709	838
709	874
709	923
709	1362
709	1374
709	1533
709	1606
818	968
818	990
818	1256
818	1423
818	1498
818	1538
818	1547
818	1950
1131	1193
1131	1388
1131	1435
1131	1555
1131	1927
1189	1272
1189	1330
1189	1369
1189	1575
1585	1587
1585	1600
1585	1743
1600	1897
1600	1898
28	126
28	373
28	475
28	769
28	1182
28	1356
28	1451
28	1466
28	1542
28	1715
28	1767
126	326
126	371
126	405
126	475
126	563
126	646
126	997
126	1120
126	1736
373	516
373	879
373	1028
373	1111
373	1145
373	1421
373	1872
475	709
475	963
475	991
475	1147
475	1152
475	1241
475	1585
475	1688
475	1818
769	1364
769	1564
1182	1334
1182	1358
1182	1375
1182	1450
1182	1641
1182	1725
1182	1746
1182	1832
1182	1868
1451	1452
1451	1669
1451	1741
1466	1472
1466	1600
1466	1946
29	275
29	328
29	587
29	653
29	721
29	884
29	1312
29	1427
29	1429
275	384
275	1424
275	1479
275	1490
275	1640
275	1893
275	1971
328	348
328	431
328	478
328	578
328	609
328	629
328	762
328	993
328	1505
328	1769
328	1781
328	1959
587	609
587	626
587	860
587	918
587	948
587	1020
587	1197
587	1224
587	1307
587	1798
653	658
653	943
653	1037
653	1325
653	1905
721	734
721	845
721	981
721	1078
721	1206
721	1242
721	1356
721	1406
721	1449
721	1453
721	1466
721	1702
721	1735
721	1760
1312	1428
1312	1509
1312	1688
1312	1738
1312	1872
1427	1561
1427	1882
1427	1994
1429	1453
1429	1522
1429	1735
136	378
136	446
136	450
136	568
136	744
136	753
136	836
136	1000
136	1331
136	1364
136	1395
136	1423
136	1558
136	1792
136	1953
184	422
184	501
184	579
184	799
184	977
184	1011
184	1025
184	1069
184	1190
184	1199
184	1349
621	658
621	948
621	997
621	1005
621	1061
621	1110
621	1772
621	1776
621	1811
621	1872
621	1885
621	1949
637	815
637	861
637	1042
637	1048
637	1254
637	1495
637	1613
637	1778
637	1824
833	972
833	1096
833	1167
833	1606
833	1632
833	1734
833	1748
870	1098
870	1100
870	1255
870	1419
870	1446
870	1489
870	1717
1039	1110
1039	1256
1039	1417
1039	1879
1319	1758
1319	1982
1334	1344
1537	1538
1537	1708
1537	1729
1537	1750
1537	1782
1537	1802
1900	1903
1900	1978
1900	1983
335	488
335	680
335	949
335	1057
335	1076
335	1396
335	1592
335	1611
473	637
473	877
473	1041
1071	1085
1071	1279
1071	1336
1071	1640
1071	1902
1071	1905
1071	1924
1521	1653
1615	1641
1615	1754
1615	1904
1846	1957
1902	1913
32	112
32	226
32	456
32	574
32	687
32	789
32	1279
32	1369
32	1709
32	1786
456	536
456	578
456	709
456	829
456	962
456	973
456	1518
456	1519
456	1982
456	1994
574	734
574	785
574	1399
574	1441
574	1452
574	1474
574	1593
574	1603
574	1901
687	1111
687	1290
687	1694
687	1999
789	1155
789	1237
789	1790
1369	1435
1369	1474
1369	1613
1369	1626
1369	1649
1369	1907
1369	1980
1369	1992
1786	1860
1786	1986
74	77
74	130
74	137
74	374
74	413
74	453
74	456
74	493
74	568
74	697
74	750
74	937
74	1185
74	1532
74	1561
74	1702
74	1727
120	143
120	529
120	585
120	806
120	1007
120	1319
120	1421
120	1474
120	1530
120	1622
120	1847
120	1926
120	1971
143	301
143	607
143	848
143	903
143	1309
143	1395
143	1459
143	1501
143	1716
381	489
381	597
381	612
381	704
381	713
381	848
381	893
381	929
381	991
381	1279
381	1287
381	1372
381	1534
381	1550
381	1552
381	1647
381	1684
381	1705
381	1749
381	1837
381	1886
607	658
607	787
607	899
607	1482
607	1534
607	1712
607	1845
607	1959
899	903
899	983
899	1042
899	1046
899	1317
923	1106
923	1357
923	1788
923	1845
1025	1459
1025	1840
1025	1897
1038	1344
1038	1500
1038	1526
1129	1132
1129	1176
1129	1700
1552	1582
1552	1843
1552	1949
34	176
34	192
34	400
34	403
34	484
34	537
34	913
34	951
34	1061
34	1640
34	1688
34	1771
192	200
192	425
192	436
192	526
192	1004
192	1113
192	1188
192	1432
192	1533
192	1620
192	1777
192	1833
400	462
400	493
400	547
400	758
400	866
400	945
400	970
400	994
400	1177
400	1250
400	1356
400	1369
400	1831
403	662
403	837
403	1528
403	1602
403	1708
403	1790
484	521
484	753
484	754
484	787
484	897
484	1135
484	1257
484	1479
484	1550
484	1720
484	1997
537	895
537	1510
537	1638
537	1697
537	1699
913	1142
913	1143
913	1226
913	1487
913	1576
913	1813
913	1948
951	1029
951	1041
951	1201
951	1270
951	1399
951	1423
951	1850
951	1966
1061	1070
1061	1193
1061	1357
1061	1364
1061	1494
1061	1697
1061	1747
1061	1808
1640	1747
1640	1782
1640	1895
1688	1966
657	1038
657	1193
657	1370
657	1378
657	1687
657	1881
688	721
688	722
688	783
688	1282
688	1450
688	1590
688	1646
688	1699
688	1926
799	869
799	993
799	1077
799	1542
799	1689
1036	1152
1036	1337
1036	1440
1036	1464
1036	1782
1446	1483
1446	1665
1446	1882
1458	1867
1458	1872
1522	1665
1522	1945
1700	1949
991	1169
991	1271
991	1287
991	1343
991	1347
991	1397
991	1441
991	1478
991	1486
991	1782
991	1834
1675	1775
1675	1806
1675	1822
479	519
479	574
479	972
479	1226
479	1519
479	1565
479	1573
479	1659
479	1715
479	1750
479	1900
496	803
496	903
496	935
496	1336
496	1470
496	1745
496	1834
548	656
548	842
548	965
548	1023
548	1256
548	1911
827	940
827	1040
827	1148
827	1173
827	1451
827	1621
827	1855
827	1902
827	1918
827	1929
1085	1109
1085	1265
1085	1466
1085	1551
1528	1605
1528	1631
1528	1911
1528	1945
1550	1653
1550	1923
1550	1999
38	130
38	246
38	650
38	849
38	899
38	1229
38	1404
38	1524
38	1593
246	750
246	833
246	1009
246	1190
246	1495
246	1567
650	764
650	809
650	1090
650	1159
650	1218
650	1386
650	1479
650	1718
650	1831
650	1986
849	1364
1229	1245
1229	1379
1229	1561
1229	1817
1404	1469
1404	1506
1404	1677
1404	1913
1593	1776
1593	1815
1593	1982
167	415
167	579
167	638
167	737
167	765
167	773
167	905
167	930
167	936
167	1002
167	1040
167	1061
167	1068
167	1097
167	1417
167	1452
242	274
242	617
242	869
242	894
242	1079
242	1295
242	1309
242	1375
242	1428
242	1550
242	1733
555	584
555	597
555	744
555	1076
555	1219
555	1465
555	1527
555	1565
555	1673
867	1089
867	1132
867	1476
867	1615
867	1679
867	1793
867	1837
867	1843
1487	1911
1487	1918
1683	1743
1683	1821
1683	1980
40	277
40	295
40	677
40	762
40	1236
40	1486
40	1515
40	1752
40	1824
40	1882
277	284
277	300
277	345
277	422
277	471
277	836
277	886
277	1027
277	1205
277	1302
277	1347
277	1465
277	1559
277	1855
295	425
295	438
295	518
295	578
295	616
295	750
295	1329
295	1389
295	1528
295	1575
295	1611
295	1769
295	1835
677	684
677	969
677	1007
677	1204
677	1455
677	1772
677	1906
1236	1377
1236	1623
1236	1699
1486	1782
1486	1839
1486	1869
1515	1604
1515	1828
1752	1945
1752	1980
1824	1848
41	719
41	1377
41	1746
1377	1431
1377	1460
1377	1547
1377	1570
1377	1614
1746	1846
1746	1980
42	386
42	489
42	989
42	1145
42	1182
42	1191
42	1238
42	1275
42	1304
42	1855
42	1980
386	448
386	474
386	527
386	583
386	1046
386	1230
386	1752
386	1766
386	1994
489	760
489	791
489	874
489	923
489	958
489	1041
489	1100
489	1464
489	1578
489	1689
489	1821
989	1150
989	1254
989	1270
989	1317
989	1325
989	1483
989	1711
989	1940
1145	1457
1145	1482
1145	1661
1145	1695
1145	1753
1145	1868
1191	1265
1191	1792
1275	1377
1275	1600
1275	1687
1275	1842
1304	1435
1304	1558
1304	1635
1304	1638
1304	1718
1304	1833
1304	1905
57	277
57	361
57	362
57	420
57	474
57	779
57	912
57	1005
57	1024
57	1033
57	1041
57	1176
57	1614
57	1626
186	513
186	731
186	1145
186	1273
186	1276
186	1350
186	1501
186	1527
186	1750
186	1821
231	253
231	319
231	474
231	545
231	670
231	687
231	697
231	773
231	787
231	813
231	886
231	899
231	925
231	954
231	1173
231	1209
231	1441
231	1843
684	702
684	745
684	806
684	828
684	837
684	947
1105	1302
1105	1419
1105	1623
1105	1640
1105	1823
1105	1965
1303	1555
1303	1587
1303	1769
1303	1907
1303	1937
131	363
131	712
131	1179
131	1489
131	1567
131	1580
131	1923
513	760
513	1002
513	1228
513	1269
513	1311
513	1355
513	1634
513	1713
513	1939
691	1132
691	1142
691	1376
691	1556
691	1590
691	1656
691	1927
1174	1454
1174	1700
1174	1736
1174	1861
1174	1984
1187	1297
1187	1424
1187	1470
1187	1594
1187	1665
1187	1973
1385	1605
204	209
204	528
204	670
204	861
204	1090
204	1287
204	1494
204	1613
204	1907
670	732
670	775
670	911
670	1219
670	1524
670	1535
670	1566
829	1597
829	1649
829	1753
829	1906
983	1009
983	1115
983	1464
983	1717
983	1792
1180	1189
1180	1583
1180	1646
1180	1687
1180	1737
1180	1848
1322	1380
1322	1500
1322	1618
1322	1691
1769	1988
1864	1914
46	229
46	387
46	399
46	492
46	767
46	788
46	924
46	1010
46	1026
46	1245
46	1368
46	1466
46	1510
46	1764
46	1933
229	776
229	778
229	814
229	969
229	1028
229	1234
229	1385
229	1470
229	1709
229	1838
229	1868
229	1986
387	692
387	888
387	921
387	1072
387	1122
387	1159
387	1245
387	1309
387	1537
387	1825
399	687
399	768
399	943
399	993
399	1001
399	1026
399	1604
399	1623
492	592
492	851
492	1163
492	1201
492	1350
492	1470
492	1598
492	1740
492	1931
492	1982
492	1983
767	853
767	1012
767	1141
767	1241
767	1470
788	802
788	815
788	995
788	1193
788	1197
788	1557
788	1609
788	1835
788	1873
924	989
924	1068
924	1174
924	1808
1010	1304
1010	1333
1010	1425
1010	1456
1010	1644
1010	1975
1026	1065
1026	1149
1026	1379
1026	1458
1026	1596
1026	1868
1026	1923
1245	1359
1245	1593
1245	1690
1368	1435
1368	1443
1368	1575
1368	1590
1368	1668
1368	1694
1368	1846
1933	1991
47	49
47	280
47	453
47	908
47	912
47	980
47	1109
49	82
49	170
49	208
49	357
49	409
49	438
49	632
49	640
49	830
49	935
49	1155
49	1243
49	1343
49	1385
49	1421
49	1855
280	471
280	1058
280	1349
280	1412
280	1573
280	1646
280	1665
908	959
908	1047
908	1168
908	1464
908	1677
908	1755
980	1374
980	1521
980	1639
980	1652
980	1693
980	1940
1109	1161
98	290
98	564
98	581
98	621
98	801
98	930
98	995
98	1066
98	1364
98	1399
98	1450
98	1533
98	1659
98	1666
98	1766
98	1820
98	1827
165	186
165	273
165	537
165	640
165	886
165	985
165	1034
165	1080
165	1086
165	1411
165	1619
165	1720
165	1822
165	1993
165	1997
446	469
446	606
446	698
446	753
446	806
446	949
446	962
446	1028
446	1182
446	1611
446	1653
446	1675
446	1879
988	1060
988	1066
988	1396
988	1417
988	1593
988	1823
988	1944
82	108
82	196
82	492
82	538
82	678
82	882
82	1280
82	1495
82	1863
170	326
170	366
170	981
170	1005
170	1060
170	1297
170	1304
170	1315
170	1558
170	1675
208	379
208	650
208	1182
208	1396
208	1480
208	1542
208	1603
208	1643
357	363
357	432
357	467
357	1106
357	1385
357	1409
357	1489
357	1689
357	1926
357	1927
357	1948
409	433
409	585
409	642
409	948
409	1413
409	1536
409	1712
438	648
438	654
438	732
438	758
438	769
438	1026
438	1150
438	1336
438	1357
438	1454
438	1929
438	1998
632	641
632	733
632	764
632	819
632	1046
632	1079
632	1241
632	1527
632	1618
632	1913
632	1981
640	779
640	803
640	1194
640	1682
640	1719
830	895
830	944
830	986
830	1015
830	1937
935	989
935	1250
935	1382
935	1545
935	1576
935	1637
1155	1173
1155	1270
1155	1279
1155	1316
1155	1492
1155	1555
1155	1705
1155	1755
1155	1782
1155	1839
1243	1375
1243	1487
1243	1547
1243	1673
1243	1711
1243	1722
1243	1953
1243	1965
1343	1680
1343	1739
1343	1852
1421	1634
50	266
50	301
50	362
50	533
50	754
50	827
50	1020
50	1040
50	1199
50	1396
50	1612
50	1953
301	361
301	557
301	931
301	1150
301	1593
301	1658
301	1757
301	1828
301	1834
362	573
362	815
362	855
362	1574
362	1702
362	1911
362	1953
533	908
533	1254
533	1377
754	930
754	1258
754	1268
754	1358
754	1463
754	1509
754	1593
754	1648
754	1677
754	1771
754	1893
1020	1033
1020	1198
1020	1270
1020	1386
1020	1543
1020	1930
1040	1235
1040	1498
1040	1605
1040	1736
1040	1758
1612	1625
1612	1724
1612	1897
1612	1981
51	245
51	407
51	550
51	593
51	635
51	783
51	1065
51	1519
51	1600
51	1688
51	1940
407	510
407	706
407	1341
407	1725
407	1893
407	1980
550	555
550	601
550	698
550	809
550	937
550	1478
550	1480
550	1761
593	796
593	926
593	977
593	1147
593	1176
593	1253
593	1564
593	1659
593	1979
635	725
635	976
635	993
635	1046
635	1470
635	1713
635	1728
783	1091
783	1376
783	1386
783	1407
783	1536
783	1628
783	1762
783	1989
1065	1077
1065	1148
1065	1219
1065	1223
1065	1393
1065	1414
1065	1469
1065	1528
1065	1700
1065	1778
1065	1822
1065	1954
1519	1640
1519	1672
1519	1815
1519	1837
1519	1888
52	186
52	271
52	357
52	381
52	400
52	770
52	955
52	1180
52	1219
52	1224
52	1306
52	1509
52	1564
52	1618
770	788
770	838
770	1060
770	1211
770	1335
770	1724
770	1822
770	1966
955	988
955	1095
955	1297
955	1414
955	1814
955	1965
1219	1282
1219	1375
1219	1528
1224	1495
1224	1547
1224	1903
1306	1337
1306	1517
1306	1716
1306	1776
1509	1510
1509	1821
1509	1864
1509	1946
1509	1987
1564	1592
1564	1738
1564	1758
1564	1766
1564	1809
53	195
53	226
53	255
53	256
53	291
53	322
53	494
53	544
53	762
53	921
53	993
53	1263
53	1286
53	1370
53	1470
53	1587
53	1843
53	1877
195	210
195	587
195	644
195	926
195	940
195	1218
195	1382
195	1537
255	396
255	558
255	779
255	879
255	965
255	1115
255	1233
255	1397
255	1481
255	1513
255	1788
255	1850
256	497
256	534
256	810
256	876
256	886
256	1224
256	1610
256	1728
256	1918
291	584
291	736
291	1050
291	1441
291	1521
494	500
494	501
494	521
494	564
494	597
494	701
494	800
494	1005
494	1195
494	1308
494	1716
494	1998
544	604
544	656
544	755
544	1028
544	1085
544	1270
544	1620
544	1733
921	927
921	1106
921	1140
921	1560
921	1720
993	1135
993	1738
993	1743
993	1809
1286	1406
1370	1520
1370	1788
1370	1972
1470	1621
1470	1665
1587	1820
1587	1995
1877	1878
54	122
54	187
54	390
54	585
54	1195
54	1219
54	1296
54	1423
54	1441
54	1457
54	1577
54	1718
54	1846
122	260
122	282
122	432
122	1194
122	1359
122	1686
122	1914
122	1937
390	577
390	673
390	830
390	962
390	1275
390	1295
390	1372
390	1414
585	688
585	1095
585	1282
585	1374
585	1494
585	1501
585	1864
585	1904
1195	1276
1195	1299
1195	1357
1195	1431
1195	1688
1195	1708
1195	1725
1195	1776
1195	1900
1195	1926
1195	1931
1195	1979
1423	1667
1423	1969
1441	1570
1441	1820
1718	1792
1718	1935
55	57
55	639
55	965
55	1502
55	1622
55	1708
639	866
639	1565
639	1600
965	989
965	1166
965	1290
965	1321
965	1362
965	1561
965	1738
1622	1637
1622	1755
1708	1765
1708	1950
292	438
292	468
292	736
292	798
292	1052
292	1143
402	576
402	606
402	684
402	898
402	971
402	1044
402	1060
402	1218
402	1359
402	1720
402	1815
402	1831
682	898
682	1138
682	1179
682	1331
682	1482
682	1618
682	1653
682	1889
682	1971
903	936
903	980
903	1010
903	1065
903	1086
903	1668
903	1673
1608	1738
1637	1811
1637	1839
361	404
361	759
361	802
361	1139
361	1182
361	1224
361	1384
361	1427
361	1667
361	1815
420	712
420	809
420	972
420	1038
420	1073
420	1113
420	1184
420	1321
420	1612
420	1775
474	548
474	1321
474	1425
474	1559
474	1735
779	874
779	905
779	1241
779	1297
779	1333
779	1570
1005	1143
1005	1272
1005	1281
1005	1346
1005	1386
1005	1556
1005	1889
1005	1905
1024	1036
1024	1074
1024	1084
1024	1434
1024	1587
1024	1700
1024	1735
1024	1848
1024	1925
1041	1262
1041	1277
1041	1715
1041	1749
1176	1270
1176	1313
1176	1560
1176	1675
1176	1814
1176	1866
1176	1987
1614	1764
1614	1864
1614	1913
1614	1982
805	967
805	1087
805	1316
805	1394
805	1441
805	1537
805	1729
805	1818
805	1996
981	1460
981	1578
981	1812
1260	1322
1260	1331
1260	1653
1260	1739
1260	1746
1260	1834
1260	1838
1274	1356
1274	1510
1274	1656
1274	1719
1274	1791
1274	1898
1760	1869
1760	1957
1760	1972
183	433
183	441
183	575
183	663
183	978
183	1347
183	1372
183	1407
183	1494
183	1758
183	1902
589	888
589	993
589	1044
589	1110
589	1355
589	1740
589	1886
602	864
602	1139
602	1518
602	1574
602	1700
602	1766
602	1888
959	1059
959	1071
959	1753
1111	1394
1111	1476
1111	1647
1111	1834
1205	1216
1205	1582
1205	1632
1205	1860
1399	1691
1399	1718
1399	1933
1790	1835
60	268
60	283
60	299
60	314
60	327
60	361
60	1238
60	1242
60	1337
60	1506
60	1608
60	1658
283	488
283	527
283	1118
283	1381
283	1634
283	1720
283	1855
299	401
299	553
299	622
299	719
299	755
299	870
299	910
299	1329
299	1441
299	1725
299	1788
299	1827
299	1914
314	872
314	943
314	981
314	1026
314	1395
314	1502
314	1713
314	1931
327	877
327	884
327	890
327	1045
327	1065
327	1077
327	1295
327	1396
327	1416
327	1570
327	1946
1242	1299
1242	1523
1242	1654
1242	1802
1242	1815
1337	1450
1337	1693
1337	1716
1506	1649
1506	1825
1658	1735
1658	1765
316	544
316	910
316	1180
316	1301
316	1312
316	1347
316	1615
316	1618
316	1621
316	1672
316	1895
629	673
629	746
629	767
629	1272
629	1335
629	1666
629	1704
629	1792
629	1879
647	730
647	769
647	913
647	1184
647	1243
647	1865
647	1954
647	1997
672	846
672	1404
672	1425
672	1877
1132	1162
1132	1178
1132	1184
1132	1245
1132	1451
1132	1813
1132	1898
1177	1489
1177	1920
1825	1889
1825	1898
1825	1996
1825	1998
345	442
345	496
345	714
345	1500
345	1668
345	1984
368	628
368	750
368	822
368	940
368	1034
368	1084
368	1134
368	1224
368	1308
368	1776
368	1894
368	1995
418	543
418	579
418	662
418	675
418	803
418	1165
418	1296
418	1592
418	1628
418	1982
418	1995
527	800
527	962
527	1558
527	1606
527	1609
527	1835
824	971
824	1177
824	1421
824	1460
824	1464
824	1791
824	1806
824	1914
904	1201
904	1396
904	1439
904	1567
904	1622
904	1652
904	1748
1086	1389
1086	1443
1086	1585
1086	1739
1086	1932
1086	1993
1299	1381
1299	1480
1299	1626
1299	1940
440	808
440	991
440	1260
440	1398
440	1616
440	1824
773	913
773	1033
773	1176
773	1275
773	1276
773	1403
773	1519
773	1556
773	1644
773	1735
773	1847
1362	1573
1362	1611
1362	1622
1362	1787
1379	1475
1557	1665
1557	1694
1557	1737
1806	1959
1806	1989
1816	1853
1816	1997
1966	1973
64	260
64	438
64	913
64	935
64	1001
64	1299
64	1343
64	1472
64	1677
260	643
260	851
260	1644
260	1808
260	1993
1001	1368
1001	1639
1001	1656
1472	1487
1472	1490
1472	1898
1677	1764
1677	1901
415	799
415	875
415	1166
415	1580
415	1603
415	1644
415	1655
415	1688
415	1979
445	895
445	933
445	1034
445	1158
445	1274
445	1593
445	1733
976	1331
976	1355
976	1422
976	1478
976	1486
976	1625
976	1693
976	1850
976	1945
1021	1506
1021	1615
1021	1729
1021	1862
1021	1945
1153	1161
1153	1348
1153	1519
1153	1535
1153	1557
1153	1715
1153	1837
1606	1951
1827	1938
66	80
66	376
66	406
66	804
66	872
66	899
66	1178
66	1254
66	1277
66	1296
66	1510
80	82
80	637
80	960
80	1533
80	1551
80	1603
80	1661
80	1855
80	1881
1178	1375
1178	1662
1178	1747
1178	1812
1277	1362
1277	1393
1277	1440
1277	1788
168	190
168	215
168	221
168	252
168	386
168	406
168	954
168	972
168	1206
168	1370
168	1377
168	1451
168	1496
168	1551
168	1603
210	403
210	614
210	905
210	1369
210	1583
210	1850
225	518
225	607
225	625
225	647
225	677
225	680
225	952
225	1302
225	1521
592	612
592	753
592	865
592	1263
592	1618
592	1748
699	819
699	1276
699	1741
1194	1329
1194	1424
1194	1534
1194	1606
1233	1241
1233	1699
1233	1861
1754	1902
68	186
68	208
68	441
68	782
68	855
68	959
68	994
68	1084
68	1122
68	1241
68	1394
68	1677
68	1933
994	1100
994	1155
994	1172
994	1417
994	1700
994	1825
1084	1219
1084	1291
1084	1817
1122	1561
1122	1582
1122	1691
1122	1811
1122	1882
1122	1957
1241	1790
1241	1872
1241	1933
1394	1699
1394	1816
1394	1864
482	550
482	569
482	625
482	1099
482	1260
482	1326
482	1375
482	1403
482	1458
482	1492
482	1596
482	1699
720	905
720	1496
720	1537
720	1646
720	1778
720	1855
737	1122
737	1255
737	1557
189	687
189	1021
189	1023
189	1172
189	1312
189	1368
189	1427
189	1722
553	680
553	1113
553	1131
553	1230
553	1513
553	1939
562	799
562	894
562	895
562	1205
562	1405
562	1451
562	1566
562	1645
562	1903
562	1940
562	1948
680	751
680	784
680	960
680	1241
680	1270
680	1444
680	1535
680	1950
722	779
722	828
722	1106
722	1241
722	1533
722	1589
886	1076
886	1241
886	1311
886	1608
886	1827
886	1991
890	898
890	1237
890	1443
890	1450
890	1911
1419	1444
1419	1458
1419	1682
1419	1687
1419	1713
1419	1714
1419	1929
1581	1610
1581	1623
1581	1705
1581	1855
1581	1933
1634	1736
1634	1798
1634	1920
1634	1924
1733	1861
1837	1861
784	910
784	911
784	1098
784	1187
784	1279
784	1381
784	1410
784	1428
784	1530
784	1545
784	1565
784	1654
926	959
926	995
926	1048
926	1118
926	1648
969	1175
969	1209
969	1268
969	1307
969	1498
1453	1567
1453	1788
1578	1606
1578	1855
1578	1885
72	80
72	143
72	292
72	415
72	513
72	753
72	813
72	931
72	1034
72	1577
72	1840
72	1904
72	1973
753	759
753	1494
753	1501
753	1580
753	1684
753	1853
813	1162
813	1226
813	1263
813	1545
813	1600
813	1792
931	1072
931	1077
931	1299
931	1820
931	1866
931	1966
931	1984
1034	1057
1034	1176
1034	1355
1034	1393
1034	1483
1034	1511
1034	1520
1034	1776
1034	1777
1034	1871
73	239
73	244
73	539
73	609
73	874
73	875
73	891
73	1166
73	1271
73	1294
73	1502
73	1740
73	1882
239	281
239	332
239	344
239	414
239	507
239	818
239	937
239	1176
239	1179
239	1192
239	1241
239	1263
239	1438
239	1745
609	759
609	857
609	966
609	1021
609	1076
609	1315
609	1693
609	1913
609	1924
874	924
874	930
874	942
874	1109
874	1177
874	1270
874	1321
874	1390
874	1667
875	925
875	983
875	1040
875	1402
875	1404
875	1567
875	1704
875	1792
875	1821
875	1848
875	1906
891	1090
891	1115
891	1256
891	1454
891	1464
891	1480
891	1669
891	1790
891	1945
1166	1441
1166	1725
1166	1937
1166	1966
1166	1988
1271	1862
1271	1902
1294	1865
77	135
77	179
77	586
77	940
77	975
77	1172
77	1270
77	1557
77	1803
77	1980
137	179
137	298
137	537
137	573
137	803
137	974
137	1086
137	1556
137	1693
137	1742
413	430
413	504
413	622
413	841
413	910
413	1287
413	1422
413	1438
413	1544
413	1565
413	1825
413	1894
413	1951
413	1989
493	846
493	972
493	1025
493	1078
493	1521
493	1735
493	1991
568	610
568	851
568	953
568	1372
1532	1853
1727	1832
1727	1861
214	756
214	895
214	1160
214	1608
645	895
645	899
645	1111
645	1319
645	1349
645	1515
645	1758
645	1852
645	1950
938	1253
938	1332
938	1543
938	1604
938	1845
938	1939
938	1995
967	1040
967	1153
967	1218
967	1466
967	1667
967	1683
967	1688
1052	1592
1052	1809
1211	1409
1211	1502
1211	1511
1211	1575
1211	1652
1211	1823
1211	1855
1316	1330
1316	1348
1316	1571
1316	1845
76	193
76	378
76	572
76	618
76	879
76	1164
76	1357
76	1610
76	1621
76	1662
76	1684
193	253
193	311
193	388
193	464
193	710
193	775
193	1533
193	1577
193	1741
572	1518
572	1535
572	1594
572	1673
572	1891
572	1935
618	641
618	657
618	682
618	736
618	990
618	1243
618	1272
618	1520
618	1544
618	1668
879	883
879	954
879	955
879	990
879	1399
879	1432
879	1535
879	1748
135	302
135	303
135	325
135	399
135	405
135	508
135	552
135	879
135	932
135	1229
135	1278
135	1439
135	1452
135	1665
135	1696
135	1940
179	188
179	204
179	277
179	700
179	904
179	1161
179	1420
179	1489
179	1585
179	1666
179	1712
179	1765
179	1772
179	1809
179	1920
179	1975
586	741
586	1556
586	1614
586	1639
586	1687
586	1702
586	1769
586	1939
940	1134
940	1317
940	1431
940	1492
940	1776
975	1048
975	1326
975	1611
975	1722
975	1725
975	1938
1172	1364
1172	1374
1172	1402
1172	1447
1172	1454
1172	1464
1172	1521
1172	1570
1172	1577
1172	1592
1172	1897
1172	1989
1270	1431
1270	1526
1270	1537
1270	1565
1270	1769
1803	1929
1803	1940
276	500
276	547
276	598
276	925
276	1026
276	1431
276	1436
276	1582
276	1689
276	1954
382	411
382	588
382	876
382	1020
382	1382
382	1413
382	1417
382	1714
382	1722
382	1758
382	1788
382	1898
450	700
450	870
450	1263
450	1329
450	1346
450	1454
450	1573
450	1719
450	1852
495	723
495	783
495	1452
495	1551
495	1939
535	745
535	1140
535	1166
535	1499
535	1825
755	867
755	954
755	1159
755	1386
755	1972
755	1980
755	1986
1118	1268
1118	1457
1118	1524
1118	1585
1118	1615
1118	1659
1118	1750
1118	1863
1118	1865
1565	1888
597	641
597	706
597	750
597	756
597	812
597	1085
597	1287
597	1368
597	1435
597	1511
597	1544
597	1791
597	1809
597	1904
806	882
806	1017
806	1172
806	1268
806	1435
806	1545
1269	1321
1269	1450
1269	1853
1269	1905
1269	1973
1388	1470
960	1042
960	1192
960	1211
960	1344
960	1398
960	1485
960	1581
960	1737
960	1833
1533	1677
1551	1689
1603	1894
1661	1718
1661	1877
81	111
81	131
81	190
81	569
81	587
81	622
81	628
81	641
81	918
81	1158
81	1249
81	1704
111	187
111	363
111	601
111	1232
111	1637
190	368
190	750
190	779
190	936
190	1294
190	1398
190	1412
190	1446
190	1468
190	1587
190	1647
190	1687
190	1697
190	1987
569	704
569	714
569	976
569	1061
569	1130
569	1386
569	1539
569	1749
569	1948
622	704
622	719
622	881
622	1144
622	1188
622	1226
622	1302
622	1335
622	1399
622	1528
622	1625
622	1738
622	1882
628	751
628	875
628	1098
628	1297
628	1303
628	1368
628	1741
628	1790
641	645
641	813
641	1033
641	1558
641	1680
641	1833
641	1999
918	965
918	1041
918	1122
918	1279
918	1842
918	1983
1158	1286
1158	1749
1249	1299
1249	1364
1249	1415
1249	1501
1249	1592
1249	1710
1249	1778
1249	1812
108	791
108	845
108	1001
108	1145
108	1450
108	1564
108	1668
108	1693
108	1873
196	209
196	237
196	431
196	441
196	775
196	877
196	988
196	995
196	1144
196	1287
196	1320
196	1446
196	1457
196	1565
196	1741
196	1939
538	745
678	702
678	799
678	1109
678	1169
678	1256
678	1302
678	1438
678	1550
678	1552
678	1680
678	1731
678	1905
882	980
882	1058
882	1500
882	1622
882	1999
1280	1411
1280	1758
1280	1886
1280	1906
1280	1920
83	314
83	366
83	413
83	678
83	806
83	947
83	1023
83	1085
83	1452
83	1686
366	921
366	1140
366	1253
366	1646
366	1737
366	1764
366	1786
366	1850
366	1885
947	1021
947	1027
947	1182
947	1397
947	1466
947	1506
947	1526
947	1539
947	1589
947	1828
947	1834
1023	1144
1023	1149
1023	1216
1023	1287
1023	1338
1023	1413
1023	1522
1023	1571
1023	1715
84	330
84	552
84	746
84	924
84	1465
84	1487
84	1545
84	1710
84	1832
330	432
330	789
330	913
330	991
330	1005
330	1080
330	1182
330	1302
330	1645
330	1815
330	1966
552	851
552	910
552	1077
552	1238
552	1719
552	1818
552	1933
552	1989
746	918
746	964
746	1046
746	1590
746	1708
746	1839
319	341
319	622
319	890
319	1048
319	1141
319	1241
319	1888
319	1999
730	1076
730	1386
730	1580
730	1622
730	1823
997	1182
997	1223
997	1258
997	1273
1355	1564
1355	1619
1355	1754
1355	1852
326	418
326	776
326	1138
326	1279
326	1287
326	1349
326	1589
326	1953
949	1135
949	1211
949	1395
1595	1878
1595	1914
1595	1992
1720	1743
1720	1812
87	244
87	282
87	351
87	409
87	432
87	547
87	842
87	948
87	1222
87	1347
87	1415
87	1635
87	1654
87	1787
87	1867
282	332
282	357
282	382
282	774
282	804
282	966
282	1015
282	1128
282	1384
282	1474
282	1576
282	1827
282	1863
351	357
351	524
351	536
351	641
351	970
351	1237
351	1263
351	1343
351	1901
351	1962
547	573
547	589
547	606
547	653
547	780
547	936
547	986
547	1296
547	1598
547	1618
547	1803
547	1885
547	1979
1222	1355
1222	1368
1222	1404
1222	1543
1222	1699
1222	1816
1222	1994
1347	1600
1347	1728
1347	1937
1415	1486
1415	1609
1415	1809
1635	1901
1635	1954
524	553
524	609
524	626
524	702
524	879
524	1046
524	1511
524	1613
524	1616
524	1647
524	1725
524	1761
590	794
590	968
590	1045
590	1683
590	1714
590	1736
590	1813
590	1825
590	1903
590	1904
590	1937
741	833
741	1618
741	1686
741	1905
741	1965
1482	1485
1482	1688
1511	1665
1511	1695
1511	1782
1731	1871
1847	1853
692	1150
692	1439
692	1476
692	1580
692	1666
692	1739
692	1761
692	1827
692	1973
883	912
883	945
883	974
883	1028
883	1118
883	1232
883	1438
883	1454
883	1528
883	1590
883	1710
883	1772
883	1787
1853	1869
1853	1873
1938	1980
90	165
90	432
90	523
90	745
90	768
90	894
90	973
90	1268
90	1600
90	1618
90	1743
90	1879
90	1954
523	1115
523	1502
523	1536
523	1574
523	1604
523	1612
523	1764
523	1868
745	1168
745	1330
745	1411
745	1443
745	1485
745	1637
745	1906
745	1962
745	1989
768	791
768	798
768	802
768	1597
768	1950
894	1135
973	1381
973	1557
973	1885
973	1979
1268	1556
1268	1929
1268	1972
1743	1832
1743	1982
91	218
91	380
91	731
91	1044
91	1299
91	1407
91	1437
91	1881
218	284
218	297
218	409
218	450
218	754
218	926
218	1105
218	1177
218	1240
218	1336
218	1344
218	1451
218	1835
218	1924
218	1981
380	1000
380	1167
380	1585
380	1600
731	1143
731	1191
731	1229
731	1277
731	1344
731	1420
731	1624
731	1675
731	1688
731	1788
731	1808
731	1834
1044	1138
1044	1209
1044	1265
1044	1276
1044	1322
1044	1736
1044	1879
1407	1743
1407	1803
1407	1827
92	169
92	203
92	312
92	387
92	486
92	581
92	647
92	836
92	965
92	1024
92	1042
92	1105
92	1410
92	1606
92	1825
169	370
169	569
169	785
169	935
169	1332
169	1696
169	1722
169	1801
169	1845
169	1957
203	258
203	528
203	800
203	1026
203	1179
203	1313
203	1381
203	1724
203	1774
203	1995
312	363
312	585
312	780
312	1276
312	1567
312	1639
486	640
486	1025
486	1164
486	1205
486	1313
486	1475
486	1576
486	1581
486	1680
486	1742
486	1914
486	1998
581	849
581	1160
581	1791
836	1270
836	1375
836	1394
836	1527
836	1611
836	1715
836	1767
836	1949
836	1996
1410	1436
1410	1543
1410	1793
1410	1815
1410	1822
93	170
93	182
93	452
93	491
93	669
93	696
93	883
93	1047
93	1176
93	1280
93	1335
93	1748
93	1775
93	1866
93	1923
93	1945
93	1962
182	669
182	968
182	1115
182	1256
182	1381
182	1412
182	1528
182	1534
182	1669
182	1864
182	1923
182	1944
491	581
491	583
491	962
491	1044
491	1105
491	1117
491	1739
491	1788
669	1258
669	1308
669	1395
669	1748
696	842
696	1167
696	1346
696	1376
696	1635
696	1684
696	1790
1047	1197
1047	1335
1047	1415
1047	1907
1047	1988
1335	1456
1335	1468
1335	1822
1335	1933
1335	1972
1748	1882
1748	1904
1775	1929
1923	1962
94	117
94	217
94	303
94	466
94	587
94	731
94	766
94	835
94	876
94	973
94	1118
94	1341
94	1376
94	1544
94	1675
217	870
217	1095
217	1100
217	1465
217	1474
217	1645
217	1714
217	1904
466	649
466	804
466	824
466	849
466	1024
466	1048
466	1274
466	1495
466	1519
466	1635
466	1718
466	1793
466	1962
766	978
766	1348
766	1452
766	1519
766	1805
766	1839
766	1923
766	1950
766	1979
835	1142
835	1270
835	1338
835	1375
835	1620
835	1621
835	1996
876	1370
876	1389
876	1447
876	1852
876	1894
1341	1715
1341	1837
1376	1381
1376	1402
1376	1428
1376	1551
1376	1675
1376	1788
95	270
95	338
95	403
95	935
95	1077
95	1157
95	1287
95	1346
95	1550
95	1689
95	1808
95	1878
270	345
270	354
270	732
270	824
270	910
270	942
270	1023
270	1135
270	1835
270	1908
338	389
338	421
338	1033
338	1047
338	1080
338	1134
338	1620
338	1775
1077	1626
1077	1680
1077	1855
1077	1967
1287	1375
1287	1415
1287	1469
1287	1616
1287	1808
1287	1824
1346	1410
1346	1710
1346	1733
1346	1821
1346	1846
1346	1853
1346	1986
1689	1703
1689	1742
778	957
778	1005
778	1011
778	1268
778	1421
778	1735
778	1889
1063	1099
1063	1349
1063	1399
1063	1597
1063	1613
1063	1713
1063	1852
1063	1862
1063	1904
1150	1238
1150	1271
1150	1532
1150	1557
1150	1639
1150	1778
1150	1973
1179	1269
1179	1652
1179	1654
1179	1809
1179	1994
1397	1709
1397	1824
1397	1926
1814	1839
97	222
97	366
97	552
97	604
97	680
97	1226
97	1260
97	1675
97	1775
222	491
222	509
222	573
222	575
222	842
222	913
222	960
222	1534
222	1631
604	640
604	1130
604	1654
604	1718
604	1781
604	1799
1226	1388
1226	1504
1226	1736
290	790
290	911
290	956
290	1142
290	1188
290	1479
290	1486
290	1702
290	1798
290	1969
564	737
564	766
564	1436
564	1710
564	1767
564	1824
801	1271
801	1613
801	1615
801	1708
801	1913
801	1979
930	1012
930	1142
930	1253
930	1311
930	1613
930	1619
930	1865
930	1999
1066	1219
1066	1505
1066	1673
1364	1412
1364	1891
1364	1972
1364	1988
1450	1485
1666	1667
1766	1787
1766	1986
1820	1832
99	104
99	221
99	256
99	480
99	662
99	737
99	833
99	1033
99	1096
99	1162
99	1180
99	1316
99	1446
99	1597
99	1622
99	1638
99	1694
99	1700
99	1760
99	1822
99	1855
99	1994
104	354
104	614
104	833
104	885
104	905
104	1031
104	1338
104	1381
104	1423
104	1564
104	1801
104	1814
104	1895
221	371
221	415
221	706
221	1197
221	1331
221	1335
221	1347
221	1835
480	592
480	663
480	936
480	1020
480	1494
480	1866
662	1014
662	1078
662	1302
662	1379
662	1449
662	1457
662	1492
662	1618
662	1668
662	1677
662	1717
662	1720
662	1775
1162	1593
1162	1748
1162	1822
1162	1978
1597	1624
1597	1762
1597	1805
1638	1845
1638	1914
1694	1708
1822	1882
100	236
100	358
100	366
100	578
100	772
100	1155
100	1238
100	1302
100	1535
578	952
578	1113
578	1149
578	1173
578	1180
578	1435
578	1860
578	1950
772	815
772	882
772	930
772	959
772	1065
772	1216
772	1821
772	1965
772	1989
1302	1618
1302	1792
1302	1824
1302	1885
1302	1902
1535	1711
1535	1767
153	169
153	286
153	321
153	362
153	395
153	962
153	1014
153	1179
153	1847
207	277
207	418
207	433
207	885
207	1082
207	1337
207	1521
207	1537
207	1626
207	1963
215	279
215	316
215	396
215	459
215	564
215	569
215	579
215	756
215	782
215	1415
215	1475
215	1547
215	1552
215	1803
695	698
695	767
695	846
695	1010
695	1021
695	1080
695	1120
695	1173
695	1223
695	1230
695	1297
695	1332
695	1393
695	1610
695	1761
941	948
941	1087
941	1089
941	1590
941	1790
1625	1740
102	464
102	521
102	1070
102	1224
102	1420
102	1468
102	1551
102	1567
102	1679
102	1738
102	1877
102	1930
102	1962
464	529
464	814
464	1334
464	1343
464	1492
464	1495
464	1500
464	1523
464	1855
464	1908
521	545
521	564
521	699
521	1186
521	1343
521	1346
521	1378
521	1435
521	1472
521	1487
521	1580
521	1640
521	1862
1070	1226
1070	1321
1070	1406
1070	1624
1070	1635
1070	1640
1070	1717
1070	1782
1070	1879
1070	1930
1468	1555
1468	1743
1468	1828
1468	1860
1468	1920
103	229
103	794
103	877
103	1029
103	1045
103	1096
103	1357
103	1385
103	1545
103	1659
103	1667
103	1705
103	1715
103	1847
877	1811
1045	1066
1045	1396
1045	1413
1667	1817
1667	1838
1667	1992
1705	1753
354	423
354	648
354	673
354	1040
354	1291
354	1620
354	1863
614	700
614	772
614	869
614	938
614	1060
614	1168
614	1256
614	1889
614	1951
885	902
885	938
885	976
885	1762
885	1902
905	994
905	1128
905	1270
905	1552
905	1869
1031	1533
1031	1791
1338	1565
1338	1577
1338	1638
579	634
579	815
579	829
579	963
579	981
579	1085
579	1504
579	1530
579	1691
579	1848
579	1913
700	721
700	789
700	822
700	930
700	1024
700	1036
700	1149
700	1218
700	1908
447	646
447	710
447	844
447	1175
447	1403
447	1421
447	1456
447	1675
447	1814
634	649
634	919
634	1189
634	1211
634	1278
634	1483
634	1622
634	1711
1273	1375
1273	1693
1273	1722
1273	1798
1611	1738
1611	1817
1611	1995
845	1086
845	1179
845	1405
845	1582
845	1849
1693	1761
1693	1793
1693	1839
1693	1877
1693	1978
286	382
286	479
286	944
286	994
286	1230
286	1778
286	1891
534	1106
534	1134
534	1142
534	1172
534	1708
534	1716
534	1729
534	1736
534	1842
856	1680
856	1711
856	1714
978	1026
978	1431
978	1653
978	1690
978	1729
1483	1649
1483	1735
1483	1740
1483	1939
1483	1995
1788	1861
1788	1865
110	133
110	474
110	527
110	543
110	684
110	846
110	977
110	1330
110	1388
110	1406
110	1413
110	1435
110	1517
110	1594
977	1145
977	1437
977	1539
977	1741
977	1752
977	1845
977	1867
977	1980
1330	1397
1330	1709
1330	1735
1413	1589
1413	1662
1413	1767
1413	1843
1413	1929
1517	1631
1517	1690
1517	1862
1517	1987
405	577
405	632
405	758
405	802
405	814
405	921
405	988
405	1063
405	1186
405	1204
405	1470
405	1536
405	1645
405	1820
405	1894
673	676
673	762
673	772
673	1491
673	1530
673	1551
673	1570
673	1864
1130	1158
1130	1163
1130	1273
1130	1306
1130	1309
1130	1385
1130	1702
1130	1739
1130	1781
1130	1788
1255	1502
1255	1850
1255	1940
1589	1592
1589	1975
1589	1996
1589	1997
1937	1940
113	231
113	306
113	709
113	730
113	764
113	809
113	867
113	987
113	1070
113	1096
113	1279
113	1383
113	1832
113	1860
306	478
306	486
306	527
306	1120
306	1840
306	1897
306	1904
306	1930
764	788
764	931
764	958
764	1839
764	1862
809	924
809	1276
809	1326
809	1403
809	1885
809	1918
809	1983
987	1312
987	1575
987	1621
1383	1542
1860	1871
1860	1914
114	723
114	929
114	936
114	1940
929	1072
929	1140
929	1475
929	1793
929	1813
929	1866
929	1889
929	1989
936	962
936	1076
936	1199
936	1216
936	1490
936	1594
936	1652
936	1995
683	733
683	754
683	1260
683	1705
145	153
145	374
145	440
145	479
145	555
145	638
145	965
145	1009
145	1259
145	1281
145	1294
145	1469
145	1593
145	1604
145	1648
166	173
166	593
166	618
166	836
166	1424
166	1632
166	1929
557	794
557	1142
557	1147
557	1201
557	1417
557	1489
557	1566
1403	1468
1403	1483
1403	1557
1403	1559
1403	1560
1403	1610
1403	1771
1403	1817
230	246
230	881
230	930
230	974
230	1427
230	1472
230	1485
230	1645
230	1710
1781	1879
1781	1979
1793	1989
118	178
118	359
118	382
118	497
118	513
118	862
118	893
118	1041
118	1044
118	1096
118	1389
118	1469
118	1712
118	1758
118	1944
497	599
497	616
497	745
497	767
497	1106
497	1385
497	1454
497	1811
893	1038
893	1084
893	1411
893	1937
893	1994
1758	1948
119	259
119	333
119	347
119	433
119	494
119	684
119	977
119	1069
119	1257
119	1370
119	1403
119	1459
119	1904
333	442
333	496
333	976
333	1257
333	1307
333	1422
333	1534
333	1798
433	663
433	672
433	687
433	720
433	949
433	1358
433	1424
433	1496
433	1656
433	1803
433	1824
1257	1482
1257	1492
1459	1467
1459	1505
1459	1690
1459	1820
1459	1865
529	656
529	712
529	851
529	862
529	995
529	1169
529	1510
529	1615
529	1672
529	1781
121	179
121	219
121	385
121	702
121	1060
121	1395
121	1418
121	1464
121	1501
121	1559
121	1652
121	1661
121	1923
1418	1466
1418	1691
1418	1885
1418	1893
1418	1998
1464	1557
1464	1604
1464	1720
1501	1533
1501	1799
1501	1815
1501	1889
1501	1894
1501	1897
1559	1662
1559	1788
1559	1885
1359	1621
1359	1624
1359	1679
1359	1713
1359	1861
173	336
173	371
173	414
173	420
173	448
173	510
173	856
173	1256
173	1265
173	1619
173	1748
173	1839
200	205
200	269
200	335
200	815
200	886
200	919
200	929
200	1059
200	1187
200	1719
200	1906
200	1938
421	713
421	818
421	957
421	1023
421	1138
421	1368
421	1394
421	1486
421	1752
1691	1697
1691	1877
1691	1901
325	518
325	526
325	697
325	741
325	808
325	943
325	1329
325	1885
325	1923
505	536
505	645
505	678
505	829
505	930
505	978
505	1060
812	932
812	991
812	1034
812	1058
812	1223
812	1232
812	1253
812	1279
812	1303
812	1585
812	1666
812	1987
962	1085
962	1132
962	1301
962	1336
962	1451
962	1581
962	1775
962	1843
962	1987
1616	1734
142	529
142	836
142	935
142	1073
142	1097
142	1132
142	1158
142	1388
142	1740
142	1828
448	462
448	466
448	784
448	785
448	1037
448	1198
448	1603
448	1948
448	1995
460	640
460	876
460	1128
460	1483
460	1517
460	1611
460	1803
460	1978
636	867
636	1046
636	1280
636	1379
636	1865
1463	1565
1463	1590
1463	1821
1463	1939
371	746
371	804
371	913
371	1206
371	1418
371	1684
371	1822
646	670
646	798
646	1313
646	1479
646	1803
646	1966
1120	1122
1120	1439
1120	1506
321	744
321	1015
321	1098
321	1467
321	1597
321	1739
321	1790
1149	1172
1149	1241
1149	1286
1149	1405
1149	1406
1149	1418
1149	1470
1149	1704
1149	1965
1149	1988
1149	1993
150	239
150	319
150	341
150	558
150	644
150	678
150	885
150	1350
150	1362
150	1649
150	1805
150	1895
150	1930
332	631
332	674
332	1384
332	1451
332	1489
332	1491
332	1555
332	1597
332	1654
332	1719
332	1774
332	1786
540	604
540	695
540	732
540	990
540	1091
540	1170
540	1211
540	1379
540	1552
540	1589
540	1855
540	1940
573	781
573	969
573	1110
573	1302
573	1398
573	1411
573	1594
573	1667
573	1696
823	966
823	1277
823	1612
823	1832
880	1066
880	1147
880	1165
880	1222
880	1237
880	1245
880	1358
880	1479
880	1559
1485	1709
1079	1241
1079	1728
1079	1790
1079	1927
1417	1500
1613	1712
1613	1713
712	741
712	874
712	1191
712	1222
712	1275
712	1474
712	1594
712	1799
712	1987
1489	1499
1489	1604
1489	1605
1489	1833
1489	1898
1489	1904
1580	1691
1580	1888
132	529
132	945
132	1052
132	1163
132	1350
132	1479
132	1581
132	1631
132	1684
132	1693
132	1805
132	1885
945	1224
945	1277
945	1365
945	1649
945	1766
945	1864
1479	1613
1479	1628
1479	1705
1479	1715
1479	1936
1479	1999
1805	1827
1805	1828
1805	1829
1805	1864
1885	1902
519	636
519	722
519	760
519	973
519	1129
519	1198
519	1212
519	1235
519	1274
519	1341
519	1457
519	1496
134	286
134	493
134	759
134	883
134	890
134	1117
134	1163
134	1191
134	1234
134	1675
134	1933
759	882
759	1182
1234	1425
1234	1691
1234	1752
1234	1901
1234	1980
302	459
302	789
302	819
302	831
302	842
302	1105
302	1226
302	1467
302	1728
302	1806
932	1045
932	1155
932	1160
932	1229
932	1666
932	1907
1439	1589
1439	1690
1439	1754
1665	1845
1665	1969
1665	1999
1696	1729
1696	1736
744	824
744	830
744	987
744	1115
744	1338
744	1492
744	1509
744	1665
1558	1570
1558	1634
1558	1687
1558	1775
1558	1802
974	1095
974	1951
974	1986
1742	1762
1742	1827
1742	1977
138	270
138	414
138	476
138	645
138	673
138	852
138	1047
138	1070
138	1276
138	1481
138	1683
138	1701
138	1727
138	1753
476	645
476	648
476	719
476	801
476	999
476	1039
476	1193
476	1396
476	1465
476	1831
476	1845
476	1894
852	935
852	983
852	987
852	1294
852	1365
852	1398
852	1610
852	1635
852	1655
852	1694
852	1885
852	1900
852	1927
1276	1313
1276	1410
1276	1492
1276	1557
1276	1622
1276	1668
1276	1750
1276	1939
1276	1951
1701	1738
1701	1816
139	507
139	622
139	1021
139	1131
139	1269
139	1580
139	1799
507	587
507	616
507	648
507	760
507	1037
507	1044
507	1076
507	1593
507	1900
1799	1809
644	886
644	939
644	1000
644	1877
644	1906
815	903
815	933
815	1023
815	1315
815	1515
815	1561
815	1612
815	1725
815	1834
1460	1576
1460	1623
1460	1963
194	227
194	734
194	764
194	1159
194	1263
194	1265
194	1552
194	1872
194	1944
194	1945
194	1953
760	774
760	778
760	848
760	855
760	873
760	1204
760	1533
760	1544
760	1573
760	1574
760	1600
760	1891
774	880
774	933
774	974
774	1105
774	1144
774	1230
774	1337
774	1341
774	1399
774	1613
1073	1280
1073	1925
1073	1935
1097	1593
1097	1776
1097	1869
848	1046
848	1168
848	1343
848	1362
848	1386
848	1592
848	1729
848	1983
1309	1407
1309	1621
1309	1661
1309	1748
1309	1801
1309	1855
1309	1924
1716	1742
1716	1809
1716	1911
643	819
643	911
643	958
643	1274
643	1543
643	1551
643	1619
643	1733
643	1813
643	1891
1078	1405
1078	1728
1089	1209
1089	1276
1089	1304
1089	1397
1089	1628
1089	1684
1089	1809
1089	1813
1240	1600
1240	1652
1240	1760
1240	1852
638	760
638	806
638	981
638	1163
638	1543
638	1602
638	1879
638	1954
1259	1403
1259	1480
1259	1521
1259	1749
1259	1760
1259	1981
1259	1988
1281	1384
1281	1498
1604	1704
1604	1849
1604	1850
1604	1969
1648	1669
1648	1705
1648	1782
146	277
146	824
146	911
146	1015
146	1050
146	1160
146	1612
146	1748
146	1967
146	1973
911	1068
911	1072
911	1399
911	1427
911	1438
911	1792
911	1936
911	1944
911	1989
1015	1265
1015	1321
1015	1589
1015	1735
1050	1100
1050	1211
1050	1786
1160	1218
1160	1240
389	422
389	573
389	642
389	706
389	848
389	881
389	951
389	1230
389	1682
389	1727
389	1835
389	1965
663	736
663	1027
663	1047
663	1307
663	1602
663	1886
663	1895
663	1994
895	1096
895	1276
895	1329
895	1374
1571	1659
1571	1823
1571	1924
1571	1949
1765	1939
341	460
341	539
341	860
341	886
341	966
341	1065
341	1189
341	1245
341	1486
341	1638
341	1672
341	1815
341	1938
341	1967
558	569
558	591
558	592
558	674
558	741
558	768
558	803
558	815
558	905
558	1165
558	1583
558	1606
558	1904
1649	1750
1649	1775
1649	1984
1649	1989
152	230
152	363
152	460
152	617
152	848
152	892
152	1001
152	1097
152	1186
152	1357
152	1625
152	1673
152	1782
152	1817
152	1898
152	1918
152	1925
152	1971
1121	1555
1121	1667
1121	1940
1121	1945
1206	1279
1206	1398
1206	1703
1206	1761
1325	1777
1325	1802
1325	1938
892	937
892	1122
892	1278
892	1344
892	1509
892	1972
1186	1268
1186	1396
1186	1407
1186	1492
1186	1598
1186	1828
1817	1828
395	400
395	415
395	572
395	687
395	705
395	1089
395	1355
395	1466
395	1481
395	1536
395	1662
395	1907
1014	1269
1014	1332
1014	1509
1014	1614
1014	1616
1014	1621
1014	1649
1014	1881
1645	1731
1645	1871
1645	1894
1645	1950
1920	1923
155	205
155	495
155	857
155	1170
155	1216
155	1406
155	1526
155	1559
155	1682
155	1802
155	1903
205	384
205	401
205	437
205	733
205	1047
205	1057
205	1150
205	1157
205	1441
205	1450
205	1645
205	1679
205	1769
205	1774
857	1005
857	1050
857	1278
857	1474
857	1519
857	1600
857	1613
857	1616
857	1626
857	1839
857	1927
1170	1581
1170	1652
1170	1675
1216	1428
1216	1476
1216	1536
1216	1872
1216	1878
1526	1589
1802	1877
156	172
156	309
156	681
156	1581
156	1769
156	1790
156	1862
156	1998
172	286
172	422
172	509
172	632
172	1084
172	1235
172	1321
172	1691
172	1984
309	364
309	481
309	783
309	857
309	937
309	1147
309	1238
309	1257
309	1322
309	1502
309	1853
309	1987
681	1223
681	1260
681	1265
681	1613
681	1957
681	1972
161	588
161	772
161	1065
161	1130
161	1256
161	1311
161	1381
161	1466
161	1472
161	1622
161	1761
488	510
488	684
488	695
488	880
488	1734
488	1885
488	1927
488	1944
796	861
796	1463
796	1775
1237	1511
1237	1538
1496	1725
1496	1879
158	314
158	400
158	698
158	1045
158	1061
158	1233
158	1463
158	1550
698	818
698	1046
698	1286
698	1362
698	1496
698	1682
698	1700
698	1881
310	401
310	437
310	470
310	645
310	662
310	676
310	765
310	939
310	1091
310	1242
310	1271
310	1303
310	1845
1414	1440
1414	1527
1414	1736
1414	1813
1414	1931
1703	1815
1703	1935
163	440
163	910
163	1078
163	1313
163	1374
163	1389
163	1523
163	1611
163	1743
163	1845
163	1932
163	1935
163	1977
163	1986
340	635
340	719
340	1000
340	1121
340	1337
340	1406
340	1570
340	1614
340	1712
340	1827
340	1893
1609	1825
1609	1931
588	985
588	1050
588	1356
588	1409
588	1428
588	1452
588	1535
588	1738
588	1868
1311	1523
1311	1739
1311	1769
1761	1764
1761	1834
364	384
364	404
364	573
364	745
364	1033
364	1044
364	1138
364	1286
364	1370
364	1504
364	1578
364	1673
364	1675
364	1711
364	1715
364	1717
364	1750
364	1842
739	755
739	936
739	948
739	1422
739	1613
739	1634
739	1729
739	1865
739	1957
739	1987
910	945
910	1065
910	1307
910	1808
910	1845
1313	1722
1313	1733
1313	1975
1374	1402
1374	1654
1374	1750
1374	1752
1374	1993
1523	1673
1523	1711
1523	1829
1845	1957
1932	1977
787	897
787	914
787	925
787	1155
787	1206
787	1260
787	1439
787	1571
787	1792
787	1986
1320	1814
1443	1533
1443	1724
1443	1945
1443	1967
1443	1995
273	444
273	470
273	629
273	704
273	706
273	886
273	1413
273	1441
273	1712
273	1812
985	1135
985	1206
985	1378
985	1410
985	1849
985	1891
1080	1436
1080	1482
1080	1491
1080	1500
1080	1655
1080	1822
1411	1691
1411	1861
1411	1902
1411	1988
1632	1879
765	783
765	806
765	810
765	869
765	1180
765	1269
765	1638
765	1652
765	1992
1002	1086
1002	1307
1002	1416
1002	1443
1002	1752
1002	1812
1068	1312
1068	1459
252	391
252	399
252	414
252	501
252	635
252	643
252	1510
252	1537
252	1560
252	1989
954	1224
954	1275
954	1290
954	1322
954	1337
954	1393
954	1420
954	1517
954	1658
954	1788
954	1828
954	1843
954	1998
972	1002
972	1038
972	1079
972	1089
972	1090
972	1383
972	1737
972	1754
972	1913
370	589
370	867
370	974
370	1002
370	1039
370	1197
370	1475
370	1699
370	1821
370	1847
370	1867
370	1908
370	1935
785	818
785	936
785	1186
785	1347
785	1551
785	1638
785	1820
1315	1337
1315	1424
1315	1606
1315	1634
1315	1665
281	465
281	591
281	828
281	998
281	1198
281	1565
281	1801
749	964
749	1001
749	1290
749	1407
749	1954
999	1134
999	1216
999	1232
999	1237
999	1502
1209	1372
1209	1393
1209	1405
1209	1410
1209	1582
1209	1605
1209	1665
1209	1672
1209	1882
1209	1923
1209	1940
1321	1467
1321	1475
1321	1515
1321	1621
1321	1972
336	518
336	598
336	628
336	741
336	860
336	880
336	989
336	1176
336	1211
336	1307
336	1365
336	1520
336	1908
510	599
510	802
510	1608
510	1724
510	1855
510	1914
1265	1425
501	670
501	1160
501	1167
501	1380
1017	1026
1017	1033
1017	1038
1017	1359
1017	1483
1017	1524
1017	1935
1141	1271
1141	1439
1141	1456
1141	1505
1141	1613
1141	1724
1141	1790
1141	1992
1272	1303
1272	1628
1272	1963
1290	1309
1290	1439
1290	1481
1290	1580
1290	1597
1290	1708
1646	1655
1646	1767
1646	1787
1646	1847
1646	1935
1646	1994
288	424
288	501
288	794
288	808
288	977
288	981
288	1199
288	1407
288	1654
920	930
920	1141
920	1412
920	1422
920	1575
920	1597
920	1767
470	488
470	704
470	803
470	1287
470	1389
470	1403
470	1467
470	1474
470	1533
470	1695
470	1824
873	971
873	1040
873	1098
873	1199
873	1211
873	1492
873	1608
873	1639
873	1993
1434	1610
1434	1645
1434	1790
1434	1900
1737	1760
1737	1956
583	751
583	831
583	876
583	967
583	987
583	1232
583	1326
583	1561
583	1758
1100	1253
1100	1640
1100	1680
1100	1787
1100	1808
1161	1556
1161	1873
1161	1908
1161	1949
1161	1986
1809	1908
1975	1986
180	202
180	597
180	673
180	699
180	710
180	967
180	1068
180	1144
180	1655
180	1845
202	218
202	616
202	785
202	822
202	1091
202	1168
202	1249
202	1397
202	1486
202	1501
202	1557
202	1716
202	1835
1144	1270
1144	1386
1144	1522
1144	1829
1144	1944
1144	1966
1655	1951
676	911
676	988
676	1476
676	1527
676	1571
676	1605
676	1645
676	1653
1422	1521
1422	1542
1422	1614
1422	1981
1539	1665
1539	1741
1539	1838
1539	1877
1539	1932
1539	1981
968	1091
968	1140
968	1224
968	1502
968	1700
1115	1148
1115	1150
1115	1197
1115	1459
1115	1515
1115	1691
1115	1765
1115	1812
1412	1700
1412	1790
1412	1820
1412	1937
1534	1535
1534	1570
1669	1966
575	678
575	740
575	808
575	883
575	1001
575	1034
575	1257
575	1746
1494	1513
1494	1558
1011	1598
1011	1823
1011	1837
1349	1453
1349	1523
1349	1634
1349	1827
1349	1832
1349	1835
1349	1889
1349	1891
1349	1995
185	238
185	406
185	481
185	535
185	670
185	710
185	899
185	1017
185	1142
185	1222
185	1411
185	1535
185	1753
185	1994
481	529
481	573
481	1402
481	1469
481	1538
481	1648
481	1850
1142	1550
1142	1864
1527	1867
1821	1853
1821	1861
1821	1904
297	477
297	479
297	879
297	949
297	1012
297	1159
297	1558
297	1606
297	1969
411	539
411	790
411	1078
411	1381
411	1959
733	772
733	987
733	1253
733	1370
733	1587
733	1764
837	1071
837	1364
837	1379
837	1422
837	1428
837	1560
837	1761
837	1799
837	1879
837	1889
1378	1524
1378	1646
1378	1717
1378	1748
1378	1950
1438	1672
1438	1682
1438	1908
1398	1411
1398	1481
1398	1646
1398	1673
1398	1712
1398	1975
1687	1697
1687	1722
1697	1931
1169	1417
1169	1576
1169	1775
425	459
425	699
425	740
425	1040
425	1074
425	1245
425	1287
425	1472
425	1483
425	1504
425	1566
425	1585
425	1719
425	1788
425	1924
436	538
436	714
436	1024
436	1070
436	1280
436	1385
436	1467
436	1885
526	604
526	891
526	1224
526	1420
526	1576
526	1703
526	1817
526	1951
1004	1369
1004	1485
1113	1275
1113	1468
1113	1575
1113	1775
1113	1929
1432	1463
1432	1790
1432	1937
1432	1977
253	332
253	468
253	500
253	673
253	733
253	739
253	853
253	1816
775	980
775	1338
775	1382
775	1413
775	1641
775	1644
734	812
734	923
734	955
734	1153
734	1478
734	1901
734	1932
734	1986
1159	1552
1159	1561
1159	1647
1159	1710
1159	1714
1159	1823
1218	1290
1218	1457
1218	1467
1218	1527
1218	1708
1218	1757
1218	1832
1382	1421
1382	1564
1382	1672
209	617
209	628
209	676
209	773
209	814
209	898
209	919
209	1299
209	1499
209	1761
209	1778
237	265
237	540
237	607
237	656
237	697
237	953
237	1040
237	1235
237	1309
237	1334
237	1357
237	1631
237	1710
237	1813
237	1971
431	599
431	739
431	948
431	967
431	1122
431	1407
1301	1709
1301	1712
1301	1722
1301	1786
1301	1818
1134	1172
1134	1476
1134	1675
1134	1932
247	367
247	450
247	750
247	789
247	819
247	986
247	1309
247	1368
247	1397
247	1474
247	1518
654	672
654	824
654	1182
654	1190
654	1496
654	1668
654	1803
740	810
740	894
740	1057
740	1223
740	1577
740	1616
740	1710
740	1987
1582	1886
1891	1999
269	271
269	419
269	680
269	890
269	1095
269	1275
269	1286
269	1377
269	1424
269	1522
269	1559
269	1592
269	1834
1390	1469
1390	1735
1390	1738
1390	1748
1835	1936
258	422
258	471
258	598
258	926
258	1396
258	1410
258	1469
258	1975
800	841
800	1005
800	1198
800	1949
1774	1808
1090	1195
1090	1206
1090	1332
1090	1472
1090	1975
384	442
384	478
384	800
384	908
384	927
384	987
384	1113
384	1509
384	1643
384	1758
384	1806
384	1927
384	1930
401	645
401	649
401	1034
401	1483
401	1967
437	495
437	963
437	1065
437	1233
437	1429
437	1983
1057	1261
1057	1280
1057	1317
1057	1350
1057	1504
1057	1547
1057	1570
1057	1635
1165	1255
1165	1317
1165	1335
1165	1386
1165	1587
1165	1954
1173	1411
1173	1475
1173	1618
1173	1656
1173	1834
379	577
379	590
379	618
379	687
379	949
379	1052
379	1718
379	1734
379	1792
1643	1935
814	970
814	1017
814	1057
814	1290
814	1453
814	1463
814	1679
814	1786
814	1846
814	1937
814	1987
898	926
898	1139
898	1141
898	1306
898	1396
898	1444
898	1527
898	1609
898	1769
898	1781
1499	1555
1499	1842
1499	1882
1499	1951
1499	1989
1850	1902
1850	1979
736	770
736	969
736	975
736	1009
736	1110
736	1184
736	1665
736	1762
212	284
212	414
212	450
212	755
212	870
212	1341
212	1532
212	1639
212	1869
212	1954
284	326
284	414
284	629
284	762
284	880
284	910
284	1149
284	1333
284	1390
284	1578
284	1747
284	1816
284	1886
1869	1891
1184	1506
1184	1537
1184	1647
1184	1738
1184	1862
1416	1510
1416	1677
1416	1749
1416	1933
1416	1949
1416	1992
1444	1474
1444	1515
1444	1519
1444	1550
1444	1715
1444	1986
756	822
756	881
756	1337
756	1338
756	1431
756	1495
756	1610
756	1754
756	1881
756	1891
279	642
279	699
279	741
279	828
279	1194
279	1427
279	1522
279	1643
279	1666
279	1812
279	1871
279	1995
396	987
396	1120
396	1152
396	1178
396	1238
396	1334
396	1349
396	1389
396	1467
396	1535
396	1669
396	1690
396	1764
1475	1846
1475	1891
216	395
216	585
216	677
216	767
216	789
216	919
216	991
216	1074
216	1141
216	1372
216	1483
216	1694
216	1754
216	1926
1074	1190
1074	1205
1074	1702
1074	1790
1074	1995
1095	1098
1095	1165
1095	1539
1095	1575
1095	1590
1095	1949
1336	1493
1336	1559
1336	1867
1344	1423
1344	1440
1344	1560
1344	1831
1344	1863
1344	1867
1981	1995
808	837
808	1033
808	1173
808	1176
808	1325
808	1396
808	1441
808	1500
808	1570
808	1717
1250	1290
1250	1350
1250	1600
1250	1609
1250	1839
956	1638
956	1813
956	1966
1197	1259
1197	1556
1197	1869
339	362
339	647
339	790
339	1163
339	1175
339	1260
339	1712
339	1815
339	1977
664	1021
664	1115
664	1405
664	1648
664	1724
664	1877
1739	1828
1739	1869
1739	1891
1739	1901
1739	1907
1739	1936
1739	1965
518	635
518	684
518	720
518	831
518	926
518	1195
518	1229
518	1287
518	1346
518	1450
518	1530
518	1566
518	1716
518	1762
518	1862
625	902
625	967
625	1270
625	1330
625	1537
625	1619
625	1632
625	1645
625	1742
1139	1275
1139	1384
1139	1483
1139	1679
1139	1840
1058	1184
1058	1299
1058	1440
1058	1443
1058	1494
1058	1582
1058	1786
1058	1938
1058	1989
383	462
383	612
383	837
383	971
383	998
383	1271
1656	1705
1656	1978
776	1191
776	1265
776	1470
776	1766
776	1769
776	1938
1028	1329
1028	1374
1028	1395
1028	1619
1028	1637
1028	1840
1028	1930
881	892
881	1398
881	1567
881	1666
881	1702
881	1906
881	1937
545	769
545	905
545	925
545	967
545	1317
545	1378
545	1567
545	1611
545	1806
545	1820
545	1832
545	1889
545	1962
235	368
235	370
235	519
235	1063
235	1162
235	1398
235	1410
235	1646
235	1760
235	1988
850	975
850	1161
850	1211
850	1495
850	1521
850	1786
850	1871
234	447
234	536
234	575
234	1097
234	1384
234	1823
536	544
536	695
536	853
536	1073
536	1219
536	1394
536	1578
536	1610
536	1684
536	1840
1823	1882
1823	1989
1027	1249
1027	1449
1027	1527
1027	1557
819	1686
819	1801
344	399
344	415
344	491
344	579
344	736
344	1188
344	1315
344	1438
344	1530
344	1539
1192	1401
1192	1428
1192	1510
1192	1623
1192	1640
1192	1719
1192	1903
1745	1761
1745	1774
1745	1798
1456	1535
1456	1806
1456	1923
1456	1953
869	927
869	976
869	1153
869	1242
869	1436
869	1602
1295	1404
1295	1995
1375	1464
1375	1558
1375	1597
1375	1683
1375	1950
1428	1658
986	1013
986	1273
986	1429
986	1506
986	1510
986	1709
986	1868
305	319
305	338
305	371
305	427
305	699
305	750
305	788
305	1235
305	1702
305	1735
305	1760
851	912
851	1140
851	1359
851	1368
851	1478
851	1808
851	1868
1048	1201
1048	1332
1048	1406
1048	1655
367	447
367	468
367	497
367	664
367	681
367	874
367	1186
367	1268
367	1608
367	1722
367	1882
367	1967
1518	1640
1518	1737
1518	1929
1518	1946
248	402
248	778
248	869
248	918
248	1608
248	1658
391	617
391	904
391	1159
391	1188
391	1279
391	1297
391	1410
391	1628
391	1937
391	1966
468	469
468	470
468	684
468	754
468	1131
468	1212
468	1533
468	1604
468	1932
500	701
500	842
500	851
500	862
500	919
500	1095
500	1476
500	1817
500	1846
500	1869
853	993
853	1037
853	1115
853	1551
853	1771
853	1940
254	301
254	407
254	444
254	558
254	657
254	778
254	806
254	843
254	1044
254	1050
254	1260
254	1277
254	1422
254	1455
254	1505
254	1786
444	592
444	677
444	828
444	866
444	899
444	1139
444	1258
444	1846
810	1180
810	1273
810	1290
810	1638
810	1652
1728	1877
1757	1923
471	554
471	787
471	845
471	1095
471	1331
471	1398
471	1518
471	1835
471	1869
598	1397
598	1578
1493	1716
1493	1727
1493	1838
1493	1852
1493	1905
1493	1969
1762	1966
1644	1696
1644	1720
1644	1733
1969	1999
841	845
841	924
841	1250
841	1369
841	1432
841	1815
841	1986
1167	1223
1167	1236
1167	1409
1167	1951
1262	1286
1262	1296
1262	1331
1291	1399
1291	1487
1291	1534
1291	1879
1713	1806
1713	1967
1147	1338
1147	1440
1147	1482
1147	1798
1147	1905
1261	1272
1261	1282
1261	1775
1261	1935
1261	1966
1308	1494
1308	1725
1308	1799
1308	1822
1308	1864
728	865
728	1304
728	1457
728	1479
728	1577
728	1605
728	1655
728	1801
728	1893
728	1995
419	511
419	1808
1834	1913
942	1031
942	1180
942	1278
942	1547
942	1760
942	1930
1135	1194
1135	1243
1135	1369
790	1173
790	1270
790	1278
790	1415
790	1718
790	1949
1393	1431
1393	1526
1393	1544
1393	1658
1393	1753
1393	1825
1393	1935
1393	1959
1405	1425
1405	1610
1405	1705
1405	1791
1405	1827
1405	1849
1405	1935
704	710
704	881
704	943
704	1122
704	1152
704	1539
704	1781
704	1835
442	462
442	955
442	1002
442	1177
442	1640
442	1893
442	1972
442	1999
1490	1872
1490	1971
300	303
300	335
300	519
300	991
300	1122
300	1275
300	1276
300	1412
300	1552
300	1556
300	1898
300	1936
300	1980
300	1997
1623	1725
1623	1799
1623	1972
1623	1978
642	744
642	1091
642	1100
642	1280
642	1308
642	1447
642	1452
642	1490
642	1620
642	1824
642	1829
1573	1613
1573	1626
1573	1652
1573	1911
465	783
465	842
465	850
465	1089
465	1191
465	1316
465	1420
465	1495
465	1595
465	1618
465	1832
465	1834
998	1179
998	1334
998	1598
998	1808
998	1860
1198	1320
1198	1415
1198	1439
1198	1474
1198	1523
1198	1643
1198	1736
1198	1739
1198	1776
1128	1278
1128	1659
1128	1895
1128	1987
1333	1489
1886	1940
285	662
285	705
285	857
285	949
285	981
285	1025
285	1441
285	1576
285	1641
285	1956
705	1084
705	1113
705	1347
705	1452
705	1538
705	1718
1956	1978
944	1185
944	1237
944	1249
944	1250
944	1281
944	1499
944	1834
944	1897
944	1927
944	1997
287	384
287	564
287	875
287	1034
287	1245
287	1782
287	1898
287	1980
454	518
454	575
454	584
454	881
454	1143
454	1384
454	1662
454	1821
454	1918
798	1061
798	1143
798	1211
798	1470
798	1524
798	1978
294	448
294	865
294	1279
294	1505
294	1602
294	1643
865	1198
865	1474
865	1505
865	1565
865	1745
865	1769
865	1786
865	1944
1575	1618
1575	1831
296	413
296	677
296	926
296	1023
296	1082
296	1111
296	1117
296	1189
296	1272
296	1369
296	1439
296	1513
296	1802
477	616
477	883
477	892
477	999
477	1002
477	1205
477	1321
477	1386
477	1435
477	1467
477	1573
477	1653
1012	1023
1012	1128
1012	1467
1012	1517
1012	1696
1012	1792
1012	1869
831	914
831	995
831	1027
831	1232
831	1505
831	1949
1467	1566
1467	1635
1467	1643
1467	1774
1598	1808
1598	1834
1598	1945
1598	1954
478	545
478	587
478	625
478	677
478	696
478	785
478	788
478	895
478	1007
478	1086
478	1130
478	1438
478	1511
478	1702
307	587
307	700
307	1077
307	1082
307	1188
307	1606
307	1680
307	1776
307	1828
1680	1757
1680	1835
1680	1838
313	316
313	404
313	478
313	893
313	902
313	1024
313	1034
313	1386
313	1444
313	1552
313	1979
313	1994
902	924
902	1044
902	1237
902	1254
902	1640
902	1778
1386	1574
1386	1886
943	983
943	1037
943	1271
943	1282
943	1379
943	1449
943	1453
943	1682
943	1808
943	1944
1672	1679
1672	1729
1307	1321
1307	1407
1307	1435
1307	1467
1307	1518
1307	1534
1307	1609
1307	1878
1888	1891
1888	1937
1888	1959
1098	1413
1098	1459
1098	1822
1098	1901
1098	1904
1098	1935
1098	1967
423	547
423	631
423	923
423	1073
423	1139
423	1197
423	1230
423	1263
423	1270
423	1401
423	1604
423	1814
610	956
610	965
610	1168
610	1287
610	1551
1454	1498
1454	1616
1454	1710
1454	1840
1454	1867
1138	1159
1138	1403
1138	1476
1138	1534
1138	1722
1138	1788
348	440
348	484
348	708
348	734
348	855
348	1097
348	1382
348	1457
348	1469
348	1624
348	1828
348	1918
1500	1712
1815	1863
1815	1951
1536	1583
1536	1801
1536	1855
631	1195
631	1311
631	1542
631	1811
631	1827
631	1882
674	769
674	947
674	1071
674	1096
674	1122
674	1330
674	1336
674	1605
674	1822
674	1948
1491	1528
1491	1700
1491	1901
1478	1654
1478	1703
1478	1863
860	929
860	983
860	1010
860	1542
860	1628
860	1762
860	1939
1365	1754
1365	1937
1520	1697
1152	1463
1152	1782
1140	1191
1140	1273
1140	1315
1140	1407
1140	1411
1140	1509
1140	1658
1140	1902
1729	1818
1729	1956
714	852
714	1140
714	1175
714	1238
714	1341
714	1485
714	1609
714	1647
714	1889
541	621
541	695
541	886
541	1163
541	1232
541	1330
541	1365
1624	1691
1624	1718
1624	1850
1624	1931
658	736
658	744
658	1042
658	1257
658	1383
658	1489
658	1506
658	1612
658	1792
970	1034
970	1046
970	1234
970	1307
970	1334
970	1423
970	1431
970	1450
970	1882
970	1914
352	411
352	497
352	612
352	1034
352	1158
352	1295
352	1299
352	1703
352	1867
648	767
648	874
648	1001
648	1036
648	1286
648	1434
648	1871
648	1938
576	618
576	831
576	841
576	877
576	902
576	951
576	960
576	1046
576	1162
576	1195
576	1279
576	1375
864	1013
864	1130
864	1459
864	1695
864	1949
1948	1993
1574	1746
1574	1764
1711	1716
1711	1908
1711	1965
517	528
517	636
517	662
517	902
517	1082
517	1188
517	1263
517	1439
517	1981
1253	1425
1253	1457
1253	1746
1894	1907
1894	1936
369	399
369	1050
369	1122
369	1276
369	1306
369	1329
369	1418
369	1911
1699	1742
1699	1829
1699	1949
1699	1969
1699	1983
516	1026
516	1718
1282	1824
1282	1902
1282	1931
1282	1965
713	741
713	809
713	1026
713	1072
713	1135
713	1297
713	1576
713	1604
713	1686
1749	1757
1749	1996
971	989
971	1451
971	1585
971	1729
927	1099
927	1296
927	1504
927	1573
927	1625
927	1728
927	1873
888	1141
888	1364
888	1369
888	1370
888	1504
888	1781
888	1860
1380	1658
1380	1727
1380	1824
1447	1679
1447	1799
1447	1840
1628	1686
1628	1727
758	972
758	1099
758	1149
758	1261
758	1303
758	1522
758	1528
758	1600
758	1626
758	1831
758	1868
866	899
866	1613
866	1733
866	1838
866	1886
606	684
606	705
606	953
606	976
606	1188
606	1838
606	1843
1204	1237
1204	1468
1204	1494
1204	1515
1204	1573
1204	1700
1204	1815
1204	1821
504	561
504	809
504	965
504	1234
504	1304
504	1480
504	1798
504	1877
504	1979
599	639
599	705
599	753
599	861
599	1086
599	1335
599	1535
599	1713
599	1945
957	1084
957	1798
957	1853
964	1070
964	1096
964	1382
964	1388
964	1432
964	1613
964	1711
964	1719
1401	1848
1401	1938
1401	1975
565	664
565	672
565	1074
565	1135
565	1153
565	1182
565	1274
565	1309
565	1317
565	1413
565	1416
565	1454
565	1539
565	1605
565	1687
443	585
443	657
443	725
443	1015
443	1301
443	1344
443	1666
443	1713
443	1992
1829	1940
554	908
554	1015
554	1390
554	1401
554	1686
1193	1356
1193	1441
1193	1542
1193	1609
1193	1823
1538	1727
1538	1776
1099	1117
1099	1263
1099	1905
1326	1375
1326	1404
958	1074
958	1086
958	1766
701	1307
701	1338
701	1458
701	1515
701	1536
561	869
561	873
561	942
561	1117
561	1337
561	1575
561	1823
561	1893
1590	1652
1590	1838
1590	1983
1590	1998
626	746
626	931
626	951
626	1186
626	1265
626	1272
626	1308
626	1382
626	1459
626	1946
1498	1625
1498	1673
1498	1920
990	1212
990	1406
990	1739
990	1936
990	1949
1440	1714
1317	1410
1317	1472
1317	1533
1317	1589
1317	1665
1317	1675
1317	1729
1317	1949
1317	1953
1112	1184
1112	1468
1112	1478
1112	1766
1112	1781
1112	1889
781	938
781	964
781	985
781	1320
781	1330
781	1711
781	1736
751	951
751	1014
751	1241
596	838
596	980
596	1489
596	1564
596	1648
596	1718
1543	1570
1543	1612
1543	1702
1543	1729
1543	1790
1543	1793
1449	1456
1449	1486
1449	1545
1449	1612
1449	1752
1449	1951
665	809
665	830
665	884
665	1336
665	1585
665	1714
693	699
693	923
693	988
693	1017
693	1275
693	1338
693	1349
693	1355
693	1494
1348	1411
1348	1684
1348	1847
1348	1987
