# Undirected graph (each unordered pair of nodes is saved once): output/networks/ScaleFree500removeRandom-95percent.txt
# Nodes: 100 Edges: 2365
# NodeId	NodeId
6	7
6	20
6	38
6	40
6	54
6	64
6	100
6	110
6	125
6	151
6	156
6	174
6	193
6	216
6	222
6	259
6	294
6	355
6	356
6	407
6	408
6	450
6	458
6	526
6	548
6	552
6	566
6	569
6	573
6	574
6	601
6	602
6	607
6	611
6	628
6	635
6	660
6	663
6	715
6	735
6	775
6	777
6	887
6	908
6	945
6	977
6	991
6	1006
6	1042
6	1073
6	1149
6	1172
6	1199
6	1220
6	1222
6	1230
6	1251
6	1479
6	1486
6	1496
6	1531
6	1569
6	1695
6	1712
6	1883
6	1969
7	20
7	38
7	40
7	54
7	64
7	100
7	110
7	125
7	151
7	156
7	174
7	193
7	216
7	222
7	259
7	294
7	355
7	356
7	407
7	408
7	450
7	458
7	526
7	548
7	552
7	566
7	569
7	573
7	574
7	601
7	602
7	607
7	611
7	628
7	635
7	660
7	663
7	696
7	715
7	735
7	777
7	880
7	898
7	908
7	945
7	977
7	991
7	1006
7	1037
7	1042
7	1087
7	1172
7	1193
7	1224
7	1267
7	1358
7	1479
7	1617
7	1650
7	1810
7	1969
20	38
20	40
20	54
20	64
20	100
20	110
20	125
20	151
20	156
20	174
20	193
20	216
20	222
20	259
20	294
20	355
20	356
20	407
20	408
20	450
20	458
20	526
20	531
20	548
20	566
20	573
20	601
20	602
20	635
20	660
20	715
20	735
20	775
20	777
20	856
20	880
20	898
20	945
20	991
20	1006
20	1037
20	1042
20	1074
20	1079
20	1080
20	1127
20	1172
20	1220
20	1222
20	1230
20	1258
20	1647
20	1650
20	1712
20	1817
20	1887
38	40
38	54
38	64
38	100
38	110
38	125
38	151
38	156
38	174
38	193
38	216
38	222
38	259
38	294
38	355
38	356
38	407
38	408
38	450
38	458
38	526
38	531
38	548
38	552
38	566
38	569
38	573
38	574
38	601
38	602
38	607
38	611
38	635
38	663
38	696
38	735
38	775
38	786
38	880
38	887
38	898
38	1006
38	1037
38	1042
38	1073
38	1080
38	1087
38	1220
38	1234
38	1251
38	1267
38	1358
38	1378
38	1479
38	1485
38	1496
38	1569
38	1647
38	1817
38	1887
38	1897
38	1969
38	1992
40	54
40	64
40	100
40	110
40	125
40	151
40	156
40	174
40	193
40	216
40	222
40	259
40	294
40	355
40	356
40	407
40	408
40	450
40	458
40	531
40	548
40	552
40	566
40	569
40	574
40	601
40	602
40	607
40	611
40	635
40	660
40	663
40	696
40	715
40	777
40	786
40	898
40	945
40	991
40	1037
40	1074
40	1079
40	1080
40	1087
40	1199
40	1230
40	1251
40	1273
40	1293
40	1358
40	1479
40	1485
40	1486
40	1569
40	1647
40	1695
40	1883
40	1887
40	1992
54	64
54	100
54	110
54	125
54	151
54	156
54	174
54	193
54	216
54	222
54	259
54	294
54	355
54	356
54	407
54	408
54	450
54	458
54	526
54	548
54	552
54	566
54	569
54	574
54	601
54	611
54	628
54	635
54	660
54	663
54	696
54	715
54	775
54	777
54	856
54	880
54	887
54	898
54	945
54	977
54	1006
54	1073
54	1074
54	1079
54	1080
54	1087
54	1127
54	1149
54	1172
54	1199
54	1220
54	1222
54	1224
54	1251
54	1485
54	1531
54	1569
54	1647
54	1992
64	100
64	110
64	125
64	151
64	156
64	174
64	193
64	216
64	222
64	259
64	294
64	355
64	356
64	407
64	408
64	450
64	458
64	526
64	531
64	548
64	552
64	566
64	569
64	573
64	574
64	601
64	602
64	607
64	611
64	635
64	660
64	696
64	735
64	777
64	786
64	887
64	898
64	908
64	945
64	977
64	991
64	1006
64	1037
64	1074
64	1080
64	1087
64	1127
64	1220
64	1251
64	1258
64	1267
64	1273
64	1293
64	1378
64	1569
64	1620
64	1650
64	1712
64	1810
64	1897
64	1992
100	110
100	125
100	151
100	156
100	174
100	193
100	216
100	222
100	259
100	294
100	355
100	356
100	407
100	408
100	450
100	458
100	526
100	531
100	548
100	566
100	573
100	574
100	601
100	602
100	611
100	628
100	635
100	660
100	663
100	735
100	786
100	856
100	880
100	977
100	1000
100	1006
100	1037
100	1073
100	1074
100	1127
100	1149
100	1172
100	1199
100	1220
100	1222
100	1258
100	1273
100	1358
100	1479
100	1486
100	1496
100	1531
100	1647
100	1712
100	1887
110	125
110	151
110	156
110	174
110	193
110	216
110	222
110	259
110	294
110	355
110	356
110	407
110	408
110	450
110	458
110	531
110	548
110	552
110	566
110	569
110	573
110	574
110	601
110	602
110	607
110	611
110	628
110	660
110	663
110	775
110	786
110	856
110	880
110	898
110	977
110	1000
110	1074
110	1079
110	1080
110	1087
110	1172
110	1193
110	1220
110	1234
110	1251
110	1258
110	1273
110	1358
110	1378
110	1479
110	1485
110	1486
110	1496
110	1531
110	1569
110	1617
110	1650
110	1887
110	1894
110	1992
125	151
125	156
125	174
125	193
125	216
125	222
125	259
125	294
125	355
125	356
125	407
125	408
125	450
125	458
125	526
125	531
125	548
125	552
125	569
125	573
125	574
125	601
125	602
125	607
125	628
125	635
125	660
125	663
125	696
125	715
125	735
125	777
125	786
125	856
125	880
125	887
125	898
125	945
125	1000
125	1037
125	1073
125	1079
125	1080
125	1087
125	1199
125	1220
125	1222
125	1224
125	1230
125	1234
125	1267
125	1479
125	1485
125	1496
125	1531
125	1712
125	1897
125	1992
151	156
151	174
151	193
151	216
151	222
151	259
151	294
151	355
151	356
151	407
151	408
151	450
151	458
151	526
151	531
151	548
151	566
151	569
151	573
151	574
151	601
151	602
151	611
151	628
151	635
151	660
151	663
151	696
151	715
151	775
151	777
151	856
151	880
151	898
151	1000
151	1037
151	1042
151	1073
151	1079
151	1080
151	1127
151	1149
151	1193
151	1199
151	1222
151	1230
151	1273
151	1479
151	1485
151	1531
151	1569
151	1620
151	1647
151	1695
151	1894
156	174
156	193
156	216
156	222
156	259
156	294
156	355
156	356
156	407
156	408
156	450
156	458
156	526
156	531
156	548
156	552
156	566
156	569
156	573
156	574
156	601
156	602
156	607
156	628
156	660
156	696
156	775
156	777
156	786
156	880
156	887
156	977
156	991
156	1000
156	1006
156	1037
156	1080
156	1127
156	1149
156	1172
156	1193
156	1199
156	1220
156	1230
156	1234
156	1251
156	1258
156	1267
156	1569
156	1617
156	1695
156	1712
156	1894
156	1969
156	1992
174	193
174	216
174	222
174	259
174	294
174	355
174	356
174	407
174	408
174	450
174	458
174	526
174	531
174	548
174	552
174	569
174	573
174	601
174	602
174	607
174	628
174	635
174	663
174	696
174	715
174	775
174	786
174	856
174	887
174	898
174	908
174	977
174	991
174	1006
174	1037
174	1074
174	1087
174	1149
174	1193
174	1199
174	1220
174	1222
174	1234
174	1251
174	1258
174	1273
174	1293
174	1569
174	1617
174	1620
174	1647
174	1712
174	1817
193	216
193	222
193	259
193	294
193	355
193	356
193	407
193	408
193	450
193	458
193	526
193	531
193	548
193	552
193	566
193	569
193	573
193	574
193	601
193	602
193	607
193	611
193	628
193	660
193	663
193	696
193	735
193	775
193	856
193	908
193	945
193	977
193	1000
193	1037
193	1042
193	1073
193	1127
193	1193
193	1199
193	1220
193	1222
193	1251
193	1273
193	1496
193	1531
193	1647
193	1650
193	1817
193	1897
216	222
216	259
216	294
216	355
216	356
216	407
216	408
216	450
216	458
216	526
216	531
216	548
216	566
216	573
216	574
216	601
216	602
216	607
216	635
216	696
216	715
216	735
216	775
216	777
216	887
216	908
216	977
216	1037
216	1042
216	1073
216	1074
216	1127
216	1172
216	1193
216	1220
216	1222
216	1230
216	1234
216	1251
216	1273
216	1479
216	1486
216	1531
216	1569
216	1883
216	1894
216	1969
222	259
222	294
222	355
222	356
222	407
222	408
222	450
222	458
222	526
222	531
222	548
222	552
222	566
222	569
222	573
222	574
222	601
222	602
222	628
222	635
222	660
222	696
222	735
222	777
222	786
222	856
222	898
222	908
222	977
222	991
222	1000
222	1006
222	1037
222	1074
222	1079
222	1080
222	1087
222	1172
222	1199
222	1220
222	1222
222	1224
222	1234
222	1251
222	1273
222	1293
222	1531
222	1569
222	1620
222	1650
222	1810
222	1817
259	294
259	355
259	356
259	407
259	408
259	450
259	458
259	526
259	531
259	548
259	552
259	566
259	569
259	573
259	601
259	607
259	611
259	635
259	660
259	663
259	696
259	715
259	775
259	777
259	786
259	856
259	880
259	887
259	945
259	991
259	1000
259	1006
259	1042
259	1073
259	1079
259	1087
259	1172
259	1220
259	1222
259	1230
259	1234
259	1258
259	1267
259	1486
259	1531
259	1620
259	1647
259	1650
259	1695
259	1712
259	1887
259	1894
294	355
294	356
294	407
294	408
294	450
294	458
294	526
294	531
294	548
294	552
294	566
294	569
294	573
294	602
294	607
294	611
294	628
294	635
294	663
294	696
294	715
294	735
294	777
294	856
294	880
294	887
294	908
294	945
294	977
294	1037
294	1042
294	1074
294	1079
294	1087
294	1127
294	1193
294	1199
294	1220
294	1222
294	1224
294	1230
294	1258
294	1267
294	1273
294	1486
294	1617
294	1620
294	1650
294	1695
294	1712
294	1810
294	1897
355	356
355	407
355	408
355	450
355	458
355	526
355	531
355	552
355	566
355	569
355	573
355	574
355	601
355	602
355	611
355	628
355	635
355	663
355	715
355	735
355	775
355	786
355	856
355	880
355	908
355	945
355	977
355	991
355	1000
355	1080
355	1193
355	1224
355	1267
355	1273
355	1293
355	1358
355	1485
355	1486
355	1496
355	1531
355	1617
355	1650
355	1712
355	1817
355	1883
355	1894
355	1897
355	1969
356	407
356	408
356	450
356	458
356	526
356	531
356	548
356	552
356	566
356	573
356	574
356	601
356	602
356	607
356	611
356	628
356	660
356	663
356	696
356	715
356	735
356	777
356	786
356	880
356	898
356	908
356	1006
356	1037
356	1074
356	1079
356	1080
356	1087
356	1127
356	1220
356	1258
356	1358
356	1479
356	1485
356	1569
356	1617
356	1620
356	1695
356	1712
356	1817
356	1887
356	1897
356	1992
407	408
407	450
407	458
407	526
407	531
407	548
407	552
407	566
407	569
407	573
407	574
407	607
407	611
407	628
407	635
407	660
407	775
407	786
407	880
407	898
407	908
407	945
407	1087
407	1172
407	1220
407	1234
407	1251
407	1273
407	1358
407	1378
407	1485
407	1531
407	1569
407	1617
407	1620
407	1712
407	1817
407	1897
408	450
408	458
408	526
408	531
408	548
408	552
408	566
408	569
408	573
408	574
408	601
408	602
408	607
408	628
408	635
408	660
408	696
408	735
408	775
408	777
408	856
408	887
408	898
408	908
408	977
408	991
408	1037
408	1042
408	1127
408	1149
408	1199
408	1220
408	1222
408	1224
408	1273
408	1358
408	1496
408	1531
408	1617
408	1620
408	1883
408	1894
408	1992
450	458
450	526
450	531
450	548
450	552
450	566
450	569
450	573
450	574
450	601
450	602
450	607
450	611
450	628
450	660
450	663
450	696
450	715
450	735
450	777
450	786
450	880
450	887
450	898
450	908
450	977
450	991
450	1000
450	1006
450	1042
450	1074
450	1079
450	1087
450	1149
450	1172
450	1199
450	1222
450	1230
450	1251
450	1258
450	1273
450	1293
450	1358
450	1485
450	1486
450	1531
450	1620
450	1695
458	531
458	548
458	552
458	569
458	573
458	574
458	601
458	602
458	607
458	628
458	635
458	660
458	715
458	735
458	775
458	777
458	786
458	880
458	887
458	898
458	908
458	945
458	1073
458	1079
458	1087
458	1127
458	1149
458	1193
458	1199
458	1224
458	1230
458	1234
458	1251
458	1273
458	1358
458	1378
458	1569
458	1617
458	1810
458	1817
458	1887
526	531
526	548
526	552
526	566
526	569
526	573
526	574
526	601
526	602
526	607
526	611
526	628
526	635
526	660
526	696
526	777
526	786
526	880
526	887
526	898
526	977
526	991
526	1000
526	1079
526	1080
526	1127
526	1149
526	1172
526	1199
526	1251
526	1358
526	1479
526	1485
526	1486
526	1496
526	1617
526	1695
526	1712
526	1883
526	1894
526	1992
531	548
531	552
531	566
531	569
531	573
531	574
531	601
531	602
531	607
531	635
531	660
531	663
531	696
531	715
531	735
531	775
531	777
531	856
531	880
531	887
531	991
531	1000
531	1037
531	1080
531	1087
531	1127
531	1220
531	1230
531	1234
531	1258
531	1267
531	1273
531	1486
531	1496
531	1531
531	1569
531	1617
531	1620
531	1712
531	1883
531	1969
548	552
548	566
548	569
548	573
548	574
548	601
548	602
548	611
548	628
548	635
548	660
548	775
548	887
548	898
548	908
548	991
548	1042
548	1073
548	1074
548	1080
548	1127
548	1172
548	1199
548	1251
548	1258
548	1273
548	1293
548	1479
548	1485
548	1486
548	1531
548	1569
548	1620
548	1647
548	1695
548	1712
548	1817
548	1887
548	1894
548	1992
552	566
552	569
552	573
552	574
552	601
552	607
552	611
552	628
552	635
552	660
552	663
552	696
552	715
552	775
552	777
552	786
552	880
552	887
552	898
552	908
552	945
552	977
552	991
552	1000
552	1042
552	1073
552	1127
552	1199
552	1230
552	1234
552	1273
552	1378
552	1485
552	1531
552	1569
552	1620
552	1650
552	1695
552	1712
552	1883
552	1887
552	1894
552	1897
552	1969
566	569
566	573
566	574
566	601
566	602
566	607
566	611
566	628
566	635
566	660
566	663
566	715
566	735
566	775
566	777
566	945
566	977
566	991
566	1000
566	1006
566	1073
566	1074
566	1193
566	1222
566	1230
566	1234
566	1251
566	1378
566	1479
566	1486
566	1496
566	1647
566	1810
566	1894
566	1992
569	573
569	574
569	602
569	611
569	635
569	660
569	663
569	696
569	715
569	735
569	775
569	856
569	880
569	991
569	1006
569	1037
569	1127
569	1193
569	1199
569	1224
569	1230
569	1234
569	1258
569	1267
569	1273
569	1293
569	1486
569	1496
569	1531
569	1569
569	1617
569	1620
569	1647
569	1650
569	1712
569	1883
569	1992
573	602
573	607
573	611
573	635
573	663
573	715
573	735
573	775
573	880
573	945
573	991
573	1037
573	1079
573	1080
573	1087
573	1172
573	1222
573	1234
573	1293
573	1378
573	1496
573	1569
573	1617
573	1620
573	1695
573	1712
573	1883
573	1887
573	1894
573	1969
573	1992
574	602
574	607
574	611
574	628
574	660
574	663
574	735
574	775
574	777
574	786
574	856
574	880
574	898
574	945
574	977
574	991
574	1006
574	1042
574	1073
574	1074
574	1080
574	1149
574	1172
574	1220
574	1224
574	1258
574	1479
574	1485
574	1496
574	1531
574	1647
574	1650
574	1817
574	1887
574	1897
574	1969
601	602
601	607
601	611
601	635
601	663
601	715
601	775
601	777
601	786
601	856
601	898
601	945
601	977
601	991
601	1006
601	1037
601	1073
601	1074
601	1080
601	1149
601	1172
601	1193
601	1220
601	1224
601	1234
601	1251
601	1258
601	1267
601	1479
601	1486
601	1531
601	1620
601	1712
601	1969
602	607
602	611
602	635
602	660
602	663
602	696
602	715
602	775
602	777
602	786
602	898
602	908
602	1000
602	1074
602	1079
602	1080
602	1087
602	1199
602	1220
602	1224
602	1234
602	1273
602	1486
602	1531
602	1617
602	1620
602	1695
602	1883
602	1887
602	1969
602	1992
607	611
607	660
607	663
607	735
607	775
607	786
607	856
607	908
607	977
607	1000
607	1006
607	1073
607	1080
607	1127
607	1172
607	1193
607	1230
607	1251
607	1650
607	1897
611	663
611	715
611	735
611	775
611	777
611	786
611	880
611	887
611	898
611	908
611	977
611	991
611	1006
611	1037
611	1042
611	1073
611	1074
611	1079
611	1080
611	1199
611	1220
611	1224
611	1258
611	1531
611	1617
611	1647
611	1712
611	1883
611	1969
628	663
628	696
628	715
628	775
628	777
628	786
628	880
628	908
628	977
628	991
628	1006
628	1042
628	1074
628	1080
628	1127
628	1172
628	1220
628	1222
628	1230
628	1273
628	1378
628	1479
628	1486
628	1496
628	1569
628	1647
628	1695
628	1810
628	1817
628	1883
628	1894
628	1897
660	696
660	715
660	775
660	777
660	856
660	880
660	887
660	898
660	908
660	977
660	1000
660	1042
660	1074
660	1080
660	1127
660	1149
660	1193
660	1199
660	1222
660	1230
660	1251
660	1267
660	1485
660	1650
696	715
696	735
696	775
696	777
696	786
696	880
696	887
696	945
696	1000
696	1037
696	1042
696	1074
696	1127
696	1230
696	1258
696	1273
696	1378
696	1485
696	1496
696	1620
696	1647
696	1695
696	1969
696	1992
715	775
715	777
715	856
715	880
715	887
715	977
715	991
715	1000
715	1037
715	1042
715	1073
715	1087
715	1193
715	1199
715	1220
715	1222
715	1234
715	1293
715	1358
715	1378
715	1479
715	1485
715	1569
715	1650
715	1695
715	1810
715	1992
735	786
735	856
735	898
735	908
735	1006
735	1037
735	1172
735	1220
735	1222
735	1224
735	1258
735	1293
735	1358
735	1486
735	1569
735	1617
735	1695
735	1712
735	1810
735	1817
735	1883
775	777
775	786
775	898
775	908
775	945
775	1037
775	1042
775	1079
775	1080
775	1087
775	1127
775	1149
775	1222
775	1234
775	1251
775	1258
775	1267
775	1479
775	1485
775	1531
775	1617
775	1712
775	1810
775	1817
775	1897
1000	1006
1000	1074
1000	1149
1000	1234
1000	1267
1000	1486
1000	1531
1000	1569
1000	1810
1000	1969
1037	1074
1037	1079
1037	1080
1037	1127
1037	1251
1037	1258
1037	1293
1037	1569
1037	1617
1037	1620
1037	1647
1037	1894
1037	1897
1074	1127
1074	1149
1074	1224
1074	1234
1074	1293
1074	1378
1074	1650
1074	1712
1074	1897
1080	1087
1080	1127
1080	1220
1080	1224
1080	1230
1080	1234
1080	1251
1080	1258
1080	1273
1080	1293
1080	1358
1080	1485
1080	1486
1080	1817
1080	1894
1087	1127
1087	1220
1087	1224
1087	1230
1087	1251
1087	1273
1087	1293
1087	1358
1087	1479
1087	1569
1087	1620
1087	1650
1087	1712
1087	1810
1087	1817
1087	1897
1127	1172
1127	1193
1127	1222
1127	1224
1127	1485
1127	1486
1127	1531
1127	1617
1127	1883
1127	1887
1193	1199
1193	1224
1193	1230
1193	1358
1193	1378
1193	1647
1193	1650
1193	1712
1193	1817
1193	1897
1193	1969
1199	1224
1199	1273
1199	1378
1199	1485
1199	1531
1199	1647
1199	1883
1199	1887
1199	1969
1220	1222
1220	1224
1220	1251
1220	1358
1220	1378
1220	1479
1220	1485
1220	1486
1220	1531
1220	1569
1220	1695
1220	1810
1220	1897
1251	1267
1251	1486
1251	1496
1258	1273
1258	1358
1258	1479
1258	1810
1267	1569
1267	1617
1267	1647
1267	1712
1267	1887
1267	1897
1358	1617
1358	1894
1358	1897
1358	1992
1378	1485
1378	1617
1378	1712
1378	1883
1378	1887
1479	1496
1479	1647
1479	1887
1496	1883
1496	1894
1496	1897
1496	1992
1531	1569
1531	1647
1531	1810
1531	1887
1617	1620
1617	1897
1617	1969
1647	1887
1647	1992
1650	1810
1650	1883
1650	1894
1650	1897
1810	1883
1810	1894
1810	1969
1817	1887
635	660
635	663
635	715
635	735
635	775
635	777
635	880
635	887
635	898
635	945
635	1000
635	1006
635	1037
635	1042
635	1074
635	1079
635	1127
635	1193
635	1199
635	1222
635	1230
635	1251
635	1258
635	1267
635	1293
635	1358
635	1378
635	1479
635	1485
635	1486
635	1496
635	1531
635	1817
635	1894
635	1897
635	1969
663	696
663	715
663	735
663	775
663	777
663	887
663	898
663	908
663	945
663	991
663	1006
663	1042
663	1074
663	1080
663	1087
663	1222
663	1224
663	1358
663	1485
663	1617
663	1620
663	1650
663	1887
663	1894
777	977
777	1000
777	1079
777	1080
777	1087
777	1127
777	1149
777	1193
777	1199
777	1220
777	1224
777	1230
777	1251
777	1267
777	1293
777	1486
777	1496
777	1569
777	1620
777	1883
777	1887
777	1897
777	1969
777	1992
786	908
786	977
786	991
786	1000
786	1006
786	1042
786	1079
786	1080
786	1087
786	1127
786	1193
786	1251
786	1358
786	1378
786	1479
786	1486
786	1496
786	1810
786	1817
786	1887
856	887
856	908
856	977
856	1073
856	1087
856	1149
856	1172
856	1193
856	1222
856	1234
856	1251
856	1267
856	1378
856	1531
856	1620
856	1647
856	1650
856	1810
856	1894
856	1897
880	991
880	1006
880	1073
880	1074
880	1080
880	1127
880	1193
880	1199
880	1222
880	1230
880	1258
880	1293
880	1378
880	1479
880	1486
880	1531
880	1569
880	1617
880	1650
887	898
887	945
887	977
887	1000
887	1006
887	1074
887	1127
887	1149
887	1199
887	1220
887	1222
887	1224
887	1234
887	1273
887	1569
887	1897
887	1969
898	908
898	945
898	977
898	1073
898	1149
898	1172
898	1199
898	1220
898	1251
898	1273
898	1358
898	1531
898	1617
898	1894
908	991
908	1037
908	1042
908	1080
908	1087
908	1222
908	1224
908	1230
908	1251
908	1267
908	1293
908	1378
908	1485
908	1647
908	1650
908	1712
908	1810
945	1006
945	1037
945	1042
945	1080
945	1087
945	1193
945	1199
945	1222
945	1230
945	1273
945	1883
945	1897
977	991
977	1006
977	1037
977	1042
977	1074
977	1149
977	1193
977	1224
977	1251
977	1267
977	1273
977	1378
977	1485
977	1647
977	1695
977	1887
977	1894
977	1969
977	1992
1006	1042
1006	1073
1006	1199
1006	1224
1006	1230
1006	1267
1006	1293
1006	1485
1006	1496
1006	1569
1006	1620
1006	1695
1006	1810
1006	1897
1006	1969
1042	1073
1042	1074
1042	1087
1042	1127
1042	1193
1042	1199
1042	1222
1042	1224
1042	1234
1042	1251
1042	1258
1042	1273
1042	1378
1042	1531
1042	1617
1042	1620
1042	1695
1042	1712
1042	1894
1042	1969
1079	1127
1079	1149
1079	1193
1079	1199
1079	1224
1079	1251
1079	1258
1079	1358
1079	1378
1079	1486
1079	1531
1079	1647
1079	1695
1079	1712
1079	1897
1222	1224
1222	1267
1222	1273
1222	1293
1222	1358
1222	1378
1222	1712
1222	1897
1222	1992
1293	1479
1293	1617
1293	1620
1293	1712
1293	1883
1293	1894
1620	1817
1620	1897
1620	1969
991	1042
991	1073
991	1127
991	1149
991	1172
991	1193
991	1199
991	1234
991	1293
991	1378
991	1620
1172	1193
1172	1234
1172	1992
1569	1969
1073	1193
1073	1220
1073	1224
1073	1230
1073	1293
1073	1358
1073	1485
1073	1496
1073	1617
1073	1620
1073	1712
1230	1258
1230	1378
1230	1485
1230	1486
1230	1496
1230	1650
1230	1712
1230	1810
1230	1817
1230	1969
1230	1992
1695	1810
1695	1969
1712	1992
1883	1992
1234	1267
1234	1486
1234	1531
1234	1569
1234	1650
1234	1897
1234	1969
1485	1531
1486	1531
1486	1617
1486	1650
1486	1887
1486	1894
1224	1251
1224	1258
1224	1267
1224	1569
1224	1883
1273	1293
1273	1358
1273	1486
1273	1617
1273	1695
1273	1817
1273	1969
1149	1172
1149	1193
1149	1220
1149	1230
1149	1258
1149	1267
1149	1496
