# Undirected graph (each unordered pair of nodes is saved once): output/networks/ScaleFree100removeDegree-80percent.txt
# Nodes: 400 Edges: 1490
# NodeId	NodeId
779	1124
779	1492
779	1568
779	1882
779	1900
779	1971
779	1983
1040	1421
1040	1454
1040	1766
1040	1781
1040	1920
1040	1942
1040	1955
1040	1974
1040	1975
1069	1145
1069	1207
1069	1593
1069	1739
1069	1960
1116	1261
1116	1308
1116	1506
1116	1679
1116	1776
1116	1793
1116	1818
1116	1839
1116	1901
1137	1255
1137	1446
1137	1610
1137	1697
1137	1783
1137	1846
1137	1871
1137	1872
1137	1957
1137	1969
1145	1279
1145	1469
1145	1614
1145	1668
1145	1746
1145	1764
1145	1862
1145	1901
1185	1286
1185	1446
1185	1457
1185	1506
1185	1624
1185	1649
1185	1650
1185	1864
1185	1867
1192	1316
1192	1441
1192	1587
1192	1592
1192	1600
1192	1729
1192	1820
1194	1328
1194	1367
1194	1368
1194	1380
1194	1574
1194	1645
1194	1725
1194	1763
1194	1998
1220	1256
1220	1588
1220	1657
1220	1751
1220	1865
1220	1872
1220	1907
1220	1927
1220	1950
1291	1398
1291	1533
1291	1607
1291	1697
1291	1819
1291	1866
1291	1980
1292	1434
1292	1475
1292	1587
1292	1614
1292	1633
1292	1781
1292	1826
1292	1896
1292	1995
1321	1396
1321	1515
1321	1684
1321	1769
1321	1897
1326	1504
1326	1515
1326	1620
1326	1621
1326	1667
1326	1725
1326	1871
1367	1396
1367	1662
1367	1718
1367	1744
1367	1803
1367	1841
1367	1899
1367	1997
1380	1434
1380	1509
1380	1780
1380	1805
1434	1680
1434	1804
1434	1990
1435	1500
1435	1533
1435	1826
1435	1827
1435	1925
1435	1926
1436	1458
1436	1639
1436	1698
1436	1891
1436	1895
1443	1504
1443	1656
1443	1807
1443	1830
1443	1925
1443	1995
1448	1526
1448	1607
1448	1763
1448	1828
1448	1958
1448	1989
1466	1533
1466	1616
1466	1628
1466	1658
1466	1825
1469	1524
1469	1667
1469	1879
1469	1901
1490	1570
1490	1643
1490	1658
1490	1836
1490	1870
1490	1906
1490	1909
1526	1625
1526	1713
1526	1868
1526	1893
1526	1975
1574	1588
1574	1697
1574	1813
1574	1826
1615	1627
1615	1701
1615	1747
1615	1788
1615	1799
1615	1865
1615	1969
1615	1976
1615	1990
1627	1779
1627	1818
1627	1819
1627	1856
1627	1865
1627	1920
1643	1662
1643	1781
1643	1784
1643	1841
1664	1793
1664	1851
1664	1872
1664	1890
1664	1897
1727	1739
1727	1822
1727	1825
1729	1764
1729	1926
1729	1976
1729	1979
1764	1938
1764	1963
1764	1982
1764	1989
1767	1870
1767	1887
1767	1940
1767	1955
1781	1846
1801	1944
1801	1997
1827	1864
1836	1908
1836	1923
1836	1927
1867	1870
1867	1875
1867	1952
1867	1963
1867	1989
1870	1871
1870	1909
1870	1931
1870	1960
1890	1922
1896	1995
1917	1986
1917	1998
1958	1963
1965	1999
929	1207
929	1813
929	1847
929	1974
975	1380
975	1387
975	1466
975	1712
975	1854
985	1371
985	1448
985	1537
985	1624
985	1823
985	1940
985	1979
1057	1609
1057	1624
1057	1656
1057	1676
1057	1828
1057	1854
1057	1922
1057	1983
1105	1491
1105	1497
1105	1776
1105	1857
1105	1858
1105	1930
1124	1435
1124	1467
1124	1610
1124	1643
1124	1731
1124	1783
1124	1828
1124	1923
1126	1167
1126	1359
1126	1527
1126	1747
1126	1786
1126	1799
1126	1817
1126	1921
1126	1976
1167	1185
1167	1328
1167	1580
1167	1605
1167	1851
1167	1918
1178	1684
1178	1896
1218	1448
1218	1659
1218	1804
1218	1870
1219	1680
1219	1720
1219	1937
1219	1963
1219	1972
1310	1313
1310	1417
1310	1565
1310	1650
1310	1742
1310	1790
1310	1904
1310	1944
1340	1375
1340	1387
1340	1645
1340	1776
1340	1806
1340	1912
1340	1996
1365	1435
1365	1575
1365	1755
1365	1958
1385	1463
1385	1475
1385	1563
1385	1716
1385	1730
1385	1788
1385	1866
1385	1971
1385	1982
1398	1707
1398	1832
1398	1866
1398	1910
1398	1975
1398	1992
1416	1421
1416	1597
1416	1629
1416	1655
1416	1763
1416	1855
1416	1910
1467	1620
1467	1662
1467	1718
1467	1751
1467	1805
1467	1906
1467	1927
1491	1740
1491	1744
1491	1950
1491	1956
1491	1965
1509	1514
1509	1667
1509	1766
1509	1825
1509	1855
1537	1716
1537	1742
1551	1626
1551	1718
1551	1769
1551	1803
1551	1936
1551	1974
1564	1591
1564	1628
1564	1664
1564	1689
1577	1715
1577	1880
1577	1950
1582	1654
1582	1719
1582	1813
1582	1822
1582	1847
1587	1599
1587	1660
1587	1662
1587	1701
1587	1990
1591	1684
1591	1906
1592	1634
1592	1773
1592	1783
1592	1795
1595	1746
1595	1960
1625	1645
1625	1655
1625	1772
1625	1846
1625	1855
1625	1876
1625	1999
1646	1656
1646	1857
1646	1972
1646	1995
1650	1659
1650	1950
1650	1980
1650	1997
1657	1793
1658	1720
1658	1803
1658	1897
1680	1710
1680	1755
1680	1800
1680	1865
1680	1996
1681	1743
1681	1795
1681	1883
1684	1772
1684	1897
1684	1979
1694	1698
1694	1719
1716	1780
1716	1817
1739	1740
1739	1806
1751	1764
1751	1881
1751	1945
1763	1875
1779	1781
1779	1900
1779	1989
1817	1899
1817	1982
1817	1986
1819	1969
1819	1986
1826	1897
1826	1927
1826	1937
1826	1963
1831	1876
1831	1879
1831	1896
1831	1937
1831	1950
1832	1862
1832	1958
1832	1997
1899	1926
1899	1999
1923	1942
1923	1943
1923	1954
1927	1983
1927	1985
1931	1976
1971	1974
1971	1976
799	1243
799	1256
799	1261
799	1435
799	1509
799	1577
799	1660
799	1740
845	1356
845	1463
845	1595
845	1619
845	1621
845	1755
845	1943
845	1952
845	1975
1041	1326
1041	1497
1041	1665
1041	1729
1041	1870
1041	1905
1041	1925
1041	1930
1074	1167
1074	1286
1074	1326
1074	1479
1074	1491
1074	1710
1074	1883
1074	1926
1074	1957
1118	1274
1118	1538
1118	1657
1118	1749
1118	1828
1118	1936
1118	1943
1129	1219
1129	1288
1129	1310
1129	1316
1129	1378
1129	1582
1129	1595
1130	1385
1130	1593
1130	1633
1130	1653
1130	1784
1130	1801
1130	1826
1130	1883
1130	1886
1130	1901
1243	1441
1243	1465
1243	1841
1243	1846
1243	1891
1243	1991
1261	1463
1261	1783
1274	1452
1274	1584
1274	1592
1274	1827
1274	1855
1274	1868
1274	1980
1286	1599
1286	1633
1286	1650
1286	1772
1286	1788
1286	1912
1286	1950
1308	1429
1308	1554
1308	1609
1308	1657
1313	1634
1313	1656
1313	1780
1313	1886
1313	1922
1313	1930
1313	1943
1313	1980
1358	1617
1358	1763
1358	1772
1358	1900
1358	1905
1382	1452
1382	1689
1382	1868
1382	1890
1396	1727
1396	1817
1396	1851
1396	1918
1396	1945
1396	1972
1410	1417
1410	1605
1410	1639
1410	1649
1410	1679
1410	1803
1410	1835
1417	1564
1417	1729
1417	1857
1417	1940
1441	1467
1441	1639
1441	1904
1452	1567
1452	1701
1452	1767
1452	1805
1452	1858
1452	1912
1452	1956
1514	1580
1514	1731
1514	1819
1514	1876
1514	1985
1527	1655
1527	1820
1527	1858
1527	1958
1527	1992
1563	1620
1563	1676
1563	1880
1563	1922
1563	1956
1607	1616
1607	1619
1607	1764
1607	1986
1616	1935
1616	1974
1616	1993
1619	1689
1619	1710
1619	1719
1619	1766
1619	1923
1628	1684
1628	1773
1628	1840
1628	1875
1676	1889
1676	1905
1689	1725
1689	1790
1689	1957
1701	1805
1701	1864
1701	1966
1707	1769
1707	1793
1712	1975
1712	1999
1713	1969
1715	1805
1715	1815
1715	1908
1715	1957
1718	1742
1740	1950
1740	1993
1755	1822
1755	1839
1755	1880
1755	1985
1773	1816
1773	1831
1773	1855
1773	1938
1773	1990
1784	1828
1784	1927
1793	1846
1793	1893
1793	1966
1793	1997
1803	1815
1803	1825
1815	1872
1815	1880
1815	1961
1815	1966
1815	1976
1818	1831
1818	1889
1818	1925
1830	1880
1830	1896
1830	1971
1835	1969
1839	1900
1839	1960
1839	1973
1839	1998
1840	1865
1875	1889
1875	1976
1876	1906
1876	1961
1877	1886
1877	1906
1877	1907
1891	1923
1891	1935
902	1126
902	1365
902	1457
902	1514
998	1454
998	1826
1012	1321
1012	1340
1012	1368
1012	1388
1012	1410
1012	1465
1012	1469
1012	1516
1012	1763
1012	1943
1071	1308
1071	1375
1071	1773
1071	1872
1071	1954
1071	1972
1108	1116
1108	1624
1108	1629
1108	1823
1108	1893
1121	1719
1121	1804
1121	1894
1121	1983
1256	1285
1256	1538
1256	1698
1256	1712
1256	1743
1256	1827
1256	1938
1328	1352
1328	1595
1328	1701
1328	1921
1328	1952
1330	1763
1330	1773
1330	1817
1330	1891
1352	1471
1352	1614
1352	1776
1352	1921
1378	1385
1378	1415
1378	1417
1378	1443
1378	1660
1378	1681
1378	1716
1378	1786
1459	1621
1459	1820
1459	1825
1459	1887
1459	1910
1465	1713
1465	1769
1465	1865
1465	1910
1465	1938
1477	1490
1477	1639
1477	1659
1477	1679
1477	1740
1477	1816
1477	1822
1477	1971
1477	1982
1504	1565
1504	1806
1504	1835
1504	1875
1504	1935
1504	1936
1516	1871
1516	1922
1533	1614
1533	1991
1568	1588
1568	1679
1568	1740
1662	1832
1662	1872
1662	1877
1662	1879
1674	1779
1674	1851
1674	1887
1743	1766
1743	1907
1743	1909
1743	1917
1743	1918
1749	1816
1749	1836
1749	1855
1749	1907
1790	1816
1790	1840
1790	1856
1790	1942
1790	1944
1790	1975
1790	1982
1795	1923
1795	1957
1799	1840
1799	1908
1799	1980
1805	1817
1805	1881
1805	1900
1805	1905
1805	1938
1825	1935
1846	1917
1846	1945
1851	1975
1851	1979
1851	1999
1866	1943
1866	1954
1866	1966
1866	1999
1868	1912
1868	1965
1868	1995
1887	1931
1887	1969
1889	1961
1889	1963
1908	1986
1909	1995
822	1537
822	1621
822	1680
822	1710
822	1717
822	1749
822	1803
822	1806
822	1890
958	975
958	1330
958	1668
958	1743
958	1795
958	1877
958	1937
958	1974
997	1194
997	1388
997	1653
997	1816
997	1846
997	1864
997	1899
997	1971
1279	1291
1279	1469
1279	1659
1279	1763
1279	1868
1356	1633
1356	1639
1356	1648
1356	1779
1356	1828
1356	1835
1356	1867
1421	1561
1421	1719
1421	1813
1421	1918
1421	1979
1446	1523
1446	1605
1446	1862
1458	1582
1458	1659
1458	1715
1458	1841
1458	1897
1458	1935
1458	1997
1462	1561
1462	1598
1462	1653
1462	1679
1462	1783
1462	1904
1475	1603
1475	1634
1475	1773
1475	1893
1475	1938
1475	1990
1479	1524
1479	1526
1479	1628
1479	1639
1479	1707
1479	1727
1479	1825
1479	1832
1510	1600
1510	1609
1510	1657
1510	1674
1510	1818
1510	1894
1510	1921
1522	1603
1522	1626
1522	1668
1522	1779
1522	1822
1522	1905
1584	1716
1584	1731
1584	1769
1584	1817
1584	1907
1621	1803
1621	1883
1621	1904
1621	1993
1634	1937
1634	1958
1648	1727
1648	1755
1648	1922
1654	1784
1654	1904
1654	1917
1656	1689
1656	1717
1656	1857
1656	1979
1731	1804
1731	1908
1811	1827
1828	1870
1828	1926
1879	1892
1883	1954
1942	1991
887	1108
887	1117
887	1129
887	1286
887	1328
887	1420
887	1464
887	1492
887	1779
1207	1220
1207	1674
1207	1841
1207	1985
1213	1275
1213	1436
1213	1475
1213	1564
1213	1568
1213	1650
1213	1660
1213	1755
1213	1815
1213	1907
1229	1707
1229	1718
1229	1739
1229	1979
1316	1526
1316	1614
1316	1654
1316	1664
1316	1895
1316	1920
1371	1616
1371	1626
1371	1713
1371	1868
1415	1510
1415	1712
1415	1780
1415	1813
1415	1879
1415	1935
1454	1725
1454	1766
1454	1979
1454	1995
1463	1567
1463	1575
1463	1973
1463	1996
1485	1516
1485	1563
1485	1799
1485	1890
1485	1943
1538	1654
1538	1701
1538	1908
1538	1937
1538	1985
1538	1992
1554	1679
1554	1720
1554	1811
1554	1827
1554	1897
1561	1597
1561	1716
1561	1786
1561	1811
1561	1872
1610	1633
1610	1751
1667	1715
1667	1781
1667	1877
1710	1769
1710	1993
1776	1921
1776	1945
1820	1910
1820	1971
1892	1918
1894	1901
1894	1909
1894	1995
1894	1998
1895	1935
1895	1980
1895	1989
1895	1992
1900	1912
1900	1995
1905	1991
1906	1993
1926	1993
785	1093
785	1625
785	1680
785	1698
785	1710
785	1828
785	1895
785	1905
1117	1595
1117	1742
1117	1776
1117	1839
1117	1887
1117	1926
1117	1954
1117	1965
1117	1997
1359	1448
1359	1471
1359	1607
1359	1648
1359	1697
1359	1740
1359	1799
1359	1855
1359	1856
1359	1925
1429	1603
1429	1619
1429	1656
1429	1658
1429	1725
1429	1766
1429	1783
1429	1942
1464	1563
1464	1813
1464	1954
1464	1993
1580	1674
1580	1896
1600	1781
1600	1986
1629	1830
1629	1867
1629	1893
1719	1801
1719	1820
1719	1876
1719	1937
1786	1832
1822	1908
1822	1945
1857	1991
1886	1912
1886	1961
1886	1985
1910	1931
1925	1926
1935	1992
858	985
858	1477
858	1524
858	1646
858	1882
858	1958
858	1997
1093	1326
1093	1554
1093	1710
1093	1739
1093	1783
1093	1835
1093	1966
1224	1352
1224	1375
1224	1568
1224	1587
1224	1598
1285	1506
1285	1575
1285	1639
1285	1872
1285	1896
1285	1920
1285	1963
1387	1391
1387	1458
1387	1527
1387	1605
1387	1665
1387	1793
1420	1464
1420	1479
1420	1597
1420	1820
1420	1881
1492	1600
1492	1720
1492	1767
1492	1990
1500	1609
1500	1881
1500	1882
1500	1917
1515	1564
1515	1624
1515	1679
1515	1715
1515	1836
1515	1904
1565	1617
1565	1680
1565	1744
1565	1783
1565	1894
1565	1926
1565	1986
1614	1900
1624	1627
1624	1766
1624	1840
1624	1892
1697	1717
1697	1746
1697	1836
1697	1996
1717	1815
1717	1890
1717	1927
1766	1854
1766	1910
1912	1931
1920	1969
1921	1945
1944	1963
1255	1570
1255	1591
1255	1657
1255	1882
1255	1921
1255	1961
1296	1388
1296	1473
1296	1956
1296	1993
1506	1607
1506	1694
1506	1766
1506	1886
1506	1909
1506	1920
1506	1989
1593	1649
1593	1749
1593	1772
1593	1806
1593	1879
1593	1918
1593	1989
1626	1668
1626	1865
1639	1710
1639	1804
1639	1935
1720	1883
1730	1803
1730	1942
1747	1969
1747	1996
1800	1875
1800	1891
1800	1900
1800	1920
1800	1982
1871	1895
1871	1961
1871	1985
1871	1999
1880	1893
1880	1901
1880	1905
1897	1925
1897	1955
1913	1917
1913	1944
1957	1966
1957	1972
1290	1554
1290	1832
1290	1855
1290	1856
1290	1958
1290	1997
1375	1554
1375	1593
1375	1883
1375	1921
1376	1570
1376	1727
1376	1746
1376	1784
1471	1567
1471	1784
1471	1908
1497	1707
1497	1717
1497	1894
1523	1701
1523	1730
1523	1767
1523	1832
1523	1935
1523	1972
1523	1998
1570	1592
1570	1788
1570	1925
1598	1655
1598	1751
1598	1958
1655	1718
1655	1889
1698	1891
1698	1940
1698	1952
1746	1806
1769	1835
1769	1901
1772	1811
1772	1909
1772	1936
1772	1969
1788	1822
1788	1840
1788	1877
1788	1931
1788	1982
1806	1851
1806	1879
1841	1891
1841	1896
1854	1868
1854	1952
1938	1957
1938	1972
1961	1998
1963	1972
1963	1979
1019	1458
1019	1510
1019	1533
1019	1597
1019	1662
1019	1697
1019	1862
1019	1986
1368	1452
1368	1454
1368	1457
1368	1463
1368	1471
1368	1564
1368	1667
1391	1720
1391	1836
1391	1891
1391	1961
1405	1429
1405	1467
1405	1527
1405	1701
1405	1832
1405	1907
1405	1973
1457	1554
1457	1626
1457	1740
1457	1830
1457	1961
1457	1976
1575	1822
1575	1891
1575	1990
1575	1997
1597	1862
1597	1913
1597	1974
1597	1985
1597	1996
1599	1609
1599	1712
1599	1897
1599	1927
1599	1979
1653	1891
1653	1945
1653	1960
1668	1767
1668	1790
1668	1823
1668	1883
1668	1938
1813	1886
1813	1992
1936	1943
1275	1597
1275	1857
1275	1963
1275	1971
1288	1328
1288	1755
1288	1766
1288	1822
1288	1836
1288	1862
1288	1976
1499	1567
1499	1879
1499	1936
1499	1954
1744	1920
1744	1993
1780	1788
1284	1380
1284	1405
1284	1421
1284	1588
1284	1681
1284	1698
1284	1742
1284	1889
1388	1634
1388	1681
1388	1697
1388	1717
1388	1831
1605	1658
1605	1730
1605	1839
1605	1973
1620	1872
1620	1877
1620	1901
1645	1646
1645	1656
1645	1908
1645	1910
1645	1943
1645	1952
1645	1996
1807	1858
1807	1952
1816	1866
783	1071
783	1145
783	1192
783	1224
783	1367
783	1445
783	1473
783	1497
783	1500
783	1603
783	1990
1567	1653
1567	1660
1567	1866
1567	1887
1659	1835
1659	1993
1660	1716
1660	1865
1660	1875
1881	1986
1208	1313
1208	1441
1208	1580
1208	1614
1208	1633
1208	1713
1208	1856
1208	1905
1208	1972
1208	1973
1473	1522
1473	1701
1473	1899
1473	1950
1473	1961
1473	1993
1725	1872
1725	1882
1725	1913
1847	1858
1847	1881
1847	1973
1152	1310
1152	1582
1152	1592
1152	1646
1152	1653
1152	1742
1152	1847
1152	1856
1152	1958
1152	1974
1609	1629
1609	1854
1609	1921
1617	1650
1617	1744
1617	1801
1617	1815
1783	1960
1665	1936
1665	1999
1823	1855
1823	1972
1649	1681
1649	1790
1649	1801
1649	1813
1649	1854
1649	1921
1649	1969
1445	1490
1445	1497
1445	1504
1445	1747
1445	1805
1445	1907
1445	1955
1603	1871
1603	1894
1603	1927
1742	1747
1742	1800
1742	1880
1742	1945
1742	1982
1855	1892
1904	1909
1904	1985
1922	1943
1524	1574
1524	1584
1524	1727
1524	1817
1524	1899
1588	1739
1588	1751
1588	1905
1588	1910
1588	1980
