# Undirected graph (each unordered pair of nodes is saved once): output/networks/ScaleFree200removeDegree-75percent.txt
# Nodes: 500 Edges: 6801
# NodeId	NodeId
921	1084
921	1181
921	1328
921	1333
921	1368
921	1392
921	1461
921	1524
921	1533
921	1538
921	1582
921	1598
921	1619
921	1703
921	1736
921	1758
921	1770
921	1771
921	1777
921	1792
921	1807
921	1836
921	1840
921	1862
921	1872
921	1880
921	1884
921	1902
921	1970
921	1974
947	1006
947	1088
947	1176
947	1255
947	1286
947	1304
947	1324
947	1333
947	1336
947	1362
947	1393
947	1467
947	1585
947	1614
947	1629
947	1634
947	1703
947	1760
947	1800
947	1852
947	1875
947	1976
947	1977
947	1984
947	1993
1003	1006
1003	1075
1003	1106
1003	1204
1003	1261
1003	1266
1003	1272
1003	1284
1003	1312
1003	1354
1003	1415
1003	1453
1003	1478
1003	1492
1003	1504
1003	1526
1003	1590
1003	1627
1003	1665
1003	1695
1003	1818
1003	1822
1003	1878
1003	1901
1003	1937
1003	1941
1003	1944
1003	1957
1006	1141
1006	1172
1006	1182
1006	1241
1006	1255
1006	1264
1006	1276
1006	1295
1006	1362
1006	1436
1006	1444
1006	1452
1006	1463
1006	1478
1006	1501
1006	1554
1006	1585
1006	1630
1006	1651
1006	1709
1006	1783
1006	1843
1006	1849
1006	1850
1006	1864
1006	1876
1006	1886
1006	1921
1006	1937
1006	1971
1006	1980
1007	1084
1007	1153
1007	1176
1007	1208
1007	1220
1007	1266
1007	1296
1007	1347
1007	1393
1007	1412
1007	1422
1007	1436
1007	1486
1007	1514
1007	1519
1007	1559
1007	1581
1007	1614
1007	1642
1007	1666
1007	1701
1007	1762
1007	1774
1007	1803
1007	1857
1007	1898
1007	1939
1007	1962
1007	1974
1007	1989
1007	1991
1007	1993
1068	1281
1068	1318
1068	1348
1068	1408
1068	1423
1068	1453
1068	1479
1068	1490
1068	1554
1068	1559
1068	1572
1068	1598
1068	1632
1068	1649
1068	1666
1068	1708
1068	1734
1068	1740
1068	1748
1068	1764
1068	1781
1068	1806
1068	1820
1068	1838
1068	1853
1068	1862
1068	1890
1068	1927
1068	1936
1068	1976
1068	1981
1082	1138
1082	1153
1082	1219
1082	1261
1082	1272
1082	1298
1082	1307
1082	1327
1082	1422
1082	1449
1082	1453
1082	1472
1082	1478
1082	1497
1082	1577
1082	1641
1082	1650
1082	1709
1082	1774
1082	1781
1082	1815
1082	1836
1082	1837
1082	1893
1082	1905
1082	1933
1082	1947
1082	1949
1082	1970
1082	1989
1084	1165
1084	1220
1084	1247
1084	1272
1084	1293
1084	1296
1084	1307
1084	1309
1084	1386
1084	1412
1084	1499
1084	1532
1084	1559
1084	1568
1084	1604
1084	1625
1084	1641
1084	1661
1084	1692
1084	1730
1084	1747
1084	1759
1084	1769
1084	1772
1084	1774
1084	1827
1084	1830
1084	1871
1084	1919
1084	1954
1106	1127
1106	1169
1106	1220
1106	1283
1106	1295
1106	1304
1106	1318
1106	1408
1106	1501
1106	1507
1106	1511
1106	1540
1106	1541
1106	1563
1106	1598
1106	1619
1106	1693
1106	1800
1106	1847
1106	1850
1106	1877
1106	1909
1106	1944
1106	1955
1106	1965
1106	1975
1106	1994
1119	1120
1119	1312
1119	1313
1119	1362
1119	1408
1119	1480
1119	1543
1119	1587
1119	1593
1119	1638
1119	1641
1119	1655
1119	1669
1119	1701
1119	1714
1119	1731
1119	1737
1119	1793
1119	1803
1119	1827
1119	1829
1119	1836
1119	1842
1119	1856
1119	1885
1119	1899
1119	1900
1119	1958
1119	1971
1119	1974
1119	1977
1119	1979
1153	1298
1153	1333
1153	1393
1153	1423
1153	1444
1153	1448
1153	1587
1153	1593
1153	1598
1153	1616
1153	1685
1153	1688
1153	1749
1153	1752
1153	1779
1153	1822
1153	1842
1153	1844
1153	1848
1153	1849
1153	1861
1153	1876
1153	1901
1153	1904
1153	1906
1153	1921
1153	1959
1153	1978
1165	1185
1165	1247
1165	1272
1165	1304
1165	1396
1165	1448
1165	1467
1165	1480
1165	1547
1165	1548
1165	1582
1165	1593
1165	1609
1165	1637
1165	1639
1165	1685
1165	1715
1165	1720
1165	1727
1165	1779
1165	1781
1165	1796
1165	1820
1165	1826
1165	1832
1165	1895
1165	1912
1165	1960
1165	1976
1172	1182
1172	1347
1172	1412
1172	1434
1172	1443
1172	1494
1172	1515
1172	1543
1172	1557
1172	1638
1172	1651
1172	1680
1172	1710
1172	1717
1172	1739
1172	1778
1172	1795
1172	1853
1172	1868
1172	1940
1172	1973
1172	1977
1185	1219
1185	1261
1185	1292
1185	1359
1185	1446
1185	1501
1185	1511
1185	1533
1185	1598
1185	1625
1185	1661
1185	1705
1185	1709
1185	1723
1185	1733
1185	1739
1185	1811
1185	1856
1185	1873
1185	1874
1185	1890
1185	1900
1185	1912
1185	1962
1185	1963
1208	1222
1208	1255
1208	1280
1208	1307
1208	1333
1208	1393
1208	1449
1208	1491
1208	1515
1208	1534
1208	1544
1208	1554
1208	1565
1208	1581
1208	1593
1208	1611
1208	1616
1208	1661
1208	1675
1208	1708
1208	1744
1208	1745
1208	1749
1208	1867
1208	1870
1208	1902
1208	1930
1208	1977
1208	1984
1208	1989
1215	1280
1215	1318
1215	1402
1215	1412
1215	1557
1215	1581
1215	1619
1215	1641
1215	1664
1215	1709
1215	1727
1215	1730
1215	1744
1215	1747
1215	1792
1215	1828
1215	1854
1215	1879
1215	1886
1215	1906
1215	1909
1215	1916
1215	1962
1215	1968
1219	1222
1219	1248
1219	1324
1219	1392
1219	1514
1219	1519
1219	1526
1219	1548
1219	1551
1219	1563
1219	1654
1219	1657
1219	1666
1219	1732
1219	1758
1219	1783
1219	1830
1219	1837
1219	1839
1219	1896
1219	1916
1219	1922
1219	1929
1241	1248
1241	1266
1241	1305
1241	1398
1241	1449
1241	1510
1241	1528
1241	1532
1241	1551
1241	1563
1241	1605
1241	1639
1241	1646
1241	1651
1241	1661
1241	1697
1241	1722
1241	1761
1241	1773
1241	1844
1241	1850
1241	1874
1241	1906
1241	1908
1241	1943
1241	1966
1241	1982
1241	1984
1261	1371
1261	1393
1261	1453
1261	1504
1261	1529
1261	1539
1261	1588
1261	1608
1261	1632
1261	1636
1261	1657
1261	1668
1261	1708
1261	1744
1261	1776
1261	1800
1261	1843
1261	1844
1261	1852
1261	1860
1261	1875
1261	1908
1261	1912
1261	1913
1261	1927
1261	1942
1261	1949
1261	1980
1261	1982
1307	1399
1307	1476
1307	1629
1307	1637
1307	1640
1307	1677
1307	1695
1307	1714
1307	1722
1307	1727
1307	1812
1307	1823
1307	1833
1307	1842
1307	1851
1307	1867
1307	1921
1307	1944
1307	1947
1313	1443
1313	1449
1313	1467
1313	1529
1313	1551
1313	1563
1313	1604
1313	1632
1313	1665
1313	1737
1313	1766
1313	1788
1313	1792
1313	1799
1313	1822
1313	1833
1313	1838
1313	1869
1313	1872
1313	1875
1313	1885
1313	1908
1313	1913
1313	1927
1313	1960
1313	1973
1313	1994
1318	1324
1318	1385
1318	1388
1318	1402
1318	1454
1318	1492
1318	1556
1318	1618
1318	1620
1318	1688
1318	1748
1318	1776
1318	1781
1318	1841
1318	1857
1318	1861
1318	1866
1318	1870
1318	1886
1318	1911
1318	1962
1318	1966
1322	1388
1322	1402
1322	1415
1322	1450
1322	1526
1322	1533
1322	1534
1322	1544
1322	1554
1322	1562
1322	1572
1322	1661
1322	1664
1322	1680
1322	1685
1322	1721
1322	1737
1322	1757
1322	1764
1322	1793
1322	1822
1322	1836
1322	1847
1322	1856
1322	1862
1322	1870
1322	1871
1322	1878
1322	1940
1322	1962
1322	1979
1324	1385
1324	1392
1324	1398
1324	1452
1324	1480
1324	1540
1324	1551
1324	1598
1324	1614
1324	1625
1324	1651
1324	1674
1324	1675
1324	1730
1324	1776
1324	1802
1324	1832
1324	1864
1324	1871
1324	1879
1324	1883
1324	1900
1324	1920
1324	1927
1352	1371
1352	1393
1352	1458
1352	1475
1352	1501
1352	1543
1352	1587
1352	1645
1352	1646
1352	1689
1352	1703
1352	1707
1352	1708
1352	1714
1352	1720
1352	1740
1352	1791
1352	1806
1352	1918
1352	1937
1352	1972
1352	1986
1354	1376
1354	1479
1354	1490
1354	1526
1354	1544
1354	1556
1354	1670
1354	1734
1354	1795
1354	1796
1354	1876
1354	1928
1354	1931
1354	1954
1354	1986
1388	1486
1388	1490
1388	1492
1388	1503
1388	1627
1388	1630
1388	1636
1388	1639
1388	1719
1388	1720
1388	1744
1388	1772
1388	1803
1388	1828
1388	1865
1388	1872
1388	1875
1388	1900
1388	1921
1388	1922
1388	1934
1388	1940
1388	1954
1388	1974
1393	1548
1393	1554
1393	1640
1393	1650
1393	1661
1393	1699
1393	1703
1393	1761
1393	1766
1393	1769
1393	1830
1393	1874
1393	1883
1393	1897
1393	1902
1393	1905
1393	1912
1393	1935
1398	1547
1398	1553
1398	1638
1398	1641
1398	1697
1398	1709
1398	1714
1398	1717
1398	1742
1398	1762
1398	1772
1398	1773
1398	1781
1398	1793
1398	1795
1398	1858
1398	1923
1398	1975
1402	1467
1402	1478
1402	1530
1402	1533
1402	1577
1402	1604
1402	1722
1402	1776
1402	1791
1402	1828
1402	1831
1402	1841
1402	1879
1402	1887
1402	1921
1402	1963
1402	1983
1402	1986
1412	1461
1412	1491
1412	1495
1412	1504
1412	1611
1412	1630
1412	1651
1412	1703
1412	1710
1412	1790
1412	1800
1412	1807
1412	1811
1412	1839
1412	1860
1412	1885
1412	1913
1412	1920
1412	1931
1412	1935
1412	1938
1412	1965
1415	1453
1415	1476
1415	1497
1415	1528
1415	1538
1415	1557
1415	1671
1415	1677
1415	1698
1415	1724
1415	1755
1415	1762
1415	1815
1415	1876
1415	1879
1415	1897
1415	1926
1415	1959
1415	1989
1423	1446
1423	1533
1423	1536
1423	1551
1423	1560
1423	1588
1423	1620
1423	1650
1423	1668
1423	1728
1423	1755
1423	1757
1423	1775
1423	1790
1423	1835
1423	1848
1423	1852
1423	1888
1423	1897
1423	1901
1423	1924
1423	1961
1423	1962
1423	1983
1458	1504
1458	1533
1458	1556
1458	1605
1458	1634
1458	1650
1458	1651
1458	1655
1458	1666
1458	1712
1458	1742
1458	1773
1458	1778
1458	1799
1458	1807
1458	1815
1458	1823
1458	1846
1458	1862
1458	1895
1458	1906
1458	1939
1458	1965
1476	1541
1476	1557
1476	1559
1476	1581
1476	1629
1476	1646
1476	1712
1476	1731
1476	1732
1476	1745
1476	1777
1476	1791
1476	1799
1476	1825
1476	1829
1476	1854
1476	1858
1476	1876
1476	1898
1476	1901
1476	1904
1476	1935
1476	1938
1476	1942
1476	1962
1476	1978
1488	1529
1488	1547
1488	1587
1488	1611
1488	1627
1488	1657
1488	1707
1488	1727
1488	1743
1488	1749
1488	1769
1488	1771
1488	1822
1488	1846
1488	1949
1488	1958
1488	1978
1488	1981
1488	1999
1494	1503
1494	1504
1494	1565
1494	1611
1494	1630
1494	1639
1494	1674
1494	1693
1494	1714
1494	1761
1494	1796
1494	1803
1494	1838
1494	1844
1494	1858
1494	1867
1494	1888
1494	1933
1494	1975
1494	1977
1501	1559
1501	1604
1501	1671
1501	1772
1501	1777
1501	1803
1501	1831
1501	1839
1501	1841
1501	1858
1501	1880
1501	1884
1501	1928
1501	1942
1501	1947
1501	1986
1501	1996
1507	1544
1507	1582
1507	1641
1507	1642
1507	1715
1507	1727
1507	1734
1507	1776
1507	1807
1507	1812
1507	1819
1507	1833
1507	1875
1507	1896
1507	1915
1507	1923
1507	1929
1507	1936
1507	1938
1507	1969
1507	1974
1507	1975
1507	1990
1514	1538
1514	1632
1514	1641
1514	1707
1514	1712
1514	1715
1514	1724
1514	1731
1514	1736
1514	1773
1514	1775
1514	1811
1514	1842
1514	1869
1514	1914
1514	1963
1524	1530
1524	1556
1524	1562
1524	1589
1524	1594
1524	1650
1524	1657
1524	1664
1524	1680
1524	1688
1524	1695
1524	1698
1524	1709
1524	1748
1524	1827
1524	1846
1524	1856
1524	1860
1524	1927
1524	1947
1524	1949
1524	1973
1524	1974
1524	1998
1524	1999
1525	1543
1525	1547
1525	1557
1525	1566
1525	1632
1525	1646
1525	1693
1525	1739
1525	1765
1525	1779
1525	1815
1525	1843
1525	1880
1525	1917
1525	1947
1525	1999
1532	1533
1532	1559
1532	1620
1532	1630
1532	1632
1532	1649
1532	1685
1532	1705
1532	1720
1532	1724
1532	1727
1532	1733
1532	1761
1532	1764
1532	1895
1532	1896
1532	1914
1532	1921
1532	1931
1532	1969
1540	1541
1540	1554
1540	1582
1540	1650
1540	1674
1540	1709
1540	1723
1540	1732
1540	1737
1540	1769
1540	1783
1540	1801
1540	1811
1540	1822
1540	1841
1540	1867
1540	1923
1540	1946
1540	1978
1540	1997
1540	1998
1547	1577
1547	1590
1547	1619
1547	1639
1547	1644
1547	1731
1547	1792
1547	1800
1547	1859
1547	1867
1547	1886
1547	1939
1547	1959
1547	1965
1547	1975
1547	1983
1547	1984
1556	1559
1556	1637
1556	1649
1556	1656
1556	1660
1556	1739
1556	1750
1556	1792
1556	1823
1556	1826
1556	1838
1556	1873
1556	1879
1556	1883
1556	1914
1556	1971
1559	1656
1559	1661
1559	1693
1559	1749
1559	1755
1559	1776
1559	1847
1559	1857
1559	1873
1559	1893
1559	1908
1559	1911
1559	1937
1559	1969
1559	1973
1559	1975
1560	1619
1560	1639
1560	1677
1560	1701
1560	1728
1560	1747
1560	1776
1560	1795
1560	1796
1560	1812
1560	1829
1560	1880
1560	1896
1560	1897
1560	1900
1560	1904
1560	1928
1560	1944
1560	1955
1560	1981
1560	1983
1560	1997
1560	1998
1565	1590
1565	1609
1565	1622
1565	1666
1565	1685
1565	1692
1565	1728
1565	1733
1565	1769
1565	1771
1565	1779
1565	1791
1565	1836
1565	1847
1565	1860
1565	1861
1565	1875
1565	1888
1565	1991
1565	1993
1569	1588
1569	1598
1569	1625
1569	1660
1569	1664
1569	1721
1569	1734
1569	1762
1569	1763
1569	1843
1569	1849
1569	1860
1569	1865
1569	1890
1569	1934
1569	1974
1569	1976
1569	1998
1577	1620
1577	1642
1577	1655
1577	1661
1577	1668
1577	1688
1577	1721
1577	1727
1577	1738
1577	1742
1577	1748
1577	1749
1577	1762
1577	1792
1577	1840
1577	1857
1577	1896
1577	1906
1577	1919
1577	1928
1577	1959
1577	1997
1581	1596
1581	1611
1581	1630
1581	1637
1581	1731
1581	1763
1581	1859
1581	1997
1598	1660
1598	1665
1598	1737
1598	1752
1598	1777
1598	1783
1598	1841
1598	1858
1598	1905
1598	1911
1598	1924
1598	1963
1598	1980
1615	1649
1615	1671
1615	1677
1615	1736
1615	1793
1615	1825
1615	1914
1615	1949
1615	1969
1615	1971
1615	1990
1618	1619
1618	1632
1618	1651
1618	1654
1618	1670
1618	1675
1618	1689
1618	1710
1618	1728
1618	1732
1618	1745
1618	1758
1618	1799
1618	1823
1618	1872
1618	1897
1618	1908
1618	1918
1622	1641
1622	1656
1622	1692
1622	1697
1622	1738
1622	1743
1622	1763
1622	1815
1622	1870
1622	1895
1622	1947
1622	1968
1622	1983
1622	1989
1622	1991
1636	1654
1636	1717
1636	1742
1636	1752
1636	1790
1636	1791
1636	1849
1636	1875
1636	1888
1636	1898
1636	1911
1636	1941
1636	1945
1636	1966
1636	1976
1636	1987
1636	1990
1636	1995
1636	1997
1640	1665
1640	1758
1640	1771
1640	1783
1640	1829
1640	1865
1640	1874
1640	1912
1640	1915
1641	1645
1641	1740
1641	1781
1641	1817
1641	1850
1641	1860
1641	1886
1641	1910
1641	1932
1641	1960
1641	1990
1654	1668
1654	1685
1654	1738
1654	1779
1654	1783
1654	1812
1654	1822
1654	1841
1654	1843
1654	1921
1654	1930
1654	1931
1654	1936
1654	1946
1654	1959
1654	1964
1654	1979
1674	1738
1674	1739
1674	1781
1674	1796
1674	1799
1674	1860
1674	1861
1674	1876
1674	1958
1674	1968
1680	1730
1680	1743
1680	1747
1680	1764
1680	1811
1680	1876
1680	1908
1680	1918
1680	1922
1680	1942
1680	1990
1680	1998
1685	1689
1685	1745
1685	1787
1685	1800
1685	1811
1685	1815
1685	1826
1685	1830
1685	1886
1685	1906
1685	1973
1689	1690
1689	1698
1689	1776
1689	1779
1689	1833
1689	1852
1689	1914
1689	1928
1689	1961
1689	1963
1689	1997
1692	1721
1692	1738
1692	1744
1692	1765
1692	1802
1692	1812
1692	1847
1692	1854
1692	1858
1692	1861
1692	1866
1692	1935
1692	1938
1692	1964
1692	1993
1692	1996
1698	1710
1698	1731
1698	1762
1698	1765
1698	1877
1698	1894
1698	1942
1698	1990
1705	1736
1705	1752
1705	1840
1705	1847
1705	1865
1705	1908
1705	1921
1705	1938
1705	1962
1712	1714
1712	1738
1712	1748
1712	1793
1712	1796
1712	1806
1712	1812
1712	1839
1712	1874
1712	1885
1712	1893
1712	1937
1712	1994
1715	1719
1715	1745
1715	1769
1715	1774
1715	1778
1715	1800
1715	1870
1715	1901
1715	1934
1715	1943
1715	1976
1715	1993
1717	1719
1717	1742
1717	1761
1717	1778
1717	1815
1717	1844
1717	1880
1717	1902
1717	1941
1717	1958
1717	1960
1717	1962
1717	1990
1744	1747
1744	1778
1744	1822
1744	1832
1744	1848
1744	1857
1744	1859
1744	1911
1744	1939
1747	1822
1747	1843
1747	1877
1747	1896
1747	1924
1765	1774
1765	1795
1765	1831
1765	1860
1765	1865
1765	1877
1765	1880
1765	1904
1765	1912
1765	1927
1765	1947
1765	1971
1772	1775
1772	1827
1772	1849
1772	1850
1772	1884
1772	1906
1772	1918
1772	1973
1772	1981
1772	1982
1774	1787
1774	1805
1774	1899
1774	1942
1774	1962
1774	1990
1777	1781
1777	1826
1777	1837
1777	1867
1777	1893
1777	1897
1777	1898
1777	1912
1777	1922
1777	1923
1777	1929
1777	1966
1777	1970
1777	1983
1777	1984
1777	1987
1779	1827
1779	1843
1779	1860
1779	1871
1779	1899
1779	1922
1779	1930
1779	1958
1779	1998
1781	1819
1781	1827
1781	1847
1781	1871
1781	1879
1781	1888
1781	1896
1781	1942
1781	1965
1781	1994
1783	1825
1783	1835
1783	1849
1783	1870
1783	1883
1783	1899
1783	1912
1783	1914
1783	1945
1783	1970
1799	1807
1799	1823
1799	1876
1799	1879
1799	1921
1799	1934
1799	1948
1799	1999
1805	1820
1805	1829
1805	1847
1805	1853
1805	1878
1805	1886
1805	1900
1805	1901
1805	1908
1805	1957
1805	1962
1805	1966
1805	1971
1805	1982
1806	1846
1806	1885
1806	1893
1806	1910
1806	1917
1806	1963
1806	1975
1806	1976
1826	1827
1826	1830
1826	1865
1826	1885
1826	1899
1826	1933
1826	1970
1826	1976
1826	1979
1829	1833
1829	1843
1829	1879
1829	1886
1829	1905
1829	1978
1829	1993
1831	1832
1831	1836
1831	1838
1831	1841
1831	1854
1831	1895
1831	1899
1831	1927
1831	1939
1831	1948
1831	1961
1831	1991
1837	1857
1837	1870
1837	1879
1837	1900
1837	1918
1837	1922
1837	1946
1837	1954
1837	1970
1840	1842
1840	1858
1840	1936
1840	1938
1840	1966
1840	1981
1840	1990
1840	1994
1841	1842
1841	1908
1843	1850
1843	1895
1843	1944
1843	1964
1843	1969
1843	1982
1846	1850
1846	1852
1846	1854
1846	1875
1846	1936
1846	1964
1846	1997
1856	1886
1856	1904
1856	1935
1856	1970
1857	1883
1857	1965
1857	1971
1857	1996
1857	1998
1860	1868
1860	1869
1860	1870
1860	1901
1860	1919
1860	1943
1860	1965
1860	1970
1860	1974
1865	1894
1865	1896
1865	1909
1865	1922
1865	1929
1865	1931
1865	1932
1865	1969
1868	1914
1868	1917
1868	1919
1868	1936
1868	1954
1868	1958
1868	1974
1868	1993
1884	1909
1884	1918
1884	1949
1884	1955
1884	1967
1884	1995
1885	1888
1885	1939
1885	1960
1885	1964
1885	1970
1885	1977
1885	1979
1885	1997
1888	1909
1888	1933
1888	1964
1888	1974
1888	1976
1888	1999
1899	1912
1899	1948
1899	1977
1899	1984
1900	1939
1900	1955
1900	1970
1900	1975
1900	1976
1912	1913
1912	1918
1912	1986
1936	1957
1936	1964
1936	1981
1945	1946
1947	1949
1948	1949
1948	1958
1948	1997
1067	1082
1067	1165
1067	1281
1067	1293
1067	1338
1067	1376
1067	1386
1067	1453
1067	1507
1067	1544
1067	1569
1067	1615
1067	1630
1067	1642
1067	1664
1067	1740
1067	1748
1067	1750
1067	1765
1067	1777
1067	1779
1067	1787
1067	1826
1067	1854
1067	1872
1067	1880
1067	1883
1067	1893
1067	1898
1067	1929
1067	1959
1109	1165
1109	1211
1109	1276
1109	1292
1109	1322
1109	1423
1109	1532
1109	1590
1109	1615
1109	1641
1109	1660
1109	1668
1109	1688
1109	1698
1109	1701
1109	1722
1109	1742
1109	1776
1109	1862
1109	1868
1109	1878
1109	1885
1109	1893
1109	1894
1109	1936
1109	1973
1109	1998
1109	1999
1120	1181
1120	1185
1120	1211
1120	1490
1120	1504
1120	1517
1120	1524
1120	1541
1120	1594
1120	1596
1120	1614
1120	1636
1120	1697
1120	1781
1120	1867
1120	1873
1120	1879
1120	1908
1120	1912
1120	1938
1120	1939
1120	1942
1120	1959
1120	1973
1120	1983
1120	1997
1169	1208
1169	1247
1169	1292
1169	1304
1169	1333
1169	1392
1169	1444
1169	1503
1169	1528
1169	1553
1169	1656
1169	1675
1169	1720
1169	1722
1169	1757
1169	1778
1169	1799
1169	1838
1169	1849
1169	1905
1169	1944
1169	1974
1169	1979
1169	1996
1181	1241
1181	1272
1181	1348
1181	1396
1181	1415
1181	1467
1181	1491
1181	1511
1181	1529
1181	1544
1181	1559
1181	1787
1181	1825
1181	1826
1181	1829
1181	1843
1181	1871
1181	1872
1181	1904
1181	1930
1181	1986
1181	1994
1181	1995
1211	1215
1211	1258
1211	1309
1211	1386
1211	1425
1211	1472
1211	1486
1211	1499
1211	1510
1211	1514
1211	1528
1211	1532
1211	1540
1211	1632
1211	1703
1211	1720
1211	1730
1211	1803
1211	1836
1211	1849
1211	1910
1211	1916
1211	1920
1211	1995
1211	1998
1222	1280
1222	1283
1222	1328
1222	1390
1222	1393
1222	1401
1222	1448
1222	1452
1222	1458
1222	1479
1222	1515
1222	1526
1222	1547
1222	1555
1222	1572
1222	1634
1222	1641
1222	1750
1222	1826
1222	1846
1222	1866
1222	1872
1222	1874
1222	1887
1222	1944
1222	1948
1222	1984
1222	1987
1247	1336
1247	1412
1247	1431
1247	1458
1247	1501
1247	1534
1247	1588
1247	1594
1247	1611
1247	1615
1247	1616
1247	1651
1247	1745
1247	1764
1247	1793
1247	1822
1247	1825
1247	1831
1247	1846
1247	1862
1247	1866
1247	1878
1247	1897
1247	1942
1247	1976
1247	1980
1247	1982
1247	1996
1264	1266
1264	1276
1264	1309
1264	1404
1264	1458
1264	1492
1264	1533
1264	1557
1264	1618
1264	1627
1264	1660
1264	1752
1264	1759
1264	1774
1264	1779
1264	1818
1264	1843
1264	1897
1264	1915
1264	1916
1264	1924
1264	1957
1264	1963
1264	1981
1264	1991
1264	1998
1272	1309
1272	1392
1272	1415
1272	1503
1272	1510
1272	1557
1272	1563
1272	1572
1272	1645
1272	1723
1272	1749
1272	1750
1272	1757
1272	1795
1272	1796
1272	1835
1272	1848
1272	1852
1272	1904
1272	1916
1272	1924
1272	1942
1272	1944
1272	1977
1272	1987
1281	1312
1281	1408
1281	1449
1281	1453
1281	1514
1281	1526
1281	1548
1281	1581
1281	1588
1281	1657
1281	1670
1281	1675
1281	1688
1281	1698
1281	1705
1281	1720
1281	1752
1281	1755
1281	1769
1281	1770
1281	1795
1281	1828
1281	1875
1281	1910
1281	1936
1282	1309
1282	1318
1282	1347
1282	1398
1282	1444
1282	1446
1282	1478
1282	1547
1282	1581
1282	1622
1282	1638
1282	1661
1282	1677
1282	1738
1282	1783
1282	1796
1282	1801
1282	1805
1282	1817
1282	1830
1282	1847
1282	1878
1282	1885
1282	1918
1282	1929
1282	1936
1282	1954
1282	1984
1282	1986
1295	1354
1295	1388
1295	1392
1295	1475
1295	1525
1295	1538
1295	1539
1295	1548
1295	1577
1295	1588
1295	1593
1295	1615
1295	1646
1295	1670
1295	1677
1295	1708
1295	1724
1295	1747
1295	1772
1295	1825
1295	1828
1295	1929
1295	1933
1295	1942
1295	1977
1295	1996
1296	1390
1296	1404
1296	1488
1296	1510
1296	1511
1296	1538
1296	1589
1296	1598
1296	1625
1296	1657
1296	1673
1296	1674
1296	1717
1296	1730
1296	1731
1296	1773
1296	1799
1296	1807
1296	1914
1296	1923
1296	1927
1296	1936
1296	1938
1296	1940
1296	1977
1296	1978
1296	1991
1296	1996
1309	1388
1309	1395
1309	1476
1309	1491
1309	1497
1309	1504
1309	1697
1309	1722
1309	1737
1309	1759
1309	1774
1309	1791
1309	1819
1309	1851
1309	1893
1309	1963
1309	1965
1328	1338
1328	1354
1328	1444
1328	1446
1328	1476
1328	1499
1328	1529
1328	1555
1328	1557
1328	1563
1328	1585
1328	1594
1328	1650
1328	1677
1328	1689
1328	1690
1328	1712
1328	1720
1328	1758
1328	1764
1328	1840
1328	1852
1328	1860
1328	1864
1328	1910
1328	1933
1328	1937
1328	1949
1328	1967
1328	1998
1368	1386
1368	1402
1368	1475
1368	1488
1368	1494
1368	1608
1368	1666
1368	1673
1368	1703
1368	1720
1368	1759
1368	1795
1368	1805
1368	1812
1368	1841
1368	1850
1368	1851
1368	1937
1368	1944
1368	1949
1368	1967
1368	1968
1401	1490
1401	1491
1401	1524
1401	1608
1401	1645
1401	1671
1401	1677
1401	1695
1401	1708
1401	1757
1401	1807
1401	1823
1401	1828
1401	1836
1401	1839
1401	1860
1401	1871
1401	1875
1401	1897
1401	1905
1401	1914
1401	1936
1401	1947
1401	1965
1401	1968
1401	1980
1408	1450
1408	1451
1408	1517
1408	1536
1408	1611
1408	1677
1408	1742
1408	1752
1408	1764
1408	1779
1408	1790
1408	1823
1408	1832
1408	1870
1408	1940
1408	1960
1408	1973
1446	1461
1446	1476
1446	1490
1446	1538
1446	1560
1446	1566
1446	1636
1446	1637
1446	1651
1446	1655
1446	1661
1446	1666
1446	1787
1446	1795
1446	1800
1446	1803
1446	1815
1446	1835
1446	1861
1446	1874
1446	1902
1446	1922
1446	1993
1446	1999
1448	1450
1448	1491
1448	1525
1448	1581
1448	1590
1448	1605
1448	1646
1448	1669
1448	1712
1448	1728
1448	1737
1448	1742
1448	1765
1448	1774
1448	1781
1448	1880
1448	1909
1448	1941
1450	1451
1450	1467
1450	1479
1450	1484
1450	1501
1450	1526
1450	1540
1450	1544
1450	1553
1450	1566
1450	1594
1450	1615
1450	1622
1450	1625
1450	1638
1450	1654
1450	1660
1450	1690
1450	1790
1450	1796
1450	1800
1450	1805
1450	1874
1450	1880
1450	1894
1450	1932
1450	1972
1467	1488
1467	1534
1467	1548
1467	1609
1467	1722
1467	1745
1467	1759
1467	1779
1467	1802
1467	1806
1467	1807
1467	1825
1467	1869
1467	1878
1467	1894
1467	1895
1467	1962
1475	1499
1475	1534
1475	1536
1475	1587
1475	1616
1475	1668
1475	1680
1475	1693
1475	1722
1475	1734
1475	1739
1475	1757
1475	1765
1475	1771
1475	1778
1475	1796
1475	1830
1475	1862
1475	1869
1475	1886
1475	1913
1475	1934
1475	1974
1475	1982
1491	1492
1491	1539
1491	1544
1491	1554
1491	1594
1491	1619
1491	1661
1491	1688
1491	1698
1491	1719
1491	1764
1491	1777
1491	1811
1491	1847
1491	1848
1491	1944
1491	1961
1491	1989
1497	1499
1497	1532
1497	1594
1497	1614
1497	1656
1497	1685
1497	1709
1497	1721
1497	1791
1497	1806
1497	1820
1497	1831
1497	1885
1497	1904
1497	1905
1497	1932
1497	1983
1499	1536
1499	1569
1499	1642
1499	1646
1499	1693
1499	1730
1499	1763
1499	1765
1499	1839
1499	1918
1499	1927
1499	1945
1499	1960
1499	1968
1499	1982
1519	1547
1519	1598
1519	1632
1519	1639
1519	1730
1519	1734
1519	1739
1519	1755
1519	1770
1519	1781
1519	1793
1519	1803
1519	1849
1519	1862
1519	1865
1519	1886
1519	1915
1519	1919
1519	1926
1519	1930
1519	1948
1519	1959
1519	1970
1519	1978
1519	1982
1519	1993
1519	1994
1519	1999
1530	1539
1530	1577
1530	1629
1530	1717
1530	1724
1530	1732
1530	1736
1530	1760
1530	1831
1530	1866
1530	1872
1530	1873
1530	1899
1530	1968
1530	1998
1530	1999
1538	1547
1538	1598
1538	1665
1538	1708
1538	1738
1538	1778
1538	1779
1538	1803
1538	1830
1538	1844
1538	1933
1538	1943
1538	1970
1538	1975
1538	1982
1541	1547
1541	1604
1541	1637
1541	1657
1541	1660
1541	1728
1541	1732
1541	1778
1541	1799
1541	1837
1541	1858
1541	1868
1541	1874
1544	1596
1544	1685
1544	1715
1544	1738
1544	1764
1544	1811
1544	1817
1544	1871
1544	1898
1544	1941
1544	1947
1544	1965
1544	1973
1544	1990
1554	1703
1554	1763
1554	1771
1554	1783
1554	1795
1554	1806
1554	1864
1554	1870
1554	1902
1554	1914
1554	1929
1554	1934
1554	1967
1554	1994
1557	1572
1557	1587
1557	1637
1557	1688
1557	1739
1557	1743
1557	1748
1557	1759
1557	1822
1557	1859
1557	1912
1557	1922
1557	1944
1557	1948
1557	1949
1557	1955
1557	1976
1557	1989
1563	1637
1563	1638
1563	1708
1563	1745
1563	1791
1563	1799
1563	1832
1563	1897
1563	1908
1563	1920
1563	1944
1563	1964
1589	1620
1589	1650
1589	1709
1589	1719
1589	1720
1589	1727
1589	1762
1589	1764
1589	1765
1589	1796
1589	1801
1589	1818
1589	1828
1589	1838
1589	1846
1589	1858
1589	1870
1589	1897
1589	1922
1589	1929
1589	1963
1589	1964
1589	1996
1611	1655
1611	1666
1611	1734
1611	1776
1611	1811
1611	1826
1611	1832
1611	1858
1611	1864
1611	1880
1611	1886
1611	1949
1625	1637
1625	1639
1625	1685
1625	1724
1625	1744
1625	1755
1625	1772
1625	1778
1625	1812
1625	1839
1625	1853
1625	1873
1625	1880
1625	1895
1625	1901
1625	1902
1625	1961
1625	1986
1625	1987
1630	1649
1630	1673
1630	1677
1630	1707
1630	1710
1630	1770
1630	1788
1630	1823
1630	1829
1630	1877
1630	1927
1630	1949
1630	1981
1630	1986
1638	1677
1638	1742
1638	1771
1638	1779
1638	1799
1638	1822
1638	1839
1638	1844
1638	1862
1638	1894
1638	1899
1638	1900
1638	1913
1638	1937
1638	1942
1638	1997
1644	1650
1644	1664
1644	1688
1644	1744
1644	1762
1644	1770
1644	1800
1644	1831
1644	1856
1644	1860
1644	1862
1644	1877
1644	1883
1644	1896
1644	1902
1644	1911
1644	1920
1644	1944
1644	1958
1645	1697
1645	1719
1645	1744
1645	1749
1645	1773
1645	1779
1645	1791
1645	1793
1645	1815
1645	1829
1645	1842
1645	1883
1645	1908
1645	1981
1650	1703
1650	1773
1650	1792
1650	1856
1650	1864
1650	1877
1650	1883
1650	1917
1650	1931
1650	1973
1650	1977
1661	1668
1661	1671
1661	1719
1661	1734
1661	1799
1661	1837
1661	1842
1661	1905
1661	1909
1661	1962
1661	1971
1661	1990
1669	1701
1669	1721
1669	1737
1669	1744
1669	1757
1669	1828
1669	1835
1669	1837
1669	1895
1669	1908
1669	1913
1669	1914
1669	1917
1669	1929
1669	1940
1671	1680
1671	1697
1671	1715
1671	1723
1671	1742
1671	1744
1671	1775
1671	1796
1671	1854
1671	1905
1671	1922
1671	1957
1671	1965
1703	1705
1703	1720
1703	1743
1703	1836
1703	1846
1703	1869
1703	1873
1703	1908
1703	1973
1703	1991
1703	1994
1703	1996
1703	1999
1708	1719
1708	1722
1708	1732
1708	1818
1708	1820
1708	1871
1708	1895
1708	1914
1708	1960
1708	1966
1714	1724
1714	1788
1714	1801
1714	1803
1714	1840
1714	1852
1714	1894
1714	1914
1714	1946
1714	1991
1714	1998
1720	1740
1720	1792
1720	1793
1720	1819
1720	1830
1720	1847
1720	1933
1720	1993
1721	1752
1721	1772
1721	1778
1721	1795
1721	1807
1721	1833
1721	1858
1721	1872
1721	1909
1721	1927
1721	1946
1721	1986
1721	1996
1727	1728
1727	1736
1727	1747
1727	1764
1727	1772
1727	1776
1727	1866
1727	1876
1727	1904
1727	1937
1727	1965
1727	1979
1730	1747
1730	1750
1730	1773
1730	1790
1730	1843
1730	1852
1730	1854
1730	1868
1730	1895
1730	1959
1730	1960
1730	1976
1731	1773
1731	1776
1731	1783
1731	1833
1731	1867
1731	1879
1731	1886
1731	1945
1731	1983
1733	1750
1733	1801
1733	1805
1733	1838
1733	1839
1733	1842
1733	1856
1733	1857
1733	1923
1733	1937
1733	1948
1733	1955
1733	1979
1739	1766
1739	1788
1739	1803
1739	1817
1739	1837
1739	1853
1739	1947
1739	1962
1739	1983
1739	1989
1739	1996
1739	1999
1748	1781
1748	1818
1748	1829
1748	1833
1748	1856
1748	1880
1748	1898
1748	1923
1748	1927
1748	1976
1748	1978
1748	1991
1749	1757
1749	1761
1749	1792
1749	1801
1749	1802
1749	1832
1749	1833
1749	1850
1749	1853
1749	1864
1749	1879
1749	1896
1749	1914
1749	1927
1749	1984
1749	1998
1752	1763
1752	1802
1752	1817
1752	1829
1752	1848
1752	1876
1752	1900
1752	1931
1758	1781
1758	1850
1758	1851
1758	1923
1758	1955
1758	1959
1758	1978
1758	1986
1758	1998
1769	1800
1769	1831
1769	1879
1769	1913
1769	1923
1769	1933
1769	1973
1771	1812
1771	1823
1771	1828
1771	1836
1771	1846
1771	1914
1771	1932
1771	1949
1771	1974
1771	1981
1771	1994
1771	1995
1775	1781
1775	1788
1775	1825
1775	1840
1775	1869
1775	1917
1775	1983
1775	1986
1790	1817
1790	1820
1790	1826
1790	1851
1790	1859
1790	1864
1790	1875
1790	1876
1790	1878
1790	1886
1790	1918
1825	1857
1825	1861
1825	1872
1825	1879
1825	1880
1825	1915
1825	1955
1825	1971
1825	1990
1825	1993
1825	1998
1828	1842
1828	1844
1828	1878
1828	1967
1828	1974
1830	1846
1830	1865
1830	1896
1830	1906
1830	1915
1830	1921
1830	1928
1830	1934
1830	1960
1830	1974
1830	1978
1830	1994
1833	1908
1833	1910
1833	1921
1833	1933
1833	1942
1833	1963
1833	1983
1833	1999
1836	1848
1836	1860
1836	1861
1836	1870
1836	1878
1836	1942
1836	1962
1858	1885
1858	1897
1858	1910
1858	1938
1858	1943
1858	1947
1858	1948
1858	1955
1858	1984
1858	1986
1858	1987
1866	1873
1866	1883
1866	1906
1866	1960
1866	1970
1866	1986
1866	1990
1875	1887
1875	1913
1875	1999
1890	1910
1890	1966
1890	1972
1890	1977
1890	1984
1890	1996
1911	1913
1911	1917
1911	1932
1911	1937
1911	1955
1911	1959
1913	1916
1913	1917
1913	1921
1913	1930
1913	1931
1913	1997
1922	1993
1927	1930
1927	1998
1927	1999
1931	1935
1931	1969
1939	1944
1939	1947
1939	1970
1939	1975
1942	1989
1954	1965
1954	1980
1961	1978
1961	1998
1971	1986
1976	1980
815	1052
815	1068
815	1075
815	1087
815	1153
815	1266
815	1281
815	1292
815	1307
815	1408
815	1431
815	1449
815	1490
815	1499
815	1543
815	1569
815	1585
815	1593
815	1596
815	1632
815	1649
815	1657
815	1689
815	1699
815	1728
815	1774
815	1799
815	1837
815	1869
815	1908
815	1940
815	1968
862	1067
862	1075
862	1169
862	1219
862	1241
862	1307
862	1448
862	1472
862	1480
862	1560
862	1568
862	1598
862	1677
862	1698
862	1709
862	1727
862	1732
862	1737
862	1757
862	1787
862	1825
862	1831
862	1833
862	1838
862	1846
862	1847
862	1876
862	1966
862	1977
1052	1088
1052	1127
1052	1248
1052	1292
1052	1324
1052	1347
1052	1415
1052	1488
1052	1562
1052	1616
1052	1625
1052	1642
1052	1697
1052	1699
1052	1723
1052	1730
1052	1740
1052	1842
1052	1895
1052	1911
1052	1994
1075	1181
1075	1215
1075	1347
1075	1348
1075	1387
1075	1422
1075	1488
1075	1536
1075	1543
1075	1554
1075	1562
1075	1566
1075	1594
1075	1699
1075	1740
1075	1750
1075	1772
1075	1795
1075	1837
1075	1842
1075	1915
1075	1945
1075	1968
1075	1971
1075	1973
1075	1991
1087	1169
1087	1318
1087	1333
1087	1362
1087	1371
1087	1401
1087	1443
1087	1501
1087	1529
1087	1533
1087	1538
1087	1544
1087	1547
1087	1556
1087	1594
1087	1654
1087	1664
1087	1674
1087	1719
1087	1770
1087	1820
1087	1883
1087	1885
1087	1939
1087	1969
1087	1974
1087	1975
1087	1987
1087	1993
1127	1211
1127	1284
1127	1328
1127	1336
1127	1484
1127	1525
1127	1548
1127	1614
1127	1632
1127	1675
1127	1734
1127	1760
1127	1778
1127	1851
1127	1899
1127	1902
1127	1905
1127	1906
1127	1924
1127	1930
1127	1938
1127	1942
1127	1945
1127	1960
1141	1169
1141	1176
1141	1208
1141	1258
1141	1283
1141	1284
1141	1304
1141	1352
1141	1422
1141	1425
1141	1475
1141	1510
1141	1541
1141	1551
1141	1556
1141	1568
1141	1673
1141	1715
1141	1748
1141	1762
1141	1766
1141	1865
1141	1910
1141	1912
1141	1913
1141	1915
1141	1921
1141	1924
1141	1936
1141	1968
1220	1248
1220	1293
1220	1333
1220	1401
1220	1449
1220	1461
1220	1472
1220	1555
1220	1619
1220	1634
1220	1651
1220	1769
1220	1778
1220	1833
1220	1837
1220	1867
1220	1875
1220	1880
1220	1898
1220	1906
1220	1976
1220	1979
1283	1347
1283	1392
1283	1393
1283	1423
1283	1436
1283	1478
1283	1539
1283	1655
1283	1656
1283	1705
1283	1817
1283	1837
1283	1852
1283	1870
1283	1893
1283	1898
1283	1904
1283	1943
1283	1958
1283	1961
1283	1966
1283	1969
1283	1978
1283	1981
1283	1991
1283	1995
1284	1296
1284	1307
1284	1324
1284	1368
1284	1387
1284	1448
1284	1495
1284	1497
1284	1499
1284	1581
1284	1589
1284	1594
1284	1618
1284	1650
1284	1655
1284	1705
1284	1742
1284	1759
1284	1760
1284	1787
1284	1806
1284	1874
1284	1895
1284	1897
1284	1926
1284	1936
1284	1963
1284	1964
1284	1995
1286	1362
1286	1497
1286	1530
1286	1547
1286	1553
1286	1569
1286	1646
1286	1701
1286	1707
1286	1730
1286	1747
1286	1763
1286	1769
1286	1805
1286	1819
1286	1836
1286	1839
1286	1869
1286	1874
1286	1888
1286	1911
1286	1934
1286	1939
1286	1947
1286	1965
1298	1396
1298	1476
1298	1490
1298	1495
1298	1511
1298	1526
1298	1563
1298	1641
1298	1642
1298	1669
1298	1823
1298	1912
1298	1921
1298	1929
1298	1938
1298	1954
1298	1969
1298	1977
1298	1981
1298	1983
1298	1984
1304	1354
1304	1386
1304	1393
1304	1484
1304	1491
1304	1529
1304	1560
1304	1596
1304	1630
1304	1637
1304	1712
1304	1738
1304	1749
1304	1765
1304	1793
1304	1836
1304	1910
1304	1918
1304	1934
1304	1937
1304	1938
1304	1947
1304	1974
1304	1982
1304	1986
1304	1990
1304	1998
1305	1378
1305	1514
1305	1536
1305	1543
1305	1572
1305	1605
1305	1622
1305	1671
1305	1685
1305	1688
1305	1695
1305	1697
1305	1777
1305	1803
1305	1819
1305	1893
1305	1926
1305	1990
1333	1339
1333	1348
1333	1434
1333	1444
1333	1503
1333	1515
1333	1530
1333	1548
1333	1588
1333	1611
1333	1620
1333	1632
1333	1761
1333	1771
1333	1796
1333	1841
1333	1844
1333	1850
1333	1867
1333	1871
1333	1886
1333	1965
1333	1968
1333	1982
1333	1999
1338	1347
1338	1422
1338	1453
1338	1463
1338	1491
1338	1494
1338	1499
1338	1507
1338	1528
1338	1533
1338	1669
1338	1737
1338	1745
1338	1770
1338	1787
1338	1803
1338	1825
1338	1839
1338	1866
1338	1879
1338	1883
1338	1885
1338	1888
1338	1912
1338	1948
1338	1981
1338	1986
1347	1423
1347	1425
1347	1480
1347	1488
1347	1495
1347	1507
1347	1510
1347	1540
1347	1651
1347	1660
1347	1715
1347	1723
1347	1731
1347	1736
1347	1776
1347	1818
1347	1880
1347	1898
1347	1910
1347	1976
1385	1387
1385	1388
1385	1395
1385	1423
1385	1514
1385	1589
1385	1629
1385	1630
1385	1666
1385	1703
1385	1771
1385	1790
1385	1838
1385	1846
1385	1885
1385	1888
1385	1890
1385	1901
1385	1905
1385	1913
1385	1928
1385	1936
1385	1940
1385	1963
1385	1971
1392	1415
1392	1467
1392	1497
1392	1556
1392	1565
1392	1596
1392	1620
1392	1625
1392	1641
1392	1651
1392	1671
1392	1677
1392	1693
1392	1701
1392	1770
1392	1788
1392	1815
1392	1840
1392	1908
1392	1915
1392	1920
1392	1921
1392	1931
1392	1971
1392	1976
1392	1978
1399	1448
1399	1486
1399	1525
1399	1541
1399	1556
1399	1615
1399	1655
1399	1675
1399	1707
1399	1755
1399	1783
1399	1846
1399	1868
1399	1915
1399	1921
1399	1943
1399	1989
1431	1451
1431	1454
1431	1588
1431	1614
1431	1630
1431	1654
1431	1657
1431	1664
1431	1670
1431	1685
1431	1755
1431	1799
1431	1823
1431	1847
1431	1859
1431	1877
1431	1886
1431	1941
1431	1990
1436	1488
1436	1503
1436	1515
1436	1548
1436	1553
1436	1563
1436	1616
1436	1646
1436	1656
1436	1666
1436	1669
1436	1697
1436	1738
1436	1739
1436	1748
1436	1759
1436	1793
1436	1827
1436	1830
1436	1875
1436	1911
1436	1929
1436	1972
1436	1983
1436	1990
1436	1995
1464	1467
1464	1492
1464	1514
1464	1548
1464	1566
1464	1598
1464	1661
1464	1688
1464	1802
1464	1831
1464	1858
1464	1898
1464	1960
1464	1972
1464	1986
1464	1999
1479	1526
1479	1530
1479	1533
1479	1555
1479	1581
1479	1605
1479	1608
1479	1730
1479	1764
1479	1771
1479	1787
1479	1803
1479	1817
1479	1860
1479	1866
1479	1871
1479	1913
1479	1915
1479	1945
1479	1977
1479	1989
1484	1490
1484	1491
1484	1501
1484	1515
1484	1530
1484	1569
1484	1577
1484	1638
1484	1644
1484	1655
1484	1657
1484	1660
1484	1755
1484	1758
1484	1773
1484	1793
1484	1852
1484	1860
1484	1866
1484	1867
1484	1915
1484	1923
1484	1962
1495	1501
1495	1538
1495	1556
1495	1566
1495	1620
1495	1636
1495	1654
1495	1671
1495	1695
1495	1719
1495	1742
1495	1852
1495	1859
1495	1917
1495	1966
1495	1989
1495	1991
1503	1526
1503	1562
1503	1572
1503	1604
1503	1608
1503	1637
1503	1646
1503	1697
1503	1762
1503	1765
1503	1799
1503	1849
1503	1856
1503	1866
1503	1932
1503	1959
1503	1976
1551	1609
1551	1611
1551	1615
1551	1641
1551	1649
1551	1677
1551	1698
1551	1728
1551	1748
1551	1806
1551	1823
1551	1846
1551	1874
1551	1896
1551	1908
1551	1918
1551	1928
1551	1937
1551	1983
1562	1566
1562	1708
1562	1721
1562	1724
1562	1734
1562	1769
1562	1783
1562	1793
1562	1842
1562	1888
1562	1893
1562	1923
1562	1935
1562	1965
1562	1971
1568	1582
1568	1587
1568	1703
1568	1744
1568	1774
1568	1792
1568	1801
1568	1849
1568	1867
1568	1893
1568	1896
1568	1912
1568	1923
1568	1964
1568	1965
1568	1991
1585	1587
1585	1608
1585	1609
1585	1657
1585	1661
1585	1697
1585	1714
1585	1715
1585	1727
1585	1773
1585	1829
1585	1830
1585	1838
1585	1842
1585	1852
1585	1859
1585	1877
1585	1883
1585	1893
1585	1898
1585	1901
1585	1912
1585	1940
1585	1975
1585	1979
1594	1604
1594	1609
1594	1611
1594	1671
1594	1698
1594	1750
1594	1783
1594	1790
1594	1838
1594	1851
1594	1877
1594	1897
1594	1915
1594	1932
1594	1978
1594	1998
1608	1673
1608	1708
1608	1715
1608	1758
1608	1868
1608	1869
1608	1876
1608	1879
1608	1901
1608	1912
1608	1919
1608	1921
1608	1928
1608	1934
1608	1981
1627	1641
1627	1645
1627	1646
1627	1649
1627	1661
1627	1666
1627	1721
1627	1728
1627	1734
1627	1744
1627	1766
1627	1773
1627	1807
1627	1820
1627	1826
1627	1839
1627	1860
1627	1867
1627	1876
1627	1959
1627	1965
1627	1986
1627	1993
1627	1994
1637	1639
1637	1674
1637	1710
1637	1719
1637	1724
1637	1764
1637	1799
1637	1837
1637	1868
1637	1906
1637	1942
1637	1968
1637	1997
1656	1671
1656	1695
1656	1708
1656	1724
1656	1738
1656	1770
1656	1775
1656	1802
1656	1817
1656	1852
1656	1868
1656	1897
1656	1914
1656	1949
1657	1689
1657	1698
1657	1712
1657	1772
1657	1779
1657	1788
1657	1796
1657	1854
1657	1917
1657	1929
1657	1949
1657	1955
1657	1965
1657	1993
1660	1689
1660	1707
1660	1766
1660	1817
1660	1839
1660	1862
1660	1878
1660	1879
1660	1886
1660	1908
1660	1917
1660	1980
1668	1685
1668	1692
1668	1701
1668	1757
1668	1763
1668	1787
1668	1826
1668	1830
1668	1884
1668	1904
1668	1912
1668	1935
1668	1954
1668	1976
1668	1998
1673	1689
1673	1705
1673	1724
1673	1763
1673	1792
1673	1973
1673	1991
1675	1703
1675	1707
1675	1721
1675	1727
1675	1744
1675	1778
1675	1783
1675	1790
1675	1800
1675	1801
1675	1836
1675	1851
1675	1909
1675	1924
1675	1957
1675	1980
1675	1989
1677	1732
1677	1844
1677	1849
1677	1852
1677	1924
1677	1927
1677	1937
1677	1972
1693	1714
1693	1722
1693	1763
1693	1776
1693	1812
1693	1819
1693	1835
1693	1859
1693	1860
1693	1866
1693	1868
1693	1914
1693	1926
1693	1958
1693	1971
1693	1976
1693	1982
1699	1717
1699	1803
1699	1846
1699	1847
1699	1851
1699	1864
1699	1874
1699	1944
1699	1964
1699	1978
1699	1994
1701	1724
1701	1731
1701	1736
1701	1771
1701	1825
1701	1840
1701	1843
1701	1894
1701	1901
1701	1912
1701	1919
1701	1941
1701	1989
1709	1740
1709	1750
1709	1759
1709	1765
1709	1787
1709	1868
1709	1912
1709	1927
1709	1936
1709	1955
1709	1966
1709	1979
1709	1980
1722	1745
1722	1755
1722	1905
1722	1960
1722	1981
1722	1997
1724	1738
1724	1749
1724	1755
1724	1764
1724	1773
1724	1820
1724	1848
1724	1928
1724	1941
1724	1977
1724	1987
1724	1993
1734	1743
1734	1770
1734	1831
1734	1843
1734	1900
1734	1959
1734	1976
1755	1758
1755	1760
1755	1761
1755	1805
1755	1811
1755	1847
1755	1854
1755	1864
1755	1900
1755	1932
1755	1982
1764	1765
1764	1777
1764	1800
1764	1860
1764	1867
1764	1871
1764	1919
1764	1924
1764	1982
1764	1984
1764	1995
1766	1774
1766	1775
1766	1820
1766	1833
1766	1840
1766	1869
1766	1872
1766	1895
1766	1896
1766	1900
1766	1913
1766	1949
1766	1970
1766	1995
1788	1791
1788	1822
1788	1825
1788	1833
1788	1878
1788	1885
1788	1890
1788	1909
1788	1919
1788	1975
1788	1997
1792	1829
1792	1865
1792	1927
1792	1942
1792	1964
1792	1967
1792	1977
1792	1999
1796	1799
1796	1916
1796	1928
1796	1943
1796	1949
1796	1961
1796	1977
1823	1835
1823	1839
1823	1902
1823	1935
1823	1962
1823	1963
1823	1982
1827	1833
1827	1857
1827	1878
1827	1911
1827	1938
1827	1979
1867	1883
1867	1905
1867	1929
1869	1880
1869	1895
1869	1912
1869	1933
1869	1949
1869	1958
1869	1966
1869	1973
1877	1913
1877	1914
1877	1965
1877	1968
1877	1984
1887	1900
1887	1916
1887	1918
1887	1924
1887	1928
1887	1944
1894	1898
1894	1931
1894	1945
1894	1968
1894	1975
1894	1993
1919	1920
1919	1936
1919	1963
1919	1980
1919	1998
1920	1928
1920	1944
1929	1943
1929	1958
1929	1960
1929	1971
1941	1946
1941	1955
1941	1968
1941	1972
1946	1955
1946	1984
1964	1966
1966	1970
1966	1987
1966	1997
1138	1165
1138	1181
1138	1219
1138	1280
1138	1338
1138	1359
1138	1404
1138	1425
1138	1458
1138	1492
1138	1507
1138	1540
1138	1548
1138	1614
1138	1615
1138	1675
1138	1701
1138	1708
1138	1759
1138	1763
1138	1765
1138	1795
1138	1831
1138	1842
1138	1850
1138	1856
1138	1857
1138	1864
1138	1868
1138	1958
1138	1981
1176	1248
1176	1260
1176	1313
1176	1359
1176	1373
1176	1412
1176	1434
1176	1530
1176	1547
1176	1620
1176	1639
1176	1645
1176	1709
1176	1720
1176	1724
1176	1734
1176	1772
1176	1790
1176	1803
1176	1830
1176	1851
1176	1877
1176	1878
1176	1899
1176	1916
1176	1940
1176	1963
1182	1193
1182	1201
1182	1215
1182	1280
1182	1293
1182	1305
1182	1322
1182	1333
1182	1352
1182	1368
1182	1494
1182	1495
1182	1560
1182	1563
1182	1587
1182	1619
1182	1698
1182	1745
1182	1760
1182	1770
1182	1818
1182	1819
1182	1822
1182	1857
1182	1886
1182	1931
1182	1997
1204	1219
1204	1324
1204	1347
1204	1401
1204	1404
1204	1475
1204	1553
1204	1562
1204	1577
1204	1611
1204	1627
1204	1677
1204	1692
1204	1693
1204	1698
1204	1705
1204	1715
1204	1732
1204	1757
1204	1760
1204	1819
1204	1826
1204	1832
1204	1836
1204	1870
1204	1929
1204	1970
1255	1327
1255	1352
1255	1494
1255	1526
1255	1581
1255	1582
1255	1598
1255	1630
1255	1641
1255	1656
1255	1730
1255	1734
1255	1748
1255	1801
1255	1844
1255	1871
1255	1872
1255	1878
1255	1917
1255	1934
1255	1948
1255	1965
1255	1976
1266	1272
1266	1286
1266	1373
1266	1388
1266	1393
1266	1444
1266	1458
1266	1555
1266	1563
1266	1655
1266	1698
1266	1709
1266	1742
1266	1762
1266	1764
1266	1765
1266	1803
1266	1853
1266	1859
1266	1866
1266	1927
1266	1940
1266	1944
1266	1966
1266	1989
1280	1281
1280	1309
1280	1322
1280	1393
1280	1458
1280	1497
1280	1501
1280	1504
1280	1526
1280	1530
1280	1538
1280	1569
1280	1619
1280	1625
1280	1717
1280	1748
1280	1760
1280	1787
1280	1800
1280	1803
1280	1807
1280	1817
1280	1848
1280	1902
1280	1947
1280	1957
1339	1395
1339	1434
1339	1484
1339	1510
1339	1554
1339	1636
1339	1670
1339	1671
1339	1720
1339	1721
1339	1742
1339	1750
1339	1763
1339	1774
1339	1827
1339	1866
1339	1875
1339	1877
1339	1893
1339	1917
1339	1931
1339	1967
1339	1981
1339	1983
1339	1994
1359	1404
1359	1536
1359	1538
1359	1614
1359	1642
1359	1657
1359	1692
1359	1722
1359	1739
1359	1764
1359	1765
1359	1799
1359	1823
1359	1836
1359	1837
1359	1877
1359	1878
1359	1880
1359	1901
1359	1918
1359	1934
1359	1969
1359	1980
1359	1999
1362	1434
1362	1507
1362	1511
1362	1514
1362	1529
1362	1566
1362	1614
1362	1641
1362	1671
1362	1775
1362	1777
1362	1781
1362	1812
1362	1883
1362	1896
1362	1913
1362	1914
1362	1944
1362	1955
1362	1966
1362	1971
1362	1982
1362	1987
1373	1402
1373	1539
1373	1555
1373	1568
1373	1572
1373	1593
1373	1616
1373	1657
1373	1661
1373	1671
1373	1708
1373	1712
1373	1749
1373	1769
1373	1772
1373	1781
1373	1806
1373	1859
1373	1867
1373	1873
1373	1887
1373	1888
1373	1890
1373	1904
1373	1917
1373	1934
1373	1946
1373	1967
1378	1398
1378	1401
1378	1494
1378	1499
1378	1504
1378	1514
1378	1532
1378	1541
1378	1556
1378	1572
1378	1585
1378	1605
1378	1615
1378	1619
1378	1654
1378	1674
1378	1688
1378	1766
1378	1796
1378	1851
1378	1869
1378	1883
1378	1890
1378	1917
1378	1929
1378	1949
1378	1961
1378	1963
1378	1968
1378	1983
1449	1451
1449	1499
1449	1556
1449	1645
1449	1657
1449	1688
1449	1692
1449	1732
1449	1760
1449	1779
1449	1805
1449	1835
1449	1868
1449	1910
1449	1932
1449	1989
1453	1553
1453	1639
1453	1644
1453	1685
1453	1707
1453	1715
1453	1724
1453	1760
1453	1773
1453	1795
1453	1832
1453	1876
1453	1896
1453	1898
1453	1902
1453	1905
1453	1909
1453	1924
1453	1927
1453	1933
1453	1960
1453	1977
1453	1981
1454	1528
1454	1529
1454	1532
1454	1614
1454	1627
1454	1646
1454	1654
1454	1697
1454	1714
1454	1722
1454	1736
1454	1738
1454	1801
1454	1811
1454	1823
1454	1840
1454	1875
1454	1879
1454	1880
1454	1909
1454	1934
1454	1946
1454	1954
1454	1983
1461	1499
1461	1503
1461	1551
1461	1555
1461	1594
1461	1690
1461	1692
1461	1710
1461	1739
1461	1748
1461	1749
1461	1765
1461	1773
1461	1818
1461	1849
1461	1910
1461	1996
1478	1479
1478	1488
1478	1492
1478	1526
1478	1538
1478	1540
1478	1562
1478	1593
1478	1605
1478	1651
1478	1654
1478	1656
1478	1708
1478	1709
1478	1740
1478	1759
1478	1806
1478	1807
1478	1831
1478	1846
1478	1854
1478	1884
1478	1930
1478	1939
1478	1963
1515	1526
1515	1538
1515	1608
1515	1630
1515	1638
1515	1656
1515	1690
1515	1705
1515	1727
1515	1749
1515	1772
1515	1820
1515	1839
1515	1843
1515	1856
1515	1926
1515	1938
1515	1948
1515	1993
1534	1541
1534	1619
1534	1666
1534	1677
1534	1698
1534	1830
1534	1841
1534	1879
1534	1883
1534	1885
1534	1893
1534	1948
1534	1964
1534	1968
1534	1975
1534	1991
1555	1604
1555	1608
1555	1609
1555	1629
1555	1642
1555	1646
1555	1675
1555	1685
1555	1703
1555	1712
1555	1722
1555	1744
1555	1788
1555	1805
1555	1827
1555	1876
1555	1878
1555	1890
1555	1909
1555	1959
1555	1962
1555	1965
1555	1984
1555	1990
1582	1605
1582	1654
1582	1656
1582	1698
1582	1710
1582	1715
1582	1757
1582	1763
1582	1811
1582	1817
1582	1850
1582	1885
1582	1888
1582	1896
1582	1897
1582	1922
1582	1931
1582	1932
1582	1941
1582	1942
1582	1955
1587	1640
1587	1721
1587	1728
1587	1733
1587	1737
1587	1775
1587	1828
1587	1835
1587	1858
1587	1861
1587	1873
1587	1888
1587	1901
1587	1921
1587	1927
1587	1997
1649	1666
1649	1705
1649	1712
1649	1731
1649	1770
1649	1787
1649	1830
1649	1842
1649	1849
1649	1860
1649	1919
1649	1923
1649	1975
1655	1689
1655	1697
1655	1715
1655	1831
1655	1843
1655	1868
1655	1931
1655	1937
1655	1938
1655	1947
1655	1977
1655	1979
1655	1991
1665	1703
1665	1727
1665	1731
1665	1734
1665	1744
1665	1752
1665	1787
1665	1811
1665	1866
1665	1869
1665	1872
1665	1875
1665	1902
1665	1910
1665	1920
1665	1926
1665	1944
1665	1949
1665	1977
1665	1991
1670	1701
1670	1707
1670	1723
1670	1731
1670	1748
1670	1749
1670	1764
1670	1795
1670	1800
1670	1832
1670	1858
1670	1865
1670	1873
1670	1888
1670	1899
1670	1919
1670	1945
1670	1947
1670	1958
1670	1986
1745	1763
1745	1771
1745	1787
1745	1812
1745	1844
1745	1853
1745	1894
1745	1896
1745	1917
1745	1948
1745	1996
1759	1769
1759	1806
1759	1807
1759	1829
1759	1831
1759	1865
1759	1888
1759	1915
1759	1935
1759	1939
1759	1945
1759	1980
1787	1788
1787	1811
1787	1842
1787	1864
1787	1877
1787	1896
1787	1938
1787	1942
1787	1978
1795	1835
1795	1859
1795	1872
1795	1896
1795	1928
1795	1929
1795	1944
1817	1828
1817	1842
1817	1844
1817	1848
1817	1859
1817	1888
1817	1895
1839	1849
1839	1876
1839	1890
1839	1926
1839	1946
1839	1970
1842	1854
1842	1880
1842	1887
1842	1930
1842	1936
1842	1959
1842	1967
1842	1968
1842	1987
1847	1862
1847	1924
1847	1929
1847	1944
1847	1959
1849	1868
1849	1887
1849	1890
1849	1894
1849	1910
1849	1914
1849	1924
1849	1940
1849	1997
1864	1869
1864	1897
1864	1961
1864	1970
1864	1997
1870	1906
1870	1916
1870	1937
1870	1976
1871	1879
1871	1894
1871	1910
1871	1954
1871	1959
1871	1963
1871	1974
1873	1878
1873	1909
1873	1919
1873	1967
1873	1995
1873	1996
1879	1887
1879	1906
1879	1914
1879	1989
1879	1994
1883	1919
1883	1991
1893	1899
1893	1931
1893	1932
1893	1933
1893	1959
1893	1966
1893	1969
1893	1977
1893	1999
1904	1973
1910	1921
1910	1967
1910	1995
1915	1926
1915	1931
1915	1958
1915	1987
1915	1994
1926	1942
1926	1989
1926	1995
1932	1940
1932	1949
1932	1954
1932	1955
1932	1969
1932	1982
1932	1984
1932	1990
1935	1942
1935	1983
1937	1943
1937	1947
1937	1949
1937	1957
1937	1973
1937	1975
1937	1978
1937	1982
1940	1942
1940	1943
1940	1980
1940	1997
1943	1962
1943	1968
1943	1976
1943	1991
1943	1996
1955	1964
1955	1987
1955	1991
1955	1996
1958	1965
1958	1970
1962	1993
1962	1995
1963	1994
1974	1979
1974	1983
1974	1989
1088	1141
1088	1182
1088	1201
1088	1264
1088	1277
1088	1298
1088	1402
1088	1444
1088	1511
1088	1529
1088	1553
1088	1563
1088	1640
1088	1724
1088	1771
1088	1800
1088	1826
1088	1832
1088	1901
1088	1927
1088	1936
1088	1996
1348	1368
1348	1393
1348	1401
1348	1501
1348	1510
1348	1533
1348	1692
1348	1710
1348	1739
1348	1774
1348	1796
1348	1806
1348	1818
1348	1839
1348	1857
1348	1866
1348	1874
1348	1877
1348	1908
1348	1944
1348	1969
1371	1388
1371	1515
1371	1598
1371	1649
1371	1656
1371	1657
1371	1674
1371	1685
1371	1727
1371	1759
1371	1793
1371	1807
1371	1872
1371	1914
1371	1916
1371	1922
1371	1929
1371	1935
1371	1943
1371	1975
1371	1998
1387	1398
1387	1402
1387	1443
1387	1446
1387	1461
1387	1511
1387	1569
1387	1581
1387	1616
1387	1637
1387	1673
1387	1677
1387	1720
1387	1743
1387	1752
1387	1761
1387	1770
1387	1779
1387	1819
1387	1820
1387	1833
1387	1890
1387	1918
1387	1921
1387	1924
1387	1958
1387	1964
1387	1971
1387	1991
1404	1479
1404	1497
1404	1510
1404	1524
1404	1534
1404	1544
1404	1562
1404	1587
1404	1604
1404	1638
1404	1654
1404	1657
1404	1661
1404	1763
1404	1819
1404	1869
1404	1884
1404	1887
1404	1931
1404	1987
1425	1451
1425	1461
1425	1476
1425	1557
1425	1559
1425	1649
1425	1656
1425	1673
1425	1692
1425	1750
1425	1752
1425	1822
1425	1833
1425	1840
1425	1879
1425	1902
1425	1915
1425	1920
1425	1942
1425	1984
1443	1472
1443	1517
1443	1529
1443	1544
1443	1593
1443	1615
1443	1619
1443	1669
1443	1710
1443	1722
1443	1732
1443	1803
1443	1807
1443	1817
1443	1837
1443	1875
1443	1888
1443	1893
1443	1897
1443	1905
1443	1926
1443	1934
1443	1968
1443	1979
1443	1986
1444	1472
1444	1555
1444	1559
1444	1566
1444	1569
1444	1645
1444	1699
1444	1705
1444	1712
1444	1731
1444	1738
1444	1745
1444	1762
1444	1783
1444	1890
1444	1919
1444	1926
1452	1479
1452	1525
1452	1530
1452	1559
1452	1568
1452	1569
1452	1608
1452	1636
1452	1685
1452	1727
1452	1731
1452	1791
1452	1793
1452	1795
1452	1839
1452	1851
1452	1871
1452	1969
1452	1973
1452	1977
1452	1978
1463	1467
1463	1488
1463	1525
1463	1577
1463	1629
1463	1656
1463	1675
1463	1690
1463	1728
1463	1733
1463	1736
1463	1755
1463	1772
1463	1773
1463	1778
1463	1795
1463	1805
1463	1831
1463	1874
1463	1880
1463	1884
1463	1922
1463	1989
1526	1655
1526	1760
1526	1764
1526	1771
1526	1790
1526	1823
1526	1832
1526	1838
1526	1844
1526	1847
1526	1866
1526	1890
1526	1893
1526	1906
1526	1920
1526	1942
1526	1954
1526	1964
1526	1972
1590	1596
1590	1645
1590	1738
1590	1757
1590	1795
1590	1796
1590	1828
1590	1843
1590	1852
1590	1895
1590	1931
1590	1945
1590	1967
1590	1969
1590	1972
1590	1973
1590	1975
1590	1993
1590	1998
1605	1639
1605	1642
1605	1660
1605	1685
1605	1721
1605	1740
1605	1758
1605	1760
1605	1770
1605	1803
1605	1806
1605	1819
1605	1825
1605	1833
1605	1898
1605	1958
1605	1963
1605	1990
1605	1994
1605	1997
1646	1688
1646	1705
1646	1720
1646	1775
1646	1830
1646	1841
1646	1842
1646	1853
1646	1879
1646	1898
1646	1902
1646	1941
1646	1958
1646	1979
1697	1698
1697	1755
1697	1781
1697	1803
1697	1820
1697	1853
1697	1874
1697	1875
1697	1901
1697	1914
1697	1946
1697	1972
1697	1990
1719	1720
1719	1738
1719	1761
1719	1774
1719	1815
1719	1861
1719	1899
1719	1916
1719	1936
1719	1984
1728	1730
1728	1738
1728	1760
1728	1761
1728	1763
1728	1776
1728	1817
1728	1839
1728	1859
1728	1870
1728	1894
1728	1917
1728	1954
1728	1983
1740	1744
1740	1745
1740	1748
1740	1770
1740	1778
1740	1790
1740	1843
1740	1856
1740	1884
1740	1894
1740	1940
1740	1945
1740	1947
1740	1977
1740	1979
1742	1799
1742	1811
1742	1815
1742	1823
1742	1829
1742	1841
1742	1870
1742	1897
1742	1915
1742	1933
1743	1757
1743	1758
1743	1770
1743	1805
1743	1829
1743	1838
1743	1847
1743	1860
1743	1890
1743	1897
1743	1930
1743	1933
1743	1935
1743	1946
1743	1975
1743	1977
1743	1982
1743	1984
1743	1994
1791	1825
1791	1838
1791	1843
1791	1853
1791	1871
1791	1878
1791	1923
1791	1964
1793	1867
1793	1912
1793	1917
1793	1919
1793	1927
1793	1937
1793	1948
1793	1961
1793	1962
1793	1978
1793	1995
1803	1823
1803	1861
1803	1901
1803	1926
1803	1936
1822	1838
1822	1898
1822	1941
1822	1943
1838	1856
1838	1901
1838	1935
1838	1946
1838	1948
1838	1954
1838	1970
1838	1999
1861	1868
1861	1876
1861	1896
1861	1897
1861	1911
1861	1915
1861	1972
1861	1986
1861	1997
1872	1876
1872	1967
1872	1968
1872	1982
1874	1922
1874	1945
1876	1883
1876	1894
1876	1915
1876	1941
1876	1984
1878	1884
1878	1894
1878	1918
1878	1933
1878	1978
1878	1987
1895	1964
1895	1970
1895	1973
1896	1929
1896	1974
1896	1981
1908	1935
1908	1944
1908	1947
1908	1949
1908	1960
1908	1986
1909	1934
1909	1940
1909	1944
1909	1967
1909	1971
1909	1976
1918	1954
1918	1969
1918	1978
1921	1972
1928	1973
1944	1977
1957	1962
1957	1977
1957	1996
1967	1972
1967	1978
1967	1979
1967	1996
1968	1970
1968	1979
1975	1978
1975	1986
1991	1996
1248	1282
1248	1298
1248	1386
1248	1390
1248	1495
1248	1528
1248	1533
1248	1544
1248	1554
1248	1555
1248	1562
1248	1590
1248	1685
1248	1715
1248	1742
1248	1743
1248	1796
1248	1870
1248	1872
1248	1893
1248	1896
1248	1899
1248	1971
1260	1280
1260	1283
1260	1318
1260	1354
1260	1376
1260	1450
1260	1454
1260	1472
1260	1525
1260	1547
1260	1553
1260	1554
1260	1608
1260	1634
1260	1638
1260	1669
1260	1695
1260	1697
1260	1698
1260	1762
1260	1792
1260	1819
1260	1826
1260	1886
1260	1900
1260	1926
1260	1945
1260	1947
1260	1958
1260	1997
1472	1479
1472	1494
1472	1495
1472	1510
1472	1541
1472	1594
1472	1688
1472	1697
1472	1708
1472	1740
1472	1752
1472	1771
1472	1861
1472	1924
1472	1928
1472	1989
1472	1990
1472	1996
1490	1589
1490	1590
1490	1596
1490	1620
1490	1629
1490	1671
1490	1693
1490	1705
1490	1708
1490	1722
1490	1733
1490	1760
1490	1802
1490	1815
1490	1854
1490	1869
1490	1911
1490	1949
1490	1961
1490	1980
1490	1987
1490	1990
1510	1554
1510	1559
1510	1651
1510	1665
1510	1675
1510	1688
1510	1710
1510	1791
1510	1800
1510	1823
1510	1878
1510	1883
1510	1895
1510	1914
1510	1923
1510	1929
1510	1958
1510	1960
1536	1553
1536	1568
1536	1611
1536	1629
1536	1642
1536	1692
1536	1708
1536	1723
1536	1730
1536	1757
1536	1763
1536	1812
1536	1841
1536	1887
1536	1893
1536	1913
1536	1919
1536	1922
1536	1930
1536	1972
1536	1974
1548	1581
1548	1630
1548	1637
1548	1677
1548	1714
1548	1719
1548	1721
1548	1740
1548	1841
1548	1843
1548	1859
1548	1866
1548	1874
1548	1975
1548	1998
1572	1636
1572	1650
1572	1668
1572	1709
1572	1733
1572	1745
1572	1765
1572	1772
1572	1805
1572	1851
1572	1904
1572	1919
1572	1941
1572	1979
1572	1989
1572	1993
1588	1656
1588	1668
1588	1671
1588	1720
1588	1761
1588	1857
1588	1864
1588	1870
1588	1873
1588	1883
1588	1905
1588	1931
1588	1941
1588	1993
1620	1627
1620	1634
1620	1692
1620	1697
1620	1705
1620	1757
1620	1778
1620	1783
1620	1828
1620	1869
1620	1880
1620	1906
1620	1918
1620	1920
1620	1954
1690	1699
1690	1710
1690	1728
1690	1733
1690	1777
1690	1783
1690	1811
1690	1826
1690	1840
1690	1860
1690	1864
1690	1900
1690	1919
1690	1931
1690	1934
1690	1957
1690	1969
1690	1987
1710	1752
1710	1770
1710	1773
1710	1833
1710	1835
1710	1851
1710	1870
1710	1931
1710	1933
1710	1934
1710	1964
1710	1991
1737	1766
1737	1851
1737	1924
1737	1943
1737	1986
1737	1987
1738	1778
1738	1795
1738	1817
1738	1829
1738	1836
1738	1916
1738	1918
1738	1941
1738	1969
1738	1980
1802	1812
1802	1869
1802	1885
1802	1894
1802	1900
1802	1930
1802	1944
1802	1970
1802	1987
1802	1998
1811	1848
1811	1879
1811	1884
1811	1921
1811	1931
1811	1954
1811	1965
1818	1828
1818	1841
1818	1916
1818	1920
1818	1921
1818	1937
1818	1954
1820	1854
1820	1862
1820	1873
1820	1875
1820	1896
1820	1915
1820	1954
1848	1849
1848	1862
1848	1895
1848	1913
1848	1930
1848	1942
1848	1945
1848	1963
1848	1972
1850	1856
1850	1857
1850	1859
1850	1894
1850	1913
1850	1926
1851	1859
1851	1870
1851	1923
1851	1926
1851	1960
1852	1853
1852	1875
1852	1894
1852	1957
1852	1964
1852	1996
1897	1901
1897	1918
1897	1997
1901	1918
1901	1922
1901	1936
1901	1984
1924	1954
1924	1974
1924	1981
1965	1978
1965	1999
1258	1296
1258	1359
1258	1386
1258	1444
1258	1461
1258	1479
1258	1491
1258	1501
1258	1507
1258	1572
1258	1637
1258	1661
1258	1724
1258	1744
1258	1795
1258	1865
1258	1876
1258	1899
1258	1924
1258	1929
1258	1933
1258	1936
1258	1960
1258	1961
1277	1283
1277	1305
1277	1307
1277	1309
1277	1401
1277	1434
1277	1443
1277	1503
1277	1517
1277	1525
1277	1548
1277	1551
1277	1588
1277	1708
1277	1765
1277	1802
1277	1826
1277	1830
1277	1833
1277	1847
1277	1854
1277	1927
1277	1937
1277	1941
1277	1947
1277	1999
1292	1295
1292	1313
1292	1443
1292	1467
1292	1490
1292	1515
1292	1533
1292	1536
1292	1616
1292	1654
1292	1703
1292	1710
1292	1738
1292	1755
1292	1769
1292	1774
1292	1781
1292	1791
1292	1837
1292	1838
1292	1846
1292	1862
1292	1928
1292	1935
1292	1993
1293	1296
1293	1354
1293	1464
1293	1467
1293	1484
1293	1491
1293	1590
1293	1605
1293	1609
1293	1627
1293	1637
1293	1639
1293	1655
1293	1664
1293	1680
1293	1719
1293	1822
1293	1829
1293	1849
1293	1884
1293	1888
1293	1896
1293	1898
1293	1923
1293	1932
1293	1945
1293	1963
1293	1978
1312	1359
1312	1398
1312	1475
1312	1541
1312	1569
1312	1593
1312	1596
1312	1611
1312	1634
1312	1685
1312	1699
1312	1710
1312	1764
1312	1769
1312	1805
1312	1806
1312	1842
1312	1875
1312	1894
1312	1895
1312	1906
1312	1946
1312	1961
1312	1977
1376	1436
1376	1486
1376	1503
1376	1511
1376	1566
1376	1577
1376	1654
1376	1669
1376	1673
1376	1737
1376	1759
1376	1774
1376	1777
1376	1783
1376	1790
1376	1849
1376	1854
1376	1857
1376	1871
1376	1876
1376	1897
1376	1915
1376	1920
1376	1931
1376	1969
1376	1990
1376	1991
1422	1451
1422	1467
1422	1491
1422	1553
1422	1563
1422	1566
1422	1577
1422	1634
1422	1639
1422	1705
1422	1712
1422	1747
1422	1755
1422	1771
1422	1843
1422	1869
1422	1876
1422	1904
1422	1919
1422	1926
1422	1962
1422	1972
1422	1993
1492	1529
1492	1547
1492	1565
1492	1572
1492	1594
1492	1701
1492	1755
1492	1763
1492	1838
1492	1839
1492	1850
1492	1868
1492	1873
1492	1884
1492	1902
1492	1911
1492	1954
1492	1960
1492	1971
1517	1562
1517	1590
1517	1625
1517	1688
1517	1727
1517	1759
1517	1760
1517	1771
1517	1791
1517	1812
1517	1838
1517	1840
1517	1849
1517	1858
1517	1912
1517	1927
1517	1946
1517	1948
1517	1973
1533	1588
1533	1630
1533	1685
1533	1721
1533	1758
1533	1770
1533	1791
1533	1795
1533	1807
1533	1869
1533	1886
1533	1900
1533	1905
1533	1906
1533	1934
1533	1960
1533	1969
1533	1982
1533	1994
1543	1634
1543	1693
1543	1714
1543	1720
1543	1742
1543	1791
1543	1801
1543	1831
1543	1833
1543	1852
1543	1884
1543	1901
1543	1906
1543	1937
1543	1984
1543	1987
1543	1995
1553	1588
1553	1598
1553	1695
1553	1720
1553	1723
1553	1732
1553	1734
1553	1747
1553	1819
1553	1858
1553	1864
1553	1874
1553	1885
1553	1894
1553	1905
1553	1926
1553	1937
1553	1954
1553	1973
1553	1982
1566	1590
1566	1618
1566	1627
1566	1666
1566	1722
1566	1748
1566	1791
1566	1801
1566	1830
1566	1835
1566	1839
1566	1849
1566	1860
1566	1911
1566	1921
1566	1935
1566	1997
1614	1636
1614	1642
1614	1671
1614	1759
1614	1763
1614	1843
1614	1851
1614	1883
1614	1896
1614	1974
1707	1733
1707	1739
1707	1758
1707	1801
1707	1820
1707	1846
1707	1878
1707	1922
1707	1942
1707	1946
1707	1983
1736	1745
1736	1760
1736	1764
1736	1770
1736	1772
1736	1783
1736	1793
1736	1802
1736	1811
1736	1888
1736	1906
1736	1908
1736	1909
1736	1915
1736	1920
1736	1928
1736	1935
1736	1967
1763	1807
1763	1812
1763	1815
1763	1846
1763	1877
1763	1899
1763	1932
1763	1955
1763	1989
1773	1776
1773	1778
1773	1850
1773	1871
1773	1885
1773	1901
1773	1910
1773	1915
1773	1931
1773	1962
1773	1975
1773	1983
1819	1833
1819	1839
1819	1840
1819	1857
1819	1923
1819	1955
1819	1977
1819	1993
1819	1999
1832	1852
1832	1871
1832	1904
1832	1945
1832	1960
1832	1966
1832	1967
1832	1971
1832	1975
1905	1911
1905	1947
1905	1974
1905	1980
1914	1920
1914	1923
1914	1934
1914	1935
1914	1938
1914	1945
1914	1999
1027	1258
1027	1272
1027	1352
1027	1376
1027	1423
1027	1431
1027	1458
1027	1461
1027	1475
1027	1490
1027	1528
1027	1638
1027	1660
1027	1675
1027	1715
1027	1731
1027	1734
1027	1788
1027	1790
1027	1815
1027	1860
1027	1899
1027	1901
1027	1906
1027	1930
1027	1949
1027	1976
1027	1984
1193	1220
1193	1258
1193	1324
1193	1388
1193	1398
1193	1404
1193	1454
1193	1464
1193	1472
1193	1486
1193	1534
1193	1541
1193	1557
1193	1594
1193	1618
1193	1656
1193	1673
1193	1680
1193	1723
1193	1733
1193	1744
1193	1759
1193	1763
1193	1815
1193	1820
1193	1848
1193	1933
1193	1959
1327	1386
1327	1395
1327	1408
1327	1415
1327	1464
1327	1475
1327	1528
1327	1563
1327	1572
1327	1611
1327	1625
1327	1651
1327	1680
1327	1689
1327	1705
1327	1709
1327	1750
1327	1761
1327	1800
1327	1840
1327	1841
1327	1857
1327	1904
1327	1927
1327	1933
1327	1966
1327	1987
1336	1352
1336	1362
1336	1371
1336	1373
1336	1378
1336	1398
1336	1553
1336	1557
1336	1594
1336	1649
1336	1670
1336	1693
1336	1701
1336	1715
1336	1749
1336	1761
1336	1775
1336	1820
1336	1827
1336	1840
1336	1923
1336	1928
1336	1944
1336	1971
1395	1422
1395	1436
1395	1480
1395	1491
1395	1507
1395	1536
1395	1544
1395	1640
1395	1645
1395	1720
1395	1765
1395	1770
1395	1773
1395	1776
1395	1778
1395	1800
1395	1836
1395	1841
1395	1849
1395	1884
1395	1887
1395	1897
1395	1920
1395	1940
1395	1947
1395	1961
1434	1448
1434	1452
1434	1463
1434	1479
1434	1486
1434	1553
1434	1605
1434	1638
1434	1728
1434	1738
1434	1744
1434	1770
1434	1776
1434	1849
1434	1869
1434	1895
1434	1922
1434	1934
1434	1938
1434	1962
1434	1974
1529	1582
1529	1590
1529	1634
1529	1688
1529	1748
1529	1776
1529	1833
1529	1856
1529	1865
1529	1920
1529	1933
1529	1936
1529	1987
1529	1989
1529	1994
1609	1656
1609	1674
1609	1709
1609	1721
1609	1791
1609	1807
1609	1819
1609	1870
1609	1880
1609	1898
1609	1901
1609	1918
1609	1939
1609	1959
1609	1973
1666	1675
1666	1701
1666	1736
1666	1742
1666	1771
1666	1772
1666	1822
1666	1840
1666	1872
1666	1874
1666	1879
1666	1914
1666	1919
1666	1957
1666	1961
1666	1981
1807	1848
1807	1851
1807	1858
1807	1864
1807	1887
1807	1893
1807	1909
1812	1827
1812	1828
1812	1829
1812	1870
1812	1877
1812	1895
1812	1897
1812	1905
1812	1915
1812	1930
1812	1970
1812	1983
1835	1842
1835	1847
1835	1900
1835	1931
1835	1959
1835	1966
1835	1972
1835	1986
1902	1921
1902	1943
1902	1945
1902	1962
1902	1975
1902	1980
1923	1924
1923	1931
1923	1946
1923	1999
1938	1945
1938	1967
1938	1975
1938	1999
1504	1507
1504	1517
1504	1554
1504	1585
1504	1598
1504	1630
1504	1632
1504	1655
1504	1661
1504	1671
1504	1699
1504	1710
1504	1712
1504	1734
1504	1738
1504	1844
1504	1859
1504	1865
1504	1926
1504	1930
1504	1966
1504	1989
1511	1530
1511	1541
1511	1609
1511	1611
1511	1717
1511	1732
1511	1733
1511	1747
1511	1779
1511	1788
1511	1796
1511	1861
1511	1868
1511	1900
1511	1908
1511	1912
1511	1934
1511	1936
1511	1940
1511	1941
1511	1955
1511	1957
1511	1964
1528	1548
1528	1562
1528	1585
1528	1615
1528	1642
1528	1703
1528	1707
1528	1739
1528	1801
1528	1847
1528	1850
1528	1852
1528	1888
1528	1899
1528	1929
1528	1932
1528	1990
1528	1991
1539	1605
1539	1619
1539	1638
1539	1657
1539	1673
1539	1707
1539	1727
1539	1728
1539	1742
1539	1743
1539	1747
1539	1755
1539	1776
1539	1777
1539	1850
1539	1854
1539	1858
1539	1878
1539	1901
1539	1930
1539	1932
1539	1955
1539	1959
1539	1961
1539	1976
1639	1674
1639	1675
1639	1747
1639	1769
1639	1800
1639	1815
1639	1826
1639	1847
1639	1885
1639	1971
1695	1705
1695	1763
1695	1777
1695	1838
1695	1857
1695	1862
1695	1870
1695	1875
1695	1883
1695	1886
1695	1908
1695	1918
1695	1923
1695	1928
1695	1929
1695	1930
1695	1968
1695	1979
1762	1805
1762	1812
1762	1818
1762	1820
1762	1848
1762	1875
1762	1897
1762	1939
1762	1958
1778	1779
1778	1818
1778	1837
1778	1850
1778	1858
1778	1878
1778	1888
1778	1916
1778	1943
1778	1978
1800	1861
1800	1870
1800	1871
1800	1886
1800	1910
1800	1961
1854	1857
1854	1867
1854	1887
1854	1888
1854	1899
1854	1905
1854	1920
1854	1926
1854	1929
1854	1942
1854	1943
1880	1945
1880	1971
1886	1899
1886	1905
1886	1927
1886	1972
1886	1979
1886	1989
1917	1966
1917	1991
1978	1979
1979	1998
1093	1312
1093	1385
1093	1393
1093	1399
1093	1422
1093	1446
1093	1450
1093	1528
1093	1560
1093	1593
1093	1611
1093	1616
1093	1727
1093	1734
1093	1752
1093	1766
1093	1818
1093	1841
1093	1854
1093	1894
1093	1924
1093	1927
1486	1532
1486	1540
1486	1541
1486	1559
1486	1560
1486	1622
1486	1655
1486	1660
1486	1688
1486	1715
1486	1775
1486	1823
1486	1830
1486	1871
1486	1900
1486	1929
1486	1993
1593	1598
1593	1605
1593	1616
1593	1618
1593	1651
1593	1666
1593	1685
1593	1766
1593	1779
1593	1825
1593	1853
1593	1862
1593	1872
1593	1939
1593	1947
1593	1974
1616	1655
1616	1721
1616	1758
1616	1766
1616	1771
1616	1793
1616	1839
1616	1868
1616	1875
1616	1888
1616	1896
1616	1916
1616	1923
1616	1935
1616	1936
1616	1942
1616	1961
1750	1759
1750	1779
1750	1800
1750	1826
1750	1837
1750	1871
1750	1879
1750	1897
1750	1899
1750	1905
1750	1911
1750	1959
1750	1972
1750	1975
1750	1991
1757	1837
1757	1859
1757	1871
1757	1874
1757	1886
1757	1909
1757	1932
1757	1959
1757	1961
1757	1967
1757	1974
1898	1901
1898	1905
1898	1937
1898	1982
1898	1983
1916	1934
1916	1961
1916	1976
1930	1933
1930	1978
1972	1999
1386	1448
1386	1554
1386	1566
1386	1581
1386	1590
1386	1609
1386	1774
1386	1781
1386	1788
1386	1790
1386	1896
1386	1905
1386	1910
1386	1934
1386	1982
1386	1987
1386	1995
1386	1998
1451	1491
1451	1514
1451	1604
1451	1608
1451	1611
1451	1616
1451	1636
1451	1639
1451	1654
1451	1661
1451	1773
1451	1802
1451	1819
1451	1827
1451	1830
1451	1851
1451	1893
1451	1995
1604	1615
1604	1657
1604	1674
1604	1675
1604	1693
1604	1714
1604	1724
1604	1755
1604	1790
1604	1799
1604	1831
1604	1867
1604	1874
1604	1886
1604	1887
1604	1949
1604	1954
1629	1636
1629	1644
1629	1668
1629	1701
1629	1743
1629	1777
1629	1790
1629	1806
1629	1832
1629	1837
1629	1846
1629	1869
1629	1870
1629	1880
1629	1890
1629	1947
1629	1971
1629	1986
1634	1638
1634	1641
1634	1709
1634	1714
1634	1736
1634	1755
1634	1763
1634	1826
1634	1835
1634	1836
1634	1857
1634	1865
1634	1900
1634	1906
1723	1745
1723	1844
1723	1905
1723	1986
1862	1878
1862	1886
1862	1888
1862	1912
1862	1921
1862	1930
1862	1997
1933	1938
1973	1989
1981	1996
1390	1398
1390	1431
1390	1451
1390	1464
1390	1510
1390	1553
1390	1577
1390	1589
1390	1609
1390	1622
1390	1639
1390	1644
1390	1650
1390	1695
1390	1730
1390	1755
1390	1803
1390	1806
1390	1826
1390	1830
1390	1859
1390	1874
1390	1880
1632	1644
1632	1645
1632	1692
1632	1742
1632	1771
1632	1777
1632	1811
1632	1854
1632	1866
1632	1872
1632	1890
1632	1916
1632	1923
1632	1941
1632	1943
1632	1949
1632	1981
1632	1993
1776	1801
1776	1895
1776	1908
1776	1937
1776	1959
1776	1962
1801	1857
1801	1883
1801	1938
1801	1942
1801	1945
1801	1960
1801	1971
1801	1974
1801	1975
1801	1980
1801	1989
1853	1875
1853	1913
1853	1924
1853	1930
1853	1937
1853	1949
1853	1955
1853	1980
1960	1991
1960	1997
1859	1929
1859	1940
1859	1961
1859	1980
1201	1248
1201	1272
1201	1286
1201	1292
1201	1434
1201	1501
1201	1532
1201	1562
1201	1611
1201	1649
1201	1699
1201	1708
1201	1740
1201	1743
1201	1749
1201	1807
1201	1812
1201	1860
1201	1899
1201	1911
1201	1916
1201	1918
1201	1948
1201	1954
1619	1625
1619	1641
1619	1654
1619	1712
1619	1733
1619	1748
1619	1758
1619	1765
1619	1787
1619	1792
1619	1836
1619	1919
1619	1932
1619	1940
1619	1973
1651	1723
1651	1750
1651	1846
1651	1847
1651	1870
1651	1880
1651	1893
1651	1895
1651	1896
1651	1915
1651	1922
1651	1999
1688	1743
1688	1773
1688	1836
1688	1869
1688	1894
1688	1902
1688	1991
1815	1839
1815	1844
1815	1900
1815	1912
1815	1913
1815	1938
1815	1968
1906	1913
1906	1918
1906	1924
1906	1926
1906	1994
1959	1980
1959	1983
1480	1507
1480	1585
1480	1587
1480	1637
1480	1642
1480	1714
1480	1796
1480	1799
1480	1819
1480	1844
1480	1860
1480	1876
1480	1879
1480	1896
1480	1902
1480	1906
1480	1914
1480	1993
1761	1819
1761	1848
1761	1861
1761	1942
1761	1996
1996	1998
1396	1448
1396	1479
1396	1514
1396	1594
1396	1655
1396	1669
1396	1689
1396	1722
1396	1787
1396	1792
1396	1807
1396	1818
1396	1945
1396	1949
1396	1976
1396	1981
1396	1994
1664	1670
1664	1689
1664	1707
1664	1737
1664	1742
1664	1764
1664	1776
1664	1847
1664	1849
1664	1854
1664	1878
1664	1884
1664	1910
1664	1928
1664	1955
1664	1977
1664	1995
1770	1772
1770	1793
1770	1802
1770	1885
1770	1896
1770	1916
1770	1939
1770	1961
1770	1964
1770	1980
1770	1984
1770	1991
1276	1283
1276	1312
1276	1324
1276	1336
1276	1368
1276	1388
1276	1408
1276	1444
1276	1560
1276	1605
1276	1639
1276	1640
1276	1674
1276	1772
1276	1774
1276	1802
1276	1815
1276	1842
1276	1862
1276	1906
1276	1909
1276	1964
1276	1970
1276	1972
1596	1615
1596	1657
1596	1719
1596	1724
1596	1727
1596	1732
1596	1742
1596	1819
1596	1826
1596	1829
1596	1875
1596	1876
1596	1884
1596	1918
1596	1920
1596	1937
1596	1955
1596	1972
1732	1755
1732	1761
1732	1859
1732	1862
1732	1878
1732	1880
1732	1899
1732	1902
1732	1943
1732	1945
1732	1976
1732	1980
1732	1987
1732	1995
1732	1998
1642	1750
1642	1752
1642	1759
1642	1769
1642	1795
1642	1833
1642	1875
1642	1876
1642	1971
1642	1997
1760	1769
1760	1776
1760	1867
1760	1872
1760	1880
1760	1965
1760	1979
1760	1987
1760	1993
1844	1895
1844	1915
1844	1922
1844	1924
1844	1936
1844	1967
1844	1974
