# Undirected graph (each unordered pair of nodes is saved once): output/networks/ScaleFree200removeDegree-90percent.txt
# Nodes: 200 Edges: 608
# NodeId	NodeId
921	1461
921	1582
921	1619
921	1758
921	1836
921	1840
921	1862
921	1974
947	1255
947	1362
947	1614
947	1800
947	1852
1307	1640
1307	1695
1307	1867
1307	1921
1307	1947
1354	1556
1354	1734
1398	1638
1398	1762
1398	1975
1402	1478
1402	1530
1402	1776
1402	1828
1402	1841
1402	1887
1402	1921
1402	1963
1412	1461
1412	1651
1412	1710
1412	1800
1412	1811
1412	1920
1412	1935
1415	1497
1415	1557
1415	1762
1415	1815
1415	1897
1415	1989
1501	1559
1501	1803
1501	1841
1501	1947
1556	1559
1556	1649
1556	1826
1559	1776
1559	1911
1559	1969
1559	1975
1565	1609
1565	1622
1565	1733
1565	1769
1565	1779
1565	1836
1581	1596
1581	1859
1615	1649
1615	1949
1615	1969
1618	1619
1618	1651
1618	1689
1618	1710
1618	1745
1618	1758
1618	1897
1622	1815
1622	1895
1622	1947
1622	1968
1622	1989
1640	1665
1640	1758
1640	1783
1640	1829
1640	1865
1640	1874
1640	1915
1674	1958
1674	1968
1680	1730
1680	1747
1680	1764
1680	1811
1689	1776
1689	1779
1689	1852
1689	1961
1689	1963
1712	1874
1712	1994
1744	1747
1744	1822
1744	1859
1744	1911
1744	1939
1747	1822
1747	1877
1774	1962
1779	1827
1779	1871
1779	1958
1783	1835
1783	1945
1826	1827
1826	1865
1826	1933
1829	1978
1837	1946
1840	1966
1840	1981
1840	1994
1856	1904
1856	1935
1865	1909
1865	1969
1945	1946
1947	1949
1109	1615
1109	1668
1109	1701
1109	1776
1109	1862
1109	1999
1120	1517
1120	1541
1120	1596
1120	1614
1120	1867
1120	1939
1169	1503
1169	1720
1169	1974
1222	1448
1222	1452
1222	1515
1222	1826
1222	1866
1222	1874
1222	1887
1222	1987
1281	1408
1281	1449
1281	1581
1281	1588
1281	1720
1281	1769
1281	1828
1295	1354
1295	1588
1295	1615
1295	1747
1295	1828
1295	1933
1296	1404
1296	1673
1296	1674
1296	1730
1296	1927
1296	1978
1309	1497
1309	1737
1309	1774
1309	1963
1408	1451
1408	1517
1408	1764
1408	1779
1408	1960
1448	1581
1448	1712
1448	1737
1448	1774
1448	1909
1497	1614
1497	1721
1497	1820
1497	1904
1530	1866
1530	1968
1530	1999
1541	1837
1541	1874
1554	1783
1554	1864
1554	1934
1554	1967
1554	1994
1557	1822
1557	1859
1557	1949
1557	1989
1563	1638
1563	1745
1563	1897
1563	1920
1563	1964
1638	1779
1638	1822
1638	1862
1645	1719
1645	1744
1645	1779
1645	1815
1645	1829
1645	1981
1650	1856
1650	1864
1650	1877
1650	1917
1720	1740
1720	1933
1721	1909
1721	1927
1721	1946
1730	1747
1730	1852
1730	1854
1730	1895
1730	1960
1733	1856
1758	1850
1758	1978
1769	1800
1769	1933
1775	1788
1775	1840
1775	1917
1828	1967
1828	1974
1836	1962
1866	1906
1866	1960
1890	1966
1890	1972
1911	1917
1927	1999
1939	1947
1939	1975
1961	1978
862	1169
862	1307
862	1448
862	1472
862	1480
862	1568
862	1737
862	1966
1127	1614
1127	1734
1127	1906
1127	1945
1127	1960
1298	1563
1298	1642
1298	1921
1298	1969
1298	1981
1305	1543
1305	1622
1305	1695
1305	1803
1347	1480
1347	1651
1347	1723
1347	1776
1347	1898
1385	1890
1385	1901
1385	1963
1431	1451
1431	1588
1431	1614
1431	1664
1431	1859
1431	1877
1436	1503
1436	1515
1436	1563
1436	1827
1436	1911
1436	1972
1436	1995
1464	1492
1464	1566
1464	1802
1464	1898
1464	1960
1464	1972
1464	1999
1503	1762
1503	1856
1503	1866
1551	1609
1551	1615
1551	1649
1551	1874
1568	1582
1568	1744
1568	1774
1568	1867
1568	1964
1668	1701
1668	1826
1668	1904
1668	1935
1673	1689
1699	1803
1699	1864
1699	1874
1699	1964
1699	1978
1699	1994
1701	1840
1701	1901
1701	1989
1764	1800
1764	1867
1764	1871
1764	1982
1764	1995
1788	1822
1788	1890
1788	1909
1788	1975
1827	1911
1877	1968
1887	1916
1964	1966
1966	1987
1182	1201
1182	1305
1182	1563
1182	1619
1182	1745
1182	1822
1204	1347
1204	1404
1204	1826
1204	1836
1255	1581
1255	1582
1255	1730
1255	1734
1255	1871
1255	1917
1255	1934
1362	1566
1362	1614
1362	1775
1362	1966
1362	1982
1362	1987
1449	1451
1449	1556
1449	1645
1449	1779
1449	1835
1449	1989
1461	1503
1461	1551
1461	1710
1478	1492
1478	1651
1478	1740
1478	1854
1478	1939
1478	1963
1515	1638
1515	1820
1515	1856
1534	1541
1534	1619
1534	1841
1534	1964
1534	1968
1534	1975
1582	1710
1582	1811
1582	1817
1582	1850
1582	1897
1649	1712
1649	1975
1655	1689
1655	1947
1665	1734
1665	1744
1665	1811
1665	1866
1665	1920
1665	1949
1745	1853
1745	1917
1817	1828
1817	1859
1817	1895
1864	1897
1864	1961
1871	1963
1871	1974
1915	1958
1915	1987
1915	1994
1943	1962
1943	1968
1962	1995
1963	1994
1974	1989
1348	1501
1348	1710
1348	1774
1348	1866
1348	1874
1348	1877
1348	1969
1371	1515
1371	1649
1371	1674
1371	1916
1371	1935
1371	1943
1371	1975
1404	1497
1404	1534
1404	1638
1404	1887
1404	1987
1452	1530
1452	1559
1452	1568
1452	1871
1452	1969
1452	1978
1463	1733
1463	1874
1463	1989
1719	1720
1719	1761
1719	1774
1719	1815
1719	1916
1740	1744
1740	1745
1740	1856
1740	1945
1740	1947
1803	1901
1822	1898
1822	1943
1874	1945
1895	1964
1909	1934
1909	1967
1921	1972
1957	1962
1967	1972
1967	1978
1975	1978
1248	1298
1248	1554
1472	1541
1472	1740
1472	1989
1588	1668
1588	1720
1588	1761
1588	1864
1620	1783
1620	1828
1620	1906
1620	1920
1710	1835
1710	1933
1710	1934
1710	1964
1737	1943
1737	1987
1802	1987
1811	1921
1820	1854
1820	1862
1820	1915
1850	1856
1850	1859
1852	1853
1852	1957
1852	1964
1897	1901
1492	1565
1492	1701
1492	1850
1492	1911
1492	1960
1517	1840
1517	1927
1517	1946
1543	1720
1543	1852
1543	1901
1543	1906
1543	1987
1543	1995
1566	1618
1566	1835
1566	1911
1566	1921
1566	1935
1614	1642
1614	1974
1707	1733
1707	1758
1707	1820
1707	1946
1609	1674
1609	1721
1609	1898
1609	1901
1609	1939
1835	1966
1835	1972
1639	1674
1639	1747
1639	1769
1639	1800
1639	1815
1639	1826
1695	1862
1695	1968
1762	1820
1762	1897
1762	1939
1762	1958
1800	1871
1800	1961
1854	1867
1854	1887
1854	1920
1854	1943
1917	1966
1093	1385
1093	1734
1093	1841
1093	1854
1093	1927
1486	1541
1486	1559
1486	1622
1486	1655
1486	1775
1486	1871
1898	1901
1898	1982
1916	1934
1916	1961
1972	1999
1451	1639
1451	1802
1451	1827
1451	1995
1723	1745
1862	1921
1776	1895
1776	1962
1853	1949
1853	1980
1859	1961
1859	1980
1201	1248
1201	1501
1201	1649
1201	1699
1201	1740
1201	1911
1201	1916
1619	1712
1619	1733
1619	1758
1619	1836
1651	1723
1651	1895
1651	1915
1651	1999
1815	1968
1906	1994
1480	1642
1480	1906
1664	1689
1664	1707
1664	1737
1664	1764
1664	1776
1664	1854
1664	1995
1596	1615
1596	1719
1596	1826
1596	1829
1596	1920
1596	1972
1642	1769
