# Undirected graph (each unordered pair of nodes is saved once): output/networks/ScaleFree100removeDegree-65percent.txt
# Nodes: 700 Edges: 6765
# NodeId	NodeId
745	767
745	1167
745	1283
745	1417
745	1458
745	1471
745	1538
745	1560
745	1570
745	1688
745	1705
745	1767
745	1783
745	1829
745	1868
745	1891
745	1914
745	1931
745	1985
745	1995
764	958
764	1024
764	1200
764	1319
764	1371
764	1434
764	1537
764	1563
764	1572
764	1577
764	1600
764	1632
764	1699
764	1700
764	1739
764	1755
764	1764
764	1807
764	1823
764	1824
764	1875
764	1908
764	1914
764	1923
764	1969
767	800
767	982
767	1034
767	1057
767	1137
767	1301
767	1448
767	1451
767	1476
767	1630
767	1644
767	1687
767	1740
767	1745
767	1774
767	1784
767	1803
767	1858
767	1871
767	1892
767	1900
767	1942
767	1944
779	794
779	1124
779	1250
779	1373
779	1397
779	1440
779	1492
779	1520
779	1528
779	1541
779	1557
779	1568
779	1678
779	1700
779	1798
779	1869
779	1882
779	1900
779	1971
779	1983
794	997
794	1053
794	1104
794	1224
794	1313
794	1343
794	1382
794	1419
794	1471
794	1501
794	1568
794	1584
794	1596
794	1606
794	1620
794	1719
794	1801
794	1874
794	1883
794	1978
794	1983
800	902
800	949
800	1037
800	1336
800	1352
800	1367
800	1475
800	1533
800	1549
800	1598
800	1617
800	1627
800	1691
800	1699
800	1748
800	1827
800	1879
800	1889
800	1891
800	1929
800	1943
800	1963
865	866
865	997
865	1069
865	1340
865	1385
865	1587
865	1592
865	1599
865	1605
865	1652
865	1711
865	1780
865	1792
865	1815
865	1856
865	1864
865	1892
865	1944
865	1981
865	1992
1030	1152
1030	1239
1030	1279
1030	1285
1030	1369
1030	1473
1030	1485
1030	1486
1030	1499
1030	1516
1030	1565
1030	1609
1030	1715
1030	1744
1030	1792
1030	1845
1030	1874
1030	1951
1030	1952
1030	1968
1030	1972
1030	1976
1030	1979
1040	1171
1040	1250
1040	1270
1040	1418
1040	1421
1040	1454
1040	1534
1040	1555
1040	1705
1040	1766
1040	1781
1040	1859
1040	1920
1040	1942
1040	1955
1040	1974
1040	1975
1069	1145
1069	1207
1069	1281
1069	1442
1069	1488
1069	1528
1069	1545
1069	1593
1069	1596
1069	1739
1069	1745
1069	1756
1069	1933
1069	1960
1106	1284
1106	1291
1106	1323
1106	1385
1106	1423
1106	1434
1106	1471
1106	1547
1106	1616
1106	1634
1106	1698
1106	1771
1106	1798
1106	1865
1106	1883
1106	1899
1106	1971
1106	1978
1106	1986
1106	1999
1116	1261
1116	1308
1116	1343
1116	1506
1116	1530
1116	1539
1116	1548
1116	1638
1116	1679
1116	1724
1116	1776
1116	1793
1116	1818
1116	1839
1116	1850
1116	1873
1116	1901
1116	1962
1135	1176
1135	1279
1135	1286
1135	1340
1135	1443
1135	1444
1135	1492
1135	1493
1135	1548
1135	1562
1135	1565
1135	1590
1135	1630
1135	1633
1135	1732
1135	1779
1135	1796
1135	1829
1135	1876
1135	1883
1135	1902
1137	1255
1137	1446
1137	1558
1137	1585
1137	1610
1137	1632
1137	1638
1137	1671
1137	1697
1137	1783
1137	1794
1137	1810
1137	1846
1137	1871
1137	1872
1137	1957
1137	1969
1145	1279
1145	1317
1145	1469
1145	1614
1145	1668
1145	1746
1145	1757
1145	1764
1145	1862
1145	1885
1145	1901
1145	1951
1168	1224
1168	1374
1168	1377
1168	1390
1168	1410
1168	1423
1168	1444
1168	1492
1168	1493
1168	1548
1168	1560
1168	1567
1168	1677
1168	1725
1168	1746
1168	1753
1168	1755
1168	1848
1168	1887
1168	1982
1168	1992
1185	1286
1185	1446
1185	1457
1185	1474
1185	1482
1185	1506
1185	1540
1185	1623
1185	1624
1185	1644
1185	1649
1185	1650
1185	1724
1185	1753
1185	1762
1185	1864
1185	1867
1192	1254
1192	1316
1192	1407
1192	1441
1192	1572
1192	1587
1192	1592
1192	1600
1192	1729
1192	1820
1192	1848
1192	1947
1194	1200
1194	1328
1194	1367
1194	1368
1194	1380
1194	1542
1194	1574
1194	1645
1194	1725
1194	1735
1194	1763
1194	1765
1194	1946
1194	1998
1220	1239
1220	1256
1220	1419
1220	1548
1220	1560
1220	1588
1220	1657
1220	1751
1220	1845
1220	1865
1220	1872
1220	1902
1220	1907
1220	1927
1220	1950
1225	1238
1225	1296
1225	1306
1225	1388
1225	1434
1225	1499
1225	1514
1225	1528
1225	1575
1225	1616
1225	1718
1225	1771
1225	1782
1225	1783
1225	1797
1225	1819
1225	1834
1225	1942
1225	1963
1245	1284
1245	1338
1245	1374
1245	1376
1245	1476
1245	1584
1245	1624
1245	1662
1245	1677
1245	1681
1245	1764
1245	1792
1245	1798
1245	1812
1245	1918
1245	1952
1245	1956
1262	1326
1262	1360
1262	1616
1262	1641
1262	1676
1262	1720
1262	1763
1262	1856
1262	1858
1262	1972
1262	1985
1265	1292
1265	1365
1265	1385
1265	1445
1265	1475
1265	1477
1265	1591
1265	1599
1265	1645
1265	1671
1265	1747
1265	1788
1265	1910
1265	1980
1291	1390
1291	1398
1291	1533
1291	1548
1291	1607
1291	1630
1291	1685
1291	1697
1291	1819
1291	1866
1291	1929
1291	1980
1292	1369
1292	1434
1292	1475
1292	1513
1292	1536
1292	1587
1292	1614
1292	1633
1292	1678
1292	1705
1292	1753
1292	1765
1292	1781
1292	1791
1292	1794
1292	1826
1292	1878
1292	1896
1292	1995
1321	1396
1321	1404
1321	1515
1321	1684
1321	1685
1321	1769
1321	1824
1321	1869
1321	1897
1326	1442
1326	1486
1326	1504
1326	1515
1326	1620
1326	1621
1326	1641
1326	1667
1326	1695
1326	1725
1326	1777
1326	1852
1326	1859
1326	1871
1326	1914
1326	1988
1343	1379
1343	1382
1343	1432
1343	1479
1343	1500
1343	1513
1343	1517
1343	1547
1343	1614
1343	1648
1343	1667
1343	1774
1343	1818
1343	1886
1343	1944
1343	1974
1367	1389
1367	1396
1367	1423
1367	1638
1367	1662
1367	1718
1367	1723
1367	1744
1367	1803
1367	1841
1367	1899
1367	1924
1367	1997
1380	1419
1380	1432
1380	1434
1380	1509
1380	1532
1380	1583
1380	1726
1380	1780
1380	1805
1422	1445
1422	1458
1422	1459
1422	1575
1422	1587
1422	1616
1422	1659
1422	1731
1422	1799
1422	1805
1422	1865
1422	1918
1422	1955
1422	1967
1422	1991
1434	1558
1434	1638
1434	1680
1434	1804
1434	1932
1434	1970
1434	1990
1435	1500
1435	1517
1435	1533
1435	1553
1435	1738
1435	1775
1435	1826
1435	1827
1435	1837
1435	1873
1435	1911
1435	1925
1435	1926
1435	1994
1436	1458
1436	1639
1436	1641
1436	1670
1436	1698
1436	1762
1436	1848
1436	1891
1436	1895
1436	1932
1437	1452
1437	1456
1437	1490
1437	1531
1437	1613
1437	1680
1437	1686
1437	1819
1437	1828
1437	1837
1437	1863
1437	1954
1437	1958
1437	1988
1442	1451
1442	1471
1442	1474
1442	1476
1442	1482
1442	1506
1442	1620
1442	1623
1442	1646
1442	1664
1442	1738
1442	1739
1443	1504
1443	1647
1443	1656
1443	1726
1443	1761
1443	1807
1443	1830
1443	1852
1443	1925
1443	1978
1443	1995
1448	1517
1448	1526
1448	1539
1448	1607
1448	1763
1448	1765
1448	1797
1448	1828
1448	1859
1448	1958
1448	1989
1453	1569
1453	1615
1453	1647
1453	1657
1453	1664
1453	1666
1453	1668
1453	1669
1453	1715
1453	1837
1453	1843
1453	1867
1453	1883
1453	1886
1453	1905
1453	1933
1453	1963
1466	1520
1466	1521
1466	1533
1466	1560
1466	1616
1466	1628
1466	1658
1466	1825
1469	1524
1469	1590
1469	1667
1469	1733
1469	1741
1469	1798
1469	1879
1469	1901
1469	1978
1469	1988
1474	1477
1474	1553
1474	1574
1474	1609
1474	1621
1474	1716
1474	1719
1474	1746
1474	1783
1474	1795
1474	1862
1474	1909
1474	1995
1489	1513
1489	1523
1489	1524
1489	1666
1489	1691
1489	1734
1489	1841
1489	1868
1489	1876
1489	1938
1489	1945
1489	1951
1490	1493
1490	1570
1490	1643
1490	1658
1490	1836
1490	1870
1490	1906
1490	1909
1526	1562
1526	1578
1526	1625
1526	1638
1526	1685
1526	1713
1526	1726
1526	1868
1526	1893
1526	1939
1526	1947
1526	1975
1530	1555
1530	1569
1530	1582
1530	1586
1530	1616
1530	1617
1530	1620
1530	1702
1530	1781
1530	1797
1530	1812
1530	1836
1530	1866
1530	1889
1530	1891
1530	1902
1530	1910
1530	1912
1531	1538
1531	1562
1531	1605
1531	1699
1531	1784
1531	1797
1531	1819
1531	1875
1531	1926
1531	1957
1531	1979
1531	1980
1531	1985
1545	1596
1545	1613
1545	1659
1545	1681
1545	1684
1545	1720
1545	1734
1545	1886
1545	1936
1545	1944
1545	1960
1547	1595
1547	1610
1547	1679
1547	1683
1547	1733
1547	1772
1547	1782
1547	1802
1547	1805
1547	1822
1547	1860
1547	1890
1547	1895
1547	1901
1553	1569
1553	1593
1553	1615
1553	1618
1553	1619
1553	1649
1553	1662
1553	1665
1553	1689
1553	1766
1553	1870
1553	1899
1553	1944
1553	1950
1553	1999
1574	1588
1574	1604
1574	1613
1574	1641
1574	1686
1574	1688
1574	1697
1574	1734
1574	1813
1574	1826
1574	1834
1574	1859
1574	1869
1574	1915
1574	1928
1585	1593
1585	1629
1585	1691
1585	1729
1585	1746
1585	1854
1585	1891
1585	1895
1585	1912
1585	1917
1585	1921
1585	1937
1585	1998
1590	1593
1590	1602
1590	1774
1590	1812
1590	1852
1590	1858
1590	1889
1590	1909
1590	1982
1590	1986
1590	1988
1615	1627
1615	1632
1615	1641
1615	1686
1615	1691
1615	1701
1615	1747
1615	1761
1615	1788
1615	1799
1615	1849
1615	1865
1615	1947
1615	1962
1615	1969
1615	1976
1615	1990
1623	1662
1623	1705
1623	1783
1623	1804
1623	1856
1623	1957
1623	1976
1627	1644
1627	1685
1627	1692
1627	1761
1627	1779
1627	1818
1627	1819
1627	1844
1627	1856
1627	1865
1627	1920
1627	1951
1627	1968
1627	1994
1633	1688
1633	1734
1633	1771
1633	1844
1633	1915
1633	1941
1633	1994
1642	1648
1642	1683
1642	1695
1642	1708
1642	1727
1642	1771
1642	1811
1642	1840
1642	1865
1642	1890
1642	1899
1642	1932
1642	1991
1642	1994
1643	1644
1643	1662
1643	1670
1643	1781
1643	1784
1643	1812
1643	1841
1643	1911
1664	1724
1664	1793
1664	1851
1664	1861
1664	1872
1664	1890
1664	1897
1664	1939
1664	1994
1699	1747
1699	1762
1699	1810
1699	1847
1699	1946
1699	1963
1699	1973
1699	1988
1727	1739
1727	1770
1727	1794
1727	1822
1727	1825
1727	1860
1729	1734
1729	1764
1729	1770
1729	1926
1729	1976
1729	1979
1753	1756
1753	1777
1753	1780
1753	1806
1753	1902
1753	1905
1753	1991
1753	1995
1754	1766
1754	1778
1754	1779
1754	1825
1754	1845
1754	1864
1754	1921
1754	1976
1761	1764
1761	1788
1761	1881
1761	1902
1761	1904
1761	1931
1761	1957
1761	1997
1764	1873
1764	1938
1764	1963
1764	1982
1764	1989
1767	1870
1767	1874
1767	1887
1767	1915
1767	1940
1767	1955
1767	1987
1774	1778
1774	1789
1774	1873
1774	1892
1774	1915
1774	1918
1774	1933
1774	1940
1778	1818
1778	1854
1778	1923
1778	1946
1778	1961
1781	1808
1781	1846
1781	1874
1789	1807
1789	1832
1789	1849
1789	1880
1789	1902
1789	1921
1789	1995
1801	1944
1801	1978
1801	1997
1808	1856
1808	1872
1808	1891
1808	1962
1824	1839
1824	1843
1824	1878
1824	1904
1824	1913
1824	1932
1824	1933
1824	1957
1827	1864
1836	1908
1836	1915
1836	1923
1836	1927
1862	1885
1862	1911
1862	1970
1867	1870
1867	1875
1867	1952
1867	1963
1867	1989
1870	1871
1870	1909
1870	1931
1870	1960
1890	1922
1896	1911
1896	1932
1896	1987
1896	1995
1901	1915
1901	1981
1917	1928
1917	1986
1917	1998
1937	1962
1940	1970
1955	1962
1958	1963
1965	1999
862	1207
862	1279
862	1308
862	1319
862	1385
862	1421
862	1429
862	1524
862	1619
862	1621
862	1630
862	1878
862	1879
862	1925
862	1926
862	1962
893	998
893	1126
893	1167
893	1192
893	1200
893	1220
893	1256
893	1301
893	1389
893	1459
893	1492
893	1532
893	1686
893	1688
893	1689
893	1694
893	1852
893	1934
893	1970
893	1976
925	1083
925	1093
925	1264
925	1288
925	1292
925	1330
925	1374
925	1606
925	1691
925	1708
925	1720
925	1793
925	1795
925	1801
925	1870
925	1923
925	1967
929	1123
929	1207
929	1393
929	1474
929	1489
929	1536
929	1562
929	1586
929	1670
929	1723
929	1813
929	1847
929	1915
929	1928
929	1951
929	1974
949	997
949	1092
949	1288
949	1422
949	1447
949	1448
949	1454
949	1467
949	1488
949	1490
949	1514
949	1536
949	1543
949	1603
949	1605
949	1677
949	1692
949	1789
949	1963
949	1973
949	1974
962	1071
962	1265
962	1278
962	1310
962	1320
962	1336
962	1405
962	1520
962	1553
962	1569
962	1593
962	1629
962	1788
962	1846
962	1850
962	1893
962	1923
962	1955
962	1971
962	1988
962	1989
962	1999
975	1139
975	1250
975	1262
975	1283
975	1327
975	1380
975	1386
975	1387
975	1466
975	1712
975	1741
975	1834
975	1854
982	1040
982	1226
982	1366
982	1429
982	1440
982	1514
982	1720
982	1740
982	1804
982	1880
982	1893
982	1905
982	1915
982	1920
982	1940
982	1950
985	1104
985	1154
985	1174
985	1276
985	1278
985	1371
985	1389
985	1448
985	1529
985	1537
985	1624
985	1705
985	1758
985	1778
985	1823
985	1914
985	1940
985	1979
1046	1087
1046	1359
1046	1415
1046	1420
1046	1429
1046	1446
1046	1522
1046	1592
1046	1603
1046	1620
1046	1627
1046	1662
1046	1679
1046	1744
1046	1783
1046	1786
1046	1817
1046	1897
1046	1904
1046	1920
1046	1943
1046	1975
1046	1996
1054	1070
1054	1185
1054	1194
1054	1233
1054	1275
1054	1366
1054	1400
1054	1407
1054	1420
1054	1583
1054	1587
1054	1597
1054	1606
1054	1614
1054	1710
1054	1712
1054	1813
1054	1871
1054	1945
1054	1989
1054	1992
1057	1226
1057	1238
1057	1299
1057	1419
1057	1437
1057	1540
1057	1543
1057	1609
1057	1624
1057	1656
1057	1676
1057	1723
1057	1828
1057	1854
1057	1922
1057	1983
1105	1262
1105	1323
1105	1442
1105	1491
1105	1497
1105	1531
1105	1678
1105	1753
1105	1776
1105	1850
1105	1857
1105	1858
1105	1861
1105	1930
1124	1225
1124	1265
1124	1407
1124	1435
1124	1467
1124	1555
1124	1586
1124	1610
1124	1643
1124	1677
1124	1685
1124	1714
1124	1731
1124	1770
1124	1783
1124	1797
1124	1828
1124	1849
1124	1914
1124	1923
1126	1167
1126	1230
1126	1359
1126	1513
1126	1527
1126	1528
1126	1532
1126	1708
1126	1726
1126	1747
1126	1786
1126	1799
1126	1817
1126	1914
1126	1921
1126	1976
1167	1185
1167	1320
1167	1328
1167	1422
1167	1531
1167	1580
1167	1605
1167	1678
1167	1777
1167	1851
1167	1885
1167	1914
1167	1918
1167	1946
1167	1987
1178	1360
1178	1444
1178	1461
1178	1539
1178	1558
1178	1652
1178	1669
1178	1684
1178	1738
1178	1792
1178	1861
1178	1896
1217	1218
1217	1222
1217	1241
1217	1283
1217	1379
1217	1386
1217	1387
1217	1551
1217	1557
1217	1561
1217	1618
1217	1645
1217	1684
1217	1713
1217	1717
1217	1744
1217	1799
1217	1822
1217	1830
1217	1900
1217	1982
1218	1336
1218	1386
1218	1448
1218	1659
1218	1804
1218	1869
1218	1870
1219	1230
1219	1512
1219	1521
1219	1548
1219	1680
1219	1703
1219	1720
1219	1741
1219	1782
1219	1837
1219	1861
1219	1874
1219	1937
1219	1963
1219	1968
1219	1972
1226	1360
1226	1429
1226	1469
1226	1538
1226	1619
1226	1621
1226	1751
1226	1753
1226	1841
1226	1850
1226	1907
1226	1920
1226	1986
1226	1991
1226	1993
1226	1997
1233	1306
1233	1382
1233	1410
1233	1441
1233	1645
1233	1650
1233	1676
1233	1775
1233	1806
1233	1855
1233	1920
1233	1947
1233	1970
1251	1264
1251	1328
1251	1366
1251	1387
1251	1388
1251	1398
1251	1422
1251	1429
1251	1435
1251	1547
1251	1574
1251	1607
1251	1649
1251	1697
1251	1761
1251	1782
1251	1847
1251	1850
1251	1891
1251	1930
1251	1954
1251	1981
1251	1987
1264	1284
1264	1285
1264	1441
1264	1524
1264	1533
1264	1540
1264	1652
1264	1710
1264	1893
1264	1906
1264	1924
1264	1928
1264	1931
1264	1974
1264	1986
1264	1989
1310	1313
1310	1404
1310	1417
1310	1451
1310	1565
1310	1650
1310	1738
1310	1742
1310	1790
1310	1904
1310	1944
1310	1988
1327	1443
1327	1490
1327	1516
1327	1545
1327	1557
1327	1564
1327	1618
1327	1624
1327	1649
1327	1650
1327	1662
1327	1724
1327	1730
1327	1745
1327	1867
1327	1869
1327	1938
1327	1943
1327	1951
1327	1955
1338	1479
1338	1515
1338	1528
1338	1588
1338	1627
1338	1666
1338	1726
1338	1816
1338	1854
1338	1880
1338	1883
1338	1913
1338	1937
1338	1990
1340	1375
1340	1387
1340	1521
1340	1645
1340	1702
1340	1708
1340	1776
1340	1806
1340	1829
1340	1902
1340	1912
1340	1915
1340	1964
1340	1994
1340	1996
1365	1409
1365	1411
1365	1435
1365	1545
1365	1558
1365	1569
1365	1572
1365	1575
1365	1586
1365	1630
1365	1677
1365	1755
1365	1798
1365	1958
1365	1967
1377	1493
1377	1497
1377	1568
1377	1627
1377	1652
1377	1679
1377	1684
1377	1718
1377	1740
1377	1800
1377	1832
1377	1909
1377	1965
1377	1988
1385	1437
1385	1463
1385	1475
1385	1528
1385	1563
1385	1695
1385	1716
1385	1730
1385	1788
1385	1789
1385	1866
1385	1915
1385	1971
1385	1982
1393	1398
1393	1421
1393	1461
1393	1462
1393	1527
1393	1605
1393	1702
1393	1724
1393	1739
1393	1777
1393	1779
1393	1812
1393	1858
1393	1908
1393	1925
1398	1409
1398	1602
1398	1707
1398	1745
1398	1792
1398	1832
1398	1866
1398	1910
1398	1914
1398	1975
1398	1992
1416	1421
1416	1597
1416	1629
1416	1655
1416	1763
1416	1855
1416	1910
1416	1934
1416	1951
1418	1598
1418	1634
1418	1657
1418	1668
1418	1679
1418	1686
1418	1770
1418	1780
1418	1828
1418	1851
1418	1896
1418	1900
1418	1975
1418	1989
1418	1991
1418	1995
1461	1548
1461	1575
1461	1587
1461	1639
1461	1711
1461	1766
1461	1778
1461	1808
1461	1810
1461	1811
1461	1875
1461	1889
1461	1895
1461	1920
1461	1952
1461	1962
1467	1585
1467	1620
1467	1662
1467	1702
1467	1718
1467	1726
1467	1751
1467	1775
1467	1777
1467	1805
1467	1861
1467	1906
1467	1927
1488	1510
1488	1613
1488	1642
1488	1644
1488	1664
1488	1735
1488	1893
1488	1913
1488	1930
1488	1931
1488	1966
1491	1585
1491	1678
1491	1740
1491	1744
1491	1802
1491	1946
1491	1950
1491	1956
1491	1962
1491	1965
1509	1514
1509	1667
1509	1686
1509	1691
1509	1714
1509	1766
1509	1778
1509	1794
1509	1825
1509	1845
1509	1855
1509	1924
1520	1549
1520	1555
1520	1572
1520	1623
1520	1653
1520	1666
1520	1679
1520	1684
1520	1800
1520	1847
1520	1871
1520	1882
1520	1913
1520	1922
1520	1934
1520	1958
1520	1986
1537	1590
1537	1716
1537	1735
1537	1742
1537	1859
1537	1962
1551	1604
1551	1626
1551	1688
1551	1695
1551	1703
1551	1718
1551	1769
1551	1797
1551	1803
1551	1810
1551	1936
1551	1974
1564	1591
1564	1628
1564	1664
1564	1689
1564	1723
1577	1708
1577	1715
1577	1880
1577	1950
1582	1604
1582	1654
1582	1719
1582	1761
1582	1791
1582	1794
1582	1812
1582	1813
1582	1822
1582	1847
1582	1849
1583	1643
1583	1662
1583	1668
1583	1674
1583	1679
1583	1706
1583	1711
1583	1770
1583	1828
1583	1880
1583	1946
1583	1995
1587	1599
1587	1660
1587	1662
1587	1701
1587	1756
1587	1834
1587	1941
1587	1990
1591	1684
1591	1778
1591	1808
1591	1906
1591	1915
1592	1634
1592	1669
1592	1714
1592	1723
1592	1773
1592	1783
1592	1795
1592	1810
1595	1692
1595	1746
1595	1765
1595	1808
1595	1960
1618	1653
1618	1680
1618	1711
1618	1729
1618	1804
1618	1847
1618	1852
1618	1866
1618	1879
1618	1945
1625	1645
1625	1655
1625	1670
1625	1762
1625	1772
1625	1846
1625	1855
1625	1876
1625	1902
1625	1964
1625	1999
1641	1671
1641	1681
1641	1731
1641	1753
1641	1772
1641	1801
1641	1811
1641	1825
1641	1844
1641	1887
1641	1894
1641	1907
1641	1976
1646	1656
1646	1778
1646	1852
1646	1857
1646	1972
1646	1995
1650	1659
1650	1678
1650	1792
1650	1873
1650	1950
1650	1978
1650	1980
1650	1987
1650	1997
1652	1681
1652	1777
1652	1784
1652	1857
1652	1895
1652	1900
1652	1990
1657	1700
1657	1793
1657	1845
1657	1878
1657	1934
1658	1669
1658	1685
1658	1720
1658	1753
1658	1757
1658	1803
1658	1860
1658	1873
1658	1897
1671	1713
1671	1755
1671	1779
1671	1799
1671	1815
1671	1862
1671	1894
1671	1905
1671	1937
1680	1710
1680	1755
1680	1800
1680	1824
1680	1865
1680	1934
1680	1996
1681	1743
1681	1795
1681	1883
1683	1700
1683	1718
1683	1739
1683	1816
1683	1931
1683	1942
1683	1990
1683	1992
1684	1772
1684	1897
1684	1979
1686	1718
1686	1745
1686	1867
1686	1894
1686	1904
1686	1910
1686	1958
1686	1969
1686	1988
1694	1698
1694	1700
1694	1719
1694	1758
1694	1765
1694	1810
1694	1949
1702	1716
1702	1729
1702	1803
1702	1847
1702	1891
1702	1923
1702	1986
1711	1749
1711	1832
1711	1872
1711	1930
1711	1938
1711	1972
1716	1780
1716	1789
1716	1817
1716	1885
1716	1924
1739	1740
1739	1758
1739	1806
1739	1915
1745	1869
1745	1900
1745	1923
1751	1764
1751	1802
1751	1844
1751	1881
1751	1945
1762	1790
1762	1868
1762	1894
1762	1896
1762	1914
1762	1925
1762	1950
1762	1988
1763	1849
1763	1875
1775	1800
1775	1879
1775	1995
1779	1781
1779	1900
1779	1939
1779	1989
1792	1816
1792	1829
1792	1886
1792	1983
1794	1799
1794	1925
1797	1841
1797	1846
1797	1856
1797	1860
1797	1913
1797	1931
1797	1942
1797	1943
1797	1986
1804	1843
1804	1939
1804	1964
1804	1987
1817	1863
1817	1899
1817	1982
1817	1986
1819	1969
1819	1986
1826	1897
1826	1927
1826	1928
1826	1937
1826	1963
1831	1876
1831	1879
1831	1896
1831	1937
1831	1950
1832	1862
1832	1958
1832	1997
1837	1900
1837	1913
1837	1932
1837	1960
1837	1985
1860	1890
1860	1982
1861	1926
1861	1988
1874	1975
1899	1902
1899	1926
1899	1999
1923	1942
1923	1943
1923	1947
1923	1954
1923	1970
1927	1983
1927	1985
1931	1968
1931	1976
1939	1981
1947	1963
1971	1974
1971	1976
586	962
586	997
586	1241
586	1436
586	1618
586	1620
586	1674
586	1678
586	1703
586	1712
586	1740
586	1746
586	1805
586	1848
586	1858
586	1860
586	1883
586	1922
586	1936
586	1944
736	866
736	925
736	1046
736	1192
736	1220
736	1316
736	1367
736	1446
736	1475
736	1531
736	1569
736	1620
736	1702
736	1747
736	1782
736	1793
736	1807
736	1813
736	1926
799	1070
799	1168
799	1243
799	1256
799	1261
799	1409
799	1435
799	1453
799	1509
799	1521
799	1577
799	1660
799	1700
799	1740
799	1829
799	1941
830	997
830	1051
830	1069
830	1343
830	1365
830	1442
830	1514
830	1554
830	1660
830	1794
830	1801
830	1805
830	1827
830	1862
830	1879
830	1910
830	1914
845	925
845	1230
845	1251
845	1252
845	1356
845	1447
845	1463
845	1496
845	1512
845	1540
845	1595
845	1619
845	1621
845	1755
845	1756
845	1796
845	1810
845	1939
845	1943
845	1952
845	1962
845	1975
1022	1074
1022	1105
1022	1126
1022	1192
1022	1283
1022	1360
1022	1378
1022	1444
1022	1509
1022	1527
1022	1626
1022	1638
1022	1691
1022	1711
1022	1804
1022	1893
1022	1918
1022	1965
1022	1974
1022	1991
1024	1051
1024	1057
1024	1207
1024	1229
1024	1290
1024	1389
1024	1398
1024	1464
1024	1493
1024	1520
1024	1586
1024	1740
1024	1766
1024	1767
1024	1776
1024	1854
1024	1880
1024	1914
1024	1917
1024	1971
1024	1985
1024	1993
1034	1080
1034	1140
1034	1219
1034	1226
1034	1323
1034	1396
1034	1405
1034	1420
1034	1619
1034	1638
1034	1669
1034	1713
1034	1780
1034	1864
1034	1866
1034	1870
1034	1873
1034	1875
1034	1935
1034	1968
1041	1210
1041	1326
1041	1423
1041	1461
1041	1486
1041	1497
1041	1521
1041	1665
1041	1671
1041	1685
1041	1703
1041	1711
1041	1729
1041	1735
1041	1794
1041	1852
1041	1870
1041	1905
1041	1925
1041	1930
1041	1934
1074	1167
1074	1233
1074	1286
1074	1326
1074	1343
1074	1472
1074	1479
1074	1491
1074	1542
1074	1623
1074	1710
1074	1771
1074	1843
1074	1883
1074	1926
1074	1957
1074	1987
1082	1083
1082	1167
1082	1171
1082	1387
1082	1421
1082	1462
1082	1463
1082	1605
1082	1606
1082	1613
1082	1648
1082	1703
1082	1706
1082	1743
1082	1744
1082	1824
1082	1855
1082	1890
1082	1930
1082	1947
1082	1954
1118	1162
1118	1245
1118	1274
1118	1390
1118	1397
1118	1513
1118	1538
1118	1657
1118	1724
1118	1749
1118	1762
1118	1828
1118	1928
1118	1936
1118	1943
1129	1219
1129	1288
1129	1310
1129	1316
1129	1378
1129	1501
1129	1582
1129	1595
1129	1644
1129	1695
1129	1706
1129	1726
1129	1733
1129	1797
1129	1968
1129	1970
1130	1173
1130	1385
1130	1411
1130	1422
1130	1482
1130	1517
1130	1549
1130	1593
1130	1633
1130	1653
1130	1724
1130	1761
1130	1778
1130	1784
1130	1801
1130	1826
1130	1843
1130	1883
1130	1886
1130	1901
1171	1256
1171	1278
1171	1387
1171	1427
1171	1466
1171	1477
1171	1488
1171	1555
1171	1598
1171	1633
1171	1660
1171	1683
1171	1733
1171	1779
1171	1803
1171	1908
1171	1949
1171	1957
1174	1274
1174	1291
1174	1313
1174	1328
1174	1386
1174	1388
1174	1400
1174	1405
1174	1442
1174	1534
1174	1582
1174	1639
1174	1646
1174	1742
1174	1769
1174	1796
1174	1830
1174	1936
1174	1951
1210	1215
1210	1255
1210	1265
1210	1323
1210	1328
1210	1358
1210	1421
1210	1429
1210	1482
1210	1500
1210	1659
1210	1660
1210	1731
1210	1740
1210	1811
1210	1846
1210	1897
1210	1912
1210	1999
1215	1296
1215	1375
1215	1376
1215	1466
1215	1557
1215	1578
1215	1644
1215	1724
1215	1806
1215	1854
1215	1874
1215	1881
1215	1896
1215	1900
1215	1942
1215	1968
1215	1975
1215	1986
1215	1999
1243	1390
1243	1440
1243	1441
1243	1442
1243	1465
1243	1547
1243	1549
1243	1705
1243	1706
1243	1738
1243	1841
1243	1846
1243	1891
1243	1915
1243	1941
1243	1949
1243	1991
1261	1463
1261	1496
1261	1555
1261	1623
1261	1670
1261	1783
1261	1808
1274	1283
1274	1342
1274	1397
1274	1442
1274	1452
1274	1488
1274	1536
1274	1555
1274	1557
1274	1584
1274	1592
1274	1623
1274	1642
1274	1775
1274	1796
1274	1827
1274	1855
1274	1868
1274	1980
1274	1987
1283	1352
1283	1398
1283	1410
1283	1474
1283	1522
1283	1529
1283	1664
1283	1783
1283	1794
1283	1869
1283	1944
1283	1954
1283	1960
1286	1319
1286	1418
1286	1512
1286	1583
1286	1599
1286	1613
1286	1633
1286	1650
1286	1705
1286	1770
1286	1772
1286	1788
1286	1912
1286	1939
1286	1950
1286	1964
1308	1357
1308	1400
1308	1429
1308	1554
1308	1560
1308	1578
1308	1609
1308	1638
1308	1657
1308	1703
1308	1911
1313	1366
1313	1451
1313	1456
1313	1530
1313	1569
1313	1632
1313	1634
1313	1656
1313	1688
1313	1706
1313	1780
1313	1874
1313	1886
1313	1922
1313	1930
1313	1943
1313	1980
1336	1467
1336	1510
1336	1515
1336	1578
1336	1641
1336	1642
1336	1683
1336	1720
1336	1763
1336	1783
1336	1818
1336	1893
1336	1901
1336	1911
1336	1946
1336	1980
1342	1352
1342	1506
1342	1512
1342	1533
1342	1587
1342	1603
1342	1616
1342	1658
1342	1665
1342	1714
1342	1730
1342	1827
1342	1855
1342	1976
1342	1978
1342	1991
1358	1548
1358	1596
1358	1617
1358	1691
1358	1763
1358	1772
1358	1869
1358	1873
1358	1900
1358	1905
1358	1964
1369	1415
1369	1464
1369	1474
1369	1513
1369	1522
1369	1553
1369	1654
1369	1699
1369	1829
1369	1870
1369	1882
1369	1894
1369	1917
1369	1935
1369	1940
1369	1985
1373	1387
1373	1462
1373	1516
1373	1551
1373	1565
1373	1617
1373	1618
1373	1647
1373	1654
1373	1681
1373	1713
1373	1748
1373	1813
1373	1825
1373	1828
1373	1837
1373	1847
1373	1908
1373	1952
1379	1536
1379	1596
1379	1600
1379	1620
1379	1626
1379	1643
1379	1674
1379	1832
1379	1863
1379	1901
1379	1918
1379	1924
1379	1930
1379	1937
1382	1437
1382	1452
1382	1549
1382	1560
1382	1632
1382	1669
1382	1689
1382	1794
1382	1824
1382	1868
1382	1890
1382	1970
1386	1388
1386	1396
1386	1521
1386	1561
1386	1578
1386	1602
1386	1707
1386	1725
1386	1757
1386	1823
1386	1827
1386	1901
1386	1956
1386	1970
1389	1463
1389	1472
1389	1497
1389	1521
1389	1551
1389	1570
1389	1623
1389	1633
1389	1634
1389	1698
1389	1713
1389	1714
1389	1764
1389	1878
1389	1918
1396	1531
1396	1638
1396	1644
1396	1688
1396	1727
1396	1789
1396	1817
1396	1851
1396	1918
1396	1945
1396	1972
1397	1463
1397	1469
1397	1499
1397	1514
1397	1553
1397	1583
1397	1606
1397	1881
1397	1883
1397	1907
1397	1958
1397	1964
1397	1975
1407	1417
1407	1443
1407	1497
1407	1516
1407	1539
1407	1614
1407	1633
1407	1676
1407	1772
1407	1777
1407	1812
1407	1818
1407	1860
1407	1862
1407	1875
1407	1927
1407	1930
1410	1417
1410	1562
1410	1605
1410	1639
1410	1649
1410	1679
1410	1794
1410	1803
1410	1835
1417	1564
1417	1585
1417	1729
1417	1774
1417	1782
1417	1789
1417	1808
1417	1834
1417	1850
1417	1857
1417	1869
1417	1914
1417	1940
1441	1467
1441	1604
1441	1632
1441	1639
1441	1685
1441	1782
1441	1829
1441	1904
1441	1951
1444	1459
1444	1471
1444	1489
1444	1531
1444	1541
1444	1603
1444	1679
1444	1684
1444	1746
1444	1796
1444	1878
1444	1895
1444	1906
1444	1962
1444	1966
1444	1972
1444	1993
1444	1997
1447	1466
1447	1529
1447	1538
1447	1619
1447	1657
1447	1666
1447	1734
1447	1757
1447	1790
1447	1857
1447	1877
1447	1890
1447	1895
1447	1955
1447	1956
1451	1462
1451	1543
1451	1567
1451	1586
1451	1592
1451	1656
1451	1775
1451	1827
1451	1860
1451	1910
1451	1931
1451	1934
1451	1938
1451	1968
1451	1970
1452	1482
1452	1567
1452	1644
1452	1701
1452	1758
1452	1767
1452	1789
1452	1805
1452	1824
1452	1858
1452	1885
1452	1912
1452	1956
1476	1491
1476	1509
1476	1539
1476	1575
1476	1603
1476	1698
1476	1725
1476	1745
1476	1907
1476	1960
1476	1981
1514	1580
1514	1613
1514	1731
1514	1762
1514	1796
1514	1798
1514	1819
1514	1861
1514	1876
1514	1934
1514	1981
1514	1985
1527	1606
1527	1632
1527	1655
1527	1745
1527	1820
1527	1858
1527	1861
1527	1874
1527	1914
1527	1933
1527	1958
1527	1992
1532	1553
1532	1605
1532	1667
1532	1757
1532	1765
1532	1780
1532	1807
1532	1810
1532	1828
1532	1861
1532	1866
1532	1894
1532	1913
1532	1939
1532	1949
1532	1956
1532	1982
1563	1572
1563	1620
1563	1652
1563	1676
1563	1754
1563	1794
1563	1837
1563	1880
1563	1922
1563	1956
1563	1981
1607	1616
1607	1619
1607	1671
1607	1683
1607	1764
1607	1808
1607	1852
1607	1986
1616	1652
1616	1798
1616	1935
1616	1974
1616	1978
1616	1993
1619	1689
1619	1710
1619	1719
1619	1766
1619	1771
1619	1777
1619	1923
1619	1941
1619	1951
1628	1684
1628	1706
1628	1773
1628	1840
1628	1875
1628	1981
1628	1988
1644	1775
1644	1801
1644	1820
1644	1857
1644	1862
1644	1868
1644	1897
1644	1955
1669	1670
1669	1747
1669	1826
1669	1844
1669	1864
1669	1867
1669	1885
1669	1893
1669	1947
1676	1852
1676	1863
1676	1889
1676	1905
1677	1727
1677	1744
1677	1763
1677	1879
1677	1881
1677	1911
1689	1725
1689	1738
1689	1745
1689	1790
1689	1957
1689	1994
1691	1703
1691	1729
1691	1746
1691	1856
1691	1913
1691	1951
1691	1974
1691	1993
1695	1697
1695	1836
1695	1839
1695	1863
1695	1868
1695	1879
1695	1900
1695	1973
1695	1988
1695	1990
1701	1805
1701	1810
1701	1863
1701	1864
1701	1878
1701	1932
1701	1947
1701	1966
1707	1769
1707	1774
1707	1775
1707	1793
1707	1796
1707	1834
1707	1859
1707	1934
1707	1981
1712	1757
1712	1789
1712	1792
1712	1902
1712	1964
1712	1975
1712	1999
1713	1796
1713	1969
1713	1994
1715	1726
1715	1756
1715	1794
1715	1805
1715	1815
1715	1908
1715	1957
1715	1978
1718	1734
1718	1742
1718	1753
1718	1878
1718	1967
1733	1819
1733	1837
1733	1992
1733	1998
1740	1741
1740	1757
1740	1924
1740	1947
1740	1950
1740	1993
1748	1770
1748	1772
1748	1811
1748	1817
1748	1819
1748	1830
1748	1901
1748	1912
1748	1921
1748	1980
1748	1991
1755	1822
1755	1839
1755	1845
1755	1880
1755	1964
1755	1985
1757	1803
1757	1873
1757	1886
1757	1894
1757	1927
1757	1936
1757	1955
1757	1956
1757	1999
1765	1824
1765	1912
1765	1944
1765	1955
1765	1971
1765	1991
1773	1789
1773	1816
1773	1831
1773	1844
1773	1855
1773	1938
1773	1990
1784	1828
1784	1860
1784	1927
1784	1941
1793	1844
1793	1846
1793	1893
1793	1966
1793	1967
1793	1997
1796	1831
1796	1854
1796	1856
1796	1860
1796	1872
1796	1873
1796	1881
1796	1945
1796	1956
1796	1998
1803	1815
1803	1825
1803	1911
1812	1815
1812	1849
1812	1945
1812	1987
1812	1996
1815	1872
1815	1880
1815	1961
1815	1964
1815	1966
1815	1976
1818	1831
1818	1844
1818	1889
1818	1925
1818	1932
1830	1880
1830	1896
1830	1964
1830	1971
1834	1866
1834	1880
1834	1938
1834	1955
1834	1957
1834	1989
1835	1849
1835	1969
1839	1900
1839	1960
1839	1973
1839	1998
1840	1852
1840	1865
1840	1915
1840	1987
1858	1869
1875	1889
1875	1976
1876	1906
1876	1961
1876	1970
1876	1988
1877	1886
1877	1906
1877	1907
1891	1923
1891	1935
902	931
902	953
902	1126
902	1365
902	1418
902	1457
902	1493
902	1512
902	1514
902	1560
902	1585
902	1703
902	1782
902	1885
908	929
908	949
908	1174
908	1299
908	1379
908	1482
908	1547
908	1588
908	1597
908	1600
908	1616
908	1648
908	1674
908	1698
908	1703
908	1705
908	1718
908	1769
908	1773
908	1791
908	1811
908	1964
908	1982
908	1992
912	1019
912	1108
912	1128
912	1224
912	1275
912	1286
912	1400
912	1475
912	1547
912	1577
912	1628
912	1634
912	1781
912	1788
912	1871
912	1876
912	1906
912	1973
978	1040
978	1051
978	1176
978	1200
978	1370
978	1371
978	1374
978	1377
978	1423
978	1512
978	1614
978	1626
978	1697
978	1711
978	1765
978	1769
978	1800
978	1904
978	1938
978	1955
978	1975
998	1016
998	1139
998	1264
998	1373
998	1422
998	1454
998	1531
998	1585
998	1644
998	1735
998	1741
998	1756
998	1824
998	1826
1012	1092
1012	1123
1012	1321
1012	1340
1012	1366
1012	1368
1012	1373
1012	1388
1012	1410
1012	1423
1012	1465
1012	1469
1012	1516
1012	1541
1012	1590
1012	1687
1012	1723
1012	1763
1012	1794
1012	1850
1012	1873
1012	1933
1012	1943
1037	1082
1037	1128
1037	1342
1037	1359
1037	1368
1037	1398
1037	1445
1037	1465
1037	1493
1037	1533
1037	1547
1037	1604
1037	1660
1037	1669
1037	1695
1037	1855
1037	1857
1037	1889
1037	1938
1037	1979
1037	1997
1070	1239
1070	1310
1070	1319
1070	1340
1070	1463
1070	1647
1070	1654
1070	1684
1070	1695
1070	1717
1070	1727
1070	1742
1070	1743
1070	1748
1070	1753
1070	1808
1070	1825
1070	1883
1070	1890
1070	1975
1070	1989
1071	1278
1071	1308
1071	1375
1071	1451
1071	1453
1071	1493
1071	1642
1071	1708
1071	1758
1071	1773
1071	1872
1071	1951
1071	1954
1071	1972
1071	1987
1108	1116
1108	1342
1108	1369
1108	1461
1108	1539
1108	1569
1108	1624
1108	1629
1108	1683
1108	1699
1108	1802
1108	1823
1108	1869
1108	1893
1108	1934
1121	1210
1121	1254
1121	1276
1121	1320
1121	1342
1121	1393
1121	1409
1121	1530
1121	1687
1121	1719
1121	1804
1121	1894
1121	1933
1121	1983
1140	1192
1140	1396
1140	1462
1140	1510
1140	1575
1140	1599
1140	1683
1140	1720
1140	1771
1140	1790
1140	1792
1140	1823
1140	1834
1140	1886
1140	1920
1140	1947
1140	1964
1222	1367
1222	1386
1222	1658
1222	1718
1222	1723
1222	1783
1222	1800
1222	1811
1222	1820
1222	1859
1222	1871
1222	1872
1222	1883
1222	1896
1222	1913
1222	1922
1222	1973
1238	1275
1238	1278
1238	1376
1238	1393
1238	1419
1238	1461
1238	1545
1238	1597
1238	1629
1238	1681
1238	1708
1238	1712
1238	1729
1238	1757
1238	1770
1238	1797
1238	1840
1238	1864
1238	1876
1238	1961
1238	1986
1254	1284
1254	1421
1254	1517
1254	1564
1254	1626
1254	1712
1254	1724
1254	1744
1254	1782
1254	1820
1254	1850
1254	1861
1254	1877
1254	1900
1254	1927
1254	1960
1256	1285
1256	1342
1256	1447
1256	1472
1256	1480
1256	1488
1256	1538
1256	1548
1256	1557
1256	1678
1256	1698
1256	1712
1256	1723
1256	1743
1256	1748
1256	1774
1256	1827
1256	1863
1256	1938
1256	1981
1299	1343
1299	1356
1299	1368
1299	1417
1299	1440
1299	1509
1299	1619
1299	1650
1299	1654
1299	1714
1299	1800
1299	1856
1299	1876
1299	1911
1299	1946
1299	1975
1299	1981
1323	1356
1323	1435
1323	1625
1323	1626
1323	1643
1323	1648
1323	1776
1323	1874
1323	1936
1323	1964
1328	1343
1328	1352
1328	1379
1328	1543
1328	1595
1328	1678
1328	1695
1328	1701
1328	1732
1328	1765
1328	1921
1328	1952
1330	1357
1330	1390
1330	1586
1330	1606
1330	1703
1330	1763
1330	1773
1330	1817
1330	1891
1352	1366
1352	1370
1352	1374
1352	1377
1352	1471
1352	1480
1352	1613
1352	1614
1352	1776
1352	1810
1352	1921
1352	1939
1352	1964
1360	1380
1360	1391
1360	1441
1360	1458
1360	1563
1360	1568
1360	1599
1360	1623
1360	1625
1360	1630
1360	1639
1360	1664
1360	1718
1360	1817
1360	1823
1360	1825
1360	1870
1360	1915
1360	1958
1378	1385
1378	1415
1378	1417
1378	1437
1378	1443
1378	1572
1378	1660
1378	1681
1378	1692
1378	1695
1378	1716
1378	1786
1404	1419
1404	1451
1404	1474
1404	1545
1404	1609
1404	1684
1404	1749
1404	1751
1404	1757
1404	1764
1404	1776
1404	1793
1404	1834
1404	1941
1404	1965
1404	1971
1459	1476
1459	1549
1459	1596
1459	1604
1459	1621
1459	1642
1459	1753
1459	1820
1459	1825
1459	1849
1459	1860
1459	1887
1459	1910
1459	1929
1465	1482
1465	1700
1465	1713
1465	1769
1465	1778
1465	1863
1465	1865
1465	1910
1465	1914
1465	1938
1477	1490
1477	1639
1477	1659
1477	1679
1477	1740
1477	1756
1477	1810
1477	1816
1477	1822
1477	1863
1477	1971
1477	1982
1486	1499
1486	1515
1486	1587
1486	1595
1486	1657
1486	1700
1486	1730
1486	1734
1486	1766
1486	1776
1486	1784
1486	1797
1486	1863
1486	1911
1496	1560
1496	1587
1496	1602
1496	1656
1496	1657
1496	1671
1496	1755
1496	1765
1496	1850
1496	1866
1496	1876
1496	1882
1496	1896
1496	1964
1504	1555
1504	1565
1504	1604
1504	1756
1504	1761
1504	1806
1504	1835
1504	1861
1504	1874
1504	1875
1504	1935
1504	1936
1504	1994
1516	1545
1516	1606
1516	1733
1516	1762
1516	1778
1516	1844
1516	1871
1516	1922
1516	1962
1533	1614
1533	1623
1533	1738
1533	1775
1533	1873
1533	1932
1533	1941
1533	1991
1536	1537
1536	1555
1536	1572
1536	1585
1536	1638
1536	1646
1536	1655
1536	1743
1536	1805
1536	1823
1536	1832
1536	1895
1536	1931
1562	1596
1562	1641
1562	1674
1562	1694
1562	1720
1562	1808
1562	1825
1562	1829
1562	1890
1562	1895
1562	1912
1562	1950
1562	1962
1568	1588
1568	1666
1568	1669
1568	1679
1568	1740
1632	1633
1632	1659
1632	1731
1632	1747
1632	1766
1632	1793
1632	1816
1632	1839
1632	1952
1632	1967
1632	1998
1647	1694
1647	1711
1647	1761
1647	1777
1647	1781
1647	1786
1647	1795
1647	1827
1647	1857
1647	1875
1647	1892
1647	1904
1647	1947
1662	1832
1662	1872
1662	1877
1662	1879
1662	1928
1662	1964
1674	1678
1674	1779
1674	1791
1674	1851
1674	1859
1674	1887
1732	1741
1732	1744
1732	1767
1732	1769
1732	1944
1732	1996
1734	1751
1734	1753
1734	1799
1734	1849
1734	1890
1734	1907
1734	1999
1738	1843
1738	1857
1738	1881
1738	1930
1738	1956
1738	1998
1743	1766
1743	1907
1743	1909
1743	1917
1743	1918
1749	1770
1749	1816
1749	1836
1749	1848
1749	1855
1749	1907
1749	1968
1771	1800
1771	1835
1771	1851
1771	1852
1771	1890
1771	1946
1771	1969
1782	1830
1782	1904
1782	1924
1782	1982
1790	1816
1790	1840
1790	1849
1790	1850
1790	1856
1790	1861
1790	1942
1790	1944
1790	1975
1790	1982
1795	1848
1795	1850
1795	1923
1795	1957
1795	1964
1795	1967
1799	1840
1799	1908
1799	1980
1802	1871
1802	1923
1802	1924
1802	1962
1805	1808
1805	1817
1805	1881
1805	1900
1805	1902
1805	1905
1805	1938
1805	1964
1825	1935
1846	1874
1846	1917
1846	1945
1848	1863
1848	1907
1848	1945
1848	1951
1848	1966
1851	1911
1851	1967
1851	1975
1851	1979
1851	1999
1865	1885
1866	1878
1866	1943
1866	1954
1866	1966
1866	1999
1868	1912
1868	1949
1868	1965
1868	1995
1878	1881
1878	1892
1878	1914
1878	1945
1878	1996
1887	1931
1887	1969
1889	1929
1889	1961
1889	1963
1908	1986
1909	1995
1933	1961
1933	1983
1933	1997
1946	1949
822	1154
822	1174
822	1252
822	1480
822	1537
822	1621
822	1652
822	1680
822	1710
822	1717
822	1749
822	1754
822	1770
822	1782
822	1803
822	1806
822	1849
822	1890
822	1941
822	1968
931	985
931	1192
931	1265
931	1320
931	1326
931	1416
931	1479
931	1516
931	1541
931	1658
931	1669
931	1723
931	1726
931	1801
931	1815
931	1872
931	1945
931	1983
953	958
953	1108
953	1225
953	1239
953	1310
953	1323
953	1370
953	1374
953	1510
953	1516
953	1539
953	1598
953	1600
953	1665
953	1666
953	1738
953	1819
953	1836
953	1890
953	1993
958	975
958	1054
958	1162
958	1276
958	1330
958	1393
958	1397
958	1604
958	1623
958	1647
958	1668
958	1671
958	1711
958	1743
958	1794
958	1795
958	1796
958	1877
958	1937
958	1974
977	1037
977	1087
977	1139
977	1208
977	1218
977	1279
977	1286
977	1292
977	1421
977	1568
977	1588
977	1595
977	1606
977	1607
977	1639
977	1688
977	1703
977	1742
977	1849
977	1866
977	1913
977	1929
977	1981
997	1194
997	1281
997	1336
997	1388
997	1397
997	1437
997	1447
997	1451
997	1606
997	1653
997	1792
997	1816
997	1824
997	1846
997	1864
997	1899
997	1971
1053	1104
1053	1128
1053	1224
1053	1250
1053	1278
1053	1477
1053	1532
1053	1534
1053	1567
1053	1588
1053	1592
1053	1633
1053	1694
1053	1779
1053	1817
1053	1819
1053	1835
1053	1885
1053	1983
1053	1992
1053	1997
1128	1152
1128	1218
1128	1264
1128	1371
1128	1419
1128	1504
1128	1563
1128	1565
1128	1645
1128	1658
1128	1801
1128	1835
1128	1875
1128	1882
1128	1885
1128	1945
1128	1968
1128	1999
1162	1388
1162	1417
1162	1491
1162	1524
1162	1540
1162	1593
1162	1621
1162	1646
1162	1656
1162	1754
1162	1782
1162	1823
1162	1947
1162	1971
1162	1987
1173	1178
1173	1207
1173	1255
1173	1265
1173	1275
1173	1276
1173	1281
1173	1313
1173	1319
1173	1340
1173	1359
1173	1365
1173	1404
1173	1464
1173	1486
1173	1489
1173	1553
1173	1603
1173	1667
1173	1778
1173	1805
1173	1844
1173	1963
1241	1286
1241	1323
1241	1369
1241	1375
1241	1471
1241	1491
1241	1493
1241	1543
1241	1654
1241	1668
1241	1670
1241	1711
1241	1714
1241	1743
1241	1781
1241	1817
1241	1841
1241	1852
1241	1881
1241	1917
1241	1933
1241	1965
1252	1290
1252	1294
1252	1296
1252	1409
1252	1410
1252	1564
1252	1595
1252	1726
1252	1748
1252	1786
1252	1832
1252	1850
1252	1891
1252	1981
1279	1291
1279	1440
1279	1469
1279	1548
1279	1659
1279	1678
1279	1763
1279	1844
1279	1868
1279	1911
1306	1316
1306	1357
1306	1387
1306	1436
1306	1475
1306	1477
1306	1512
1306	1642
1306	1655
1306	1677
1306	1700
1306	1708
1306	1730
1306	1776
1306	1786
1306	1799
1306	1804
1306	1900
1306	1901
1306	1975
1320	1340
1320	1368
1320	1390
1320	1459
1320	1479
1320	1516
1320	1527
1320	1584
1320	1674
1320	1744
1320	1775
1320	1812
1320	1868
1320	1932
1320	1949
1320	1952
1356	1411
1356	1555
1356	1569
1356	1596
1356	1633
1356	1639
1356	1648
1356	1671
1356	1741
1356	1779
1356	1828
1356	1835
1356	1859
1356	1867
1356	1902
1366	1409
1366	1485
1366	1506
1366	1533
1366	1587
1366	1624
1366	1662
1366	1674
1366	1711
1366	1781
1366	1813
1366	1828
1366	1998
1400	1436
1400	1500
1400	1526
1400	1533
1400	1616
1400	1642
1400	1680
1400	1803
1400	1817
1400	1845
1400	1926
1400	1928
1400	1973
1421	1489
1421	1529
1421	1545
1421	1561
1421	1590
1421	1644
1421	1719
1421	1774
1421	1813
1421	1859
1421	1918
1421	1946
1421	1979
1440	1444
1440	1491
1440	1565
1440	1584
1440	1585
1440	1603
1440	1627
1440	1645
1440	1764
1440	1804
1440	1865
1440	1885
1440	1895
1440	1938
1446	1523
1446	1583
1446	1605
1446	1714
1446	1834
1446	1862
1458	1549
1458	1582
1458	1659
1458	1715
1458	1733
1458	1738
1458	1841
1458	1897
1458	1932
1458	1935
1458	1997
1462	1488
1462	1561
1462	1569
1462	1598
1462	1644
1462	1653
1462	1679
1462	1687
1462	1691
1462	1738
1462	1783
1462	1798
1462	1812
1462	1873
1462	1904
1475	1476
1475	1583
1475	1603
1475	1634
1475	1773
1475	1777
1475	1893
1475	1938
1475	1967
1475	1990
1479	1524
1479	1526
1479	1534
1479	1604
1479	1623
1479	1628
1479	1639
1479	1707
1479	1727
1479	1741
1479	1825
1479	1832
1479	1915
1479	1970
1482	1537
1482	1644
1482	1655
1482	1804
1482	1845
1482	1848
1482	1899
1482	1913
1482	1920
1482	1929
1510	1534
1510	1541
1510	1600
1510	1609
1510	1657
1510	1674
1510	1818
1510	1829
1510	1894
1510	1921
1513	1534
1513	1582
1513	1592
1513	1632
1513	1806
1513	1818
1513	1839
1513	1910
1513	1936
1513	1944
1522	1545
1522	1548
1522	1603
1522	1606
1522	1626
1522	1668
1522	1779
1522	1822
1522	1905
1529	1625
1529	1645
1529	1647
1529	1771
1529	1794
1529	1812
1529	1859
1529	1926
1529	1933
1529	1940
1529	1954
1529	1974
1529	1988
1529	1989
1558	1599
1558	1607
1558	1624
1558	1664
1558	1670
1558	1792
1558	1847
1558	1857
1558	1895
1558	1908
1558	1942
1558	1944
1558	1957
1558	1989
1584	1618
1584	1716
1584	1731
1584	1762
1584	1769
1584	1817
1584	1843
1584	1885
1584	1907
1584	1946
1584	1951
1586	1620
1586	1724
1586	1729
1586	1757
1586	1790
1586	1791
1586	1797
1586	1819
1586	1829
1586	1848
1586	1900
1586	1930
1586	1941
1606	1620
1606	1642
1606	1700
1606	1784
1606	1811
1606	1861
1606	1897
1606	1917
1606	1999
1613	1674
1613	1730
1613	1766
1613	1770
1613	1806
1613	1832
1613	1856
1613	1928
1613	1969
1613	1971
1613	1975
1613	1992
1613	1997
1621	1699
1621	1705
1621	1723
1621	1765
1621	1803
1621	1883
1621	1904
1621	1993
1634	1695
1634	1843
1634	1845
1634	1937
1634	1941
1634	1958
1648	1702
1648	1727
1648	1755
1648	1762
1648	1922
1654	1714
1654	1723
1654	1734
1654	1735
1654	1784
1654	1791
1654	1802
1654	1834
1654	1904
1654	1915
1654	1917
1654	1929
1656	1689
1656	1703
1656	1717
1656	1857
1656	1979
1679	1808
1679	1924
1679	1934
1700	1718
1700	1723
1700	1811
1700	1834
1700	1837
1700	1872
1700	1889
1700	1890
1700	1924
1700	1941
1700	1954
1700	1957
1700	1992
1708	1729
1708	1763
1708	1791
1708	1827
1708	1872
1708	1917
1708	1945
1708	1958
1724	1776
1724	1881
1724	1965
1724	1979
1731	1791
1731	1804
1731	1850
1731	1908
1731	1987
1811	1827
1828	1850
1828	1870
1828	1926
1828	1994
1829	1876
1829	1892
1829	1922
1829	1934
1829	1946
1829	1954
1829	1961
1829	1964
1879	1892
1879	1951
1879	1970
1883	1939
1883	1954
1885	1911
1885	1914
1885	1915
1929	1945
1942	1951
1942	1991
1967	1973
651	1074
651	1145
651	1200
651	1288
651	1308
651	1316
651	1336
651	1389
651	1396
651	1515
651	1570
651	1574
651	1584
651	1625
651	1647
651	1707
651	1738
651	1746
651	1766
651	1795
651	1872
651	1925
887	1108
887	1117
887	1129
887	1135
887	1210
887	1230
887	1286
887	1328
887	1420
887	1464
887	1492
887	1545
887	1630
887	1685
887	1758
887	1777
887	1779
887	1843
887	1924
887	1949
887	1970
1051	1124
1051	1130
1051	1154
1051	1208
1051	1457
1051	1586
1051	1625
1051	1655
1051	1657
1051	1692
1051	1697
1051	1766
1051	1826
1051	1879
1051	1908
1051	1942
1051	1956
1051	1995
1157	1261
1157	1290
1157	1420
1157	1575
1157	1585
1157	1634
1157	1650
1157	1764
1157	1770
1157	1878
1157	1879
1157	1904
1157	1907
1157	1932
1157	1935
1157	1975
1157	1990
1200	1210
1200	1230
1200	1250
1200	1367
1200	1397
1200	1415
1200	1458
1200	1466
1200	1536
1200	1587
1200	1603
1200	1648
1200	1698
1200	1776
1200	1786
1200	1851
1200	1870
1200	1883
1207	1220
1207	1230
1207	1265
1207	1281
1207	1418
1207	1674
1207	1754
1207	1841
1207	1985
1213	1225
1213	1275
1213	1436
1213	1475
1213	1564
1213	1568
1213	1650
1213	1660
1213	1755
1213	1815
1213	1885
1213	1907
1229	1230
1229	1437
1229	1440
1229	1632
1229	1707
1229	1708
1229	1718
1229	1734
1229	1739
1229	1748
1229	1794
1229	1979
1239	1291
1239	1316
1239	1366
1239	1376
1239	1410
1239	1417
1239	1543
1239	1565
1239	1602
1239	1615
1239	1618
1239	1643
1239	1724
1239	1729
1239	1801
1239	1819
1239	1875
1239	1895
1239	1921
1316	1442
1316	1489
1316	1526
1316	1536
1316	1543
1316	1614
1316	1644
1316	1654
1316	1664
1316	1732
1316	1775
1316	1895
1316	1920
1371	1422
1371	1528
1371	1562
1371	1586
1371	1616
1371	1626
1371	1699
1371	1702
1371	1713
1371	1732
1371	1770
1371	1778
1371	1782
1371	1860
1371	1868
1374	1387
1374	1388
1374	1418
1374	1436
1374	1463
1374	1476
1374	1605
1374	1642
1374	1646
1374	1720
1374	1724
1374	1743
1374	1753
1374	1789
1374	1837
1374	1839
1415	1493
1415	1510
1415	1529
1415	1712
1415	1723
1415	1780
1415	1782
1415	1802
1415	1810
1415	1813
1415	1879
1415	1935
1415	1968
1423	1561
1423	1592
1423	1598
1423	1649
1423	1720
1423	1773
1423	1857
1423	1870
1423	1875
1423	1912
1432	1434
1432	1499
1432	1515
1432	1537
1432	1548
1432	1553
1432	1574
1432	1630
1432	1659
1432	1676
1432	1783
1432	1789
1432	1805
1432	1811
1432	1852
1432	1855
1432	1878
1432	1881
1432	1949
1432	1967
1432	1978
1454	1532
1454	1536
1454	1714
1454	1725
1454	1757
1454	1766
1454	1778
1454	1789
1454	1979
1454	1987
1454	1995
1463	1476
1463	1548
1463	1567
1463	1575
1463	1723
1463	1745
1463	1771
1463	1844
1463	1973
1463	1996
1472	1480
1472	1523
1472	1554
1472	1591
1472	1592
1472	1653
1472	1718
1472	1730
1472	1739
1472	1777
1472	1782
1472	1822
1472	1828
1472	1864
1472	1924
1472	1927
1472	1942
1472	1991
1485	1486
1485	1489
1485	1516
1485	1542
1485	1563
1485	1723
1485	1726
1485	1732
1485	1770
1485	1775
1485	1799
1485	1863
1485	1890
1485	1943
1485	1949
1485	1988
1512	1625
1512	1647
1512	1665
1512	1694
1512	1707
1512	1719
1512	1779
1512	1780
1512	1871
1512	1897
1512	1954
1512	1989
1517	1526
1517	1591
1517	1602
1517	1634
1517	1655
1517	1684
1517	1850
1517	1918
1517	1922
1517	1950
1517	1970
1517	1981
1538	1641
1538	1654
1538	1691
1538	1701
1538	1792
1538	1844
1538	1848
1538	1902
1538	1908
1538	1933
1538	1937
1538	1985
1538	1992
1554	1569
1554	1679
1554	1708
1554	1714
1554	1720
1554	1810
1554	1811
1554	1827
1554	1874
1554	1897
1557	1578
1557	1595
1557	1616
1557	1647
1557	1716
1557	1726
1557	1786
1557	1807
1557	1825
1557	1829
1557	1848
1557	1864
1557	1876
1557	1929
1557	1954
1557	1988
1560	1563
1560	1591
1560	1642
1560	1658
1560	1697
1560	1711
1560	1732
1560	1786
1560	1890
1560	1990
1561	1597
1561	1641
1561	1683
1561	1716
1561	1754
1561	1786
1561	1808
1561	1811
1561	1843
1561	1872
1561	1962
1610	1623
1610	1633
1610	1751
1610	1754
1610	1774
1610	1802
1610	1869
1610	1929
1667	1715
1667	1781
1667	1877
1705	1772
1705	1870
1705	1889
1705	1907
1705	1910
1705	1943
1710	1769
1710	1770
1710	1914
1710	1993
1714	1717
1714	1727
1714	1764
1714	1845
1714	1878
1714	1933
1714	1993
1726	1734
1726	1777
1726	1807
1726	1840
1726	1866
1726	1880
1726	1958
1735	1756
1735	1788
1735	1795
1735	1813
1735	1862
1735	1870
1735	1880
1735	1886
1735	1958
1758	1763
1758	1811
1758	1859
1758	1897
1758	1932
1758	1934
1758	1955
1758	1958
1776	1859
1776	1921
1776	1945
1810	1816
1810	1826
1810	1843
1810	1848
1810	1885
1810	1962
1810	1963
1810	1982
1820	1824
1820	1910
1820	1911
1820	1929
1820	1971
1845	1847
1845	1881
1845	1889
1845	1910
1845	1920
1845	1927
1845	1935
1845	1980
1863	1894
1863	1958
1892	1902
1892	1918
1892	1928
1892	1981
1893	1964
1894	1901
1894	1909
1894	1968
1894	1995
1894	1998
1895	1935
1895	1949
1895	1962
1895	1980
1895	1989
1895	1992
1895	1994
1900	1912
1900	1995
1902	1926
1902	1942
1902	1986
1905	1991
1906	1993
1915	1939
1915	1990
1926	1993
1950	1981
1987	1999
785	1093
785	1252
785	1447
785	1486
785	1590
785	1602
785	1623
785	1625
785	1680
785	1698
785	1706
785	1708
785	1710
785	1745
785	1757
785	1828
785	1895
785	1905
974	1128
974	1129
974	1140
974	1167
974	1254
974	1274
974	1308
974	1313
974	1321
974	1386
974	1443
974	1466
974	1480
974	1510
974	1517
974	1542
974	1584
974	1595
974	1614
974	1650
974	1676
974	1769
974	1933
1117	1225
1117	1238
1117	1327
1117	1360
1117	1545
1117	1595
1117	1711
1117	1742
1117	1761
1117	1776
1117	1839
1117	1887
1117	1926
1117	1954
1117	1964
1117	1965
1117	1997
1193	1215
1193	1291
1193	1328
1193	1382
1193	1396
1193	1405
1193	1454
1193	1475
1193	1565
1193	1634
1193	1716
1193	1779
1193	1811
1193	1824
1193	1855
1193	1909
1193	1910
1193	1960
1193	1993
1193	1996
1276	1310
1276	1359
1276	1379
1276	1434
1276	1490
1276	1522
1276	1539
1276	1597
1276	1655
1276	1657
1276	1710
1276	1763
1276	1800
1276	1824
1276	1834
1276	1910
1276	1926
1359	1448
1359	1456
1359	1471
1359	1486
1359	1528
1359	1578
1359	1590
1359	1607
1359	1648
1359	1687
1359	1697
1359	1703
1359	1740
1359	1796
1359	1799
1359	1855
1359	1856
1359	1925
1429	1528
1429	1603
1429	1619
1429	1656
1429	1658
1429	1725
1429	1766
1429	1783
1429	1942
1464	1531
1464	1542
1464	1545
1464	1563
1464	1572
1464	1813
1464	1861
1464	1941
1464	1954
1464	1993
1493	1609
1493	1619
1493	1630
1493	1650
1493	1710
1493	1806
1493	1858
1493	1932
1493	1967
1539	1749
1539	1763
1539	1812
1539	1831
1539	1876
1539	1878
1539	1891
1539	1899
1539	1923
1539	1936
1539	1952
1540	1553
1540	1567
1540	1587
1540	1606
1540	1643
1540	1649
1540	1658
1540	1698
1540	1751
1540	1775
1540	1871
1540	1928
1540	1944
1540	1957
1569	1590
1569	1711
1569	1716
1569	1718
1569	1751
1569	1913
1569	1922
1569	1955
1580	1596
1580	1674
1580	1724
1580	1732
1580	1782
1580	1798
1580	1896
1600	1604
1600	1606
1600	1618
1600	1732
1600	1781
1600	1848
1600	1986
1629	1642
1629	1647
1629	1687
1629	1756
1629	1802
1629	1830
1629	1844
1629	1867
1629	1893
1638	1645
1638	1646
1638	1680
1638	1762
1638	1765
1638	1770
1638	1800
1638	1839
1638	1858
1638	1942
1638	1954
1638	1988
1692	1734
1692	1744
1692	1801
1692	1850
1692	1855
1692	1871
1692	1885
1692	1980
1692	1991
1719	1801
1719	1820
1719	1876
1719	1937
1719	1968
1723	1769
1723	1812
1723	1938
1723	1981
1777	1798
1777	1908
1777	1911
1777	1929
1777	1940
1777	1971
1777	1972
1786	1797
1786	1832
1786	1924
1786	1934
1786	1978
1822	1863
1822	1908
1822	1945
1822	1981
1857	1988
1857	1991
1886	1912
1886	1961
1886	1985
1910	1931
1910	1933
1914	1928
1914	1972
1914	1976
1918	1924
1925	1926
1925	1939
1925	1988
1934	1941
1934	1945
1935	1947
1935	1992
1978	1998
858	893
858	985
858	1022
858	1051
858	1157
858	1233
858	1323
858	1343
858	1418
858	1477
858	1496
858	1513
858	1524
858	1630
858	1646
858	1671
858	1711
858	1844
858	1882
858	1958
858	1997
1093	1323
1093	1326
1093	1370
1093	1377
1093	1390
1093	1480
1093	1513
1093	1528
1093	1532
1093	1554
1093	1710
1093	1739
1093	1783
1093	1835
1093	1946
1093	1966
1224	1327
1224	1352
1224	1375
1224	1419
1224	1432
1224	1442
1224	1447
1224	1548
1224	1560
1224	1568
1224	1587
1224	1596
1224	1598
1224	1677
1224	1702
1224	1745
1224	1849
1224	1949
1278	1419
1278	1485
1278	1497
1278	1527
1278	1577
1278	1578
1278	1616
1278	1694
1278	1746
1278	1755
1278	1776
1278	1807
1278	1861
1278	1882
1278	1930
1285	1506
1285	1575
1285	1639
1285	1775
1285	1872
1285	1874
1285	1896
1285	1920
1285	1951
1285	1963
1301	1390
1301	1391
1301	1442
1301	1465
1301	1489
1301	1523
1301	1529
1301	1542
1301	1593
1301	1625
1301	1626
1301	1700
1301	1725
1301	1769
1301	1865
1301	1869
1301	1899
1301	1922
1301	1924
1301	1944
1317	1326
1317	1452
1317	1457
1317	1490
1317	1536
1317	1572
1317	1582
1317	1668
1317	1674
1317	1692
1317	1698
1317	1909
1317	1912
1317	1922
1317	1950
1317	1965
1317	1993
1387	1391
1387	1411
1387	1458
1387	1527
1387	1547
1387	1605
1387	1665
1387	1793
1387	1802
1387	1829
1387	1861
1387	1939
1390	1528
1390	1591
1390	1602
1390	1677
1390	1688
1390	1725
1390	1730
1390	1818
1390	1855
1390	1934
1390	1956
1390	1969
1390	1980
1390	1989
1409	1427
1409	1454
1409	1479
1409	1480
1409	1582
1409	1599
1409	1689
1409	1705
1409	1739
1409	1801
1409	1818
1409	1852
1420	1451
1420	1464
1420	1479
1420	1549
1420	1597
1420	1669
1420	1714
1420	1732
1420	1734
1420	1761
1420	1775
1420	1820
1420	1860
1420	1881
1420	1934
1420	1978
1427	1435
1427	1459
1427	1461
1427	1479
1427	1485
1427	1506
1427	1538
1427	1555
1427	1575
1427	1582
1427	1584
1427	1751
1427	1776
1427	1795
1427	1872
1427	1894
1427	1929
1427	1942
1480	1515
1480	1545
1480	1626
1480	1654
1480	1691
1480	1745
1480	1755
1480	1820
1480	1882
1480	1899
1480	1909
1480	1920
1480	1939
1480	1979
1492	1600
1492	1703
1492	1720
1492	1753
1492	1767
1492	1929
1492	1941
1492	1962
1492	1981
1492	1990
1500	1501
1500	1517
1500	1609
1500	1670
1500	1705
1500	1726
1500	1843
1500	1881
1500	1882
1500	1917
1515	1531
1515	1564
1515	1624
1515	1679
1515	1715
1515	1741
1515	1789
1515	1796
1515	1836
1515	1873
1515	1904
1515	1970
1521	1541
1521	1603
1521	1605
1521	1615
1521	1712
1521	1745
1521	1796
1521	1829
1521	1839
1521	1879
1521	1901
1521	1979
1521	1985
1543	1621
1543	1634
1543	1660
1543	1681
1543	1724
1543	1731
1543	1770
1543	1784
1543	1917
1543	1945
1543	1947
1543	1975
1565	1617
1565	1680
1565	1744
1565	1783
1565	1797
1565	1894
1565	1926
1565	1986
1572	1674
1572	1731
1572	1749
1572	1771
1572	1789
1572	1841
1572	1922
1572	1940
1614	1677
1614	1741
1614	1756
1614	1843
1614	1900
1614	1924
1614	1951
1624	1627
1624	1766
1624	1802
1624	1840
1624	1874
1624	1892
1624	1941
1624	1994
1666	1679
1666	1713
1666	1715
1666	1807
1666	1817
1666	1839
1666	1885
1666	1960
1666	1997
1678	1680
1678	1681
1678	1712
1678	1762
1678	1790
1678	1865
1678	1887
1678	1904
1678	1908
1678	1924
1678	1925
1678	1945
1685	1765
1685	1794
1685	1854
1685	1864
1685	1877
1685	1922
1697	1717
1697	1746
1697	1757
1697	1836
1697	1850
1697	1861
1697	1968
1697	1996
1706	1818
1706	1851
1706	1877
1706	1922
1706	1965
1717	1778
1717	1815
1717	1890
1717	1927
1717	1994
1766	1777
1766	1854
1766	1910
1911	1963
1911	1989
1911	1990
1912	1931
1920	1969
1921	1945
1921	1978
1921	1987
1928	1990
1944	1963
1944	1988
866	931
866	974
866	1041
866	1306
866	1419
866	1435
866	1459
866	1665
866	1688
866	1732
866	1806
866	1815
866	1825
866	1866
866	1871
866	1875
866	1900
866	1950
866	1955
1080	1167
1080	1283
1080	1382
1080	1486
1080	1489
1080	1496
1080	1509
1080	1541
1080	1551
1080	1674
1080	1767
1080	1788
1080	1808
1080	1867
1080	1921
1080	1939
1080	1943
1080	1944
1087	1106
1087	1117
1087	1126
1087	1356
1087	1416
1087	1437
1087	1448
1087	1453
1087	1457
1087	1496
1087	1553
1087	1582
1087	1628
1087	1634
1087	1712
1087	1816
1087	1870
1087	1887
1087	1914
1087	1941
1087	1942
1230	1261
1230	1316
1230	1567
1230	1639
1230	1701
1230	1732
1230	1923
1230	1936
1230	1938
1230	1943
1230	1945
1230	1954
1230	1964
1230	1971
1250	1288
1250	1447
1250	1491
1250	1570
1250	1588
1250	1686
1250	1707
1250	1715
1250	1727
1250	1777
1250	1795
1250	1802
1250	1807
1250	1860
1250	1871
1250	1885
1250	1891
1250	1926
1250	1942
1255	1419
1255	1476
1255	1543
1255	1570
1255	1591
1255	1657
1255	1669
1255	1724
1255	1734
1255	1754
1255	1810
1255	1869
1255	1882
1255	1921
1255	1961
1296	1369
1296	1388
1296	1397
1296	1456
1296	1473
1296	1520
1296	1528
1296	1555
1296	1844
1296	1849
1296	1859
1296	1885
1296	1924
1296	1956
1296	1993
1506	1528
1506	1607
1506	1694
1506	1766
1506	1886
1506	1909
1506	1920
1506	1989
1593	1649
1593	1749
1593	1765
1593	1772
1593	1806
1593	1879
1593	1918
1593	1978
1593	1989
1626	1668
1626	1688
1626	1865
1626	1902
1626	1946
1639	1685
1639	1710
1639	1804
1639	1935
1639	1967
1720	1723
1720	1852
1720	1883
1720	1928
1730	1803
1730	1942
1747	1837
1747	1967
1747	1969
1747	1996
1800	1875
1800	1891
1800	1900
1800	1920
1800	1939
1800	1982
1871	1878
1871	1895
1871	1941
1871	1961
1871	1985
1871	1999
1880	1893
1880	1901
1880	1905
1880	1933
1897	1925
1897	1955
1913	1917
1913	1944
1949	1951
1949	1960
1957	1966
1957	1972
917	1178
917	1219
917	1308
917	1429
917	1445
917	1446
917	1464
917	1467
917	1477
917	1504
917	1554
917	1570
917	1592
917	1634
917	1657
917	1677
917	1697
917	1720
917	1746
917	1754
917	1756
917	1844
1083	1108
1083	1123
1083	1245
1083	1328
1083	1366
1083	1410
1083	1429
1083	1435
1083	1453
1083	1490
1083	1522
1083	1527
1083	1567
1083	1653
1083	1702
1083	1716
1083	1779
1083	1820
1083	1831
1083	1872
1083	1958
1083	1997
1270	1323
1270	1388
1270	1458
1270	1501
1270	1610
1270	1629
1270	1684
1270	1687
1270	1714
1270	1717
1270	1727
1270	1740
1270	1747
1270	1813
1270	1896
1270	1899
1270	1933
1270	1986
1281	1340
1281	1371
1281	1377
1281	1512
1281	1516
1281	1532
1281	1539
1281	1547
1281	1686
1281	1688
1281	1689
1281	1725
1281	1756
1281	1851
1281	1938
1281	1943
1281	1988
1290	1319
1290	1373
1290	1423
1290	1456
1290	1554
1290	1699
1290	1724
1290	1756
1290	1791
1290	1832
1290	1855
1290	1856
1290	1958
1290	1997
1319	1340
1319	1436
1319	1528
1319	1659
1319	1669
1319	1677
1319	1797
1319	1798
1319	1808
1319	1836
1319	1847
1319	1861
1319	1871
1319	1963
1319	1999
1375	1496
1375	1529
1375	1554
1375	1593
1375	1699
1375	1733
1375	1745
1375	1771
1375	1789
1375	1883
1375	1921
1375	1933
1376	1447
1376	1540
1376	1570
1376	1727
1376	1734
1376	1746
1376	1784
1376	1794
1376	1824
1376	1929
1376	1947
1376	1970
1456	1501
1456	1529
1456	1533
1456	1613
1456	1643
1456	1656
1456	1659
1456	1666
1456	1716
1456	1758
1456	1769
1456	1795
1456	1860
1456	1949
1456	1970
1456	1985
1456	1991
1471	1540
1471	1567
1471	1687
1471	1756
1471	1784
1471	1908
1471	1968
1497	1560
1497	1569
1497	1572
1497	1678
1497	1699
1497	1707
1497	1717
1497	1758
1497	1834
1497	1894
1497	1968
1523	1692
1523	1695
1523	1701
1523	1730
1523	1733
1523	1767
1523	1798
1523	1832
1523	1929
1523	1935
1523	1949
1523	1962
1523	1972
1523	1998
1548	1665
1548	1714
1548	1751
1548	1762
1548	1813
1548	1823
1548	1860
1548	1862
1548	1867
1548	1957
1548	1970
1549	1620
1549	1674
1549	1679
1549	1729
1549	1734
1549	1744
1549	1749
1549	1782
1549	1794
1549	1820
1549	1879
1549	1913
1549	1930
1570	1592
1570	1669
1570	1685
1570	1788
1570	1829
1570	1852
1570	1925
1570	1932
1570	1978
1570	1994
1578	1688
1578	1699
1578	1742
1578	1757
1578	1801
1578	1829
1578	1921
1578	1950
1578	1957
1578	1979
1578	1989
1578	1999
1598	1655
1598	1699
1598	1705
1598	1751
1598	1947
1598	1958
1655	1718
1655	1762
1655	1782
1655	1810
1655	1889
1655	1949
1655	1967
1655	1978
1670	1680
1670	1692
1670	1726
1670	1746
1670	1786
1670	1802
1670	1873
1670	1889
1670	1892
1687	1710
1687	1725
1687	1790
1687	1803
1687	1817
1687	1830
1687	1863
1687	1876
1687	1915
1687	1923
1698	1735
1698	1775
1698	1845
1698	1891
1698	1932
1698	1940
1698	1952
1703	1747
1703	1758
1703	1762
1703	1780
1703	1801
1703	1939
1703	1941
1703	1957
1703	1986
1746	1789
1746	1806
1746	1837
1746	1949
1769	1797
1769	1829
1769	1835
1769	1901
1770	1798
1770	1892
1770	1924
1770	1943
1770	1946
1770	1955
1772	1811
1772	1869
1772	1909
1772	1914
1772	1936
1772	1969
1788	1822
1788	1840
1788	1860
1788	1877
1788	1931
1788	1982
1806	1851
1806	1879
1806	1928
1841	1878
1841	1891
1841	1896
1850	1864
1850	1924
1850	1931
1854	1863
1854	1868
1854	1952
1882	1885
1938	1957
1938	1972
1961	1998
1963	1972
1963	1979
1963	1987
777	830
777	925
777	985
777	1106
777	1116
777	1117
777	1213
777	1319
777	1429
777	1476
777	1510
777	1536
777	1563
777	1633
777	1677
777	1695
777	1735
777	1783
777	1837
777	1892
777	1961
777	1973
777	1974
1019	1270
1019	1458
1019	1461
1019	1474
1019	1480
1019	1510
1019	1533
1019	1597
1019	1662
1019	1687
1019	1697
1019	1735
1019	1849
1019	1862
1019	1911
1019	1933
1019	1951
1019	1968
1019	1986
1123	1168
1123	1171
1123	1217
1123	1220
1123	1283
1123	1299
1123	1417
1123	1528
1123	1575
1123	1588
1123	1610
1123	1620
1123	1692
1123	1698
1123	1714
1123	1720
1123	1753
1123	1772
1123	1907
1123	1958
1123	1980
1123	1983
1294	1296
1294	1301
1294	1365
1294	1382
1294	1404
1294	1407
1294	1444
1294	1496
1294	1504
1294	1506
1294	1529
1294	1582
1294	1665
1294	1782
1294	1794
1294	1820
1294	1955
1294	1976
1294	1985
1357	1380
1357	1390
1357	1393
1357	1452
1357	1477
1357	1500
1357	1597
1357	1662
1357	1726
1357	1771
1357	1783
1357	1800
1357	1802
1357	1812
1357	1920
1357	1922
1357	1927
1357	1939
1357	1980
1368	1404
1368	1452
1368	1454
1368	1457
1368	1463
1368	1471
1368	1540
1368	1564
1368	1604
1368	1667
1368	1683
1368	1761
1368	1873
1391	1440
1391	1447
1391	1480
1391	1482
1391	1583
1391	1630
1391	1644
1391	1677
1391	1720
1391	1758
1391	1771
1391	1796
1391	1836
1391	1837
1391	1891
1391	1941
1391	1961
1391	1978
1405	1429
1405	1467
1405	1527
1405	1542
1405	1583
1405	1652
1405	1666
1405	1701
1405	1734
1405	1832
1405	1902
1405	1907
1405	1973
1457	1512
1457	1554
1457	1586
1457	1618
1457	1626
1457	1711
1457	1714
1457	1740
1457	1830
1457	1834
1457	1860
1457	1949
1457	1961
1457	1976
1457	1987
1575	1638
1575	1822
1575	1891
1575	1946
1575	1990
1575	1997
1597	1705
1597	1708
1597	1862
1597	1913
1597	1974
1597	1985
1597	1996
1599	1609
1599	1712
1599	1761
1599	1765
1599	1770
1599	1848
1599	1849
1599	1873
1599	1885
1599	1897
1599	1911
1599	1927
1599	1979
1602	1614
1602	1629
1602	1751
1602	1812
1602	1819
1602	1840
1602	1922
1602	1936
1604	1623
1604	1676
1604	1692
1604	1700
1604	1712
1604	1810
1604	1831
1604	1866
1604	1966
1604	1987
1604	1995
1653	1666
1653	1692
1653	1705
1653	1733
1653	1761
1653	1775
1653	1891
1653	1945
1653	1960
1653	1967
1668	1683
1668	1702
1668	1767
1668	1790
1668	1823
1668	1883
1668	1938
1668	1941
1688	1692
1688	1707
1688	1739
1688	1893
1688	1895
1688	1966
1791	1812
1791	1820
1791	1837
1791	1872
1791	1879
1791	1921
1791	1970
1791	1979
1813	1886
1813	1992
1852	1914
1852	1968
1852	1983
1852	1985
1936	1943
1154	1194
1154	1376
1154	1400
1154	1443
1154	1444
1154	1456
1154	1523
1154	1605
1154	1708
1154	1796
1154	1812
1154	1827
1154	1927
1154	1950
1154	1955
1154	1987
1176	1225
1176	1338
1176	1367
1176	1385
1176	1416
1176	1448
1176	1676
1176	1710
1176	1726
1176	1730
1176	1800
1176	1818
1176	1834
1176	1837
1176	1854
1176	1906
1176	1930
1176	1932
1176	1946
1176	1985
1275	1278
1275	1319
1275	1357
1275	1393
1275	1482
1275	1493
1275	1496
1275	1578
1275	1596
1275	1597
1275	1808
1275	1857
1275	1963
1275	1971
1275	1981
1288	1328
1288	1338
1288	1369
1288	1531
1288	1541
1288	1652
1288	1691
1288	1723
1288	1733
1288	1754
1288	1755
1288	1766
1288	1822
1288	1836
1288	1862
1288	1947
1288	1976
1411	1423
1411	1435
1411	1442
1411	1448
1411	1467
1411	1477
1411	1501
1411	1562
1411	1596
1411	1644
1411	1679
1411	1717
1411	1731
1411	1732
1411	1741
1411	1849
1411	1859
1411	1874
1411	1943
1499	1567
1499	1602
1499	1641
1499	1879
1499	1929
1499	1932
1499	1936
1499	1946
1499	1954
1501	1584
1501	1626
1501	1652
1501	1689
1501	1727
1501	1784
1501	1794
1501	1828
1501	1865
1501	1873
1501	1966
1501	1976
1501	1987
1596	1670
1596	1710
1596	1742
1596	1748
1596	1844
1596	1849
1596	1863
1596	1960
1596	1999
1630	1667
1630	1685
1630	1743
1630	1744
1630	1803
1630	1806
1630	1876
1630	1920
1630	1933
1744	1756
1744	1837
1744	1859
1744	1920
1744	1946
1744	1951
1744	1993
1756	1843
1756	1892
1756	1906
1756	1964
1756	1987
1780	1788
1798	1862
1798	1957
1798	1961
1869	1876
1869	1913
1869	1928
1869	1929
1869	1937
1869	1974
1869	1979
1924	1942
1924	1949
1924	1973
1284	1338
1284	1380
1284	1400
1284	1405
1284	1421
1284	1531
1284	1557
1284	1588
1284	1613
1284	1681
1284	1688
1284	1698
1284	1742
1284	1757
1284	1889
1388	1451
1388	1493
1388	1532
1388	1634
1388	1681
1388	1697
1388	1717
1388	1745
1388	1782
1388	1831
1388	1941
1555	1570
1555	1712
1555	1758
1555	1767
1555	1872
1605	1618
1605	1658
1605	1706
1605	1730
1605	1778
1605	1839
1605	1973
1620	1677
1620	1695
1620	1792
1620	1872
1620	1877
1620	1901
1620	1946
1645	1646
1645	1656
1645	1761
1645	1908
1645	1910
1645	1943
1645	1949
1645	1952
1645	1996
1807	1858
1807	1863
1807	1952
1816	1866
1816	1928
783	862
783	945
783	1071
783	1145
783	1154
783	1192
783	1224
783	1367
783	1411
783	1418
783	1445
783	1473
783	1497
783	1500
783	1520
783	1603
783	1618
783	1671
783	1677
783	1812
783	1932
783	1990
1139	1176
1139	1226
1139	1283
1139	1294
1139	1464
1139	1515
1139	1577
1139	1643
1139	1655
1139	1707
1139	1791
1139	1811
1139	1928
1139	1966
1567	1583
1567	1602
1567	1653
1567	1660
1567	1866
1567	1887
1659	1702
1659	1798
1659	1835
1659	1968
1659	1993
1659	1994
1660	1677
1660	1716
1660	1753
1660	1865
1660	1875
1660	1933
1660	1988
1881	1929
1881	1978
1881	1986
1208	1230
1208	1313
1208	1441
1208	1530
1208	1536
1208	1580
1208	1614
1208	1623
1208	1633
1208	1713
1208	1741
1208	1856
1208	1905
1208	1972
1208	1973
1208	1994
1473	1489
1473	1522
1473	1547
1473	1549
1473	1602
1473	1701
1473	1753
1473	1860
1473	1899
1473	1915
1473	1950
1473	1961
1473	1993
1528	1718
1528	1755
1528	1756
1528	1907
1528	1938
1528	1974
1725	1758
1725	1872
1725	1882
1725	1913
1741	1788
1741	1852
1741	1914
1741	1963
1741	1971
1741	1973
1741	1985
1741	1996
1847	1858
1847	1881
1847	1973
945	1040
945	1074
945	1192
945	1262
945	1366
945	1429
945	1463
945	1467
945	1567
945	1625
945	1646
945	1731
945	1786
945	1810
945	1885
945	1906
945	1947
945	1958
945	1961
945	1969
1152	1310
1152	1320
1152	1338
1152	1390
1152	1582
1152	1586
1152	1592
1152	1646
1152	1653
1152	1687
1152	1742
1152	1748
1152	1791
1152	1847
1152	1848
1152	1856
1152	1863
1152	1934
1152	1958
1152	1974
1542	1606
1542	1619
1542	1684
1542	1740
1542	1795
1542	1806
1542	1868
1542	1911
1542	1940
1542	1980
1609	1629
1609	1699
1609	1774
1609	1854
1609	1878
1609	1921
1609	1962
1849	1864
1016	1040
1016	1057
1016	1252
1016	1290
1016	1475
1016	1527
1016	1578
1016	1593
1016	1677
1016	1687
1016	1755
1016	1781
1016	1805
1016	1811
1016	1835
1016	1899
1016	1910
1016	1939
1016	1941
1016	1974
1016	1975
1016	1983
1104	1108
1104	1229
1104	1239
1104	1264
1104	1286
1104	1391
1104	1397
1104	1454
1104	1486
1104	1527
1104	1697
1104	1705
1104	1746
1104	1792
1104	1834
1104	1860
1104	1893
1104	1920
1104	1922
1104	1967
1104	1975
1541	1618
1541	1649
1541	1655
1541	1671
1541	1688
1541	1716
1541	1754
1541	1774
1541	1891
1541	1893
1541	1909
1541	1950
1541	1971
1617	1618
1617	1650
1617	1670
1617	1671
1617	1678
1617	1705
1617	1744
1617	1761
1617	1801
1617	1815
1783	1960
1843	1851
1843	1874
1843	1887
1843	1925
1843	1966
1843	1983
1843	1996
709	1117
709	1124
709	1218
709	1238
709	1276
709	1292
709	1308
709	1317
709	1352
709	1358
709	1376
709	1377
709	1405
709	1427
709	1441
709	1517
709	1681
709	1703
709	1743
709	1851
709	1882
709	1956
1665	1686
1665	1695
1665	1706
1665	1869
1665	1874
1665	1932
1665	1936
1665	1999
1823	1855
1823	1873
1823	1972
1873	1921
1873	1983
1271	1279
1271	1390
1271	1442
1271	1499
1271	1514
1271	1520
1271	1528
1271	1549
1271	1555
1271	1713
1271	1715
1271	1716
1271	1765
1271	1788
1271	1790
1271	1846
1271	1851
1271	1893
1271	1927
1271	1951
1271	1999
1649	1681
1649	1702
1649	1703
1649	1774
1649	1775
1649	1778
1649	1790
1649	1801
1649	1813
1649	1850
1649	1854
1649	1921
1649	1969
1370	1555
1370	1572
1370	1582
1370	1586
1370	1689
1370	1712
1370	1733
1370	1747
1370	1818
1370	1873
1370	1878
1370	1892
1370	1902
1370	1943
1370	1952
1370	1966
1370	1986
1370	1992
1445	1490
1445	1497
1445	1501
1445	1504
1445	1542
1445	1669
1445	1677
1445	1747
1445	1805
1445	1837
1445	1874
1445	1907
1445	1932
1445	1955
1534	1543
1534	1563
1534	1616
1534	1653
1534	1686
1534	1692
1534	1727
1534	1732
1534	1762
1534	1847
1534	1864
1534	1867
1534	1905
1534	1936
1092	1121
1092	1185
1092	1207
1092	1226
1092	1441
1092	1459
1092	1514
1092	1517
1092	1688
1092	1710
1092	1724
1092	1748
1092	1771
1092	1798
1092	1846
1092	1850
1092	1863
1092	1892
1092	1911
1092	1924
1859	1875
1859	1907
1859	1908
1859	1943
1932	1949
1932	1980
937	958
937	1092
937	1215
937	1316
937	1388
937	1404
937	1411
937	1445
937	1520
937	1561
937	1617
937	1659
937	1695
937	1706
937	1776
937	1800
937	1824
937	1865
937	1871
937	1875
937	1892
937	1901
937	1914
937	1915
937	1975
1603	1871
1603	1894
1603	1927
1603	1934
1603	1949
1742	1747
1742	1800
1742	1812
1742	1824
1742	1863
1742	1880
1742	1945
1742	1947
1742	1982
1419	1441
1419	1575
1419	1614
1419	1666
1419	1708
1419	1798
1419	1827
1419	1854
1419	1868
1419	1941
1855	1892
1855	1951
1904	1909
1904	1985
1922	1943
1524	1574
1524	1584
1524	1727
1524	1774
1524	1817
1524	1874
1524	1899
1524	1951
1844	1930
1844	1937
1844	1954
1588	1685
1588	1739
1588	1751
1588	1758
1588	1791
1588	1792
1588	1812
1588	1850
1588	1852
1588	1905
1588	1910
1588	1967
1588	1968
1588	1980
