# Undirected graph (each unordered pair of nodes is saved once): output/networks/ScaleFree500removeRandom-90percent.txt
# Nodes: 200 Edges: 9633
# NodeId	NodeId
6	7
6	12
6	14
6	18
6	20
6	38
6	40
6	54
6	64
6	70
6	74
6	79
6	100
6	110
6	125
6	145
6	151
6	156
6	158
6	174
6	176
6	178
6	193
6	216
6	222
6	234
6	259
6	276
6	284
6	286
6	294
6	296
6	307
6	310
6	332
6	345
6	355
6	356
6	374
6	391
6	396
6	397
6	407
6	408
6	433
6	446
6	447
6	450
6	458
6	507
6	508
6	521
6	522
6	526
6	535
6	548
6	550
6	551
6	552
6	557
6	558
6	561
6	566
6	569
6	573
6	574
6	601
6	602
6	607
6	611
6	620
6	628
6	635
6	660
6	663
6	690
6	692
6	701
6	715
6	735
6	775
6	777
6	810
6	814
6	822
6	825
6	839
6	885
6	887
6	907
6	908
6	932
6	935
6	945
6	976
6	977
6	991
6	1006
6	1008
6	1040
6	1042
6	1051
6	1073
6	1105
6	1140
6	1149
6	1172
6	1182
6	1190
6	1199
6	1201
6	1220
6	1222
6	1230
6	1251
6	1269
6	1312
6	1329
6	1373
6	1431
6	1479
6	1486
6	1496
6	1531
6	1569
6	1615
6	1666
6	1695
6	1712
6	1773
6	1816
6	1856
6	1881
6	1883
6	1969
6	1979
6	1982
7	12
7	14
7	18
7	20
7	38
7	40
7	54
7	64
7	70
7	74
7	79
7	100
7	110
7	125
7	145
7	151
7	156
7	158
7	174
7	176
7	178
7	193
7	216
7	222
7	234
7	259
7	276
7	284
7	286
7	294
7	296
7	307
7	310
7	332
7	345
7	355
7	356
7	374
7	391
7	396
7	397
7	407
7	408
7	433
7	446
7	447
7	450
7	458
7	507
7	508
7	518
7	521
7	522
7	526
7	535
7	548
7	550
7	552
7	557
7	558
7	561
7	566
7	569
7	573
7	574
7	586
7	601
7	602
7	607
7	611
7	628
7	635
7	660
7	663
7	690
7	692
7	696
7	701
7	715
7	735
7	777
7	785
7	810
7	822
7	880
7	898
7	907
7	908
7	912
7	932
7	935
7	945
7	976
7	977
7	991
7	1006
7	1008
7	1037
7	1040
7	1042
7	1051
7	1087
7	1105
7	1172
7	1182
7	1193
7	1224
7	1267
7	1302
7	1317
7	1333
7	1358
7	1467
7	1479
7	1617
7	1650
7	1785
7	1810
7	1938
7	1963
7	1969
7	1982
7	1994
12	14
12	18
12	20
12	38
12	40
12	54
12	64
12	70
12	74
12	79
12	100
12	110
12	125
12	145
12	151
12	156
12	158
12	174
12	176
12	178
12	193
12	216
12	222
12	234
12	259
12	276
12	284
12	286
12	294
12	296
12	307
12	310
12	332
12	345
12	355
12	356
12	374
12	391
12	396
12	397
12	407
12	408
12	433
12	446
12	447
12	450
12	458
12	507
12	508
12	518
12	521
12	522
12	526
12	531
12	535
12	548
12	550
12	551
12	552
12	557
12	558
12	561
12	566
12	569
12	573
12	574
12	601
12	602
12	611
12	620
12	660
12	663
12	687
12	690
12	692
12	696
12	701
12	735
12	756
12	775
12	777
12	785
12	805
12	828
12	868
12	880
12	887
12	898
12	907
12	908
12	911
12	932
12	945
12	977
12	991
12	1000
12	1006
12	1037
12	1040
12	1073
12	1074
12	1087
12	1105
12	1127
12	1149
12	1190
12	1201
12	1224
12	1230
12	1234
12	1267
12	1269
12	1279
12	1293
12	1296
12	1302
12	1313
12	1333
12	1373
12	1407
12	1479
12	1486
12	1496
12	1620
12	1628
12	1666
12	1773
12	1856
12	1881
12	1883
12	1897
12	1963
12	1992
14	18
14	20
14	38
14	40
14	54
14	64
14	70
14	74
14	79
14	100
14	110
14	125
14	145
14	151
14	156
14	158
14	174
14	176
14	178
14	193
14	216
14	222
14	234
14	259
14	276
14	284
14	286
14	294
14	296
14	307
14	310
14	332
14	345
14	355
14	356
14	374
14	391
14	396
14	397
14	407
14	408
14	433
14	446
14	447
14	450
14	458
14	507
14	508
14	518
14	521
14	522
14	526
14	531
14	535
14	548
14	550
14	551
14	552
14	557
14	558
14	561
14	566
14	569
14	574
14	586
14	601
14	602
14	607
14	611
14	620
14	635
14	663
14	687
14	690
14	692
14	696
14	715
14	735
14	756
14	777
14	785
14	810
14	814
14	822
14	828
14	839
14	856
14	868
14	887
14	898
14	907
14	908
14	911
14	935
14	976
14	977
14	991
14	1000
14	1006
14	1037
14	1040
14	1042
14	1051
14	1074
14	1079
14	1087
14	1149
14	1190
14	1193
14	1199
14	1201
14	1222
14	1251
14	1269
14	1293
14	1317
14	1329
14	1355
14	1358
14	1373
14	1378
14	1407
14	1431
14	1531
14	1617
14	1620
14	1647
14	1695
14	1712
14	1963
14	1979
14	1994
18	20
18	38
18	40
18	54
18	64
18	70
18	74
18	79
18	100
18	110
18	125
18	145
18	151
18	156
18	158
18	174
18	176
18	178
18	193
18	216
18	222
18	234
18	259
18	276
18	284
18	286
18	294
18	296
18	307
18	310
18	332
18	345
18	355
18	356
18	374
18	391
18	396
18	397
18	407
18	408
18	433
18	446
18	447
18	450
18	458
18	507
18	508
18	518
18	521
18	522
18	526
18	531
18	535
18	548
18	550
18	551
18	552
18	557
18	558
18	561
18	566
18	569
18	573
18	574
18	586
18	602
18	607
18	620
18	628
18	663
18	690
18	692
18	696
18	701
18	715
18	756
18	775
18	785
18	786
18	805
18	810
18	828
18	839
18	907
18	908
18	945
18	976
18	991
18	1000
18	1008
18	1051
18	1073
18	1079
18	1080
18	1105
18	1172
18	1182
18	1190
18	1199
18	1222
18	1234
18	1251
18	1258
18	1273
18	1279
18	1296
18	1312
18	1355
18	1373
18	1378
18	1407
18	1615
18	1620
18	1695
18	1785
18	1897
18	1938
18	1961
18	1982
20	38
20	40
20	54
20	64
20	70
20	74
20	79
20	100
20	110
20	125
20	145
20	151
20	156
20	158
20	174
20	176
20	178
20	193
20	216
20	222
20	234
20	259
20	276
20	284
20	286
20	294
20	296
20	307
20	310
20	332
20	345
20	355
20	356
20	374
20	391
20	396
20	397
20	407
20	408
20	433
20	446
20	447
20	450
20	458
20	507
20	508
20	518
20	521
20	522
20	526
20	531
20	535
20	548
20	550
20	551
20	557
20	558
20	561
20	566
20	573
20	601
20	602
20	620
20	635
20	660
20	687
20	690
20	692
20	701
20	715
20	735
20	756
20	775
20	777
20	785
20	805
20	810
20	814
20	822
20	825
20	839
20	856
20	880
20	885
20	898
20	907
20	911
20	935
20	945
20	991
20	1006
20	1008
20	1037
20	1040
20	1042
20	1051
20	1074
20	1079
20	1080
20	1127
20	1140
20	1172
20	1182
20	1190
20	1220
20	1222
20	1230
20	1258
20	1269
20	1279
20	1296
20	1355
20	1407
20	1554
20	1615
20	1630
20	1647
20	1650
20	1712
20	1817
20	1887
20	1979
20	1982
38	40
38	54
38	64
38	70
38	74
38	79
38	100
38	110
38	125
38	145
38	151
38	156
38	158
38	174
38	176
38	178
38	193
38	216
38	222
38	234
38	259
38	276
38	284
38	286
38	294
38	296
38	307
38	310
38	332
38	345
38	355
38	356
38	374
38	391
38	396
38	397
38	407
38	408
38	433
38	446
38	447
38	450
38	458
38	507
38	508
38	518
38	521
38	522
38	526
38	531
38	548
38	550
38	551
38	552
38	557
38	558
38	561
38	566
38	569
38	573
38	574
38	601
38	602
38	607
38	611
38	635
38	663
38	687
38	690
38	692
38	696
38	701
38	735
38	756
38	775
38	786
38	805
38	810
38	814
38	822
38	828
38	839
38	868
38	880
38	885
38	887
38	898
38	907
38	1006
38	1008
38	1037
38	1042
38	1051
38	1073
38	1080
38	1087
38	1105
38	1140
38	1190
38	1201
38	1220
38	1234
38	1251
38	1267
38	1269
38	1279
38	1296
38	1302
38	1312
38	1313
38	1317
38	1329
38	1333
38	1358
38	1378
38	1407
38	1467
38	1479
38	1485
38	1496
38	1569
38	1615
38	1647
38	1785
38	1817
38	1856
38	1881
38	1887
38	1897
38	1969
38	1990
38	1992
40	54
40	64
40	70
40	74
40	79
40	100
40	110
40	125
40	145
40	151
40	156
40	158
40	174
40	176
40	178
40	193
40	216
40	222
40	234
40	259
40	276
40	284
40	286
40	294
40	296
40	307
40	310
40	332
40	345
40	355
40	356
40	374
40	391
40	396
40	397
40	407
40	408
40	433
40	446
40	447
40	450
40	458
40	507
40	508
40	518
40	522
40	531
40	535
40	548
40	550
40	551
40	552
40	557
40	558
40	561
40	566
40	569
40	574
40	586
40	601
40	602
40	607
40	611
40	620
40	635
40	660
40	663
40	690
40	692
40	696
40	715
40	756
40	777
40	786
40	805
40	810
40	822
40	828
40	885
40	898
40	907
40	912
40	945
40	976
40	991
40	1037
40	1040
40	1051
40	1074
40	1079
40	1080
40	1087
40	1190
40	1199
40	1201
40	1230
40	1251
40	1273
40	1279
40	1293
40	1302
40	1317
40	1333
40	1358
40	1431
40	1467
40	1479
40	1485
40	1486
40	1554
40	1569
40	1647
40	1695
40	1773
40	1883
40	1887
40	1982
40	1992
40	1994
54	64
54	70
54	74
54	79
54	100
54	110
54	125
54	145
54	151
54	156
54	158
54	174
54	176
54	178
54	193
54	216
54	222
54	234
54	259
54	276
54	284
54	286
54	294
54	296
54	307
54	310
54	332
54	345
54	355
54	356
54	374
54	391
54	396
54	397
54	407
54	408
54	433
54	446
54	447
54	450
54	458
54	507
54	508
54	518
54	521
54	522
54	526
54	535
54	548
54	550
54	551
54	552
54	558
54	561
54	566
54	569
54	574
54	586
54	601
54	611
54	620
54	628
54	635
54	660
54	663
54	687
54	690
54	692
54	696
54	701
54	715
54	775
54	777
54	785
54	810
54	814
54	839
54	856
54	868
54	880
54	885
54	887
54	898
54	907
54	911
54	912
54	935
54	945
54	976
54	977
54	1006
54	1051
54	1073
54	1074
54	1079
54	1080
54	1087
54	1105
54	1127
54	1140
54	1149
54	1172
54	1190
54	1199
54	1220
54	1222
54	1224
54	1251
54	1296
54	1302
54	1312
54	1313
54	1329
54	1373
54	1431
54	1467
54	1485
54	1531
54	1569
54	1647
54	1666
54	1816
54	1881
54	1979
54	1992
64	70
64	74
64	79
64	100
64	110
64	125
64	145
64	151
64	156
64	158
64	174
64	176
64	178
64	193
64	216
64	222
64	234
64	259
64	276
64	284
64	286
64	294
64	296
64	307
64	310
64	332
64	345
64	355
64	356
64	374
64	391
64	396
64	397
64	407
64	408
64	433
64	446
64	447
64	450
64	458
64	507
64	508
64	518
64	522
64	526
64	531
64	548
64	550
64	551
64	552
64	557
64	558
64	561
64	566
64	569
64	573
64	574
64	601
64	602
64	607
64	611
64	620
64	635
64	660
64	687
64	690
64	692
64	696
64	701
64	735
64	756
64	777
64	786
64	814
64	825
64	839
64	868
64	885
64	887
64	898
64	907
64	908
64	912
64	932
64	935
64	945
64	976
64	977
64	991
64	1006
64	1037
64	1051
64	1074
64	1080
64	1087
64	1127
64	1182
64	1220
64	1251
64	1258
64	1267
64	1273
64	1279
64	1293
64	1313
64	1317
64	1329
64	1378
64	1569
64	1615
64	1620
64	1630
64	1650
64	1712
64	1810
64	1897
64	1961
64	1963
64	1982
64	1992
64	1994
70	74
70	79
70	100
70	110
70	125
70	145
70	151
70	156
70	158
70	174
70	176
70	178
70	193
70	216
70	222
70	234
70	259
70	276
70	284
70	286
70	294
70	296
70	307
70	310
70	332
70	345
70	355
70	356
70	374
70	391
70	396
70	397
70	407
70	408
70	433
70	446
70	447
70	450
70	458
70	507
70	508
70	518
70	521
70	522
70	526
70	531
70	535
70	550
70	551
70	552
70	557
70	558
70	561
70	566
70	569
70	573
70	574
70	586
70	601
70	602
70	607
70	620
70	628
70	635
70	660
70	663
70	687
70	690
70	692
70	696
70	715
70	756
70	775
70	805
70	810
70	822
70	828
70	839
70	856
70	868
70	885
70	887
70	898
70	907
70	912
70	932
70	945
70	976
70	977
70	1000
70	1006
70	1008
70	1037
70	1042
70	1051
70	1080
70	1105
70	1140
70	1190
70	1222
70	1224
70	1234
70	1267
70	1279
70	1312
70	1313
70	1329
70	1358
70	1373
70	1407
70	1431
70	1479
70	1486
70	1496
70	1569
70	1615
70	1628
70	1650
70	1666
70	1773
70	1817
70	1856
70	1897
70	1963
70	1982
70	1990
74	79
74	100
74	110
74	125
74	145
74	151
74	156
74	158
74	174
74	176
74	178
74	193
74	216
74	222
74	234
74	259
74	276
74	284
74	286
74	294
74	296
74	307
74	310
74	332
74	345
74	355
74	356
74	374
74	391
74	396
74	397
74	407
74	408
74	433
74	446
74	447
74	450
74	458
74	507
74	508
74	518
74	521
74	522
74	526
74	531
74	535
74	548
74	550
74	551
74	552
74	557
74	558
74	566
74	569
74	573
74	586
74	601
74	602
74	607
74	611
74	628
74	663
74	687
74	690
74	696
74	701
74	715
74	735
74	775
74	777
74	785
74	786
74	822
74	828
74	856
74	868
74	880
74	885
74	887
74	907
74	911
74	932
74	935
74	945
74	976
74	977
74	991
74	1040
74	1042
74	1051
74	1073
74	1079
74	1080
74	1087
74	1105
74	1199
74	1201
74	1220
74	1222
74	1224
74	1269
74	1279
74	1293
74	1302
74	1312
74	1317
74	1355
74	1467
74	1479
74	1485
74	1486
74	1496
74	1569
74	1617
74	1628
74	1666
74	1712
74	1785
74	1817
74	1894
74	1897
74	1910
74	1938
74	1979
74	1982
79	100
79	110
79	125
79	145
79	151
79	156
79	158
79	174
79	176
79	178
79	193
79	216
79	222
79	234
79	259
79	276
79	284
79	286
79	294
79	296
79	307
79	310
79	332
79	345
79	355
79	356
79	374
79	391
79	396
79	397
79	407
79	408
79	433
79	446
79	447
79	450
79	458
79	508
79	518
79	521
79	522
79	526
79	531
79	535
79	548
79	550
79	551
79	552
79	557
79	558
79	561
79	566
79	569
79	573
79	574
79	586
79	601
79	602
79	607
79	611
79	620
79	628
79	635
79	660
79	663
79	687
79	690
79	701
79	756
79	775
79	777
79	785
79	805
79	810
79	814
79	825
79	828
79	839
79	856
79	868
79	880
79	885
79	887
79	898
79	907
79	908
79	911
79	912
79	932
79	977
79	1037
79	1040
79	1051
79	1074
79	1079
79	1140
79	1182
79	1190
79	1199
79	1201
79	1220
79	1234
79	1251
79	1258
79	1267
79	1269
79	1273
79	1279
79	1296
79	1302
79	1329
79	1373
79	1378
79	1407
79	1554
79	1569
79	1647
79	1712
79	1773
79	1785
79	1816
79	1856
79	1881
79	1883
79	1897
79	1961
79	1963
79	1969
79	1992
100	110
100	125
100	145
100	151
100	156
100	158
100	174
100	176
100	178
100	193
100	216
100	222
100	234
100	259
100	276
100	284
100	286
100	294
100	296
100	307
100	310
100	332
100	345
100	355
100	356
100	374
100	391
100	396
100	397
100	407
100	408
100	433
100	446
100	447
100	450
100	458
100	507
100	508
100	518
100	521
100	526
100	531
100	535
100	548
100	550
100	551
100	557
100	558
100	561
100	566
100	573
100	574
100	586
100	601
100	602
100	611
100	620
100	628
100	635
100	660
100	663
100	687
100	690
100	701
100	735
100	756
100	785
100	786
100	810
100	814
100	822
100	825
100	828
100	856
100	880
100	885
100	932
100	935
100	977
100	1000
100	1006
100	1008
100	1037
100	1051
100	1073
100	1074
100	1105
100	1127
100	1140
100	1149
100	1172
100	1190
100	1199
100	1220
100	1222
100	1258
100	1273
100	1279
100	1312
100	1313
100	1317
100	1355
100	1358
100	1407
100	1431
100	1479
100	1486
100	1496
100	1531
100	1615
100	1628
100	1647
100	1712
100	1785
100	1856
100	1887
100	1961
100	1963
110	125
110	145
110	151
110	156
110	158
110	174
110	176
110	178
110	193
110	216
110	222
110	234
110	259
110	276
110	284
110	286
110	294
110	296
110	307
110	310
110	332
110	345
110	355
110	356
110	374
110	391
110	396
110	397
110	407
110	408
110	433
110	446
110	447
110	450
110	458
110	507
110	508
110	518
110	521
110	522
110	531
110	535
110	548
110	550
110	551
110	552
110	557
110	558
110	561
110	566
110	569
110	573
110	574
110	586
110	601
110	602
110	607
110	611
110	620
110	628
110	660
110	663
110	690
110	692
110	701
110	775
110	786
110	805
110	825
110	856
110	868
110	880
110	885
110	898
110	911
110	977
110	1000
110	1074
110	1079
110	1080
110	1087
110	1105
110	1172
110	1193
110	1201
110	1220
110	1234
110	1251
110	1258
110	1273
110	1279
110	1329
110	1333
110	1355
110	1358
110	1373
110	1378
110	1431
110	1467
110	1479
110	1485
110	1486
110	1496
110	1531
110	1554
110	1569
110	1615
110	1617
110	1650
110	1785
110	1816
110	1887
110	1894
110	1910
110	1961
110	1990
110	1992
125	145
125	151
125	156
125	158
125	174
125	176
125	178
125	193
125	216
125	222
125	234
125	259
125	276
125	284
125	286
125	294
125	296
125	307
125	310
125	332
125	345
125	355
125	356
125	374
125	391
125	396
125	397
125	407
125	408
125	433
125	446
125	447
125	450
125	458
125	507
125	508
125	518
125	521
125	522
125	526
125	531
125	535
125	548
125	550
125	551
125	552
125	561
125	569
125	573
125	574
125	586
125	601
125	602
125	607
125	620
125	628
125	635
125	660
125	663
125	687
125	692
125	696
125	715
125	735
125	777
125	786
125	805
125	810
125	814
125	822
125	825
125	839
125	856
125	868
125	880
125	885
125	887
125	898
125	907
125	911
125	912
125	935
125	945
125	976
125	1000
125	1008
125	1037
125	1040
125	1073
125	1079
125	1080
125	1087
125	1140
125	1190
125	1199
125	1201
125	1220
125	1222
125	1224
125	1230
125	1234
125	1267
125	1296
125	1302
125	1313
125	1317
125	1329
125	1333
125	1355
125	1407
125	1431
125	1467
125	1479
125	1485
125	1496
125	1531
125	1554
125	1628
125	1666
125	1712
125	1773
125	1785
125	1816
125	1897
125	1910
125	1938
125	1963
125	1992
145	151
145	156
145	158
145	174
145	176
145	178
145	193
145	216
145	222
145	234
145	259
145	276
145	284
145	286
145	294
145	296
145	307
145	310
145	332
145	345
145	355
145	356
145	374
145	391
145	396
145	397
145	407
145	408
145	433
145	446
145	447
145	450
145	458
145	507
145	508
145	518
145	521
145	522
145	526
145	531
145	535
145	550
145	551
145	552
145	557
145	558
145	561
145	569
145	573
145	574
145	586
145	601
145	602
145	607
145	620
145	628
145	635
145	660
145	663
145	692
145	696
145	701
145	715
145	735
145	775
145	785
145	786
145	805
145	810
145	814
145	825
145	828
145	856
145	868
145	880
145	885
145	887
145	911
145	912
145	935
145	977
145	1000
145	1006
145	1008
145	1051
145	1074
145	1080
145	1105
145	1127
145	1190
145	1193
145	1222
145	1269
145	1293
145	1312
145	1329
145	1333
145	1355
145	1358
145	1378
145	1467
145	1485
145	1496
145	1531
145	1569
145	1628
145	1647
145	1650
145	1666
145	1695
145	1785
145	1810
145	1856
145	1883
145	1961
145	1969
145	1979
145	1990
145	1994
151	156
151	158
151	174
151	176
151	178
151	193
151	216
151	222
151	234
151	259
151	276
151	284
151	286
151	294
151	296
151	307
151	310
151	332
151	345
151	355
151	356
151	374
151	391
151	396
151	397
151	407
151	408
151	433
151	446
151	447
151	450
151	458
151	507
151	508
151	518
151	521
151	522
151	526
151	531
151	535
151	548
151	551
151	557
151	558
151	561
151	566
151	569
151	573
151	574
151	586
151	601
151	602
151	611
151	620
151	628
151	635
151	660
151	663
151	687
151	690
151	692
151	696
151	701
151	715
151	756
151	775
151	777
151	785
151	814
151	822
151	828
151	839
151	856
151	868
151	880
151	898
151	907
151	912
151	932
151	935
151	976
151	1000
151	1008
151	1037
151	1040
151	1042
151	1073
151	1079
151	1080
151	1105
151	1127
151	1140
151	1149
151	1190
151	1193
151	1199
151	1222
151	1230
151	1269
151	1273
151	1313
151	1317
151	1329
151	1333
151	1467
151	1479
151	1485
151	1531
151	1554
151	1569
151	1620
151	1630
151	1647
151	1666
151	1695
151	1785
151	1894
151	1961
151	1963
151	1990
151	1994
156	158
156	174
156	176
156	178
156	193
156	216
156	222
156	234
156	259
156	276
156	284
156	286
156	294
156	296
156	307
156	310
156	332
156	345
156	355
156	356
156	374
156	391
156	396
156	397
156	407
156	408
156	433
156	446
156	447
156	450
156	458
156	507
156	508
156	518
156	521
156	522
156	526
156	531
156	535
156	548
156	550
156	551
156	552
156	557
156	558
156	561
156	566
156	569
156	573
156	574
156	586
156	601
156	602
156	607
156	620
156	628
156	660
156	687
156	690
156	692
156	696
156	701
156	756
156	775
156	777
156	786
156	810
156	822
156	825
156	868
156	880
156	887
156	907
156	911
156	912
156	932
156	935
156	976
156	977
156	991
156	1000
156	1006
156	1037
156	1051
156	1080
156	1127
156	1149
156	1172
156	1182
156	1193
156	1199
156	1201
156	1220
156	1230
156	1234
156	1251
156	1258
156	1267
156	1269
156	1279
156	1296
156	1329
156	1373
156	1467
156	1569
156	1617
156	1630
156	1695
156	1712
156	1785
156	1816
156	1881
156	1894
156	1969
156	1982
156	1992
156	1994
158	174
158	176
158	178
158	193
158	216
158	222
158	234
158	259
158	276
158	284
158	286
158	294
158	296
158	307
158	310
158	332
158	345
158	355
158	356
158	374
158	391
158	396
158	397
158	407
158	408
158	433
158	446
158	447
158	450
158	458
158	507
158	508
158	518
158	521
158	522
158	526
158	531
158	535
158	548
158	550
158	551
158	552
158	557
158	558
158	561
158	569
158	573
158	574
158	601
158	602
158	607
158	628
158	663
158	687
158	690
158	692
158	696
158	701
158	735
158	756
158	775
158	777
158	786
158	814
158	822
158	825
158	839
158	856
158	868
158	885
158	907
158	908
158	911
158	932
158	935
158	976
158	1006
158	1008
158	1042
158	1074
158	1080
158	1105
158	1140
158	1149
158	1172
158	1199
158	1201
158	1220
158	1234
158	1251
158	1273
158	1279
158	1312
158	1329
158	1333
158	1358
158	1378
158	1407
158	1467
158	1496
158	1554
158	1647
158	1650
158	1666
158	1695
158	1785
158	1810
158	1816
158	1894
158	1994
174	176
174	178
174	193
174	216
174	222
174	234
174	259
174	276
174	284
174	286
174	294
174	296
174	307
174	310
174	332
174	345
174	355
174	356
174	374
174	391
174	396
174	397
174	407
174	408
174	433
174	446
174	447
174	450
174	458
174	507
174	508
174	521
174	522
174	526
174	531
174	535
174	548
174	550
174	551
174	552
174	557
174	558
174	569
174	573
174	586
174	601
174	602
174	607
174	620
174	628
174	635
174	663
174	687
174	690
174	696
174	701
174	715
174	775
174	785
174	786
174	805
174	810
174	814
174	822
174	825
174	828
174	839
174	856
174	868
174	885
174	887
174	898
174	907
174	908
174	912
174	976
174	977
174	991
174	1006
174	1008
174	1037
174	1051
174	1074
174	1087
174	1105
174	1149
174	1182
174	1190
174	1193
174	1199
174	1220
174	1222
174	1234
174	1251
174	1258
174	1269
174	1273
174	1293
174	1296
174	1312
174	1313
174	1317
174	1333
174	1355
174	1373
174	1431
174	1569
174	1617
174	1620
174	1630
174	1647
174	1712
174	1785
174	1816
174	1817
174	1910
174	1938
174	1979
174	1982
176	178
176	193
176	216
176	222
176	234
176	259
176	276
176	284
176	286
176	294
176	296
176	307
176	310
176	332
176	345
176	355
176	356
176	374
176	391
176	396
176	397
176	407
176	408
176	433
176	446
176	447
176	450
176	458
176	507
176	508
176	518
176	521
176	522
176	526
176	531
176	535
176	548
176	550
176	551
176	552
176	557
176	561
176	569
176	573
176	574
176	586
176	601
176	607
176	611
176	620
176	628
176	635
176	663
176	687
176	690
176	692
176	696
176	701
176	715
176	756
176	777
176	785
176	786
176	805
176	810
176	814
176	822
176	825
176	828
176	839
176	856
176	868
176	880
176	887
176	907
176	908
176	912
176	932
176	935
176	977
176	991
176	1006
176	1008
176	1073
176	1074
176	1079
176	1105
176	1127
176	1140
176	1149
176	1172
176	1193
176	1220
176	1258
176	1267
176	1293
176	1296
176	1317
176	1329
176	1355
176	1485
176	1496
176	1531
176	1554
176	1615
176	1620
176	1628
176	1630
176	1650
176	1712
176	1773
176	1856
176	1881
176	1887
176	1894
176	1961
176	1979
176	1982
176	1990
176	1994
178	193
178	216
178	222
178	234
178	259
178	276
178	284
178	286
178	294
178	296
178	307
178	310
178	332
178	345
178	355
178	356
178	374
178	391
178	396
178	397
178	407
178	408
178	433
178	446
178	447
178	450
178	458
178	507
178	508
178	518
178	521
178	522
178	526
178	531
178	535
178	548
178	550
178	551
178	552
178	557
178	558
178	561
178	566
178	569
178	573
178	574
178	586
178	601
178	602
178	607
178	611
178	620
178	628
178	635
178	660
178	687
178	690
178	735
178	756
178	775
178	785
178	786
178	805
178	814
178	825
178	828
178	856
178	868
178	880
178	885
178	887
178	898
178	907
178	908
178	935
178	945
178	976
178	977
178	991
178	1000
178	1051
178	1073
178	1074
178	1079
178	1080
178	1087
178	1105
178	1190
178	1199
178	1222
178	1224
178	1251
178	1258
178	1267
178	1269
178	1273
178	1279
178	1296
178	1302
178	1312
178	1313
178	1317
178	1329
178	1358
178	1378
178	1407
178	1431
178	1467
178	1496
178	1617
178	1650
178	1695
178	1712
178	1810
178	1883
178	1910
178	1961
193	216
193	222
193	234
193	259
193	276
193	284
193	286
193	294
193	296
193	307
193	310
193	332
193	345
193	355
193	356
193	374
193	391
193	396
193	397
193	407
193	408
193	433
193	446
193	447
193	450
193	458
193	507
193	508
193	518
193	521
193	522
193	526
193	531
193	535
193	548
193	550
193	551
193	552
193	557
193	558
193	561
193	566
193	569
193	573
193	574
193	586
193	601
193	602
193	607
193	611
193	620
193	628
193	660
193	663
193	687
193	690
193	692
193	696
193	701
193	735
193	775
193	785
193	810
193	814
193	839
193	856
193	868
193	885
193	908
193	912
193	932
193	935
193	945
193	976
193	977
193	1000
193	1008
193	1037
193	1040
193	1042
193	1073
193	1105
193	1127
193	1193
193	1199
193	1201
193	1220
193	1222
193	1251
193	1269
193	1273
193	1296
193	1302
193	1312
193	1329
193	1373
193	1496
193	1531
193	1630
193	1647
193	1650
193	1773
193	1817
193	1856
193	1897
193	1938
193	1990
216	222
216	234
216	259
216	276
216	284
216	286
216	294
216	296
216	307
216	310
216	332
216	345
216	355
216	356
216	374
216	391
216	396
216	397
216	407
216	408
216	433
216	446
216	447
216	450
216	458
216	507
216	508
216	518
216	522
216	526
216	531
216	535
216	548
216	550
216	551
216	557
216	558
216	561
216	566
216	573
216	574
216	586
216	601
216	602
216	607
216	620
216	635
216	687
216	690
216	692
216	696
216	701
216	715
216	735
216	756
216	775
216	777
216	785
216	805
216	810
216	814
216	822
216	839
216	868
216	885
216	887
216	907
216	908
216	912
216	932
216	976
216	977
216	1037
216	1040
216	1042
216	1051
216	1073
216	1074
216	1105
216	1127
216	1172
216	1182
216	1193
216	1201
216	1220
216	1222
216	1230
216	1234
216	1251
216	1269
216	1273
216	1313
216	1373
216	1467
216	1479
216	1486
216	1531
216	1569
216	1628
216	1630
216	1666
216	1883
216	1894
216	1961
216	1969
216	1982
216	1994
222	234
222	259
222	276
222	284
222	286
222	294
222	296
222	307
222	310
222	332
222	345
222	355
222	356
222	374
222	391
222	396
222	397
222	407
222	408
222	433
222	446
222	447
222	450
222	458
222	507
222	508
222	518
222	521
222	522
222	526
222	531
222	535
222	548
222	550
222	551
222	552
222	557
222	561
222	566
222	569
222	573
222	574
222	586
222	601
222	602
222	620
222	628
222	635
222	660
222	692
222	696
222	701
222	735
222	777
222	785
222	786
222	805
222	822
222	828
222	839
222	856
222	868
222	885
222	898
222	907
222	908
222	911
222	935
222	977
222	991
222	1000
222	1006
222	1008
222	1037
222	1040
222	1074
222	1079
222	1080
222	1087
222	1105
222	1172
222	1190
222	1199
222	1201
222	1220
222	1222
222	1224
222	1234
222	1251
222	1269
222	1273
222	1279
222	1293
222	1296
222	1302
222	1329
222	1373
222	1407
222	1431
222	1531
222	1554
222	1569
222	1620
222	1630
222	1650
222	1773
222	1785
222	1810
222	1817
222	1881
222	1963
222	1979
234	259
234	276
234	284
234	286
234	294
234	296
234	307
234	310
234	332
234	345
234	355
234	356
234	374
234	391
234	396
234	397
234	407
234	408
234	433
234	446
234	447
234	450
234	458
234	507
234	508
234	518
234	521
234	522
234	526
234	531
234	535
234	548
234	550
234	551
234	552
234	557
234	558
234	561
234	566
234	569
234	574
234	586
234	601
234	602
234	607
234	611
234	620
234	628
234	635
234	660
234	663
234	687
234	690
234	692
234	696
234	701
234	715
234	735
234	756
234	775
234	777
234	785
234	786
234	805
234	810
234	822
234	856
234	880
234	887
234	898
234	908
234	991
234	1037
234	1040
234	1073
234	1074
234	1079
234	1080
234	1087
234	1105
234	1127
234	1149
234	1190
234	1193
234	1201
234	1251
234	1258
234	1269
234	1273
234	1279
234	1296
234	1312
234	1329
234	1407
234	1486
234	1531
234	1554
234	1617
234	1647
234	1785
234	1816
234	1856
234	1881
234	1883
234	1887
234	1894
234	1969
234	1994
259	276
259	284
259	286
259	294
259	296
259	307
259	310
259	332
259	345
259	355
259	356
259	374
259	391
259	396
259	397
259	407
259	408
259	433
259	446
259	447
259	450
259	458
259	507
259	508
259	518
259	521
259	522
259	526
259	531
259	535
259	548
259	550
259	551
259	552
259	557
259	558
259	561
259	566
259	569
259	573
259	586
259	601
259	607
259	611
259	620
259	635
259	660
259	663
259	687
259	690
259	692
259	696
259	701
259	715
259	756
259	775
259	777
259	785
259	786
259	810
259	825
259	828
259	856
259	880
259	885
259	887
259	907
259	912
259	935
259	945
259	976
259	991
259	1000
259	1006
259	1008
259	1040
259	1042
259	1051
259	1073
259	1079
259	1087
259	1105
259	1140
259	1172
259	1201
259	1220
259	1222
259	1230
259	1234
259	1258
259	1267
259	1269
259	1296
259	1302
259	1431
259	1486
259	1531
259	1620
259	1630
259	1647
259	1650
259	1695
259	1712
259	1887
259	1894
259	1990
276	284
276	286
276	294
276	296
276	307
276	310
276	332
276	345
276	355
276	356
276	374
276	391
276	396
276	397
276	407
276	408
276	433
276	446
276	447
276	450
276	458
276	507
276	508
276	518
276	521
276	522
276	526
276	531
276	535
276	548
276	550
276	551
276	552
276	557
276	558
276	561
276	566
276	569
276	573
276	574
276	586
276	601
276	602
276	607
276	620
276	628
276	635
276	660
276	663
276	687
276	690
276	696
276	715
276	756
276	775
276	805
276	814
276	822
276	825
276	880
276	885
276	887
276	898
276	907
276	911
276	932
276	935
276	945
276	977
276	1006
276	1008
276	1040
276	1073
276	1074
276	1080
276	1105
276	1140
276	1149
276	1172
276	1182
276	1199
276	1201
276	1222
276	1224
276	1230
276	1234
276	1258
276	1293
276	1296
276	1312
276	1329
276	1358
276	1373
276	1467
276	1479
276	1496
276	1554
276	1569
276	1615
276	1620
276	1650
276	1712
276	1816
276	1883
276	1894
276	1897
276	1961
276	1982
276	1994
284	286
284	294
284	296
284	307
284	310
284	332
284	345
284	355
284	356
284	374
284	391
284	396
284	397
284	407
284	408
284	433
284	446
284	447
284	450
284	458
284	507
284	508
284	518
284	521
284	522
284	531
284	535
284	548
284	550
284	551
284	552
284	557
284	558
284	561
284	566
284	569
284	574
284	586
284	602
284	607
284	611
284	620
284	628
284	635
284	660
284	663
284	687
284	690
284	692
284	696
284	701
284	715
284	735
284	775
284	777
284	785
284	805
284	810
284	822
284	868
284	898
284	908
284	911
284	912
284	932
284	977
284	991
284	1000
284	1006
284	1037
284	1040
284	1042
284	1051
284	1074
284	1080
284	1087
284	1140
284	1172
284	1182
284	1190
284	1201
284	1222
284	1230
284	1251
284	1267
284	1293
284	1312
284	1317
284	1329
284	1358
284	1373
284	1467
284	1496
284	1620
284	1666
284	1712
284	1817
284	1856
284	1894
284	1897
284	1938
284	1963
284	1990
284	1994
286	294
286	296
286	307
286	310
286	332
286	345
286	355
286	356
286	374
286	391
286	396
286	397
286	407
286	408
286	433
286	446
286	447
286	450
286	458
286	507
286	508
286	518
286	521
286	522
286	526
286	531
286	535
286	548
286	551
286	552
286	557
286	558
286	561
286	566
286	569
286	573
286	574
286	586
286	601
286	602
286	607
286	620
286	628
286	635
286	660
286	663
286	692
286	696
286	701
286	715
286	756
286	777
286	786
286	805
286	810
286	814
286	822
286	828
286	839
286	856
286	868
286	885
286	887
286	898
286	907
286	908
286	912
286	932
286	935
286	945
286	976
286	1000
286	1006
286	1037
286	1040
286	1042
286	1074
286	1105
286	1127
286	1140
286	1172
286	1182
286	1193
286	1199
286	1201
286	1220
286	1234
286	1258
286	1267
286	1269
286	1302
286	1312
286	1313
286	1358
286	1373
286	1378
286	1407
286	1431
286	1467
286	1486
286	1554
286	1569
286	1628
286	1630
286	1650
286	1666
286	1938
286	1979
286	1982
286	1992
294	296
294	307
294	310
294	332
294	345
294	355
294	356
294	374
294	391
294	396
294	397
294	407
294	408
294	433
294	446
294	447
294	450
294	458
294	507
294	508
294	518
294	521
294	522
294	526
294	531
294	535
294	548
294	551
294	552
294	557
294	558
294	561
294	566
294	569
294	573
294	586
294	602
294	607
294	611
294	620
294	628
294	635
294	663
294	687
294	692
294	696
294	701
294	715
294	735
294	756
294	777
294	810
294	814
294	822
294	856
294	880
294	885
294	887
294	907
294	908
294	912
294	932
294	935
294	945
294	977
294	1037
294	1040
294	1042
294	1074
294	1079
294	1087
294	1105
294	1127
294	1140
294	1182
294	1190
294	1193
294	1199
294	1201
294	1220
294	1222
294	1224
294	1230
294	1258
294	1267
294	1273
294	1296
294	1302
294	1312
294	1329
294	1467
294	1486
294	1617
294	1620
294	1628
294	1650
294	1666
294	1695
294	1712
294	1810
294	1816
294	1856
294	1897
294	1910
294	1982
294	1994
296	307
296	310
296	332
296	345
296	355
296	356
296	374
296	391
296	396
296	397
296	407
296	408
296	433
296	446
296	447
296	450
296	458
296	507
296	508
296	518
296	521
296	522
296	526
296	531
296	535
296	548
296	550
296	551
296	552
296	558
296	561
296	566
296	569
296	573
296	574
296	586
296	601
296	602
296	607
296	611
296	620
296	628
296	635
296	660
296	663
296	690
296	692
296	696
296	701
296	777
296	785
296	805
296	810
296	822
296	825
296	828
296	839
296	868
296	885
296	907
296	908
296	911
296	976
296	991
296	1000
296	1006
296	1008
296	1051
296	1073
296	1074
296	1079
296	1080
296	1087
296	1127
296	1172
296	1182
296	1190
296	1222
296	1224
296	1234
296	1251
296	1258
296	1267
296	1296
296	1312
296	1313
296	1358
296	1407
296	1431
296	1479
296	1617
296	1628
296	1650
296	1666
296	1773
296	1856
296	1887
296	1894
296	1897
296	1910
296	1979
296	1994
307	310
307	332
307	345
307	355
307	356
307	374
307	391
307	396
307	397
307	407
307	408
307	433
307	446
307	447
307	450
307	458
307	507
307	508
307	518
307	521
307	522
307	531
307	535
307	550
307	551
307	552
307	557
307	566
307	569
307	573
307	574
307	586
307	601
307	607
307	611
307	620
307	628
307	635
307	660
307	663
307	687
307	690
307	692
307	696
307	701
307	735
307	756
307	775
307	805
307	810
307	814
307	825
307	828
307	839
307	856
307	868
307	887
307	898
307	908
307	911
307	912
307	932
307	935
307	976
307	991
307	1000
307	1037
307	1040
307	1051
307	1073
307	1074
307	1079
307	1087
307	1172
307	1182
307	1193
307	1199
307	1220
307	1224
307	1234
307	1269
307	1273
307	1296
307	1302
307	1317
307	1358
307	1467
307	1496
307	1531
307	1554
307	1647
307	1650
307	1817
307	1856
307	1938
307	1982
307	1990
310	332
310	345
310	355
310	356
310	374
310	391
310	396
310	397
310	407
310	408
310	433
310	446
310	447
310	450
310	458
310	507
310	508
310	518
310	521
310	522
310	526
310	531
310	548
310	550
310	551
310	552
310	557
310	558
310	561
310	566
310	569
310	573
310	586
310	601
310	602
310	607
310	620
310	628
310	635
310	660
310	663
310	692
310	701
310	715
310	735
310	777
310	786
310	805
310	814
310	825
310	828
310	839
310	868
310	880
310	885
310	887
310	898
310	907
310	908
310	911
310	935
310	945
310	976
310	1000
310	1006
310	1037
310	1040
310	1051
310	1073
310	1079
310	1080
310	1087
310	1172
310	1190
310	1193
310	1201
310	1230
310	1234
310	1251
310	1258
310	1267
310	1312
310	1313
310	1317
310	1329
310	1358
310	1373
310	1407
310	1485
310	1531
310	1569
310	1615
310	1617
310	1630
310	1666
310	1810
310	1816
310	1817
310	1887
310	1897
310	1910
310	1963
310	1990
310	1992
332	345
332	355
332	356
332	374
332	391
332	396
332	397
332	407
332	408
332	433
332	446
332	447
332	450
332	458
332	507
332	508
332	518
332	521
332	522
332	526
332	535
332	548
332	550
332	551
332	552
332	557
332	561
332	566
332	573
332	574
332	586
332	601
332	602
332	607
332	611
332	628
332	635
332	660
332	663
332	687
332	690
332	692
332	696
332	715
332	756
332	777
332	805
332	810
332	814
332	822
332	825
332	856
332	868
332	880
332	887
332	898
332	908
332	945
332	991
332	1006
332	1037
332	1042
332	1051
332	1079
332	1080
332	1087
332	1127
332	1140
332	1190
332	1258
332	1267
332	1273
332	1302
332	1312
332	1313
332	1333
332	1378
332	1407
332	1479
332	1486
332	1554
332	1615
332	1620
332	1628
332	1647
332	1650
332	1666
332	1810
332	1816
332	1887
332	1961
332	1969
332	1990
332	1994
345	355
345	356
345	374
345	391
345	396
345	397
345	407
345	408
345	433
345	446
345	447
345	450
345	458
345	507
345	508
345	518
345	521
345	522
345	526
345	531
345	535
345	548
345	550
345	551
345	552
345	557
345	558
345	566
345	569
345	573
345	574
345	586
345	601
345	602
345	607
345	611
345	628
345	660
345	696
345	715
345	735
345	756
345	775
345	777
345	805
345	810
345	825
345	828
345	868
345	880
345	885
345	898
345	908
345	911
345	932
345	935
345	945
345	977
345	991
345	1000
345	1006
345	1008
345	1037
345	1042
345	1051
345	1073
345	1074
345	1079
345	1080
345	1087
345	1105
345	1172
345	1190
345	1201
345	1220
345	1222
345	1224
345	1230
345	1251
345	1258
345	1267
345	1269
345	1279
345	1293
345	1313
345	1329
345	1355
345	1378
345	1467
345	1485
345	1496
345	1620
345	1647
345	1650
345	1712
345	1816
345	1817
345	1856
345	1881
345	1897
345	1961
345	1979
345	1982
345	1990
355	356
355	374
355	391
355	396
355	397
355	407
355	408
355	433
355	446
355	447
355	450
355	458
355	507
355	508
355	518
355	521
355	522
355	526
355	531
355	535
355	550
355	551
355	552
355	557
355	558
355	561
355	566
355	569
355	573
355	574
355	586
355	601
355	602
355	611
355	620
355	628
355	635
355	663
355	690
355	692
355	701
355	715
355	735
355	756
355	775
355	785
355	786
355	805
355	810
355	814
355	822
355	828
355	856
355	880
355	885
355	907
355	908
355	911
355	932
355	935
355	945
355	977
355	991
355	1000
355	1008
355	1051
355	1080
355	1105
355	1182
355	1193
355	1201
355	1224
355	1267
355	1273
355	1279
355	1293
355	1302
355	1355
355	1358
355	1467
355	1485
355	1486
355	1496
355	1531
355	1617
355	1650
355	1666
355	1712
355	1817
355	1883
355	1894
355	1897
355	1910
355	1961
355	1969
355	1979
355	1990
356	374
356	391
356	396
356	397
356	407
356	408
356	433
356	446
356	447
356	450
356	458
356	507
356	508
356	518
356	521
356	522
356	526
356	531
356	535
356	548
356	550
356	551
356	552
356	557
356	558
356	561
356	566
356	573
356	574
356	586
356	601
356	602
356	607
356	611
356	628
356	660
356	663
356	687
356	690
356	692
356	696
356	701
356	715
356	735
356	756
356	777
356	786
356	805
356	814
356	822
356	828
356	839
356	868
356	880
356	885
356	898
356	908
356	911
356	912
356	976
356	1006
356	1037
356	1074
356	1079
356	1080
356	1087
356	1105
356	1127
356	1140
356	1190
356	1201
356	1220
356	1258
356	1296
356	1302
356	1355
356	1358
356	1407
356	1431
356	1467
356	1479
356	1485
356	1569
356	1615
356	1617
356	1620
356	1628
356	1695
356	1712
356	1773
356	1817
356	1881
356	1887
356	1897
356	1961
356	1982
356	1992
374	391
374	396
374	397
374	407
374	408
374	433
374	446
374	447
374	450
374	458
374	507
374	508
374	518
374	521
374	522
374	526
374	531
374	535
374	548
374	550
374	551
374	552
374	557
374	558
374	566
374	569
374	573
374	574
374	586
374	601
374	602
374	607
374	611
374	620
374	628
374	635
374	663
374	687
374	690
374	692
374	696
374	715
374	735
374	775
374	777
374	805
374	810
374	814
374	822
374	825
374	828
374	839
374	885
374	908
374	911
374	912
374	935
374	991
374	1000
374	1006
374	1008
374	1040
374	1074
374	1105
374	1140
374	1172
374	1182
374	1190
374	1220
374	1222
374	1234
374	1251
374	1293
374	1296
374	1313
374	1329
374	1373
374	1378
374	1467
374	1479
374	1485
374	1486
374	1531
374	1615
374	1630
374	1666
374	1695
374	1773
374	1810
374	1817
374	1887
374	1894
374	1979
391	396
391	397
391	407
391	408
391	433
391	446
391	447
391	450
391	458
391	507
391	508
391	518
391	521
391	522
391	526
391	535
391	548
391	550
391	552
391	557
391	558
391	566
391	569
391	574
391	586
391	601
391	607
391	611
391	628
391	635
391	660
391	663
391	690
391	692
391	696
391	715
391	777
391	785
391	786
391	856
391	868
391	887
391	908
391	932
391	935
391	945
391	976
391	977
391	991
391	1000
391	1006
391	1008
391	1037
391	1040
391	1042
391	1074
391	1079
391	1087
391	1105
391	1140
391	1149
391	1201
391	1267
391	1296
391	1302
391	1313
391	1317
391	1333
391	1358
391	1373
391	1378
391	1407
391	1467
391	1496
391	1617
391	1666
391	1695
391	1810
391	1856
391	1883
391	1897
391	1910
391	1963
391	1979
391	1990
396	397
396	407
396	408
396	433
396	446
396	447
396	450
396	458
396	507
396	508
396	518
396	521
396	522
396	526
396	531
396	535
396	548
396	550
396	551
396	552
396	557
396	558
396	561
396	566
396	569
396	573
396	574
396	586
396	601
396	602
396	607
396	611
396	620
396	628
396	635
396	660
396	687
396	690
396	692
396	715
396	735
396	775
396	777
396	805
396	810
396	814
396	822
396	825
396	828
396	856
396	885
396	887
396	907
396	908
396	911
396	912
396	932
396	935
396	976
396	977
396	1000
396	1006
396	1042
396	1051
396	1073
396	1074
396	1087
396	1127
396	1149
396	1172
396	1190
396	1193
396	1199
396	1201
396	1230
396	1234
396	1251
396	1267
396	1273
396	1317
396	1333
396	1355
396	1373
396	1378
396	1431
396	1467
396	1486
396	1496
396	1531
396	1617
396	1628
396	1695
396	1712
396	1773
396	1785
396	1881
396	1894
396	1969
396	1979
396	1982
396	1994
397	407
397	408
397	433
397	446
397	447
397	450
397	458
397	507
397	508
397	518
397	521
397	522
397	526
397	531
397	548
397	550
397	551
397	552
397	557
397	558
397	561
397	573
397	574
397	586
397	601
397	602
397	607
397	611
397	628
397	635
397	660
397	663
397	687
397	690
397	696
397	701
397	735
397	756
397	775
397	785
397	839
397	856
397	868
397	880
397	907
397	908
397	911
397	912
397	935
397	976
397	977
397	991
397	1008
397	1040
397	1073
397	1074
397	1087
397	1105
397	1127
397	1172
397	1190
397	1193
397	1199
397	1201
397	1230
397	1251
397	1258
397	1267
397	1279
397	1312
397	1317
397	1329
397	1355
397	1378
397	1467
397	1479
397	1496
397	1531
397	1569
397	1615
397	1617
397	1620
397	1630
397	1647
397	1650
397	1666
397	1712
397	1817
397	1856
397	1894
397	1910
397	1961
397	1963
397	1982
397	1990
407	408
407	433
407	446
407	447
407	450
407	458
407	507
407	508
407	518
407	521
407	522
407	526
407	531
407	535
407	548
407	550
407	551
407	552
407	557
407	561
407	566
407	569
407	573
407	574
407	586
407	607
407	611
407	628
407	635
407	660
407	687
407	692
407	701
407	775
407	786
407	805
407	822
407	839
407	880
407	885
407	898
407	907
407	908
407	911
407	912
407	935
407	945
407	976
407	1040
407	1087
407	1105
407	1140
407	1172
407	1182
407	1190
407	1201
407	1220
407	1234
407	1251
407	1269
407	1273
407	1296
407	1312
407	1313
407	1333
407	1358
407	1378
407	1407
407	1485
407	1531
407	1569
407	1615
407	1617
407	1620
407	1712
407	1817
407	1897
407	1910
408	433
408	446
408	447
408	450
408	458
408	507
408	508
408	518
408	521
408	522
408	526
408	531
408	535
408	548
408	550
408	551
408	552
408	557
408	558
408	561
408	566
408	569
408	573
408	574
408	586
408	601
408	602
408	607
408	620
408	628
408	635
408	660
408	687
408	690
408	692
408	696
408	701
408	735
408	756
408	775
408	777
408	805
408	814
408	822
408	825
408	839
408	856
408	868
408	885
408	887
408	898
408	907
408	908
408	911
408	912
408	976
408	977
408	991
408	1008
408	1037
408	1042
408	1051
408	1105
408	1127
408	1149
408	1199
408	1201
408	1220
408	1222
408	1224
408	1269
408	1273
408	1279
408	1296
408	1312
408	1317
408	1329
408	1355
408	1358
408	1373
408	1407
408	1467
408	1496
408	1531
408	1554
408	1617
408	1620
408	1666
408	1881
408	1883
408	1894
408	1961
408	1990
408	1992
408	1994
433	446
433	447
433	450
433	458
433	507
433	508
433	518
433	521
433	522
433	526
433	531
433	535
433	548
433	551
433	552
433	557
433	558
433	561
433	569
433	586
433	601
433	602
433	607
433	611
433	620
433	635
433	660
433	687
433	690
433	696
433	715
433	735
433	756
433	775
433	805
433	810
433	814
433	822
433	825
433	828
433	839
433	856
433	868
433	880
433	885
433	907
433	908
433	911
433	935
433	1006
433	1040
433	1042
433	1073
433	1074
433	1079
433	1080
433	1087
433	1127
433	1140
433	1149
433	1220
433	1224
433	1234
433	1258
433	1267
433	1273
433	1279
433	1296
433	1329
433	1355
433	1373
433	1378
433	1479
433	1486
433	1531
433	1569
433	1630
433	1647
433	1650
433	1666
433	1695
433	1817
433	1883
433	1887
433	1897
433	1961
446	447
446	450
446	458
446	507
446	508
446	518
446	521
446	522
446	526
446	531
446	535
446	548
446	550
446	551
446	552
446	557
446	558
446	561
446	566
446	569
446	573
446	574
446	586
446	602
446	607
446	611
446	628
446	635
446	660
446	663
446	687
446	690
446	692
446	701
446	715
446	756
446	775
446	828
446	839
446	880
446	885
446	887
446	907
446	911
446	932
446	935
446	945
446	1042
446	1051
446	1074
446	1079
446	1080
446	1087
446	1190
446	1220
446	1222
446	1224
446	1234
446	1251
446	1258
446	1267
446	1273
446	1279
446	1296
446	1302
446	1312
446	1317
446	1329
446	1373
446	1378
446	1407
446	1485
446	1615
446	1620
446	1647
446	1666
446	1712
446	1785
446	1810
446	1816
446	1856
446	1881
446	1894
446	1938
446	1961
446	1963
446	1969
446	1979
446	1990
447	450
447	458
447	507
447	508
447	518
447	521
447	522
447	526
447	531
447	535
447	548
447	550
447	551
447	552
447	557
447	558
447	561
447	566
447	569
447	573
447	574
447	586
447	601
447	602
447	611
447	620
447	628
447	635
447	660
447	663
447	687
447	692
447	696
447	701
447	715
447	735
447	756
447	775
447	785
447	786
447	805
447	810
447	828
447	856
447	868
447	880
447	887
447	912
447	935
447	976
447	977
447	1006
447	1008
447	1080
447	1087
447	1127
447	1140
447	1149
447	1172
447	1182
447	1193
447	1201
447	1222
447	1224
447	1234
447	1251
447	1269
447	1273
447	1279
447	1293
447	1296
447	1302
447	1313
447	1317
447	1407
447	1431
447	1486
447	1650
447	1773
447	1785
447	1810
447	1817
447	1883
447	1887
447	1897
447	1963
447	1990
450	458
450	507
450	508
450	518
450	521
450	522
450	526
450	531
450	535
450	548
450	550
450	551
450	552
450	557
450	558
450	561
450	566
450	569
450	573
450	574
450	586
450	601
450	602
450	607
450	611
450	620
450	628
450	660
450	663
450	692
450	696
450	701
450	715
450	735
450	777
450	785
450	786
450	805
450	810
450	814
450	822
450	825
450	868
450	880
450	887
450	898
450	907
450	908
450	911
450	935
450	976
450	977
450	991
450	1000
450	1006
450	1008
450	1040
450	1042
450	1074
450	1079
450	1087
450	1149
450	1172
450	1199
450	1222
450	1230
450	1251
450	1258
450	1273
450	1293
450	1296
450	1302
450	1313
450	1358
450	1407
450	1485
450	1486
450	1531
450	1554
450	1620
450	1666
450	1695
450	1856
450	1938
450	1961
450	1963
450	1979
450	1982
458	507
458	508
458	518
458	521
458	522
458	531
458	535
458	548
458	550
458	551
458	552
458	557
458	558
458	561
458	569
458	573
458	574
458	586
458	601
458	602
458	607
458	620
458	628
458	635
458	660
458	687
458	701
458	715
458	735
458	775
458	777
458	785
458	786
458	805
458	810
458	814
458	825
458	839
458	868
458	880
458	887
458	898
458	907
458	908
458	945
458	1073
458	1079
458	1087
458	1105
458	1127
458	1149
458	1182
458	1193
458	1199
458	1224
458	1230
458	1234
458	1251
458	1269
458	1273
458	1296
458	1313
458	1329
458	1355
458	1358
458	1378
458	1467
458	1569
458	1617
458	1630
458	1666
458	1773
458	1810
458	1817
458	1887
458	1910
458	1938
458	1963
458	1982
507	508
507	518
507	521
507	522
507	526
507	535
507	548
507	550
507	552
507	557
507	561
507	566
507	569
507	573
507	574
507	586
507	602
507	611
507	620
507	628
507	635
507	663
507	687
507	690
507	692
507	696
507	715
507	777
507	814
507	822
507	825
507	828
507	839
507	856
507	868
507	880
507	887
507	898
507	907
507	908
507	911
507	912
507	935
507	945
507	977
507	991
507	1000
507	1073
507	1087
507	1140
507	1149
507	1172
507	1190
507	1224
507	1230
507	1234
507	1267
507	1269
507	1279
507	1317
507	1355
507	1373
507	1407
507	1467
507	1486
507	1496
507	1531
507	1554
507	1712
507	1817
507	1881
507	1883
507	1897
507	1961
507	1963
507	1979
507	1992
508	518
508	521
508	522
508	526
508	531
508	535
508	548
508	550
508	551
508	557
508	558
508	561
508	566
508	569
508	574
508	586
508	601
508	602
508	607
508	611
508	620
508	660
508	687
508	690
508	692
508	696
508	701
508	735
508	756
508	775
508	777
508	785
508	805
508	810
508	814
508	822
508	825
508	868
508	885
508	887
508	908
508	911
508	912
508	991
508	1000
508	1051
508	1073
508	1074
508	1079
508	1190
508	1234
508	1251
508	1258
508	1269
508	1273
508	1293
508	1296
508	1313
508	1329
508	1333
508	1355
508	1358
508	1485
508	1554
508	1617
508	1620
508	1628
508	1647
508	1650
508	1773
508	1810
508	1817
508	1881
508	1887
508	1938
508	1979
508	1982
518	521
518	522
518	526
518	531
518	535
518	548
518	550
518	551
518	552
518	557
518	558
518	561
518	566
518	569
518	573
518	574
518	586
518	601
518	602
518	607
518	611
518	628
518	660
518	663
518	687
518	690
518	692
518	696
518	701
518	715
518	735
518	756
518	775
518	777
518	805
518	822
518	825
518	839
518	898
518	907
518	911
518	912
518	932
518	935
518	977
518	991
518	1000
518	1006
518	1008
518	1040
518	1051
518	1073
518	1074
518	1080
518	1087
518	1105
518	1140
518	1149
518	1172
518	1182
518	1190
518	1251
518	1267
518	1293
518	1302
518	1317
518	1355
518	1358
518	1407
518	1431
518	1467
518	1485
518	1486
518	1531
518	1615
518	1620
518	1628
518	1630
518	1666
518	1695
518	1816
518	1817
518	1894
518	1910
518	1963
518	1994
521	522
521	531
521	535
521	548
521	550
521	551
521	552
521	557
521	558
521	561
521	566
521	569
521	573
521	586
521	602
521	607
521	620
521	628
521	635
521	663
521	687
521	690
521	692
521	701
521	715
521	756
521	775
521	777
521	786
521	810
521	814
521	825
521	839
521	856
521	868
521	885
521	908
521	932
521	935
521	945
521	976
521	977
521	1006
521	1037
521	1051
521	1074
521	1105
521	1140
521	1193
521	1201
521	1222
521	1224
521	1234
521	1267
521	1273
521	1293
521	1296
521	1302
521	1313
521	1329
521	1373
521	1407
521	1485
521	1496
521	1554
521	1569
521	1617
521	1628
521	1650
521	1695
521	1773
521	1785
521	1938
521	1979
522	526
522	531
522	535
522	548
522	550
522	551
522	552
522	557
522	558
522	566
522	573
522	574
522	586
522	601
522	602
522	607
522	620
522	628
522	635
522	660
522	663
522	687
522	690
522	692
522	696
522	715
522	735
522	777
522	786
522	814
522	822
522	825
522	839
522	868
522	885
522	887
522	898
522	907
522	945
522	976
522	1042
522	1051
522	1073
522	1105
522	1127
522	1140
522	1182
522	1190
522	1199
522	1201
522	1220
522	1230
522	1234
522	1267
522	1269
522	1293
522	1329
522	1355
522	1358
522	1373
522	1378
522	1407
522	1479
522	1569
522	1615
522	1617
522	1647
522	1666
522	1810
522	1816
522	1894
522	1897
522	1910
522	1961
522	1982
522	1992
526	531
526	535
526	548
526	552
526	558
526	561
526	566
526	569
526	573
526	574
526	601
526	602
526	607
526	611
526	620
526	628
526	635
526	660
526	687
526	692
526	696
526	701
526	777
526	785
526	786
526	805
526	822
526	825
526	828
526	839
526	880
526	885
526	887
526	898
526	907
526	932
526	935
526	977
526	991
526	1000
526	1008
526	1040
526	1051
526	1079
526	1080
526	1105
526	1127
526	1149
526	1172
526	1199
526	1251
526	1279
526	1302
526	1312
526	1317
526	1329
526	1358
526	1373
526	1407
526	1431
526	1479
526	1485
526	1486
526	1496
526	1554
526	1615
526	1617
526	1666
526	1695
526	1712
526	1773
526	1881
526	1883
526	1894
526	1910
526	1963
526	1990
526	1992
526	1994
531	535
531	548
531	550
531	552
531	557
531	558
531	561
531	566
531	569
531	573
531	574
531	586
531	601
531	602
531	607
531	620
531	635
531	660
531	663
531	687
531	690
531	692
531	696
531	701
531	715
531	735
531	756
531	775
531	777
531	785
531	805
531	814
531	822
531	825
531	828
531	839
531	856
531	868
531	880
531	885
531	887
531	907
531	911
531	912
531	991
531	1000
531	1037
531	1051
531	1080
531	1087
531	1105
531	1127
531	1182
531	1190
531	1201
531	1220
531	1230
531	1234
531	1258
531	1267
531	1269
531	1273
531	1279
531	1317
531	1407
531	1467
531	1486
531	1496
531	1531
531	1569
531	1615
531	1617
531	1620
531	1712
531	1773
531	1785
531	1816
531	1881
531	1883
531	1938
531	1961
531	1969
531	1994
535	548
535	550
535	551
535	552
535	557
535	558
535	561
535	566
535	569
535	573
535	574
535	586
535	602
535	607
535	611
535	620
535	628
535	635
535	663
535	687
535	692
535	696
535	701
535	715
535	775
535	777
535	785
535	786
535	805
535	810
535	825
535	828
535	839
535	880
535	885
535	887
535	898
535	945
535	976
535	977
535	991
535	1000
535	1008
535	1042
535	1051
535	1080
535	1140
535	1149
535	1172
535	1190
535	1193
535	1201
535	1224
535	1267
535	1273
535	1302
535	1312
535	1333
535	1378
535	1431
535	1531
535	1569
535	1617
535	1630
535	1650
535	1666
535	1712
535	1810
535	1817
535	1881
535	1883
535	1979
535	1990
548	550
548	551
548	552
548	557
548	558
548	561
548	566
548	569
548	573
548	574
548	586
548	601
548	602
548	611
548	620
548	628
548	635
548	660
548	687
548	690
548	692
548	756
548	775
548	822
548	828
548	839
548	868
548	885
548	887
548	898
548	907
548	908
548	911
548	912
548	932
548	935
548	976
548	991
548	1008
548	1040
548	1042
548	1073
548	1074
548	1080
548	1105
548	1127
548	1140
548	1172
548	1182
548	1199
548	1201
548	1251
548	1258
548	1269
548	1273
548	1293
548	1302
548	1312
548	1313
548	1333
548	1355
548	1479
548	1485
548	1486
548	1531
548	1554
548	1569
548	1620
548	1647
548	1695
548	1712
548	1773
548	1817
548	1856
548	1887
548	1894
548	1979
548	1982
548	1990
548	1992
550	551
550	552
550	557
550	558
550	561
550	566
550	569
550	573
550	574
550	586
550	601
550	602
550	607
550	611
550	635
550	660
550	663
550	687
550	690
550	692
550	696
550	701
550	715
550	735
550	756
550	775
550	777
550	785
550	786
550	810
550	814
550	822
550	825
550	839
550	856
550	880
550	887
550	898
550	908
550	911
550	932
550	935
550	945
550	1000
550	1006
550	1037
550	1042
550	1051
550	1073
550	1074
550	1087
550	1105
550	1127
550	1140
550	1149
550	1193
550	1230
550	1234
550	1269
550	1273
550	1302
550	1317
550	1355
550	1431
550	1479
550	1486
550	1531
550	1620
550	1628
550	1650
550	1666
550	1810
550	1816
550	1881
550	1883
550	1894
550	1897
550	1910
550	1979
551	552
551	557
551	558
551	561
551	566
551	569
551	574
551	586
551	602
551	607
551	611
551	628
551	635
551	663
551	687
551	690
551	696
551	735
551	775
551	785
551	805
551	810
551	814
551	822
551	856
551	880
551	885
551	887
551	907
551	908
551	911
551	912
551	932
551	935
551	976
551	977
551	1006
551	1008
551	1037
551	1051
551	1073
551	1074
551	1079
551	1087
551	1127
551	1140
551	1190
551	1199
551	1201
551	1220
551	1222
551	1224
551	1230
551	1234
551	1267
551	1279
551	1296
551	1302
551	1312
551	1329
551	1355
551	1479
551	1485
551	1486
551	1531
551	1554
551	1615
551	1620
551	1650
551	1666
551	1773
551	1785
551	1856
551	1938
551	1963
551	1979
551	1990
552	557
552	558
552	561
552	566
552	569
552	573
552	574
552	586
552	601
552	607
552	611
552	620
552	628
552	635
552	660
552	663
552	687
552	690
552	692
552	696
552	701
552	715
552	756
552	775
552	777
552	785
552	786
552	805
552	810
552	814
552	822
552	825
552	828
552	839
552	880
552	887
552	898
552	908
552	932
552	945
552	977
552	991
552	1000
552	1042
552	1051
552	1073
552	1105
552	1127
552	1182
552	1199
552	1201
552	1230
552	1234
552	1273
552	1302
552	1317
552	1378
552	1485
552	1531
552	1569
552	1615
552	1620
552	1628
552	1650
552	1666
552	1695
552	1712
552	1773
552	1816
552	1856
552	1883
552	1887
552	1894
552	1897
552	1910
552	1963
552	1969
552	1979
557	558
557	561
557	566
557	569
557	574
557	586
557	601
557	607
557	611
557	620
557	635
557	660
557	663
557	687
557	690
557	701
557	775
557	777
557	785
557	786
557	810
557	814
557	822
557	828
557	839
557	868
557	885
557	887
557	898
557	907
557	908
557	911
557	932
557	945
557	991
557	1006
557	1042
557	1074
557	1079
557	1080
557	1087
557	1105
557	1127
557	1140
557	1149
557	1172
557	1182
557	1193
557	1199
557	1234
557	1251
557	1258
557	1267
557	1279
557	1293
557	1329
557	1333
557	1355
557	1407
557	1467
557	1479
557	1485
557	1620
557	1630
557	1666
557	1712
557	1816
557	1817
557	1856
557	1881
557	1897
557	1963
557	1994
558	561
558	566
558	569
558	573
558	574
558	601
558	602
558	607
558	611
558	620
558	628
558	635
558	660
558	663
558	687
558	690
558	692
558	696
558	735
558	756
558	775
558	777
558	786
558	805
558	810
558	825
558	828
558	839
558	856
558	868
558	880
558	885
558	887
558	911
558	932
558	935
558	945
558	991
558	1000
558	1008
558	1040
558	1042
558	1074
558	1080
558	1087
558	1105
558	1127
558	1140
558	1172
558	1199
558	1220
558	1267
558	1293
558	1296
558	1302
558	1333
558	1355
558	1358
558	1373
558	1467
558	1554
558	1647
558	1695
558	1810
558	1816
558	1897
558	1938
558	1982
558	1990
558	1994
561	566
561	569
561	573
561	574
561	586
561	601
561	602
561	607
561	611
561	620
561	635
561	660
561	663
561	687
561	692
561	701
561	715
561	735
561	775
561	777
561	785
561	786
561	810
561	828
561	856
561	868
561	887
561	898
561	907
561	908
561	1037
561	1042
561	1051
561	1079
561	1087
561	1140
561	1149
561	1199
561	1201
561	1230
561	1234
561	1258
561	1267
561	1279
561	1302
561	1313
561	1317
561	1333
561	1358
561	1373
561	1378
561	1407
561	1486
561	1620
561	1650
561	1666
561	1695
561	1773
561	1816
561	1856
561	1910
561	1992
566	569
566	573
566	574
566	586
566	601
566	602
566	607
566	611
566	628
566	635
566	660
566	663
566	687
566	690
566	692
566	701
566	715
566	735
566	756
566	775
566	777
566	785
566	805
566	810
566	814
566	822
566	825
566	828
566	839
566	868
566	907
566	911
566	932
566	935
566	945
566	977
566	991
566	1000
566	1006
566	1040
566	1051
566	1073
566	1074
566	1182
566	1190
566	1193
566	1201
566	1222
566	1230
566	1234
566	1251
566	1302
566	1313
566	1329
566	1333
566	1355
566	1378
566	1407
566	1479
566	1486
566	1496
566	1554
566	1615
566	1630
566	1647
566	1810
566	1816
566	1894
566	1992
566	1994
569	573
569	574
569	586
569	602
569	611
569	635
569	660
569	663
569	687
569	692
569	696
569	701
569	715
569	735
569	775
569	805
569	828
569	839
569	856
569	880
569	907
569	935
569	991
569	1006
569	1037
569	1127
569	1140
569	1190
569	1193
569	1199
569	1224
569	1230
569	1234
569	1258
569	1267
569	1269
569	1273
569	1279
569	1293
569	1312
569	1313
569	1333
569	1355
569	1373
569	1407
569	1486
569	1496
569	1531
569	1569
569	1615
569	1617
569	1620
569	1628
569	1630
569	1647
569	1650
569	1666
569	1712
569	1785
569	1816
569	1881
569	1883
569	1938
569	1979
569	1992
573	602
573	607
573	611
573	620
573	635
573	663
573	692
573	701
573	715
573	735
573	775
573	810
573	814
573	868
573	880
573	885
573	911
573	935
573	945
573	976
573	991
573	1037
573	1079
573	1080
573	1087
573	1140
573	1172
573	1201
573	1222
573	1234
573	1279
573	1293
573	1296
573	1312
573	1329
573	1378
573	1496
573	1554
573	1569
573	1617
573	1620
573	1628
573	1630
573	1695
573	1712
573	1856
573	1883
573	1887
573	1894
573	1963
573	1969
573	1992
574	586
574	602
574	607
574	611
574	620
574	628
574	660
574	663
574	687
574	701
574	735
574	775
574	777
574	785
574	786
574	805
574	814
574	822
574	839
574	856
574	880
574	885
574	898
574	907
574	911
574	912
574	932
574	945
574	977
574	991
574	1006
574	1040
574	1042
574	1073
574	1074
574	1080
574	1149
574	1172
574	1220
574	1224
574	1258
574	1302
574	1312
574	1373
574	1407
574	1431
574	1479
574	1485
574	1496
574	1531
574	1554
574	1628
574	1630
574	1647
574	1650
574	1785
574	1817
574	1856
574	1887
574	1897
574	1938
574	1961
574	1969
586	601
586	602
586	611
586	620
586	663
586	687
586	690
586	692
586	696
586	701
586	715
586	735
586	756
586	775
586	777
586	785
586	805
586	810
586	822
586	825
586	868
586	880
586	907
586	935
586	945
586	976
586	977
586	991
586	1037
586	1042
586	1073
586	1080
586	1140
586	1190
586	1193
586	1201
586	1220
586	1258
586	1267
586	1273
586	1279
586	1293
586	1312
586	1333
586	1431
586	1486
586	1496
586	1569
586	1620
586	1666
586	1785
586	1810
586	1816
586	1881
586	1887
586	1897
586	1910
586	1969
586	1992
601	602
601	607
601	611
601	620
601	635
601	663
601	692
601	701
601	715
601	756
601	775
601	777
601	785
601	786
601	805
601	810
601	814
601	822
601	825
601	828
601	839
601	856
601	868
601	885
601	898
601	907
601	911
601	912
601	932
601	945
601	977
601	991
601	1006
601	1008
601	1037
601	1040
601	1073
601	1074
601	1080
601	1105
601	1149
601	1172
601	1182
601	1193
601	1220
601	1224
601	1234
601	1251
601	1258
601	1267
601	1296
601	1302
601	1312
601	1333
601	1373
601	1479
601	1486
601	1531
601	1615
601	1620
601	1630
601	1666
601	1712
601	1773
601	1785
601	1816
601	1938
601	1969
601	1979
602	607
602	611
602	620
602	635
602	660
602	663
602	687
602	690
602	692
602	696
602	701
602	715
602	756
602	775
602	777
602	785
602	786
602	805
602	810
602	825
602	828
602	839
602	885
602	898
602	907
602	908
602	911
602	1000
602	1074
602	1079
602	1080
602	1087
602	1105
602	1140
602	1190
602	1199
602	1201
602	1220
602	1224
602	1234
602	1273
602	1296
602	1302
602	1313
602	1317
602	1329
602	1407
602	1431
602	1486
602	1531
602	1554
602	1617
602	1620
602	1628
602	1666
602	1695
602	1816
602	1856
602	1881
602	1883
602	1887
602	1963
602	1969
602	1992
607	611
607	620
607	660
607	663
607	687
607	690
607	692
607	701
607	735
607	756
607	775
607	786
607	805
607	810
607	814
607	822
607	828
607	856
607	868
607	885
607	907
607	908
607	912
607	932
607	935
607	976
607	977
607	1000
607	1006
607	1051
607	1073
607	1080
607	1127
607	1140
607	1172
607	1182
607	1193
607	1230
607	1251
607	1279
607	1296
607	1302
607	1317
607	1615
607	1630
607	1650
607	1816
607	1897
607	1963
607	1982
607	1994
611	620
611	663
611	687
611	690
611	692
611	701
611	715
611	735
611	775
611	777
611	785
611	786
611	805
611	810
611	814
611	868
611	880
611	887
611	898
611	908
611	911
611	932
611	935
611	976
611	977
611	991
611	1006
611	1008
611	1037
611	1040
611	1042
611	1051
611	1073
611	1074
611	1079
611	1080
611	1140
611	1190
611	1199
611	1220
611	1224
611	1258
611	1269
611	1302
611	1312
611	1313
611	1317
611	1355
611	1373
611	1407
611	1431
611	1531
611	1554
611	1615
611	1617
611	1628
611	1630
611	1647
611	1712
611	1883
611	1938
611	1969
611	1979
611	1990
611	1994
628	663
628	690
628	692
628	696
628	715
628	756
628	775
628	777
628	785
628	786
628	805
628	814
628	822
628	880
628	907
628	908
628	977
628	991
628	1006
628	1008
628	1042
628	1074
628	1080
628	1105
628	1127
628	1172
628	1190
628	1220
628	1222
628	1230
628	1273
628	1279
628	1312
628	1378
628	1479
628	1486
628	1496
628	1554
628	1569
628	1615
628	1647
628	1666
628	1695
628	1785
628	1810
628	1816
628	1817
628	1883
628	1894
628	1897
628	1961
628	1979
628	1982
660	687
660	692
660	696
660	715
660	756
660	775
660	777
660	785
660	805
660	810
660	822
660	828
660	839
660	856
660	868
660	880
660	885
660	887
660	898
660	908
660	976
660	977
660	1000
660	1040
660	1042
660	1051
660	1074
660	1080
660	1127
660	1140
660	1149
660	1193
660	1199
660	1201
660	1222
660	1230
660	1251
660	1267
660	1269
660	1279
660	1333
660	1355
660	1431
660	1485
660	1554
660	1650
660	1666
660	1773
660	1816
660	1910
660	1982
690	692
690	696
690	701
690	715
690	735
690	775
690	777
690	785
690	786
690	805
690	810
690	839
690	935
690	977
690	991
690	1042
690	1051
690	1073
690	1074
690	1087
690	1105
690	1172
690	1182
690	1224
690	1230
690	1234
690	1258
690	1296
690	1313
690	1378
690	1531
690	1554
690	1569
690	1630
690	1666
690	1695
690	1785
690	1816
690	1938
690	1961
690	1969
690	1990
692	696
692	701
692	735
692	756
692	775
692	785
692	786
692	810
692	828
692	880
692	885
692	911
692	912
692	932
692	935
692	945
692	976
692	1008
692	1037
692	1042
692	1051
692	1105
692	1127
692	1140
692	1193
692	1220
692	1222
692	1224
692	1251
692	1267
692	1269
692	1273
692	1293
692	1312
692	1317
692	1355
692	1431
692	1485
692	1486
692	1496
692	1569
692	1615
692	1695
692	1887
692	1894
692	1963
692	1979
696	701
696	715
696	735
696	756
696	775
696	777
696	786
696	805
696	810
696	822
696	825
696	828
696	839
696	880
696	885
696	887
696	911
696	912
696	945
696	976
696	1000
696	1037
696	1040
696	1042
696	1074
696	1127
696	1190
696	1201
696	1230
696	1258
696	1273
696	1296
696	1312
696	1313
696	1333
696	1378
696	1407
696	1467
696	1485
696	1496
696	1615
696	1620
696	1628
696	1647
696	1695
696	1773
696	1856
696	1938
696	1963
696	1969
696	1979
696	1990
696	1992
696	1994
701	715
701	735
701	756
701	775
701	777
701	786
701	810
701	814
701	822
701	856
701	880
701	887
701	907
701	908
701	911
701	912
701	932
701	935
701	977
701	1006
701	1008
701	1040
701	1042
701	1080
701	1087
701	1190
701	1193
701	1234
701	1251
701	1273
701	1279
701	1296
701	1302
701	1317
701	1378
701	1467
701	1479
701	1496
701	1569
701	1615
701	1620
701	1630
701	1647
701	1650
701	1712
701	1773
701	1816
701	1881
701	1883
701	1910
715	775
715	777
715	785
715	805
715	810
715	825
715	828
715	839
715	856
715	868
715	880
715	887
715	911
715	935
715	977
715	991
715	1000
715	1008
715	1037
715	1042
715	1051
715	1073
715	1087
715	1105
715	1182
715	1190
715	1193
715	1199
715	1220
715	1222
715	1234
715	1279
715	1293
715	1296
715	1302
715	1333
715	1358
715	1378
715	1479
715	1485
715	1554
715	1569
715	1615
715	1650
715	1666
715	1695
715	1810
715	1856
715	1938
715	1982
715	1992
715	1994
735	786
735	805
735	810
735	822
735	828
735	839
735	856
735	898
735	908
735	935
735	976
735	1006
735	1008
735	1037
735	1040
735	1105
735	1172
735	1182
735	1201
735	1220
735	1222
735	1224
735	1258
735	1279
735	1293
735	1296
735	1302
735	1312
735	1313
735	1317
735	1358
735	1431
735	1486
735	1554
735	1569
735	1615
735	1617
735	1695
735	1712
735	1810
735	1817
735	1883
735	1910
735	1938
735	1961
735	1990
775	777
775	785
775	786
775	810
775	822
775	828
775	839
775	868
775	885
775	898
775	908
775	911
775	912
775	932
775	945
775	1037
775	1040
775	1042
775	1051
775	1079
775	1080
775	1087
775	1127
775	1140
775	1149
775	1222
775	1234
775	1251
775	1258
775	1267
775	1279
775	1312
775	1317
775	1333
775	1479
775	1485
775	1531
775	1554
775	1617
775	1712
775	1810
775	1817
775	1897
775	1910
775	1982
822	825
822	828
822	839
822	856
822	868
822	887
822	907
822	911
822	935
822	977
822	1074
822	1080
822	1087
822	1127
822	1140
822	1172
822	1199
822	1224
822	1251
822	1258
822	1273
822	1293
822	1296
822	1302
822	1312
822	1313
822	1317
822	1329
822	1355
822	1407
822	1431
822	1479
822	1485
822	1496
822	1531
822	1569
822	1615
822	1620
822	1647
822	1773
822	1810
822	1816
822	1938
822	1969
828	856
828	868
828	887
828	907
828	912
828	976
828	1000
828	1008
828	1037
828	1040
828	1042
828	1073
828	1087
828	1105
828	1140
828	1193
828	1201
828	1222
828	1230
828	1251
828	1269
828	1273
828	1313
828	1317
828	1333
828	1486
828	1496
828	1569
828	1615
828	1881
828	1938
828	1969
839	868
839	880
839	885
839	887
839	911
839	932
839	976
839	1000
839	1037
839	1042
839	1051
839	1073
839	1079
839	1140
839	1172
839	1258
839	1267
839	1273
839	1293
839	1296
839	1312
839	1329
839	1333
839	1378
839	1467
839	1485
839	1496
839	1650
839	1712
839	1785
839	1810
839	1817
839	1894
839	1963
839	1994
907	908
907	912
907	977
907	991
907	1037
907	1040
907	1073
907	1079
907	1140
907	1182
907	1201
907	1222
907	1267
907	1279
907	1293
907	1317
907	1358
907	1479
907	1531
907	1569
907	1817
907	1894
907	1961
907	1969
907	1992
935	1000
935	1040
935	1042
935	1074
935	1087
935	1127
935	1149
935	1190
935	1234
935	1258
935	1313
935	1317
935	1333
935	1358
935	1431
935	1467
935	1554
935	1712
935	1785
935	1816
935	1883
935	1887
935	1897
935	1992
935	1994
976	977
976	1037
976	1051
976	1087
976	1199
976	1201
976	1224
976	1293
976	1333
976	1373
976	1407
976	1479
976	1485
976	1569
976	1617
976	1628
976	1666
976	1816
976	1817
976	1883
976	1938
976	1961
976	1982
976	1992
1000	1006
1000	1051
1000	1074
1000	1105
1000	1149
1000	1182
1000	1190
1000	1201
1000	1234
1000	1267
1000	1269
1000	1279
1000	1296
1000	1329
1000	1373
1000	1407
1000	1467
1000	1486
1000	1531
1000	1569
1000	1785
1000	1810
1000	1910
1000	1969
1000	1982
1000	1994
1037	1040
1037	1051
1037	1074
1037	1079
1037	1080
1037	1127
1037	1251
1037	1258
1037	1293
1037	1296
1037	1355
1037	1373
1037	1569
1037	1617
1037	1620
1037	1630
1037	1647
1037	1773
1037	1894
1037	1897
1037	1938
1037	1982
1037	1990
1040	1073
1040	1079
1040	1105
1040	1140
1040	1182
1040	1201
1040	1220
1040	1267
1040	1269
1040	1296
1040	1313
1040	1355
1040	1358
1040	1378
1040	1431
1040	1485
1040	1486
1040	1496
1040	1554
1040	1617
1040	1650
1040	1695
1040	1773
1040	1785
1040	1894
1040	1963
1074	1127
1074	1149
1074	1182
1074	1224
1074	1234
1074	1279
1074	1293
1074	1312
1074	1355
1074	1378
1074	1431
1074	1650
1074	1712
1074	1773
1074	1856
1074	1897
1074	1938
1074	1994
1080	1087
1080	1127
1080	1182
1080	1220
1080	1224
1080	1230
1080	1234
1080	1251
1080	1258
1080	1273
1080	1279
1080	1293
1080	1333
1080	1358
1080	1373
1080	1485
1080	1486
1080	1554
1080	1615
1080	1630
1080	1785
1080	1817
1080	1894
1080	1910
1080	1938
1080	1979
1080	1982
1080	1990
1080	1994
1087	1127
1087	1201
1087	1220
1087	1224
1087	1230
1087	1251
1087	1273
1087	1279
1087	1293
1087	1313
1087	1358
1087	1407
1087	1479
1087	1569
1087	1620
1087	1650
1087	1712
1087	1785
1087	1810
1087	1816
1087	1817
1087	1856
1087	1897
1087	1961
1127	1140
1127	1172
1127	1193
1127	1222
1127	1224
1127	1269
1127	1279
1127	1302
1127	1312
1127	1317
1127	1407
1127	1485
1127	1486
1127	1531
1127	1554
1127	1617
1127	1773
1127	1856
1127	1883
1127	1887
1127	1938
1182	1220
1182	1258
1182	1302
1182	1312
1182	1373
1182	1431
1182	1479
1182	1486
1182	1569
1182	1628
1182	1666
1182	1695
1182	1881
1182	1910
1182	1979
1182	1994
1193	1199
1193	1224
1193	1230
1193	1279
1193	1317
1193	1355
1193	1358
1193	1378
1193	1647
1193	1650
1193	1712
1193	1785
1193	1817
1193	1856
1193	1881
1193	1897
1193	1938
1193	1969
1193	1994
1199	1224
1199	1273
1199	1279
1199	1313
1199	1333
1199	1355
1199	1378
1199	1407
1199	1485
1199	1531
1199	1615
1199	1628
1199	1647
1199	1883
1199	1887
1199	1910
1199	1938
1199	1969
1199	1990
1199	1994
1220	1222
1220	1224
1220	1251
1220	1313
1220	1317
1220	1329
1220	1355
1220	1358
1220	1373
1220	1378
1220	1407
1220	1467
1220	1479
1220	1485
1220	1486
1220	1531
1220	1554
1220	1569
1220	1628
1220	1666
1220	1695
1220	1810
1220	1856
1220	1897
1220	1979
1251	1267
1251	1269
1251	1296
1251	1302
1251	1373
1251	1486
1251	1496
1251	1628
1251	1666
1251	1785
1251	1816
1251	1994
1258	1273
1258	1279
1258	1313
1258	1355
1258	1358
1258	1407
1258	1431
1258	1479
1258	1554
1258	1666
1258	1773
1258	1810
1258	1963
1258	1982
1267	1269
1267	1296
1267	1317
1267	1554
1267	1569
1267	1617
1267	1647
1267	1666
1267	1712
1267	1773
1267	1887
1267	1897
1267	1961
1267	1979
1269	1302
1269	1313
1269	1317
1269	1358
1269	1373
1269	1407
1269	1479
1269	1486
1269	1554
1269	1569
1269	1695
1269	1773
1269	1883
1269	1982
1302	1355
1302	1467
1302	1554
1302	1615
1302	1647
1302	1695
1302	1712
1302	1810
1302	1883
1302	1938
1329	1333
1329	1355
1329	1378
1329	1617
1329	1628
1329	1647
1329	1695
1329	1712
1329	1810
1329	1883
1329	1887
1329	1910
1329	1969
1333	1431
1333	1467
1333	1531
1333	1620
1333	1628
1333	1883
1358	1617
1358	1628
1358	1894
1358	1897
1358	1963
1358	1992
1373	1531
1373	1554
1373	1569
1373	1615
1373	1695
1373	1817
1373	1856
1373	1881
1373	1979
1378	1485
1378	1617
1378	1712
1378	1785
1378	1883
1378	1887
1378	1963
1467	1485
1467	1486
1467	1496
1467	1531
1467	1647
1467	1773
1467	1816
1467	1817
1467	1883
1467	1969
1467	1979
1479	1496
1479	1630
1479	1647
1479	1666
1479	1816
1479	1856
1479	1887
1479	1910
1479	1990
1496	1615
1496	1666
1496	1883
1496	1894
1496	1897
1496	1910
1496	1979
1496	1992
1531	1554
1531	1569
1531	1628
1531	1647
1531	1666
1531	1810
1531	1887
1531	1938
1615	1620
1615	1650
1615	1695
1615	1810
1615	1856
1615	1979
1615	1990
1617	1620
1617	1630
1617	1897
1617	1969
1647	1856
1647	1887
1647	1910
1647	1992
1647	1994
1650	1810
1650	1856
1650	1883
1650	1894
1650	1897
1650	1982
1650	1994
1810	1881
1810	1883
1810	1894
1810	1969
1816	1897
1816	1982
1817	1887
1817	1979
1897	1910
1897	1963
1897	1990
1897	1994
1910	1982
1982	1994
620	663
620	687
620	690
620	696
620	701
620	715
620	775
620	777
620	785
620	805
620	810
620	822
620	825
620	828
620	839
620	856
620	887
620	898
620	908
620	911
620	912
620	935
620	945
620	977
620	1000
620	1006
620	1040
620	1051
620	1073
620	1079
620	1087
620	1140
620	1172
620	1199
620	1220
620	1224
620	1230
620	1279
620	1302
620	1313
620	1329
620	1358
620	1467
620	1479
620	1485
620	1486
620	1531
620	1554
620	1615
620	1695
620	1785
620	1816
620	1881
620	1910
620	1982
635	660
635	663
635	687
635	701
635	715
635	735
635	756
635	775
635	777
635	785
635	822
635	825
635	828
635	880
635	887
635	898
635	912
635	932
635	945
635	976
635	1000
635	1006
635	1037
635	1040
635	1042
635	1074
635	1079
635	1105
635	1127
635	1190
635	1193
635	1199
635	1222
635	1230
635	1251
635	1258
635	1267
635	1293
635	1302
635	1312
635	1317
635	1355
635	1358
635	1378
635	1431
635	1467
635	1479
635	1485
635	1486
635	1496
635	1531
635	1630
635	1666
635	1817
635	1856
635	1881
635	1894
635	1897
635	1963
635	1969
635	1982
663	687
663	690
663	692
663	696
663	701
663	715
663	735
663	756
663	775
663	777
663	810
663	828
663	839
663	868
663	885
663	887
663	898
663	908
663	912
663	932
663	935
663	945
663	991
663	1006
663	1040
663	1042
663	1051
663	1074
663	1080
663	1087
663	1182
663	1201
663	1222
663	1224
663	1296
663	1302
663	1312
663	1329
663	1355
663	1358
663	1373
663	1407
663	1485
663	1617
663	1620
663	1628
663	1650
663	1773
663	1881
663	1887
663	1894
663	1961
663	1963
687	690
687	692
687	701
687	735
687	756
687	775
687	785
687	786
687	805
687	810
687	814
687	839
687	856
687	880
687	908
687	911
687	912
687	932
687	945
687	976
687	977
687	1000
687	1006
687	1037
687	1051
687	1073
687	1074
687	1079
687	1105
687	1127
687	1193
687	1199
687	1201
687	1230
687	1234
687	1251
687	1258
687	1267
687	1273
687	1296
687	1355
687	1531
687	1615
687	1630
687	1695
687	1773
687	1810
687	1887
687	1938
687	1990
687	1992
756	775
756	777
756	785
756	825
756	839
756	885
756	887
756	898
756	907
756	976
756	977
756	1000
756	1006
756	1008
756	1037
756	1074
756	1087
756	1149
756	1201
756	1222
756	1230
756	1251
756	1273
756	1296
756	1302
756	1358
756	1378
756	1479
756	1485
756	1554
756	1615
756	1628
756	1666
756	1712
756	1785
756	1810
756	1816
756	1817
756	1883
756	1887
756	1990
756	1992
777	810
777	825
777	839
777	868
777	885
777	907
777	912
777	932
777	935
777	976
777	977
777	1000
777	1008
777	1040
777	1079
777	1080
777	1087
777	1127
777	1149
777	1182
777	1193
777	1199
777	1201
777	1220
777	1224
777	1230
777	1251
777	1267
777	1269
777	1293
777	1296
777	1317
777	1467
777	1486
777	1496
777	1554
777	1569
777	1620
777	1628
777	1773
777	1816
777	1856
777	1883
777	1887
777	1897
777	1938
777	1961
777	1969
777	1992
785	786
785	822
785	868
785	880
785	885
785	887
785	907
785	912
785	945
785	977
785	1006
785	1042
785	1080
785	1087
785	1140
785	1190
785	1193
785	1220
785	1224
785	1251
785	1258
785	1273
785	1279
785	1312
785	1355
785	1358
785	1373
785	1431
785	1486
785	1496
785	1531
785	1628
785	1630
785	1650
785	1810
785	1817
785	1883
785	1894
785	1963
786	805
786	814
786	825
786	839
786	868
786	907
786	908
786	911
786	935
786	976
786	977
786	991
786	1000
786	1006
786	1008
786	1042
786	1079
786	1080
786	1087
786	1105
786	1127
786	1140
786	1190
786	1193
786	1201
786	1251
786	1279
786	1296
786	1302
786	1358
786	1378
786	1431
786	1479
786	1486
786	1496
786	1628
786	1630
786	1666
786	1773
786	1810
786	1817
786	1881
786	1887
786	1979
786	1982
786	1994
805	814
805	828
805	839
805	856
805	868
805	880
805	887
805	898
805	911
805	912
805	935
805	976
805	1006
805	1079
805	1080
805	1190
805	1220
805	1258
805	1267
805	1293
805	1296
805	1302
805	1317
805	1333
805	1358
805	1431
805	1467
805	1479
805	1485
805	1531
805	1569
805	1615
805	1617
805	1773
805	1810
805	1910
805	1969
805	1994
814	822
814	825
814	828
814	868
814	885
814	898
814	932
814	945
814	976
814	977
814	1000
814	1051
814	1073
814	1074
814	1193
814	1201
814	1222
814	1296
814	1302
814	1312
814	1313
814	1329
814	1333
814	1355
814	1358
814	1378
814	1407
814	1486
814	1615
814	1617
814	1620
814	1628
814	1630
814	1810
814	1816
814	1817
814	1887
825	839
825	887
825	907
825	908
825	945
825	991
825	1000
825	1008
825	1037
825	1040
825	1042
825	1074
825	1079
825	1190
825	1201
825	1224
825	1234
825	1279
825	1313
825	1358
825	1373
825	1431
825	1467
825	1615
825	1810
825	1883
825	1979
825	1982
856	885
856	887
856	907
856	908
856	911
856	932
856	976
856	977
856	1008
856	1073
856	1087
856	1105
856	1149
856	1172
856	1193
856	1222
856	1234
856	1251
856	1267
856	1296
856	1312
856	1313
856	1329
856	1378
856	1431
856	1531
856	1554
856	1620
856	1647
856	1650
856	1810
856	1856
856	1894
856	1897
856	1910
856	1938
856	1963
856	1994
880	885
880	907
880	911
880	932
880	991
880	1006
880	1040
880	1051
880	1073
880	1074
880	1080
880	1105
880	1127
880	1140
880	1182
880	1193
880	1199
880	1201
880	1222
880	1230
880	1258
880	1293
880	1355
880	1378
880	1431
880	1479
880	1486
880	1531
880	1569
880	1617
880	1630
880	1650
880	1666
885	898
885	908
885	912
885	932
885	935
885	945
885	991
885	1037
885	1040
885	1042
885	1073
885	1087
885	1140
885	1222
885	1251
885	1269
885	1317
885	1329
885	1333
885	1355
885	1467
885	1479
885	1486
885	1615
885	1630
885	1666
885	1695
885	1810
885	1856
885	1992
887	898
887	912
887	945
887	976
887	977
887	1000
887	1006
887	1008
887	1051
887	1074
887	1105
887	1127
887	1149
887	1199
887	1201
887	1220
887	1222
887	1224
887	1234
887	1269
887	1273
887	1279
887	1312
887	1329
887	1355
887	1431
887	1569
887	1628
887	1630
887	1666
887	1816
887	1856
887	1897
887	1969
898	907
898	908
898	912
898	932
898	945
898	977
898	1040
898	1073
898	1149
898	1172
898	1190
898	1199
898	1220
898	1251
898	1273
898	1279
898	1317
898	1329
898	1358
898	1531
898	1617
898	1856
898	1881
898	1894
908	932
908	976
908	991
908	1008
908	1037
908	1040
908	1042
908	1080
908	1087
908	1140
908	1190
908	1222
908	1224
908	1230
908	1251
908	1267
908	1269
908	1293
908	1302
908	1373
908	1378
908	1485
908	1647
908	1650
908	1712
908	1810
908	1856
908	1938
908	1961
908	1963
908	1979
945	1006
945	1037
945	1040
945	1042
945	1051
945	1080
945	1087
945	1182
945	1193
945	1199
945	1222
945	1230
945	1269
945	1273
945	1302
945	1312
945	1313
945	1355
945	1373
945	1431
945	1630
945	1816
945	1856
945	1883
945	1897
945	1910
977	991
977	1006
977	1008
977	1037
977	1042
977	1051
977	1074
977	1149
977	1193
977	1224
977	1251
977	1267
977	1273
977	1302
977	1378
977	1467
977	1485
977	1628
977	1647
977	1666
977	1695
977	1856
977	1887
977	1894
977	1969
977	1992
977	1994
1006	1042
1006	1051
1006	1073
1006	1199
1006	1224
1006	1230
1006	1267
1006	1269
1006	1293
1006	1329
1006	1467
1006	1485
1006	1496
1006	1554
1006	1569
1006	1620
1006	1628
1006	1695
1006	1810
1006	1856
1006	1897
1006	1938
1006	1969
1006	1990
1008	1040
1008	1080
1008	1087
1008	1172
1008	1182
1008	1201
1008	1222
1008	1251
1008	1258
1008	1269
1008	1302
1008	1312
1008	1313
1008	1317
1008	1333
1008	1358
1008	1378
1008	1431
1008	1479
1008	1569
1008	1615
1008	1666
1008	1695
1008	1810
1008	1881
1008	1883
1008	1887
1008	1979
1042	1051
1042	1073
1042	1074
1042	1087
1042	1105
1042	1127
1042	1140
1042	1182
1042	1193
1042	1199
1042	1222
1042	1224
1042	1234
1042	1251
1042	1258
1042	1273
1042	1279
1042	1302
1042	1329
1042	1355
1042	1373
1042	1378
1042	1531
1042	1617
1042	1620
1042	1628
1042	1695
1042	1712
1042	1816
1042	1856
1042	1894
1042	1961
1042	1969
1042	1994
1051	1073
1051	1105
1051	1127
1051	1140
1051	1222
1051	1258
1051	1269
1051	1273
1051	1312
1051	1329
1051	1355
1051	1358
1051	1467
1051	1486
1051	1615
1051	1773
1051	1785
1051	1883
1051	1894
1051	1897
1051	1910
1051	1969
1079	1105
1079	1127
1079	1140
1079	1149
1079	1193
1079	1199
1079	1224
1079	1251
1079	1258
1079	1296
1079	1317
1079	1329
1079	1358
1079	1373
1079	1378
1079	1407
1079	1467
1079	1486
1079	1531
1079	1647
1079	1666
1079	1695
1079	1712
1079	1816
1079	1881
1079	1897
1079	1963
1079	1994
1190	1199
1190	1258
1190	1293
1190	1373
1190	1378
1190	1554
1190	1569
1190	1620
1190	1628
1190	1630
1190	1773
1190	1785
1190	1810
1190	1816
1190	1881
1190	1979
1222	1224
1222	1267
1222	1269
1222	1273
1222	1293
1222	1312
1222	1313
1222	1358
1222	1373
1222	1378
1222	1407
1222	1712
1222	1856
1222	1881
1222	1897
1222	1961
1222	1963
1222	1979
1222	1992
1279	1407
1279	1431
1279	1467
1279	1479
1279	1615
1279	1785
1279	1990
1279	1992
1293	1296
1293	1467
1293	1479
1293	1617
1293	1620
1293	1712
1293	1816
1293	1883
1293	1894
1293	1938
1293	1979
1293	1990
1312	1313
1312	1317
1312	1329
1312	1333
1312	1358
1312	1486
1312	1531
1312	1569
1312	1620
1312	1785
1312	1810
1312	1856
1312	1887
1312	1897
1312	1910
1431	1485
1431	1486
1431	1496
1431	1531
1431	1554
1431	1617
1431	1816
1431	1856
1431	1982
1620	1628
1620	1817
1620	1897
1620	1969
1620	1979
1666	1897
1666	1979
1856	1881
1856	1979
1856	1992
1938	1992
1961	1963
911	912
911	932
911	945
911	991
911	1006
911	1073
911	1074
911	1105
911	1140
911	1149
911	1182
911	1193
911	1199
911	1251
911	1258
911	1267
911	1269
911	1296
911	1312
911	1329
911	1355
911	1378
911	1486
911	1554
911	1569
911	1615
911	1630
911	1650
911	1712
911	1883
911	1961
911	1982
911	1992
911	1994
912	976
912	1042
912	1079
912	1190
912	1193
912	1220
912	1224
912	1230
912	1273
912	1279
912	1296
912	1302
912	1312
912	1329
912	1333
912	1358
912	1407
912	1485
912	1486
912	1615
912	1620
912	1628
912	1650
912	1883
912	1894
912	1938
912	1961
912	1969
932	977
932	1074
932	1079
932	1105
932	1140
932	1149
932	1182
932	1193
932	1201
932	1224
932	1230
932	1258
932	1267
932	1279
932	1317
932	1431
932	1467
932	1485
932	1531
932	1615
932	1650
932	1817
932	1961
932	1979
932	1982
932	1990
991	1040
991	1042
991	1073
991	1105
991	1127
991	1149
991	1172
991	1193
991	1199
991	1234
991	1269
991	1293
991	1313
991	1317
991	1329
991	1378
991	1467
991	1615
991	1620
991	1666
991	1773
991	1785
991	1938
991	1963
991	1994
1105	1127
1105	1140
1105	1190
1105	1193
1105	1251
1105	1279
1105	1302
1105	1531
1105	1554
1105	1569
1105	1712
1105	1785
1140	1149
1140	1222
1140	1224
1140	1230
1140	1234
1140	1273
1140	1293
1140	1302
1140	1313
1140	1317
1140	1333
1140	1373
1140	1620
1140	1647
1140	1695
1140	1816
1140	1881
1140	1887
1172	1190
1172	1193
1172	1234
1172	1269
1172	1302
1172	1312
1172	1333
1172	1373
1172	1467
1172	1992
1201	1222
1201	1234
1201	1251
1201	1267
1201	1279
1201	1302
1201	1317
1201	1355
1201	1373
1201	1407
1201	1617
1201	1647
1201	1785
1201	1810
1201	1816
1201	1883
1201	1961
1201	1982
1554	1712
1554	1856
1554	1963
1554	1979
1569	1630
1569	1881
1569	1969
1569	1982
1628	1650
1628	1712
1628	1817
1628	1883
1628	1961
1628	1969
1628	1994
1785	1897
810	825
810	828
810	839
810	885
810	911
810	932
810	935
810	945
810	976
810	977
810	1008
810	1042
810	1079
810	1127
810	1140
810	1182
810	1222
810	1224
810	1251
810	1269
810	1273
810	1279
810	1293
810	1296
810	1312
810	1317
810	1355
810	1378
810	1467
810	1485
810	1617
810	1650
810	1695
810	1817
810	1881
810	1887
810	1897
810	1910
810	1961
810	1979
868	880
868	885
868	898
868	932
868	945
868	977
868	1006
868	1074
868	1079
868	1087
868	1127
868	1140
868	1220
868	1224
868	1234
868	1251
868	1273
868	1293
868	1317
868	1355
868	1358
868	1407
868	1479
868	1554
868	1569
868	1615
868	1712
868	1810
868	1894
868	1938
868	1979
868	1982
868	1990
1073	1182
1073	1193
1073	1220
1073	1224
1073	1230
1073	1269
1073	1279
1073	1293
1073	1355
1073	1358
1073	1373
1073	1407
1073	1431
1073	1485
1073	1496
1073	1617
1073	1620
1073	1712
1073	1773
1073	1816
1073	1938
1230	1258
1230	1373
1230	1378
1230	1467
1230	1485
1230	1486
1230	1496
1230	1554
1230	1650
1230	1712
1230	1773
1230	1785
1230	1810
1230	1817
1230	1910
1230	1969
1230	1979
1230	1982
1230	1992
1230	1994
1317	1333
1317	1378
1317	1467
1317	1496
1317	1531
1317	1569
1317	1615
1317	1617
1317	1650
1317	1810
1317	1881
1317	1883
1317	1894
1317	1910
1317	1938
1317	1982
1355	1407
1355	1431
1355	1467
1355	1479
1355	1486
1355	1496
1355	1628
1355	1695
1355	1856
1355	1982
1630	1773
1630	1910
1630	1963
1695	1785
1695	1810
1695	1816
1695	1881
1695	1969
1712	1961
1712	1982
1712	1992
1883	1938
1883	1982
1883	1992
1883	1994
1963	1979
1963	1992
1234	1267
1234	1269
1234	1302
1234	1355
1234	1431
1234	1486
1234	1531
1234	1569
1234	1650
1234	1897
1234	1969
1234	1990
1313	1333
1313	1431
1313	1554
1313	1617
1313	1620
1313	1647
1313	1666
1313	1910
1313	1990
1485	1531
1485	1666
1486	1531
1486	1554
1486	1617
1486	1628
1486	1650
1486	1785
1486	1887
1486	1894
1486	1910
1773	1810
1773	1816
1773	1881
1773	1897
1773	1938
1773	1979
1773	1982
1224	1251
1224	1258
1224	1267
1224	1312
1224	1313
1224	1569
1224	1785
1224	1883
1224	1963
1224	1994
1273	1293
1273	1317
1273	1333
1273	1358
1273	1431
1273	1486
1273	1554
1273	1617
1273	1628
1273	1695
1273	1773
1273	1817
1273	1938
1273	1961
1273	1969
1296	1313
1296	1333
1296	1358
1296	1407
1296	1486
1296	1554
1296	1615
1296	1856
1296	1887
1407	1467
1407	1569
1407	1883
1407	1961
1407	1963
1407	1969
1881	1894
1149	1172
1149	1193
1149	1201
1149	1220
1149	1230
1149	1258
1149	1267
1149	1279
1149	1317
1149	1329
1149	1333
1149	1373
1149	1407
1149	1496
1149	1630
1149	1773
1149	1785
1149	1816
