# Undirected graph (each unordered pair of nodes is saved once): output/networks/ScaleFree500removeDegree-85percent.txt
# Nodes: 300 Edges: 6726
# NodeId	NodeId
1175	1445
1175	1463
1175	1467
1175	1517
1175	1535
1175	1542
1175	1545
1175	1572
1175	1612
1175	1633
1175	1640
1175	1644
1175	1649
1175	1671
1175	1705
1175	1706
1175	1720
1175	1724
1175	1726
1175	1727
1175	1735
1175	1743
1175	1767
1175	1800
1175	1806
1175	1807
1175	1822
1175	1837
1175	1851
1175	1860
1175	1875
1175	1876
1175	1886
1175	1891
1175	1893
1175	1902
1175	1904
1175	1916
1175	1935
1175	1936
1175	1944
1175	1958
1175	1965
1175	1966
1175	1969
1175	1975
1175	1976
1205	1307
1205	1360
1205	1372
1205	1434
1205	1435
1205	1456
1205	1574
1205	1590
1205	1591
1205	1612
1205	1623
1205	1653
1205	1655
1205	1657
1205	1672
1205	1683
1205	1703
1205	1704
1205	1726
1205	1741
1205	1765
1205	1769
1205	1776
1205	1814
1205	1823
1205	1824
1205	1861
1205	1865
1205	1878
1205	1884
1205	1886
1205	1915
1205	1916
1205	1919
1205	1932
1205	1938
1205	1939
1205	1941
1205	1943
1205	1944
1205	1962
1205	1976
1205	1977
1205	1988
1205	1992
1205	1996
1219	1407
1219	1445
1219	1458
1219	1461
1219	1501
1219	1517
1219	1561
1219	1570
1219	1582
1219	1591
1219	1600
1219	1617
1219	1655
1219	1657
1219	1663
1219	1671
1219	1704
1219	1718
1219	1722
1219	1724
1219	1725
1219	1729
1219	1731
1219	1759
1219	1772
1219	1801
1219	1805
1219	1821
1219	1822
1219	1823
1219	1829
1219	1843
1219	1847
1219	1848
1219	1864
1219	1865
1219	1867
1219	1871
1219	1877
1219	1902
1219	1919
1219	1939
1219	1940
1219	1958
1219	1962
1219	1970
1219	1973
1219	1974
1219	1983
1219	1987
1219	1992
1219	1997
1307	1497
1307	1535
1307	1545
1307	1550
1307	1563
1307	1591
1307	1592
1307	1600
1307	1602
1307	1613
1307	1617
1307	1619
1307	1623
1307	1632
1307	1633
1307	1644
1307	1646
1307	1649
1307	1657
1307	1669
1307	1672
1307	1683
1307	1686
1307	1718
1307	1724
1307	1731
1307	1760
1307	1797
1307	1798
1307	1807
1307	1818
1307	1822
1307	1827
1307	1841
1307	1845
1307	1861
1307	1883
1307	1902
1307	1906
1307	1919
1307	1921
1307	1925
1307	1939
1307	1940
1307	1974
1307	1975
1307	1977
1307	1987
1360	1389
1360	1404
1360	1539
1360	1553
1360	1563
1360	1570
1360	1591
1360	1618
1360	1619
1360	1669
1360	1707
1360	1709
1360	1715
1360	1720
1360	1725
1360	1726
1360	1734
1360	1744
1360	1753
1360	1794
1360	1812
1360	1828
1360	1829
1360	1834
1360	1840
1360	1849
1360	1875
1360	1882
1360	1884
1360	1910
1360	1916
1360	1926
1360	1930
1360	1935
1360	1938
1360	1959
1360	1962
1360	1965
1360	1966
1360	1968
1360	1973
1360	1974
1360	1979
1360	1997
1360	1999
1372	1379
1372	1461
1372	1467
1372	1594
1372	1615
1372	1619
1372	1644
1372	1651
1372	1655
1372	1729
1372	1731
1372	1742
1372	1760
1372	1776
1372	1816
1372	1817
1372	1820
1372	1823
1372	1828
1372	1832
1372	1834
1372	1844
1372	1846
1372	1853
1372	1864
1372	1865
1372	1869
1372	1877
1372	1883
1372	1884
1372	1886
1372	1902
1372	1910
1372	1916
1372	1926
1372	1930
1372	1932
1372	1939
1372	1947
1372	1955
1372	1959
1372	1964
1372	1971
1372	1973
1372	1977
1372	1979
1372	1987
1372	1992
1374	1404
1374	1424
1374	1479
1374	1497
1374	1518
1374	1535
1374	1551
1374	1590
1374	1597
1374	1599
1374	1613
1374	1615
1374	1634
1374	1640
1374	1649
1374	1669
1374	1670
1374	1695
1374	1706
1374	1708
1374	1720
1374	1732
1374	1744
1374	1753
1374	1768
1374	1776
1374	1782
1374	1807
1374	1817
1374	1820
1374	1842
1374	1846
1374	1860
1374	1867
1374	1871
1374	1899
1374	1919
1374	1930
1374	1936
1374	1939
1374	1941
1374	1957
1374	1966
1374	1974
1374	1985
1374	1999
1379	1424
1379	1434
1379	1445
1379	1456
1379	1501
1379	1517
1379	1528
1379	1572
1379	1582
1379	1593
1379	1595
1379	1597
1379	1634
1379	1636
1379	1640
1379	1649
1379	1651
1379	1657
1379	1674
1379	1683
1379	1703
1379	1704
1379	1715
1379	1729
1379	1738
1379	1767
1379	1768
1379	1802
1379	1823
1379	1834
1379	1846
1379	1847
1379	1849
1379	1867
1379	1875
1379	1876
1379	1886
1379	1909
1379	1910
1379	1923
1379	1930
1379	1935
1379	1942
1379	1963
1379	1968
1379	1969
1379	1970
1379	1975
1379	1989
1379	1992
1379	1995
1389	1435
1389	1461
1389	1479
1389	1497
1389	1517
1389	1536
1389	1546
1389	1591
1389	1595
1389	1597
1389	1640
1389	1644
1389	1651
1389	1663
1389	1672
1389	1695
1389	1722
1389	1725
1389	1726
1389	1731
1389	1734
1389	1743
1389	1750
1389	1767
1389	1776
1389	1797
1389	1823
1389	1832
1389	1834
1389	1844
1389	1851
1389	1853
1389	1859
1389	1867
1389	1878
1389	1882
1389	1886
1389	1893
1389	1907
1389	1909
1389	1921
1389	1930
1389	1938
1389	1955
1389	1961
1404	1435
1404	1459
1404	1478
1404	1535
1404	1542
1404	1564
1404	1574
1404	1595
1404	1597
1404	1599
1404	1619
1404	1623
1404	1649
1404	1694
1404	1706
1404	1715
1404	1716
1404	1720
1404	1742
1404	1749
1404	1774
1404	1783
1404	1805
1404	1816
1404	1830
1404	1834
1404	1848
1404	1859
1404	1860
1404	1869
1404	1877
1404	1883
1404	1886
1404	1890
1404	1901
1404	1902
1404	1906
1404	1915
1404	1923
1404	1925
1404	1933
1404	1938
1404	1939
1404	1943
1404	1961
1404	1971
1404	1986
1424	1438
1424	1445
1424	1487
1424	1518
1424	1540
1424	1542
1424	1546
1424	1555
1424	1623
1424	1644
1424	1653
1424	1686
1424	1704
1424	1716
1424	1722
1424	1760
1424	1768
1424	1775
1424	1777
1424	1798
1424	1826
1424	1827
1424	1830
1424	1844
1424	1860
1424	1864
1424	1876
1424	1878
1424	1882
1424	1883
1424	1894
1424	1902
1424	1903
1424	1904
1424	1906
1424	1925
1424	1931
1424	1938
1424	1959
1424	1964
1424	1973
1424	1980
1424	1986
1435	1438
1435	1445
1435	1459
1435	1487
1435	1542
1435	1545
1435	1563
1435	1564
1435	1572
1435	1593
1435	1613
1435	1619
1435	1633
1435	1653
1435	1657
1435	1670
1435	1676
1435	1687
1435	1709
1435	1738
1435	1750
1435	1805
1435	1814
1435	1824
1435	1829
1435	1847
1435	1848
1435	1853
1435	1859
1435	1869
1435	1886
1435	1899
1435	1900
1435	1904
1435	1930
1435	1934
1435	1945
1435	1966
1435	1970
1435	1986
1445	1517
1445	1528
1445	1539
1445	1550
1445	1592
1445	1593
1445	1600
1445	1613
1445	1618
1445	1619
1445	1647
1445	1663
1445	1687
1445	1728
1445	1729
1445	1734
1445	1741
1445	1775
1445	1794
1445	1801
1445	1802
1445	1807
1445	1816
1445	1844
1445	1845
1445	1848
1445	1849
1445	1850
1445	1865
1445	1867
1445	1876
1445	1880
1445	1890
1445	1894
1445	1906
1445	1915
1445	1925
1445	1932
1445	1939
1445	1944
1445	1951
1445	1960
1445	1968
1445	1973
1445	1993
1456	1467
1456	1479
1456	1536
1456	1545
1456	1561
1456	1572
1456	1597
1456	1602
1456	1612
1456	1634
1456	1646
1456	1649
1456	1670
1456	1715
1456	1718
1456	1726
1456	1734
1456	1741
1456	1755
1456	1760
1456	1774
1456	1797
1456	1805
1456	1830
1456	1832
1456	1839
1456	1846
1456	1851
1456	1864
1456	1869
1456	1877
1456	1878
1456	1899
1456	1903
1456	1904
1456	1907
1456	1909
1456	1931
1456	1951
1456	1961
1456	1977
1456	1987
1456	1992
1456	1993
1456	1995
1459	1463
1459	1517
1459	1550
1459	1566
1459	1592
1459	1636
1459	1646
1459	1647
1459	1655
1459	1672
1459	1676
1459	1707
1459	1716
1459	1741
1459	1744
1459	1753
1459	1760
1459	1775
1459	1776
1459	1802
1459	1848
1459	1859
1459	1877
1459	1878
1459	1882
1459	1885
1459	1901
1459	1910
1459	1925
1459	1938
1459	1952
1459	1955
1459	1958
1459	1966
1459	1970
1459	1988
1459	1993
1459	1999
1461	1478
1461	1518
1461	1536
1461	1553
1461	1563
1461	1564
1461	1566
1461	1597
1461	1598
1461	1649
1461	1651
1461	1686
1461	1702
1461	1727
1461	1729
1461	1744
1461	1759
1461	1768
1461	1769
1461	1801
1461	1817
1461	1830
1461	1841
1461	1843
1461	1844
1461	1897
1461	1900
1461	1915
1461	1919
1461	1920
1461	1922
1461	1925
1461	1932
1461	1934
1461	1936
1461	1944
1461	1963
1461	1973
1461	1977
1461	1993
1461	1996
1463	1479
1463	1528
1463	1540
1463	1551
1463	1561
1463	1620
1463	1623
1463	1681
1463	1707
1463	1732
1463	1741
1463	1743
1463	1767
1463	1772
1463	1783
1463	1814
1463	1816
1463	1846
1463	1852
1463	1859
1463	1877
1463	1880
1463	1899
1463	1916
1463	1937
1463	1947
1463	1952
1463	1953
1463	1957
1463	1959
1463	1970
1463	1982
1463	1997
1467	1518
1467	1574
1467	1598
1467	1613
1467	1619
1467	1633
1467	1647
1467	1671
1467	1676
1467	1681
1467	1683
1467	1687
1467	1728
1467	1732
1467	1743
1467	1755
1467	1768
1467	1782
1467	1787
1467	1807
1467	1816
1467	1817
1467	1823
1467	1829
1467	1839
1467	1845
1467	1851
1467	1852
1467	1883
1467	1893
1467	1906
1467	1920
1467	1922
1467	1925
1467	1943
1467	1945
1467	1957
1467	1959
1467	1969
1467	1970
1467	1974
1467	1975
1467	1979
1478	1479
1478	1497
1478	1517
1478	1528
1478	1536
1478	1574
1478	1592
1478	1618
1478	1632
1478	1649
1478	1651
1478	1692
1478	1718
1478	1731
1478	1734
1478	1741
1478	1772
1478	1791
1478	1798
1478	1802
1478	1827
1478	1845
1478	1865
1478	1875
1478	1880
1478	1883
1478	1886
1478	1893
1478	1906
1478	1922
1478	1936
1478	1940
1478	1942
1478	1947
1478	1951
1478	1953
1478	1955
1478	1964
1478	1975
1478	1976
1478	1979
1478	1980
1479	1539
1479	1545
1479	1553
1479	1561
1479	1574
1479	1599
1479	1647
1479	1655
1479	1667
1479	1702
1479	1703
1479	1708
1479	1715
1479	1718
1479	1729
1479	1741
1479	1772
1479	1801
1479	1805
1479	1812
1479	1816
1479	1842
1479	1848
1479	1860
1479	1865
1479	1893
1479	1907
1479	1910
1479	1915
1479	1923
1479	1935
1479	1944
1479	1960
1501	1535
1501	1539
1501	1570
1501	1590
1501	1598
1501	1599
1501	1618
1501	1620
1501	1632
1501	1657
1501	1672
1501	1676
1501	1686
1501	1704
1501	1706
1501	1732
1501	1734
1501	1750
1501	1755
1501	1765
1501	1767
1501	1800
1501	1801
1501	1806
1501	1818
1501	1824
1501	1826
1501	1828
1501	1829
1501	1841
1501	1864
1501	1881
1501	1883
1501	1884
1501	1891
1501	1897
1501	1903
1501	1940
1501	1941
1501	1973
1501	1992
1501	1996
1507	1545
1507	1551
1507	1561
1507	1564
1507	1594
1507	1599
1507	1618
1507	1644
1507	1646
1507	1651
1507	1669
1507	1672
1507	1676
1507	1694
1507	1701
1507	1720
1507	1727
1507	1732
1507	1735
1507	1753
1507	1767
1507	1772
1507	1797
1507	1798
1507	1805
1507	1816
1507	1835
1507	1840
1507	1841
1507	1906
1507	1907
1507	1925
1507	1933
1507	1934
1507	1956
1507	1965
1507	1966
1507	1969
1507	1975
1507	1979
1507	1984
1517	1539
1517	1545
1517	1563
1517	1564
1517	1592
1517	1598
1517	1619
1517	1623
1517	1653
1517	1674
1517	1687
1517	1705
1517	1770
1517	1777
1517	1783
1517	1812
1517	1820
1517	1822
1517	1823
1517	1824
1517	1843
1517	1846
1517	1855
1517	1880
1517	1885
1517	1894
1517	1897
1517	1903
1517	1910
1517	1916
1517	1919
1517	1939
1517	1940
1517	1942
1517	1944
1517	1945
1517	1947
1517	1955
1517	1957
1517	1980
1517	1984
1517	1993
1517	1995
1518	1528
1518	1539
1518	1551
1518	1553
1518	1555
1518	1582
1518	1595
1518	1613
1518	1615
1518	1619
1518	1632
1518	1640
1518	1644
1518	1653
1518	1655
1518	1686
1518	1687
1518	1694
1518	1695
1518	1702
1518	1709
1518	1715
1518	1722
1518	1725
1518	1735
1518	1797
1518	1823
1518	1830
1518	1843
1518	1859
1518	1864
1518	1901
1518	1906
1518	1909
1518	1915
1518	1923
1518	1934
1518	1940
1518	1959
1518	1988
1518	1995
1528	1533
1528	1542
1528	1550
1528	1555
1528	1582
1528	1600
1528	1617
1528	1618
1528	1667
1528	1702
1528	1705
1528	1707
1528	1715
1528	1732
1528	1765
1528	1767
1528	1774
1528	1830
1528	1847
1528	1862
1528	1865
1528	1875
1528	1890
1528	1893
1528	1902
1528	1904
1528	1916
1528	1930
1528	1931
1528	1942
1528	1943
1528	1952
1528	1982
1528	1987
1528	1988
1533	1539
1533	1553
1533	1588
1533	1597
1533	1617
1533	1634
1533	1644
1533	1651
1533	1663
1533	1669
1533	1715
1533	1720
1533	1721
1533	1722
1533	1731
1533	1734
1533	1765
1533	1772
1533	1777
1533	1783
1533	1791
1533	1823
1533	1826
1533	1835
1533	1848
1533	1852
1533	1861
1533	1864
1533	1869
1533	1871
1533	1881
1533	1890
1533	1904
1533	1926
1533	1940
1533	1951
1533	1964
1533	1969
1533	1970
1533	1971
1533	1973
1533	1982
1533	1989
1533	1994
1533	1998
1533	1999
1539	1542
1539	1545
1539	1546
1539	1550
1539	1591
1539	1594
1539	1618
1539	1634
1539	1651
1539	1663
1539	1670
1539	1674
1539	1676
1539	1681
1539	1694
1539	1725
1539	1727
1539	1728
1539	1731
1539	1755
1539	1772
1539	1807
1539	1824
1539	1827
1539	1852
1539	1853
1539	1882
1539	1883
1539	1891
1539	1923
1539	1925
1539	1926
1539	1934
1539	1945
1539	1952
1539	1962
1539	1965
1539	1968
1539	1986
1539	1998
1542	1574
1542	1593
1542	1602
1542	1619
1542	1681
1542	1686
1542	1701
1542	1727
1542	1728
1542	1744
1542	1767
1542	1772
1542	1783
1542	1827
1542	1829
1542	1830
1542	1834
1542	1835
1542	1850
1542	1853
1542	1861
1542	1880
1542	1882
1542	1900
1542	1902
1542	1926
1542	1932
1542	1937
1542	1939
1542	1944
1542	1959
1542	1963
1542	1983
1542	1992
1542	1995
1545	1561
1545	1563
1545	1595
1545	1619
1545	1620
1545	1636
1545	1676
1545	1707
1545	1709
1545	1721
1545	1729
1545	1735
1545	1767
1545	1775
1545	1782
1545	1791
1545	1802
1545	1806
1545	1817
1545	1827
1545	1834
1545	1840
1545	1860
1545	1861
1545	1871
1545	1875
1545	1878
1545	1894
1545	1906
1545	1907
1545	1909
1545	1915
1545	1938
1545	1943
1545	1944
1545	1962
1545	1970
1545	1988
1545	1989
1545	1999
1546	1561
1546	1570
1546	1591
1546	1594
1546	1597
1546	1598
1546	1618
1546	1623
1546	1644
1546	1676
1546	1683
1546	1686
1546	1703
1546	1718
1546	1720
1546	1759
1546	1760
1546	1765
1546	1774
1546	1782
1546	1806
1546	1816
1546	1830
1546	1837
1546	1839
1546	1852
1546	1859
1546	1860
1546	1864
1546	1881
1546	1909
1546	1916
1546	1921
1546	1922
1546	1951
1546	1957
1546	1962
1546	1984
1546	1989
1546	1998
1550	1563
1550	1566
1550	1582
1550	1590
1550	1612
1550	1633
1550	1636
1550	1644
1550	1651
1550	1708
1550	1725
1550	1727
1550	1731
1550	1743
1550	1759
1550	1768
1550	1774
1550	1798
1550	1812
1550	1820
1550	1828
1550	1842
1550	1844
1550	1845
1550	1859
1550	1867
1550	1871
1550	1878
1550	1882
1550	1884
1550	1897
1550	1920
1550	1936
1550	1952
1550	1966
1550	1974
1550	1977
1550	1987
1550	1994
1551	1553
1551	1561
1551	1570
1551	1600
1551	1623
1551	1646
1551	1670
1551	1694
1551	1705
1551	1707
1551	1724
1551	1731
1551	1741
1551	1744
1551	1755
1551	1774
1551	1783
1551	1791
1551	1805
1551	1823
1551	1829
1551	1841
1551	1846
1551	1859
1551	1869
1551	1878
1551	1880
1551	1893
1551	1904
1551	1932
1551	1940
1551	1943
1551	1944
1551	1958
1551	1960
1551	1968
1551	1979
1551	1989
1551	1993
1551	1996
1551	1997
1553	1564
1553	1574
1553	1602
1553	1615
1553	1620
1553	1649
1553	1671
1553	1672
1553	1701
1553	1725
1553	1728
1553	1729
1553	1731
1553	1741
1553	1787
1553	1794
1553	1821
1553	1824
1553	1842
1553	1875
1553	1894
1553	1901
1553	1909
1553	1910
1553	1921
1553	1944
1553	1951
1553	1959
1553	1968
1553	1970
1553	1971
1553	1980
1553	1985
1553	1986
1553	1989
1563	1566
1563	1570
1563	1588
1563	1597
1563	1600
1563	1617
1563	1632
1563	1653
1563	1655
1563	1667
1563	1672
1563	1731
1563	1738
1563	1741
1563	1742
1563	1765
1563	1800
1563	1814
1563	1822
1563	1824
1563	1827
1563	1840
1563	1845
1563	1876
1563	1893
1563	1897
1563	1934
1563	1936
1563	1940
1563	1943
1563	1951
1563	1965
1563	1970
1563	1973
1563	1974
1563	1982
1563	1986
1563	1993
1563	1995
1563	1998
1572	1574
1572	1592
1572	1593
1572	1594
1572	1595
1572	1612
1572	1618
1572	1623
1572	1651
1572	1653
1572	1672
1572	1695
1572	1720
1572	1722
1572	1732
1572	1738
1572	1742
1572	1775
1572	1783
1572	1829
1572	1840
1572	1852
1572	1862
1572	1864
1572	1902
1572	1909
1572	1910
1572	1915
1572	1921
1572	1933
1572	1958
1572	1965
1572	1968
1572	1976
1572	1987
1572	1992
1572	1994
1574	1591
1574	1613
1574	1636
1574	1667
1574	1695
1574	1705
1574	1708
1574	1720
1574	1721
1574	1729
1574	1742
1574	1743
1574	1744
1574	1755
1574	1765
1574	1767
1574	1774
1574	1787
1574	1826
1574	1851
1574	1860
1574	1904
1574	1907
1574	1910
1574	1936
1574	1942
1574	1953
1574	1960
1574	1964
1574	1965
1574	1970
1574	1974
1574	1977
1574	1980
1574	1982
1574	1994
1582	1595
1582	1619
1582	1623
1582	1632
1582	1653
1582	1657
1582	1674
1582	1676
1582	1683
1582	1686
1582	1695
1582	1719
1582	1731
1582	1743
1582	1744
1582	1749
1582	1772
1582	1776
1582	1777
1582	1782
1582	1783
1582	1818
1582	1835
1582	1841
1582	1846
1582	1848
1582	1851
1582	1852
1582	1876
1582	1878
1582	1883
1582	1884
1582	1894
1582	1900
1582	1910
1582	1925
1582	1926
1582	1931
1582	1933
1582	1937
1582	1947
1582	1965
1591	1667
1591	1670
1591	1686
1591	1719
1591	1759
1591	1760
1591	1765
1591	1774
1591	1801
1591	1802
1591	1807
1591	1814
1591	1829
1591	1835
1591	1839
1591	1842
1591	1860
1591	1881
1591	1882
1591	1885
1591	1894
1591	1904
1591	1907
1591	1920
1591	1922
1591	1935
1591	1936
1591	1937
1591	1939
1591	1959
1591	1968
1591	1969
1591	1977
1591	1989
1591	1997
1591	1999
1592	1612
1592	1613
1592	1617
1592	1619
1592	1640
1592	1655
1592	1707
1592	1715
1592	1724
1592	1741
1592	1753
1592	1767
1592	1774
1592	1802
1592	1817
1592	1822
1592	1839
1592	1840
1592	1845
1592	1853
1592	1869
1592	1871
1592	1878
1592	1893
1592	1901
1592	1903
1592	1906
1592	1915
1592	1922
1592	1923
1592	1925
1592	1926
1592	1932
1592	1941
1592	1952
1592	1961
1592	1968
1592	1973
1592	1974
1592	1982
1592	1983
1594	1595
1594	1600
1594	1613
1594	1620
1594	1655
1594	1670
1594	1702
1594	1704
1594	1715
1594	1728
1594	1729
1594	1732
1594	1734
1594	1742
1594	1753
1594	1760
1594	1797
1594	1798
1594	1805
1594	1817
1594	1834
1594	1845
1594	1850
1594	1864
1594	1877
1594	1883
1594	1897
1594	1921
1594	1922
1594	1934
1594	1939
1594	1942
1594	1951
1594	1952
1594	1953
1594	1958
1594	1963
1594	1966
1594	1969
1594	1983
1594	1986
1594	1989
1595	1600
1595	1602
1595	1612
1595	1613
1595	1619
1595	1632
1595	1636
1595	1640
1595	1644
1595	1649
1595	1653
1595	1655
1595	1667
1595	1671
1595	1672
1595	1694
1595	1702
1595	1721
1595	1726
1595	1743
1595	1750
1595	1760
1595	1787
1595	1798
1595	1805
1595	1824
1595	1826
1595	1830
1595	1846
1595	1861
1595	1881
1595	1936
1595	1941
1595	1944
1595	1956
1595	1987
1599	1612
1599	1634
1599	1640
1599	1670
1599	1672
1599	1683
1599	1692
1599	1694
1599	1704
1599	1707
1599	1720
1599	1721
1599	1725
1599	1729
1599	1749
1599	1750
1599	1768
1599	1772
1599	1797
1599	1800
1599	1835
1599	1846
1599	1850
1599	1861
1599	1862
1599	1882
1599	1883
1599	1884
1599	1893
1599	1904
1599	1910
1599	1915
1599	1920
1599	1926
1599	1932
1599	1939
1599	1942
1599	1945
1599	1951
1599	1955
1599	1970
1599	1971
1599	1994
1600	1612
1600	1613
1600	1620
1600	1655
1600	1667
1600	1683
1600	1692
1600	1702
1600	1709
1600	1722
1600	1724
1600	1759
1600	1765
1600	1783
1600	1787
1600	1801
1600	1812
1600	1830
1600	1837
1600	1840
1600	1841
1600	1847
1600	1852
1600	1853
1600	1855
1600	1861
1600	1867
1600	1877
1600	1882
1600	1883
1600	1916
1600	1951
1600	1960
1600	1968
1600	1969
1600	1970
1600	1982
1600	1983
1600	1995
1600	1997
1602	1613
1602	1671
1602	1674
1602	1706
1602	1716
1602	1721
1602	1726
1602	1728
1602	1729
1602	1744
1602	1753
1602	1765
1602	1782
1602	1807
1602	1823
1602	1824
1602	1828
1602	1837
1602	1843
1602	1848
1602	1852
1602	1853
1602	1867
1602	1869
1602	1897
1602	1900
1602	1920
1602	1922
1602	1923
1602	1926
1602	1937
1602	1941
1602	1947
1602	1957
1602	1968
1602	1975
1602	1996
1613	1618
1613	1632
1613	1657
1613	1663
1613	1709
1613	1722
1613	1725
1613	1726
1613	1783
1613	1787
1613	1807
1613	1820
1613	1821
1613	1830
1613	1839
1613	1847
1613	1848
1613	1862
1613	1864
1613	1878
1613	1882
1613	1901
1613	1904
1613	1907
1613	1916
1613	1930
1613	1933
1613	1953
1613	1971
1613	1973
1613	1977
1613	1979
1613	1983
1613	1993
1613	1996
1615	1620
1615	1633
1615	1634
1615	1644
1615	1646
1615	1671
1615	1695
1615	1715
1615	1750
1615	1772
1615	1800
1615	1812
1615	1824
1615	1830
1615	1834
1615	1851
1615	1890
1615	1903
1615	1909
1615	1920
1615	1926
1615	1939
1615	1945
1615	1957
1615	1958
1615	1960
1615	1964
1615	1974
1615	1975
1615	1979
1615	1985
1617	1620
1617	1632
1617	1644
1617	1681
1617	1686
1617	1703
1617	1707
1617	1719
1617	1721
1617	1727
1617	1734
1617	1743
1617	1744
1617	1750
1617	1765
1617	1768
1617	1782
1617	1797
1617	1801
1617	1807
1617	1812
1617	1821
1617	1840
1617	1849
1617	1855
1617	1869
1617	1880
1617	1897
1617	1930
1617	1937
1617	1940
1617	1957
1617	1958
1617	1969
1617	1984
1617	1997
1617	1999
1634	1644
1634	1649
1634	1655
1634	1692
1634	1706
1634	1718
1634	1759
1634	1767
1634	1768
1634	1797
1634	1807
1634	1814
1634	1821
1634	1839
1634	1845
1634	1852
1634	1871
1634	1930
1634	1942
1634	1943
1634	1966
1634	1989
1634	1992
1634	1993
1634	1994
1634	1999
1636	1640
1636	1644
1636	1651
1636	1663
1636	1670
1636	1681
1636	1692
1636	1707
1636	1750
1636	1774
1636	1791
1636	1812
1636	1821
1636	1827
1636	1859
1636	1860
1636	1862
1636	1875
1636	1876
1636	1884
1636	1902
1636	1934
1636	1936
1636	1938
1636	1939
1636	1941
1636	1968
1636	1974
1636	1975
1636	1987
1636	1988
1636	1992
1636	1993
1636	1995
1636	1999
1647	1657
1647	1663
1647	1670
1647	1681
1647	1708
1647	1715
1647	1716
1647	1750
1647	1753
1647	1768
1647	1806
1647	1820
1647	1824
1647	1830
1647	1837
1647	1845
1647	1861
1647	1862
1647	1869
1647	1871
1647	1890
1647	1910
1647	1920
1647	1926
1647	1933
1647	1935
1647	1947
1647	1966
1647	1988
1647	1992
1647	1994
1647	1999
1649	1651
1649	1667
1649	1695
1649	1702
1649	1706
1649	1727
1649	1728
1649	1731
1649	1759
1649	1806
1649	1816
1649	1817
1649	1827
1649	1830
1649	1834
1649	1835
1649	1848
1649	1849
1649	1862
1649	1878
1649	1884
1649	1885
1649	1922
1649	1951
1649	1969
1649	1970
1649	1982
1649	1983
1649	1984
1649	1988
1649	1989
1649	1996
1649	1998
1653	1683
1653	1695
1653	1706
1653	1707
1653	1735
1653	1741
1653	1742
1653	1753
1653	1767
1653	1770
1653	1777
1653	1798
1653	1802
1653	1827
1653	1839
1653	1851
1653	1853
1653	1855
1653	1861
1653	1864
1653	1875
1653	1876
1653	1890
1653	1891
1653	1893
1653	1902
1653	1909
1653	1910
1653	1921
1653	1923
1653	1925
1653	1947
1653	1963
1653	1964
1653	1966
1653	1968
1653	1975
1653	1977
1653	1995
1655	1681
1655	1683
1655	1686
1655	1707
1655	1720
1655	1741
1655	1765
1655	1767
1655	1775
1655	1806
1655	1807
1655	1816
1655	1828
1655	1844
1655	1847
1655	1848
1655	1884
1655	1886
1655	1899
1655	1922
1655	1930
1655	1933
1655	1938
1655	1940
1655	1942
1655	1947
1655	1951
1655	1958
1655	1984
1657	1672
1657	1683
1657	1707
1657	1708
1657	1729
1657	1743
1657	1750
1657	1760
1657	1765
1657	1776
1657	1783
1657	1797
1657	1800
1657	1806
1657	1820
1657	1822
1657	1824
1657	1826
1657	1842
1657	1862
1657	1880
1657	1883
1657	1899
1657	1900
1657	1902
1657	1904
1657	1935
1657	1956
1657	1968
1657	1974
1657	1994
1657	1999
1670	1674
1670	1681
1670	1687
1670	1709
1670	1718
1670	1732
1670	1750
1670	1753
1670	1775
1670	1777
1670	1806
1670	1812
1670	1824
1670	1844
1670	1846
1670	1848
1670	1851
1670	1852
1670	1865
1670	1876
1670	1899
1670	1909
1670	1919
1670	1932
1670	1940
1670	1941
1670	1961
1670	1968
1670	1974
1670	1986
1670	1987
1674	1702
1674	1703
1674	1705
1674	1708
1674	1719
1674	1727
1674	1742
1674	1777
1674	1798
1674	1801
1674	1820
1674	1829
1674	1837
1674	1875
1674	1880
1674	1886
1674	1900
1674	1906
1674	1916
1674	1920
1674	1923
1674	1933
1674	1940
1674	1942
1674	1943
1674	1958
1674	1963
1674	1968
1674	1984
1674	1994
1702	1721
1702	1731
1702	1732
1702	1741
1702	1750
1702	1760
1702	1765
1702	1768
1702	1769
1702	1798
1702	1806
1702	1821
1702	1845
1702	1847
1702	1849
1702	1850
1702	1865
1702	1871
1702	1875
1702	1880
1702	1903
1702	1916
1702	1945
1702	1951
1702	1958
1702	1962
1702	1970
1702	1983
1702	1985
1702	1987
1702	1993
1706	1721
1706	1726
1706	1735
1706	1744
1706	1749
1706	1770
1706	1774
1706	1797
1706	1800
1706	1814
1706	1822
1706	1841
1706	1843
1706	1852
1706	1853
1706	1871
1706	1884
1706	1907
1706	1922
1706	1934
1706	1947
1706	1951
1706	1966
1706	1974
1706	1975
1706	1984
1715	1718
1715	1721
1715	1727
1715	1742
1715	1765
1715	1776
1715	1782
1715	1791
1715	1806
1715	1812
1715	1818
1715	1822
1715	1823
1715	1835
1715	1865
1715	1878
1715	1880
1715	1890
1715	1921
1715	1930
1715	1935
1715	1937
1715	1941
1715	1942
1715	1945
1715	1953
1715	1957
1715	1982
1716	1724
1716	1755
1716	1770
1716	1775
1716	1776
1716	1783
1716	1816
1716	1824
1716	1828
1716	1832
1716	1841
1716	1848
1716	1852
1716	1862
1716	1878
1716	1882
1716	1906
1716	1934
1716	1944
1716	1961
1716	1964
1716	1968
1716	1977
1716	1998
1726	1728
1726	1735
1726	1741
1726	1753
1726	1769
1726	1829
1726	1840
1726	1845
1726	1853
1726	1862
1726	1864
1726	1903
1726	1915
1726	1923
1726	1931
1726	1933
1726	1938
1726	1951
1726	1957
1726	1960
1726	1961
1726	1966
1726	1968
1726	1980
1726	1982
1726	1986
1726	1987
1726	1993
1729	1738
1729	1768
1729	1775
1729	1782
1729	1783
1729	1787
1729	1821
1729	1829
1729	1835
1729	1841
1729	1847
1729	1851
1729	1853
1729	1867
1729	1877
1729	1883
1729	1916
1729	1919
1729	1922
1729	1935
1729	1940
1729	1956
1729	1957
1729	1968
1729	1973
1729	1984
1729	1986
1729	1989
1729	1992
1732	1760
1732	1777
1732	1782
1732	1783
1732	1800
1732	1821
1732	1823
1732	1828
1732	1844
1732	1850
1732	1861
1732	1865
1732	1876
1732	1882
1732	1885
1732	1916
1732	1920
1732	1944
1732	1961
1732	1962
1732	1966
1732	1974
1732	1986
1732	1994
1741	1743
1741	1744
1741	1769
1741	1777
1741	1782
1741	1797
1741	1800
1741	1805
1741	1814
1741	1820
1741	1821
1741	1829
1741	1840
1741	1842
1741	1844
1741	1876
1741	1878
1741	1883
1741	1884
1741	1903
1741	1907
1741	1916
1741	1922
1741	1935
1741	1937
1741	1957
1741	1960
1741	1969
1741	1971
1741	1973
1741	1984
1741	1985
1741	1996
1742	1759
1742	1760
1742	1767
1742	1782
1742	1783
1742	1818
1742	1827
1742	1830
1742	1834
1742	1837
1742	1850
1742	1859
1742	1861
1742	1884
1742	1893
1742	1902
1742	1907
1742	1925
1742	1936
1742	1940
1742	1944
1742	1945
1742	1956
1742	1960
1742	1965
1742	1968
1742	1974
1742	1977
1742	1979
1742	1987
1744	1770
1744	1777
1744	1787
1744	1823
1744	1830
1744	1843
1744	1852
1744	1859
1744	1860
1744	1875
1744	1878
1744	1884
1744	1886
1744	1891
1744	1901
1744	1902
1744	1904
1744	1910
1744	1933
1744	1958
1744	1966
1744	1983
1744	1987
1753	1765
1753	1776
1753	1787
1753	1794
1753	1798
1753	1841
1753	1853
1753	1859
1753	1923
1753	1934
1753	1939
1753	1947
1753	1965
1753	1971
1753	1973
1753	1977
1753	1987
1753	1992
1753	1995
1770	1782
1770	1797
1770	1801
1770	1807
1770	1814
1770	1827
1770	1832
1770	1840
1770	1846
1770	1869
1770	1899
1770	1901
1770	1922
1770	1926
1770	1930
1770	1957
1770	1971
1770	1980
1770	1998
1772	1777
1772	1800
1772	1805
1772	1814
1772	1824
1772	1830
1772	1834
1772	1837
1772	1839
1772	1840
1772	1843
1772	1850
1772	1883
1772	1885
1772	1890
1772	1894
1772	1902
1772	1915
1772	1922
1772	1938
1772	1939
1772	1963
1772	1989
1783	1791
1783	1823
1783	1827
1783	1828
1783	1834
1783	1843
1783	1850
1783	1867
1783	1878
1783	1904
1783	1906
1783	1926
1783	1934
1783	1941
1783	1944
1783	1953
1783	1955
1783	1968
1794	1807
1794	1812
1794	1816
1794	1821
1794	1826
1794	1828
1794	1834
1794	1837
1794	1841
1794	1848
1794	1852
1794	1855
1794	1859
1794	1877
1794	1900
1794	1919
1794	1947
1794	1952
1794	1959
1794	1964
1794	1970
1794	1982
1800	1806
1800	1840
1800	1843
1800	1846
1800	1861
1800	1867
1800	1869
1800	1877
1800	1883
1800	1891
1800	1899
1800	1902
1800	1930
1800	1934
1800	1937
1800	1938
1800	1951
1800	1952
1800	1956
1800	1973
1800	1998
1816	1820
1816	1828
1816	1832
1816	1834
1816	1841
1816	1846
1816	1855
1816	1871
1816	1886
1816	1897
1816	1903
1816	1930
1816	1933
1816	1968
1816	1975
1816	1982
1816	1983
1816	1986
1817	1818
1817	1821
1817	1834
1817	1839
1817	1845
1817	1855
1817	1875
1817	1876
1817	1885
1817	1899
1817	1903
1817	1921
1817	1959
1817	1973
1817	1979
1817	1986
1817	1997
1817	1999
1822	1828
1822	1837
1822	1839
1822	1842
1822	1853
1822	1855
1822	1862
1822	1865
1822	1882
1822	1884
1822	1885
1822	1890
1822	1901
1822	1903
1822	1906
1822	1915
1822	1923
1822	1932
1822	1957
1822	1962
1822	1965
1822	1968
1822	1974
1822	1988
1822	1992
1822	1993
1822	1994
1823	1828
1823	1835
1823	1839
1823	1859
1823	1885
1823	1893
1823	1903
1823	1933
1823	1939
1823	1947
1823	1952
1823	1953
1823	1966
1823	1970
1823	1979
1823	1989
1823	1995
1823	1996
1828	1829
1828	1830
1828	1848
1828	1871
1828	1878
1828	1894
1828	1903
1828	1904
1828	1907
1828	1922
1828	1931
1828	1936
1828	1956
1828	1959
1828	1974
1828	1980
1828	1982
1828	1994
1828	1996
1828	1998
1829	1832
1829	1849
1829	1850
1829	1859
1829	1862
1829	1871
1829	1884
1829	1899
1829	1915
1829	1934
1829	1936
1829	1938
1829	1975
1829	1976
1829	1983
1829	1986
1829	1988
1829	1996
1835	1853
1835	1860
1835	1875
1835	1878
1835	1883
1835	1893
1835	1900
1835	1903
1835	1907
1835	1921
1835	1922
1835	1937
1835	1941
1835	1947
1835	1953
1835	1955
1835	1960
1835	1962
1835	1974
1835	1997
1840	1841
1840	1855
1840	1861
1840	1869
1840	1881
1840	1900
1840	1916
1840	1923
1840	1930
1840	1940
1840	1942
1840	1955
1840	1959
1840	1963
1840	1966
1840	1973
1841	1855
1841	1862
1841	1891
1841	1893
1841	1906
1841	1933
1841	1940
1841	1976
1841	1987
1841	1998
1841	1999
1842	1851
1842	1865
1842	1881
1842	1902
1842	1910
1842	1932
1842	1938
1842	1955
1842	1958
1842	1966
1842	1976
1842	1995
1842	1999
1848	1859
1848	1862
1848	1871
1848	1878
1848	1881
1848	1893
1848	1926
1848	1935
1848	1943
1848	1963
1848	1965
1848	1975
1848	1987
1848	1996
1851	1876
1851	1878
1851	1886
1851	1890
1851	1891
1851	1894
1851	1897
1851	1899
1851	1901
1851	1909
1851	1915
1851	1919
1851	1920
1851	1923
1851	1931
1851	1932
1851	1938
1851	1945
1851	1959
1851	1984
1851	1999
1853	1860
1853	1877
1853	1880
1853	1886
1853	1890
1853	1899
1853	1906
1853	1907
1853	1922
1853	1931
1853	1932
1853	1968
1853	1984
1853	1992
1853	1993
1859	1876
1859	1880
1859	1881
1859	1886
1859	1902
1859	1907
1859	1910
1859	1916
1859	1923
1859	1936
1859	1952
1859	1956
1859	1958
1859	1975
1859	1976
1859	1982
1859	1994
1861	1875
1861	1899
1861	1902
1861	1904
1861	1920
1861	1921
1861	1923
1861	1936
1861	1951
1861	1959
1861	1960
1861	1965
1861	1993
1861	1996
1864	1882
1864	1885
1864	1893
1864	1894
1864	1897
1864	1919
1864	1923
1864	1930
1864	1960
1864	1966
1864	1969
1864	1971
1864	1976
1864	1983
1864	1985
1864	1993
1864	1996
1864	1998
1875	1899
1875	1901
1875	1904
1875	1941
1875	1942
1875	1971
1875	1975
1875	1980
1878	1883
1878	1900
1878	1901
1878	1930
1878	1933
1878	1937
1878	1940
1878	1952
1878	1960
1878	1961
1878	1971
1878	1973
1878	1975
1878	1980
1884	1885
1884	1886
1884	1903
1884	1906
1884	1910
1884	1919
1884	1939
1884	1963
1884	1973
1894	1899
1894	1901
1894	1903
1894	1919
1894	1920
1894	1930
1894	1937
1894	1952
1894	1953
1894	1955
1894	1959
1894	1980
1894	1984
1897	1900
1897	1909
1897	1910
1897	1919
1897	1923
1897	1936
1897	1963
1897	1970
1897	1977
1897	1994
1897	1997
1899	1915
1899	1916
1899	1939
1899	1947
1899	1964
1899	1984
1899	1992
1899	1999
1900	1919
1900	1922
1900	1925
1900	1926
1900	1940
1900	1953
1900	1962
1900	1963
1900	1969
1900	1980
1900	1982
1902	1939
1902	1943
1902	1975
1902	1989
1906	1910
1906	1926
1906	1953
1906	1955
1906	1963
1906	1973
1906	1977
1906	1983
1906	1986
1910	1916
1910	1925
1910	1964
1910	1966
1910	1970
1910	1973
1910	1982
1919	1920
1919	1942
1919	1959
1919	1961
1919	1963
1919	1966
1919	1970
1919	1977
1919	1984
1919	1995
1919	1997
1919	1999
1921	1922
1921	1925
1921	1930
1921	1932
1921	1933
1921	1940
1921	1968
1921	1976
1921	1987
1921	1998
1926	1934
1926	1938
1926	1982
1926	1984
1926	1995
1931	1937
1931	1940
1931	1945
1931	1951
1931	1957
1931	1973
1931	1980
1932	1965
1932	1968
1932	1992
1932	1996
1937	1941
1937	1942
1937	1943
1937	1951
1937	1952
1937	1953
1937	1955
1937	1956
1937	1973
1937	1975
1937	1979
1937	1995
1939	1951
1939	1952
1939	1961
1939	1962
1939	1983
1939	1998
1940	1941
1940	1955
1940	1956
1940	1965
1940	1989
1940	1996
1944	1947
1944	1956
1944	1958
1944	1970
1944	1980
1944	1984
1944	1988
1944	1993
1944	1999
1945	1961
1945	1985
1951	1955
1951	1964
1951	1974
1951	1979
1951	1983
1951	1998
1958	1965
1958	1969
1958	1980
1958	1986
1958	1988
1959	1963
1959	1974
1959	1980
1959	1992
1959	1993
1959	1998
1964	1971
1964	1979
1964	1987
1964	1994
1975	1976
1975	1983
1975	1995
1977	1984
1977	1986
1977	1998
1979	1996
1979	1997
1982	1983
1982	1994
1982	1996
1986	1987
1986	1992
1988	1999
1995	1997
1996	1999
1300	1305
1300	1360
1300	1463
1300	1501
1300	1539
1300	1574
1300	1588
1300	1594
1300	1620
1300	1647
1300	1655
1300	1683
1300	1728
1300	1755
1300	1783
1300	1787
1300	1798
1300	1802
1300	1807
1300	1821
1300	1823
1300	1834
1300	1835
1300	1846
1300	1851
1300	1852
1300	1853
1300	1859
1300	1884
1300	1902
1300	1909
1300	1915
1300	1919
1300	1920
1300	1923
1300	1926
1300	1931
1300	1939
1300	1940
1300	1943
1300	1955
1300	1962
1300	1964
1300	1983
1300	1984
1300	1993
1300	1999
1305	1461
1305	1478
1305	1497
1305	1518
1305	1533
1305	1546
1305	1563
1305	1602
1305	1657
1305	1672
1305	1692
1305	1704
1305	1725
1305	1726
1305	1727
1305	1731
1305	1742
1305	1770
1305	1802
1305	1805
1305	1814
1305	1822
1305	1826
1305	1832
1305	1834
1305	1839
1305	1840
1305	1842
1305	1862
1305	1869
1305	1876
1305	1910
1305	1921
1305	1922
1305	1923
1305	1930
1305	1932
1305	1935
1305	1943
1305	1951
1305	1955
1305	1959
1305	1964
1305	1971
1305	1979
1305	1982
1305	1986
1305	1988
1305	1994
1434	1456
1434	1459
1434	1479
1434	1487
1434	1501
1434	1540
1434	1555
1434	1619
1434	1620
1434	1646
1434	1721
1434	1722
1434	1724
1434	1728
1434	1729
1434	1732
1434	1735
1434	1742
1434	1765
1434	1776
1434	1818
1434	1826
1434	1841
1434	1850
1434	1855
1434	1860
1434	1865
1434	1867
1434	1875
1434	1883
1434	1884
1434	1886
1434	1902
1434	1903
1434	1931
1434	1940
1434	1947
1434	1956
1434	1958
1434	1973
1434	1974
1434	1982
1434	1984
1434	1995
1434	1997
1438	1459
1438	1479
1438	1561
1438	1572
1438	1602
1438	1613
1438	1617
1438	1620
1438	1634
1438	1647
1438	1651
1438	1670
1438	1676
1438	1708
1438	1727
1438	1732
1438	1742
1438	1765
1438	1769
1438	1772
1438	1794
1438	1797
1438	1807
1438	1812
1438	1827
1438	1830
1438	1837
1438	1841
1438	1842
1438	1849
1438	1852
1438	1855
1438	1860
1438	1875
1438	1890
1438	1897
1438	1932
1438	1963
1438	1973
1438	1976
1438	1979
1438	1987
1438	1988
1438	1992
1438	1996
1438	1999
1487	1536
1487	1564
1487	1590
1487	1644
1487	1667
1487	1670
1487	1705
1487	1706
1487	1707
1487	1709
1487	1727
1487	1728
1487	1732
1487	1753
1487	1775
1487	1834
1487	1840
1487	1841
1487	1844
1487	1848
1487	1849
1487	1850
1487	1852
1487	1853
1487	1855
1487	1869
1487	1878
1487	1881
1487	1897
1487	1910
1487	1916
1487	1919
1487	1936
1487	1940
1487	1957
1487	1959
1487	1962
1487	1964
1487	1968
1487	1969
1487	1970
1487	1971
1487	1980
1487	1994
1570	1582
1570	1598
1570	1602
1570	1620
1570	1636
1570	1657
1570	1674
1570	1704
1570	1708
1570	1716
1570	1718
1570	1727
1570	1728
1570	1800
1570	1801
1570	1821
1570	1823
1570	1824
1570	1830
1570	1841
1570	1851
1570	1878
1570	1890
1570	1897
1570	1899
1570	1901
1570	1903
1570	1906
1570	1920
1570	1922
1570	1926
1570	1937
1570	1938
1570	1952
1570	1953
1570	1960
1570	1965
1570	1968
1570	1985
1570	1986
1570	1995
1598	1618
1598	1651
1598	1655
1598	1670
1598	1683
1598	1687
1598	1692
1598	1716
1598	1719
1598	1721
1598	1722
1598	1749
1598	1777
1598	1802
1598	1805
1598	1817
1598	1828
1598	1840
1598	1846
1598	1848
1598	1850
1598	1864
1598	1881
1598	1884
1598	1890
1598	1891
1598	1904
1598	1906
1598	1919
1598	1930
1598	1931
1598	1934
1598	1961
1598	1973
1598	1974
1598	1975
1598	1985
1598	1996
1618	1619
1618	1647
1618	1657
1618	1669
1618	1692
1618	1706
1618	1707
1618	1708
1618	1709
1618	1716
1618	1728
1618	1732
1618	1743
1618	1770
1618	1775
1618	1782
1618	1783
1618	1798
1618	1820
1618	1821
1618	1826
1618	1844
1618	1876
1618	1893
1618	1922
1618	1931
1618	1956
1618	1959
1618	1973
1618	1977
1618	1989
1618	1994
1620	1633
1620	1640
1620	1676
1620	1716
1620	1727
1620	1728
1620	1760
1620	1775
1620	1787
1620	1801
1620	1807
1620	1817
1620	1822
1620	1832
1620	1842
1620	1844
1620	1860
1620	1867
1620	1877
1620	1882
1620	1890
1620	1897
1620	1906
1620	1921
1620	1933
1620	1935
1620	1936
1620	1947
1620	1969
1620	1979
1620	1980
1620	1983
1620	1986
1623	1632
1623	1718
1623	1719
1623	1738
1623	1753
1623	1759
1623	1777
1623	1806
1623	1844
1623	1851
1623	1861
1623	1878
1623	1891
1623	1897
1623	1900
1623	1906
1623	1921
1623	1930
1623	1934
1623	1937
1623	1943
1623	1961
1623	1962
1623	1971
1623	1976
1623	1982
1663	1694
1663	1695
1663	1704
1663	1726
1663	1743
1663	1744
1663	1800
1663	1807
1663	1837
1663	1843
1663	1864
1663	1867
1663	1875
1663	1877
1663	1878
1663	1880
1663	1882
1663	1899
1663	1903
1663	1907
1663	1922
1663	1938
1663	1939
1663	1941
1663	1942
1663	1947
1663	1964
1663	1965
1663	1969
1663	1980
1663	1993
1671	1683
1671	1718
1671	1719
1671	1734
1671	1742
1671	1750
1671	1753
1671	1755
1671	1760
1671	1768
1671	1794
1671	1800
1671	1818
1671	1823
1671	1824
1671	1826
1671	1861
1671	1864
1671	1867
1671	1876
1671	1885
1671	1902
1671	1903
1671	1920
1671	1931
1671	1960
1671	1970
1671	1977
1687	1703
1687	1704
1687	1706
1687	1709
1687	1725
1687	1726
1687	1755
1687	1770
1687	1776
1687	1782
1687	1801
1687	1812
1687	1816
1687	1826
1687	1829
1687	1843
1687	1849
1687	1853
1687	1864
1687	1865
1687	1880
1687	1883
1687	1931
1687	1951
1687	1956
1687	1964
1687	1988
1687	1995
1704	1707
1704	1716
1704	1721
1704	1727
1704	1755
1704	1768
1704	1794
1704	1802
1704	1805
1704	1826
1704	1827
1704	1832
1704	1834
1704	1841
1704	1847
1704	1855
1704	1865
1704	1875
1704	1877
1704	1882
1704	1890
1704	1904
1704	1907
1704	1915
1704	1920
1704	1921
1704	1922
1704	1939
1704	1943
1704	1959
1704	1966
1704	1974
1704	1988
1718	1728
1718	1729
1718	1744
1718	1770
1718	1772
1718	1798
1718	1802
1718	1805
1718	1816
1718	1818
1718	1827
1718	1842
1718	1845
1718	1848
1718	1849
1718	1862
1718	1869
1718	1871
1718	1875
1718	1883
1718	1915
1718	1925
1718	1951
1718	1964
1718	1987
1718	1988
1718	1996
1719	1722
1719	1755
1719	1772
1719	1774
1719	1775
1719	1783
1719	1798
1719	1802
1719	1806
1719	1861
1719	1909
1719	1910
1719	1923
1719	1942
1719	1964
1719	1969
1719	1970
1719	1971
1719	1976
1719	1983
1719	1988
1721	1742
1721	1744
1721	1768
1721	1772
1721	1776
1721	1783
1721	1787
1721	1816
1721	1817
1721	1821
1721	1824
1721	1837
1721	1842
1721	1853
1721	1859
1721	1880
1721	1882
1721	1885
1721	1886
1721	1920
1721	1922
1721	1931
1721	1932
1721	1933
1721	1940
1721	1956
1721	1966
1721	1975
1721	1995
1724	1731
1724	1742
1724	1768
1724	1770
1724	1772
1724	1783
1724	1794
1724	1797
1724	1806
1724	1816
1724	1829
1724	1843
1724	1844
1724	1859
1724	1901
1724	1909
1724	1915
1724	1923
1724	1926
1724	1941
1724	1943
1724	1947
1724	1958
1724	1966
1724	1968
1727	1749
1727	1765
1727	1770
1727	1775
1727	1794
1727	1801
1727	1822
1727	1839
1727	1840
1727	1844
1727	1846
1727	1859
1727	1875
1727	1877
1727	1901
1727	1903
1727	1904
1727	1919
1727	1921
1727	1933
1727	1959
1727	1963
1727	1979
1727	1997
1727	1998
1731	1749
1731	1760
1731	1768
1731	1774
1731	1787
1731	1816
1731	1818
1731	1869
1731	1894
1731	1897
1731	1916
1731	1919
1731	1921
1731	1938
1731	1947
1731	1952
1731	1974
1731	1979
1731	1985
1731	1997
1735	1742
1735	1783
1735	1787
1735	1798
1735	1820
1735	1829
1735	1845
1735	1849
1735	1850
1735	1859
1735	1862
1735	1869
1735	1876
1735	1886
1735	1894
1735	1922
1735	1930
1735	1933
1735	1939
1735	1945
1735	1955
1735	1969
1735	1975
1735	1984
1735	1986
1735	1987
1749	1750
1749	1770
1749	1797
1749	1806
1749	1814
1749	1817
1749	1818
1749	1834
1749	1835
1749	1843
1749	1848
1749	1850
1749	1852
1749	1867
1749	1875
1749	1880
1749	1883
1749	1884
1749	1886
1749	1894
1749	1941
1749	1942
1749	1959
1749	1977
1749	1987
1749	1996
1749	1998
1749	1999
1765	1777
1765	1787
1765	1791
1765	1797
1765	1800
1765	1842
1765	1848
1765	1855
1765	1860
1765	1864
1765	1869
1765	1881
1765	1903
1765	1910
1765	1923
1765	1931
1765	1955
1765	1961
1765	1962
1765	1977
1769	1801
1769	1807
1769	1820
1769	1821
1769	1824
1769	1826
1769	1834
1769	1835
1769	1842
1769	1845
1769	1846
1769	1849
1769	1850
1769	1867
1769	1877
1769	1891
1769	1906
1769	1934
1769	1941
1769	1942
1769	1943
1769	1952
1769	1976
1769	1980
1769	1982
1769	1999
1774	1777
1774	1782
1774	1832
1774	1847
1774	1862
1774	1865
1774	1884
1774	1894
1774	1897
1774	1899
1774	1925
1774	1942
1774	1944
1774	1947
1774	1953
1774	1956
1774	1962
1774	1964
1774	1974
1774	1980
1775	1783
1775	1802
1775	1806
1775	1814
1775	1822
1775	1837
1775	1843
1775	1850
1775	1851
1775	1855
1775	1862
1775	1886
1775	1902
1775	1926
1775	1930
1775	1939
1775	1943
1775	1953
1775	1958
1775	1961
1775	1966
1775	1969
1775	1977
1776	1821
1776	1823
1776	1828
1776	1835
1776	1847
1776	1849
1776	1852
1776	1876
1776	1880
1776	1884
1776	1886
1776	1890
1776	1891
1776	1901
1776	1903
1776	1926
1776	1930
1776	1931
1776	1932
1776	1953
1776	1961
1776	1963
1776	1964
1776	1966
1776	1969
1776	1979
1776	1982
1777	1800
1777	1805
1777	1828
1777	1835
1777	1837
1777	1850
1777	1851
1777	1861
1777	1875
1777	1884
1777	1886
1777	1897
1777	1922
1777	1936
1777	1940
1777	1953
1777	1956
1777	1976
1777	1977
1777	1979
1777	1980
1777	1984
1782	1787
1782	1797
1782	1814
1782	1817
1782	1834
1782	1841
1782	1845
1782	1847
1782	1862
1782	1876
1782	1884
1782	1899
1782	1907
1782	1909
1782	1933
1782	1934
1782	1937
1782	1951
1782	1953
1782	1955
1782	1957
1782	1963
1782	1971
1782	1992
1782	1994
1782	1995
1787	1791
1787	1800
1787	1821
1787	1824
1787	1842
1787	1844
1787	1876
1787	1897
1787	1907
1787	1919
1787	1933
1787	1942
1787	1957
1787	1963
1787	1964
1787	1970
1787	1979
1787	1980
1787	1986
1787	1999
1791	1806
1791	1807
1791	1847
1791	1855
1791	1865
1791	1890
1791	1891
1791	1906
1791	1951
1791	1953
1791	1955
1791	1956
1791	1958
1791	1961
1791	1988
1791	1994
1801	1818
1801	1826
1801	1830
1801	1837
1801	1844
1801	1845
1801	1846
1801	1852
1801	1853
1801	1855
1801	1862
1801	1906
1801	1909
1801	1931
1801	1947
1801	1952
1801	1962
1801	1963
1801	1966
1801	1971
1801	1976
1801	1985
1805	1823
1805	1827
1805	1835
1805	1843
1805	1853
1805	1860
1805	1861
1805	1869
1805	1897
1805	1900
1805	1904
1805	1907
1805	1932
1805	1941
1805	1968
1805	1975
1805	1982
1805	1997
1805	1999
1812	1822
1812	1826
1812	1844
1812	1848
1812	1875
1812	1876
1812	1877
1812	1894
1812	1900
1812	1902
1812	1915
1812	1919
1812	1920
1812	1934
1812	1947
1812	1951
1812	1974
1812	1975
1812	1979
1812	1993
1844	1855
1844	1860
1844	1876
1844	1881
1844	1884
1844	1886
1844	1934
1844	1943
1844	1953
1844	1955
1844	1973
1844	1980
1844	1983
1844	1996
1845	1867
1845	1869
1845	1876
1845	1881
1845	1884
1845	1886
1845	1932
1845	1934
1845	1955
1845	1956
1845	1964
1845	1966
1845	1968
1845	1986
1845	1989
1852	1867
1852	1875
1852	1876
1852	1900
1852	1907
1852	1909
1852	1937
1852	1955
1852	1963
1852	1974
1852	1975
1852	1980
1852	1994
1852	1998
1855	1859
1855	1862
1855	1865
1855	1881
1855	1885
1855	1891
1855	1897
1855	1903
1855	1904
1855	1916
1855	1945
1855	1959
1855	1960
1855	1962
1855	1969
1855	1983
1855	1986
1865	1877
1865	1885
1865	1886
1865	1894
1865	1897
1865	1916
1865	1922
1865	1931
1865	1943
1865	1955
1865	1961
1865	1969
1865	1970
1865	1987
1865	1992
1865	1993
1865	1996
1865	1997
1880	1899
1880	1915
1880	1922
1880	1930
1880	1933
1880	1937
1880	1953
1880	1959
1880	1965
1880	1985
1886	1907
1886	1923
1886	1938
1886	1983
1886	1984
1886	1999
1890	1893
1890	1894
1890	1901
1890	1909
1890	1920
1890	1925
1890	1939
1890	1955
1890	1964
1890	1982
1891	1899
1891	1907
1891	1909
1891	1930
1891	1935
1891	1944
1891	1970
1891	1979
1901	1903
1901	1916
1901	1919
1901	1930
1901	1937
1901	1940
1901	1960
1901	1976
1901	1994
1904	1930
1904	1937
1904	1943
1904	1953
1904	1957
1904	1960
1904	1976
1904	1986
1904	1989
1904	1992
1907	1925
1907	1936
1907	1937
1907	1938
1907	1947
1907	1957
1907	1966
1907	1971
1907	1973
1907	1980
1907	1986
1907	1992
1907	1994
1907	1997
1909	1923
1909	1942
1909	1943
1909	1956
1909	1963
1909	1966
1909	1973
1909	1982
1909	1983
1909	1988
1909	1999
1920	1942
1920	1961
1920	1968
1920	1973
1920	1977
1920	1984
1920	1986
1920	1994
1920	1998
1923	1925
1923	1933
1923	1951
1923	1960
1923	1970
1923	1971
1923	1985
1923	1987
1923	1998
1933	1938
1933	1940
1933	1944
1933	1945
1933	1958
1933	1964
1933	1966
1933	1969
1933	1976
1933	1977
1933	1987
1933	1988
1933	1993
1933	1995
1933	1997
1934	1951
1934	1962
1934	1970
1934	1976
1934	1996
1934	1998
1935	1936
1935	1944
1935	1945
1935	1955
1935	1959
1935	1968
1935	1969
1935	1984
1935	1988
1935	1997
1935	1998
1938	1962
1938	1976
1938	1985
1938	1989
1938	1992
1938	1993
1938	1996
1941	1944
1941	1945
1941	1957
1941	1993
1941	1999
1952	1955
1952	1961
1952	1970
1952	1982
1952	1986
1952	1988
1952	1995
1952	1999
1960	1964
1960	1965
1960	1969
1960	1973
1960	1975
1960	1976
1960	1979
1960	1985
1960	1989
1960	1997
1961	1963
1961	1980
1961	1985
1961	1986
1961	1987
1961	1993
1961	1999
1966	1973
1966	1974
1966	1979
1969	1985
1969	1995
1969	1997
1969	1998
1969	1999
1970	1976
1970	1984
1971	1988
1971	1989
1971	1992
1974	1979
1974	1989
1974	1998
1980	1998
1985	1993
1994	1995
1994	1998
1458	1459
1458	1478
1458	1497
1458	1501
1458	1507
1458	1517
1458	1539
1458	1564
1458	1574
1458	1590
1458	1617
1458	1633
1458	1636
1458	1640
1458	1649
1458	1655
1458	1670
1458	1702
1458	1718
1458	1719
1458	1738
1458	1742
1458	1743
1458	1753
1458	1772
1458	1794
1458	1821
1458	1827
1458	1844
1458	1852
1458	1869
1458	1882
1458	1904
1458	1921
1458	1923
1458	1925
1458	1934
1458	1939
1458	1956
1458	1974
1458	1979
1458	1986
1458	1994
1458	1997
1458	1998
1497	1517
1497	1518
1497	1561
1497	1563
1497	1566
1497	1590
1497	1647
1497	1683
1497	1687
1497	1701
1497	1705
1497	1706
1497	1708
1497	1716
1497	1722
1497	1726
1497	1774
1497	1777
1497	1797
1497	1802
1497	1817
1497	1822
1497	1835
1497	1839
1497	1841
1497	1850
1497	1869
1497	1871
1497	1876
1497	1881
1497	1890
1497	1915
1497	1926
1497	1936
1497	1960
1497	1961
1497	1965
1497	1968
1497	1983
1497	1985
1497	1986
1497	1988
1497	1995
1497	1998
1566	1588
1566	1591
1566	1592
1566	1595
1566	1674
1566	1676
1566	1681
1566	1705
1566	1716
1566	1721
1566	1725
1566	1743
1566	1782
1566	1812
1566	1816
1566	1822
1566	1823
1566	1824
1566	1832
1566	1845
1566	1846
1566	1875
1566	1878
1566	1884
1566	1893
1566	1904
1566	1919
1566	1920
1566	1925
1566	1935
1566	1942
1566	1945
1566	1947
1566	1953
1566	1975
1566	1976
1566	1979
1593	1598
1593	1612
1593	1623
1593	1670
1593	1692
1593	1694
1593	1695
1593	1704
1593	1716
1593	1727
1593	1753
1593	1755
1593	1759
1593	1767
1593	1791
1593	1814
1593	1821
1593	1822
1593	1847
1593	1849
1593	1855
1593	1880
1593	1882
1593	1883
1593	1884
1593	1891
1593	1901
1593	1910
1593	1930
1593	1935
1593	1938
1593	1941
1593	1944
1593	1951
1593	1957
1593	1963
1593	1974
1632	1651
1632	1663
1632	1669
1632	1670
1632	1672
1632	1692
1632	1706
1632	1716
1632	1719
1632	1732
1632	1741
1632	1791
1632	1797
1632	1798
1632	1807
1632	1812
1632	1844
1632	1860
1632	1865
1632	1869
1632	1886
1632	1891
1632	1893
1632	1902
1632	1920
1632	1923
1632	1935
1632	1936
1632	1959
1632	1964
1632	1965
1632	1980
1632	1983
1632	1984
1632	1995
1633	1646
1633	1669
1633	1676
1633	1681
1633	1704
1633	1706
1633	1716
1633	1718
1633	1720
1633	1738
1633	1765
1633	1807
1633	1829
1633	1834
1633	1839
1633	1841
1633	1845
1633	1850
1633	1860
1633	1867
1633	1876
1633	1885
1633	1897
1633	1903
1633	1904
1633	1910
1633	1926
1633	1942
1633	1944
1633	1952
1633	1953
1633	1956
1633	1961
1633	1962
1633	1997
1644	1655
1644	1669
1644	1671
1644	1672
1644	1705
1644	1706
1644	1708
1644	1724
1644	1726
1644	1728
1644	1735
1644	1753
1644	1802
1644	1816
1644	1820
1644	1821
1644	1845
1644	1867
1644	1884
1644	1916
1644	1935
1644	1940
1644	1960
1644	1976
1644	1979
1644	1993
1651	1671
1651	1681
1651	1701
1651	1703
1651	1725
1651	1732
1651	1741
1651	1768
1651	1817
1651	1820
1651	1823
1651	1826
1651	1841
1651	1851
1651	1882
1651	1883
1651	1885
1651	1890
1651	1891
1651	1904
1651	1907
1651	1909
1651	1922
1651	1923
1651	1925
1651	1926
1651	1956
1651	1977
1651	1980
1651	1982
1651	1988
1651	1999
1669	1672
1669	1706
1669	1724
1669	1728
1669	1731
1669	1738
1669	1743
1669	1772
1669	1791
1669	1797
1669	1802
1669	1805
1669	1814
1669	1834
1669	1845
1669	1860
1669	1865
1669	1867
1669	1902
1669	1916
1669	1921
1669	1922
1669	1926
1669	1933
1669	1957
1669	1964
1669	1966
1669	1982
1669	1994
1669	1995
1676	1695
1676	1705
1676	1720
1676	1728
1676	1731
1676	1738
1676	1743
1676	1759
1676	1777
1676	1794
1676	1822
1676	1828
1676	1839
1676	1860
1676	1883
1676	1893
1676	1919
1676	1922
1676	1923
1676	1931
1676	1936
1676	1937
1676	1938
1676	1940
1676	1943
1676	1968
1676	1977
1676	1984
1676	1989
1676	1996
1681	1703
1681	1716
1681	1719
1681	1749
1681	1765
1681	1774
1681	1783
1681	1791
1681	1797
1681	1802
1681	1835
1681	1837
1681	1848
1681	1850
1681	1871
1681	1875
1681	1877
1681	1885
1681	1907
1681	1920
1681	1925
1681	1926
1681	1930
1681	1935
1681	1940
1681	1945
1681	1953
1681	1988
1681	1994
1681	1997
1707	1709
1707	1718
1707	1720
1707	1722
1707	1724
1707	1729
1707	1735
1707	1741
1707	1801
1707	1820
1707	1821
1707	1826
1707	1845
1707	1853
1707	1859
1707	1876
1707	1885
1707	1891
1707	1899
1707	1904
1707	1909
1707	1944
1707	1947
1707	1960
1707	1963
1707	1969
1707	1974
1707	1980
1707	1997
1708	1716
1708	1728
1708	1742
1708	1744
1708	1767
1708	1768
1708	1770
1708	1772
1708	1797
1708	1798
1708	1806
1708	1814
1708	1822
1708	1824
1708	1827
1708	1834
1708	1841
1708	1852
1708	1881
1708	1883
1708	1900
1708	1906
1708	1909
1708	1919
1708	1955
1708	1958
1708	1969
1708	1970
1708	1997
1734	1759
1734	1770
1734	1774
1734	1776
1734	1806
1734	1826
1734	1849
1734	1851
1734	1869
1734	1884
1734	1899
1734	1936
1734	1940
1734	1958
1734	1959
1734	1965
1734	1966
1734	1986
1734	1996
1738	1743
1738	1759
1738	1767
1738	1769
1738	1774
1738	1776
1738	1794
1738	1797
1738	1814
1738	1822
1738	1828
1738	1830
1738	1839
1738	1842
1738	1847
1738	1861
1738	1882
1738	1916
1738	1926
1738	1937
1738	1957
1738	1962
1738	1964
1738	1968
1738	1970
1738	1971
1738	1974
1738	1980
1738	1983
1738	1997
1743	1755
1743	1760
1743	1776
1743	1787
1743	1800
1743	1820
1743	1826
1743	1834
1743	1837
1743	1852
1743	1859
1743	1869
1743	1877
1743	1881
1743	1890
1743	1893
1743	1902
1743	1903
1743	1906
1743	1916
1743	1921
1743	1922
1743	1943
1743	1960
1743	1961
1743	1974
1743	1983
1743	1994
1750	1770
1750	1775
1750	1777
1750	1783
1750	1839
1750	1849
1750	1867
1750	1869
1750	1875
1750	1899
1750	1901
1750	1904
1750	1910
1750	1915
1750	1925
1750	1932
1750	1934
1750	1936
1750	1940
1750	1942
1750	1953
1750	1958
1750	1964
1750	1971
1750	1974
1750	1975
1750	1977
1750	1987
1750	1997
1755	1767
1755	1798
1755	1802
1755	1814
1755	1823
1755	1839
1755	1841
1755	1849
1755	1855
1755	1862
1755	1881
1755	1882
1755	1897
1755	1907
1755	1910
1755	1916
1755	1931
1755	1934
1755	1935
1755	1953
1755	1958
1755	1971
1755	1983
1755	1986
1755	1995
1797	1798
1797	1818
1797	1822
1797	1828
1797	1830
1797	1847
1797	1848
1797	1876
1797	1877
1797	1893
1797	1909
1797	1916
1797	1925
1797	1953
1797	1956
1797	1961
1797	1968
1797	1979
1797	1998
1802	1807
1802	1817
1802	1837
1802	1840
1802	1842
1802	1846
1802	1891
1802	1893
1802	1923
1802	1926
1802	1932
1802	1934
1802	1945
1802	1951
1802	1957
1802	1959
1802	1968
1802	1974
1802	1984
1826	1827
1826	1828
1826	1849
1826	1850
1826	1882
1826	1907
1826	1909
1826	1910
1826	1920
1826	1926
1826	1931
1826	1944
1826	1957
1826	1958
1826	1983
1826	1994
1826	1997
1827	1832
1827	1834
1827	1841
1827	1843
1827	1847
1827	1852
1827	1881
1827	1893
1827	1894
1827	1900
1827	1902
1827	1921
1827	1932
1827	1935
1827	1941
1827	1955
1827	1963
1827	1968
1827	1969
1827	1970
1827	1986
1827	1995
1827	1997
1827	1999
1830	1844
1830	1861
1830	1864
1830	1875
1830	1878
1830	1885
1830	1886
1830	1900
1830	1901
1830	1909
1830	1940
1830	1956
1830	1969
1830	1973
1830	1992
1830	1995
1830	1998
1839	1846
1839	1853
1839	1855
1839	1859
1839	1869
1839	1882
1839	1890
1839	1900
1839	1915
1839	1919
1839	1934
1839	1943
1839	1977
1839	1983
1839	1984
1839	1997
1850	1881
1850	1890
1850	1910
1850	1926
1850	1943
1850	1951
1850	1970
1850	1973
1850	1982
1850	1983
1850	1986
1850	1995
1867	1881
1867	1884
1867	1891
1867	1899
1867	1901
1867	1902
1867	1907
1867	1919
1867	1921
1867	1940
1867	1943
1867	1951
1867	1969
1867	1992
1867	1994
1867	1999
1876	1878
1876	1884
1876	1893
1876	1930
1876	1944
1876	1969
1876	1977
1876	1980
1876	1994
1882	1900
1882	1906
1882	1920
1882	1921
1882	1925
1882	1926
1882	1931
1882	1934
1882	1938
1882	1953
1882	1955
1882	1959
1882	1977
1882	1982
1882	1985
1882	1988
1882	1992
1925	1931
1925	1933
1925	1936
1925	1938
1925	1939
1925	1955
1925	1966
1925	1976
1925	1985
1953	1955
1953	1958
1953	1959
1953	1979
1953	1984
1956	1959
1956	1965
1956	1966
1956	1977
1956	1980
1956	1982
1956	1984
1956	1985
1956	1992
1957	1960
1957	1982
1957	1988
1965	1999
1968	1969
1968	1987
1968	1998
1976	1984
1983	1985
1983	1998
1989	1993
1989	1994
1989	1995
1997	1998
1998	1999
1535	1536
1535	1546
1535	1572
1535	1595
1535	1615
1535	1618
1535	1620
1535	1647
1535	1657
1535	1674
1535	1681
1535	1695
1535	1708
1535	1715
1535	1719
1535	1753
1535	1767
1535	1770
1535	1774
1535	1777
1535	1805
1535	1814
1535	1827
1535	1843
1535	1846
1535	1850
1535	1859
1535	1860
1535	1876
1535	1890
1535	1906
1535	1919
1535	1920
1535	1934
1535	1940
1535	1965
1535	1966
1535	1976
1535	1977
1535	1994
1535	1996
1535	1997
1535	1999
1540	1572
1540	1590
1540	1591
1540	1594
1540	1595
1540	1612
1540	1615
1540	1644
1540	1655
1540	1683
1540	1692
1540	1703
1540	1709
1540	1725
1540	1727
1540	1728
1540	1775
1540	1782
1540	1787
1540	1794
1540	1820
1540	1832
1540	1835
1540	1839
1540	1843
1540	1849
1540	1850
1540	1876
1540	1901
1540	1906
1540	1910
1540	1931
1540	1942
1540	1943
1540	1944
1540	1951
1540	1956
1540	1957
1540	1961
1540	1973
1540	1983
1540	1995
1555	1563
1555	1582
1555	1595
1555	1619
1555	1623
1555	1651
1555	1669
1555	1681
1555	1702
1555	1727
1555	1742
1555	1744
1555	1753
1555	1767
1555	1774
1555	1775
1555	1805
1555	1832
1555	1843
1555	1849
1555	1861
1555	1865
1555	1885
1555	1891
1555	1897
1555	1899
1555	1900
1555	1910
1555	1923
1555	1930
1555	1931
1555	1932
1555	1955
1555	1961
1555	1966
1555	1973
1555	1975
1555	1983
1555	1984
1555	1986
1555	1992
1555	1993
1555	1994
1555	1996
1590	1592
1590	1615
1590	1632
1590	1647
1590	1653
1590	1663
1590	1669
1590	1683
1590	1692
1590	1721
1590	1722
1590	1734
1590	1738
1590	1744
1590	1760
1590	1797
1590	1801
1590	1812
1590	1821
1590	1837
1590	1839
1590	1846
1590	1865
1590	1867
1590	1902
1590	1904
1590	1909
1590	1915
1590	1916
1590	1925
1590	1931
1590	1934
1590	1947
1590	1956
1590	1963
1590	1977
1590	1983
1590	1987
1590	1988
1590	1995
1597	1599
1597	1615
1597	1617
1597	1663
1597	1674
1597	1703
1597	1725
1597	1726
1597	1743
1597	1765
1597	1783
1597	1794
1597	1797
1597	1820
1597	1821
1597	1843
1597	1844
1597	1849
1597	1862
1597	1878
1597	1925
1597	1931
1597	1932
1597	1944
1597	1965
1597	1971
1597	1982
1597	1985
1597	1989
1597	1998
1612	1613
1612	1623
1612	1647
1612	1657
1612	1663
1612	1667
1612	1703
1612	1705
1612	1707
1612	1719
1612	1724
1612	1725
1612	1726
1612	1734
1612	1776
1612	1791
1612	1832
1612	1837
1612	1839
1612	1851
1612	1852
1612	1867
1612	1869
1612	1882
1612	1886
1612	1894
1612	1907
1612	1920
1612	1932
1612	1936
1612	1955
1612	1957
1612	1968
1612	1970
1612	1984
1612	1997
1640	1663
1640	1694
1640	1706
1640	1708
1640	1718
1640	1720
1640	1738
1640	1755
1640	1767
1640	1772
1640	1802
1640	1817
1640	1827
1640	1839
1640	1848
1640	1875
1640	1899
1640	1907
1640	1941
1640	1951
1640	1955
1640	1956
1640	1961
1640	1968
1640	1982
1640	1984
1640	1985
1640	1992
1640	1994
1640	1997
1667	1692
1667	1695
1667	1719
1667	1732
1667	1734
1667	1770
1667	1774
1667	1787
1667	1816
1667	1823
1667	1826
1667	1861
1667	1862
1667	1864
1667	1865
1667	1877
1667	1881
1667	1886
1667	1890
1667	1902
1667	1904
1667	1923
1667	1936
1667	1973
1667	1976
1667	1992
1667	1999
1672	1674
1672	1676
1672	1721
1672	1738
1672	1769
1672	1772
1672	1797
1672	1814
1672	1820
1672	1821
1672	1846
1672	1869
1672	1871
1672	1875
1672	1890
1672	1891
1672	1899
1672	1903
1672	1909
1672	1910
1672	1920
1672	1933
1672	1936
1672	1944
1672	1952
1672	1957
1672	1979
1672	1983
1692	1702
1692	1704
1692	1705
1692	1707
1692	1719
1692	1728
1692	1731
1692	1735
1692	1755
1692	1760
1692	1769
1692	1774
1692	1802
1692	1816
1692	1817
1692	1832
1692	1837
1692	1850
1692	1877
1692	1881
1692	1899
1692	1901
1692	1916
1692	1939
1692	1941
1692	1944
1692	1952
1692	1963
1692	1973
1692	1976
1692	1980
1692	1994
1692	1997
1695	1704
1695	1706
1695	1721
1695	1759
1695	1774
1695	1794
1695	1816
1695	1830
1695	1837
1695	1840
1695	1841
1695	1846
1695	1851
1695	1871
1695	1881
1695	1891
1695	1899
1695	1901
1695	1906
1695	1915
1695	1916
1695	1926
1695	1935
1695	1937
1695	1953
1695	1969
1695	1973
1695	1976
1695	1980
1695	1984
1695	1986
1695	1989
1695	1993
1695	1995
1709	1722
1709	1726
1709	1728
1709	1759
1709	1775
1709	1777
1709	1787
1709	1822
1709	1828
1709	1829
1709	1830
1709	1834
1709	1840
1709	1853
1709	1855
1709	1860
1709	1862
1709	1875
1709	1884
1709	1886
1709	1899
1709	1900
1709	1903
1709	1910
1709	1926
1709	1936
1709	1938
1709	1940
1709	1956
1709	1958
1709	1963
1709	1980
1720	1728
1720	1731
1720	1732
1720	1738
1720	1760
1720	1770
1720	1776
1720	1782
1720	1794
1720	1800
1720	1832
1720	1846
1720	1847
1720	1853
1720	1860
1720	1862
1720	1884
1720	1906
1720	1910
1720	1930
1720	1943
1720	1963
1720	1968
1720	1969
1720	1977
1720	1992
1720	1998
1725	1749
1725	1769
1725	1802
1725	1824
1725	1826
1725	1827
1725	1834
1725	1843
1725	1850
1725	1859
1725	1862
1725	1890
1725	1894
1725	1897
1725	1902
1725	1919
1725	1926
1725	1936
1725	1937
1725	1940
1725	1941
1725	1945
1725	1966
1725	1969
1725	1971
1725	1992
1759	1769
1759	1791
1759	1797
1759	1800
1759	1805
1759	1829
1759	1834
1759	1840
1759	1842
1759	1849
1759	1852
1759	1853
1759	1865
1759	1881
1759	1899
1759	1902
1759	1903
1759	1904
1759	1910
1759	1936
1759	1941
1759	1945
1759	1952
1759	1960
1759	1962
1759	1973
1759	1980
1759	1999
1760	1774
1760	1797
1760	1798
1760	1801
1760	1816
1760	1820
1760	1829
1760	1832
1760	1837
1760	1842
1760	1845
1760	1847
1760	1860
1760	1875
1760	1890
1760	1894
1760	1900
1760	1903
1760	1919
1760	1921
1760	1922
1760	1942
1760	1956
1760	1975
1760	1977
1760	1979
1760	1982
1760	1993
1768	1770
1768	1787
1768	1802
1768	1806
1768	1812
1768	1817
1768	1826
1768	1827
1768	1837
1768	1840
1768	1851
1768	1876
1768	1881
1768	1882
1768	1886
1768	1904
1768	1906
1768	1910
1768	1915
1768	1923
1768	1938
1768	1955
1768	1963
1768	1964
1768	1965
1768	1970
1768	1974
1807	1812
1807	1824
1807	1826
1807	1839
1807	1840
1807	1846
1807	1850
1807	1865
1807	1871
1807	1882
1807	1883
1807	1886
1807	1893
1807	1901
1807	1944
1807	1947
1807	1957
1807	1965
1807	1966
1807	1979
1807	1992
1807	1999
1818	1820
1818	1823
1818	1826
1818	1835
1818	1844
1818	1845
1818	1846
1818	1849
1818	1851
1818	1855
1818	1860
1818	1876
1818	1878
1818	1880
1818	1881
1818	1886
1818	1900
1818	1903
1818	1915
1818	1919
1818	1931
1818	1933
1818	1937
1818	1943
1818	1951
1818	1953
1818	1957
1818	1962
1818	1965
1818	1975
1818	1983
1818	1988
1818	1998
1820	1829
1820	1834
1820	1849
1820	1850
1820	1864
1820	1867
1820	1869
1820	1882
1820	1885
1820	1894
1820	1910
1820	1915
1820	1961
1820	1966
1820	1986
1820	1987
1820	1997
1824	1828
1824	1832
1824	1843
1824	1851
1824	1853
1824	1871
1824	1880
1824	1891
1824	1901
1824	1923
1824	1931
1824	1936
1824	1937
1824	1945
1824	1952
1824	1956
1824	1964
1832	1835
1832	1848
1832	1859
1832	1867
1832	1877
1832	1893
1832	1894
1832	1897
1832	1901
1832	1906
1832	1910
1832	1938
1832	1952
1832	1961
1832	1999
1837	1840
1837	1851
1837	1852
1837	1853
1837	1869
1837	1875
1837	1884
1837	1903
1837	1906
1837	1920
1837	1922
1837	1930
1837	1934
1837	1939
1837	1941
1837	1973
1837	1975
1837	1977
1837	1997
1837	1999
1843	1844
1843	1845
1843	1851
1843	1864
1843	1867
1843	1875
1843	1883
1843	1904
1843	1921
1843	1922
1843	1925
1843	1933
1843	1938
1843	1963
1843	1969
1843	1970
1843	1976
1843	1984
1843	1997
1862	1865
1862	1880
1862	1894
1862	1903
1862	1923
1862	1936
1862	1941
1862	1953
1862	1962
1862	1976
1869	1881
1869	1882
1869	1909
1869	1919
1869	1932
1869	1933
1869	1934
1869	1947
1869	1955
1869	1963
1869	1979
1869	1987
1869	1993
1869	1994
1871	1877
1871	1878
1871	1891
1871	1902
1871	1904
1871	1915
1871	1923
1871	1926
1871	1944
1871	1952
1871	1955
1871	1962
1871	1974
1871	1994
1871	1995
1883	1884
1883	1890
1883	1904
1883	1909
1883	1926
1883	1938
1883	1941
1883	1943
1883	1944
1883	1947
1883	1958
1883	1975
1883	1976
1883	1980
1883	1982
1883	1985
1883	1992
1883	1994
1883	1995
1903	1907
1903	1909
1903	1920
1903	1936
1903	1951
1903	1952
1903	1960
1903	1962
1903	1971
1903	1973
1903	1980
1903	1982
1903	1984
1915	1921
1915	1922
1915	1938
1915	1956
1915	1963
1915	1975
1915	1985
1915	1986
1915	1988
1915	1999
1930	1952
1930	1953
1930	1959
1930	1966
1930	1970
1930	1975
1930	1999
1942	1964
1942	1965
1942	1969
1942	1980
1942	1984
1942	1986
1943	1963
1943	1968
1943	1975
1943	1982
1943	1983
1943	1994
1962	1966
1962	1968
1962	1970
1962	1980
1962	1992
1963	1964
1963	1977
1963	1979
1963	1985
1963	1992
1321	1389
1321	1467
1321	1528
1321	1536
1321	1546
1321	1550
1321	1566
1321	1591
1321	1595
1321	1602
1321	1619
1321	1632
1321	1644
1321	1649
1321	1671
1321	1702
1321	1704
1321	1721
1321	1725
1321	1743
1321	1765
1321	1791
1321	1794
1321	1818
1321	1844
1321	1847
1321	1850
1321	1851
1321	1860
1321	1861
1321	1871
1321	1878
1321	1880
1321	1882
1321	1890
1321	1932
1321	1933
1321	1934
1321	1936
1321	1939
1321	1956
1321	1964
1321	1970
1321	1983
1321	1993
1321	1994
1321	1996
1701	1724
1701	1725
1701	1732
1701	1735
1701	1755
1701	1775
1701	1782
1701	1801
1701	1824
1701	1830
1701	1837
1701	1850
1701	1853
1701	1855
1701	1859
1701	1864
1701	1875
1701	1883
1701	1899
1701	1933
1701	1939
1701	1956
1701	1971
1701	1974
1701	1984
1701	1989
1701	1993
1701	1996
1701	1999
1703	1716
1703	1738
1703	1741
1703	1742
1703	1744
1703	1749
1703	1759
1703	1769
1703	1807
1703	1839
1703	1846
1703	1860
1703	1861
1703	1862
1703	1894
1703	1899
1703	1919
1703	1932
1703	1934
1703	1937
1703	1938
1703	1942
1703	1947
1703	1953
1703	1956
1703	1965
1703	1968
1703	1971
1703	1977
1703	1985
1703	1988
1703	1997
1722	1731
1722	1734
1722	1750
1722	1801
1722	1821
1722	1839
1722	1842
1722	1847
1722	1860
1722	1862
1722	1864
1722	1881
1722	1897
1722	1907
1722	1915
1722	1923
1722	1932
1722	1934
1722	1939
1722	1955
1722	1961
1722	1979
1722	1982
1722	1984
1722	1985
1722	1986
1728	1755
1728	1759
1728	1767
1728	1775
1728	1776
1728	1820
1728	1824
1728	1841
1728	1847
1728	1860
1728	1894
1728	1900
1728	1915
1728	1935
1728	1952
1728	1955
1728	1957
1728	1964
1728	1974
1728	1975
1728	1984
1728	1997
1728	1998
1806	1832
1806	1847
1806	1852
1806	1853
1806	1855
1806	1875
1806	1876
1806	1883
1806	1893
1806	1925
1806	1941
1806	1942
1806	1959
1806	1965
1806	1975
1806	1994
1847	1851
1847	1859
1847	1869
1847	1906
1847	1922
1847	1937
1847	1938
1847	1939
1847	1940
1847	1958
1847	1959
1847	1977
1847	1985
1407	1435
1407	1445
1407	1461
1407	1467
1407	1478
1407	1497
1407	1539
1407	1545
1407	1564
1407	1574
1407	1602
1407	1612
1407	1636
1407	1657
1407	1692
1407	1701
1407	1706
1407	1718
1407	1750
1407	1759
1407	1774
1407	1775
1407	1776
1407	1791
1407	1800
1407	1839
1407	1845
1407	1847
1407	1849
1407	1853
1407	1859
1407	1861
1407	1883
1407	1890
1407	1899
1407	1906
1407	1926
1407	1930
1407	1941
1407	1955
1407	1961
1407	1963
1407	1964
1407	1969
1407	1980
1407	1984
1407	1985
1407	1996
1407	1997
1536	1553
1536	1563
1536	1572
1536	1591
1536	1593
1536	1613
1536	1617
1536	1623
1536	1644
1536	1649
1536	1683
1536	1709
1536	1734
1536	1735
1536	1742
1536	1769
1536	1770
1536	1772
1536	1805
1536	1842
1536	1850
1536	1860
1536	1861
1536	1878
1536	1884
1536	1891
1536	1893
1536	1919
1536	1921
1536	1926
1536	1936
1536	1957
1536	1960
1536	1965
1536	1973
1536	1977
1536	1979
1536	1998
1619	1647
1619	1655
1619	1705
1619	1715
1619	1722
1619	1732
1619	1755
1619	1769
1619	1772
1619	1775
1619	1791
1619	1806
1619	1814
1619	1823
1619	1877
1619	1890
1619	1891
1619	1910
1619	1923
1619	1926
1619	1931
1619	1938
1619	1941
1619	1952
1619	1980
1619	1992
1619	1997
1619	1999
1646	1663
1646	1686
1646	1715
1646	1722
1646	1724
1646	1727
1646	1729
1646	1749
1646	1759
1646	1760
1646	1775
1646	1787
1646	1806
1646	1812
1646	1823
1646	1826
1646	1832
1646	1851
1646	1860
1646	1880
1646	1890
1646	1893
1646	1915
1646	1916
1646	1920
1646	1937
1646	1944
1646	1953
1646	1956
1646	1958
1646	1966
1646	1971
1646	1979
1646	1986
1646	1995
1694	1695
1694	1707
1694	1722
1694	1724
1694	1732
1694	1749
1694	1768
1694	1770
1694	1777
1694	1806
1694	1807
1694	1841
1694	1846
1694	1847
1694	1852
1694	1855
1694	1878
1694	1880
1694	1886
1694	1891
1694	1933
1694	1942
1694	1944
1694	1952
1694	1970
1694	1975
1694	1976
1694	1995
1877	1890
1877	1902
1877	1923
1877	1925
1877	1943
1877	1959
1877	1960
1877	1974
1877	1976
1877	1989
1877	1995
1881	1894
1881	1901
1881	1953
1881	1957
1881	1958
1881	1962
1881	1964
1881	1984
1881	1989
1955	1977
1955	1992
1849	1862
1849	1867
1849	1875
1849	1884
1849	1897
1849	1899
1849	1903
1849	1906
1849	1909
1849	1916
1849	1945
1849	1951
1849	1956
1849	1958
1849	1974
1849	1996
1849	1997
1849	1998
1860	1876
1860	1891
1860	1901
1860	1916
1860	1923
1860	1931
1860	1942
1860	1952
1860	1957
1860	1961
1860	1973
1860	1982
1860	1989
1860	1992
1922	1932
1922	1942
1922	1944
1922	1953
1922	1959
1922	1960
1922	1989
1922	1993
1922	1996
1973	1993
1561	1598
1561	1599
1561	1600
1561	1602
1561	1619
1561	1633
1561	1646
1561	1672
1561	1676
1561	1686
1561	1694
1561	1695
1561	1718
1561	1765
1561	1797
1561	1824
1561	1826
1561	1830
1561	1834
1561	1842
1561	1860
1561	1864
1561	1867
1561	1871
1561	1885
1561	1899
1561	1903
1561	1921
1561	1923
1561	1934
1561	1947
1561	1951
1561	1958
1561	1968
1561	1974
1561	1987
1561	1994
1705	1726
1705	1731
1705	1734
1705	1750
1705	1753
1705	1768
1705	1812
1705	1814
1705	1817
1705	1823
1705	1826
1705	1841
1705	1843
1705	1848
1705	1875
1705	1876
1705	1880
1705	1882
1705	1906
1705	1931
1705	1940
1705	1943
1705	1970
1705	1977
1705	1979
1705	1992
1767	1768
1767	1774
1767	1777
1767	1800
1767	1801
1767	1802
1767	1806
1767	1817
1767	1829
1767	1830
1767	1840
1767	1841
1767	1842
1767	1845
1767	1865
1767	1877
1767	1881
1767	1886
1767	1922
1767	1923
1767	1925
1767	1930
1767	1936
1767	1952
1767	1968
1767	1975
1834	1837
1834	1842
1834	1848
1834	1877
1834	1881
1834	1890
1834	1909
1834	1925
1834	1931
1834	1941
1834	1956
1834	1962
1834	1977
1834	1983
1834	1992
1846	1847
1846	1852
1846	1859
1846	1865
1846	1885
1846	1893
1846	1897
1846	1904
1846	1934
1846	1958
1846	1962
1846	1966
1846	1975
1846	1985
1846	1994
1846	1995
1936	1953
1936	1975
1936	1986
1936	1995
1936	1998
1564	1572
1564	1597
1564	1612
1564	1613
1564	1615
1564	1640
1564	1683
1564	1709
1564	1722
1564	1755
1564	1770
1564	1814
1564	1816
1564	1818
1564	1820
1564	1824
1564	1826
1564	1829
1564	1830
1564	1835
1564	1846
1564	1881
1564	1885
1564	1886
1564	1909
1564	1919
1564	1926
1564	1930
1564	1932
1564	1939
1564	1941
1564	1945
1564	1961
1564	1962
1564	1969
1564	1975
1564	1977
1564	1979
1564	1980
1564	1994
1686	1692
1686	1704
1686	1706
1686	1721
1686	1724
1686	1744
1686	1760
1686	1767
1686	1775
1686	1777
1686	1805
1686	1814
1686	1820
1686	1821
1686	1823
1686	1841
1686	1847
1686	1848
1686	1850
1686	1852
1686	1862
1686	1864
1686	1867
1686	1869
1686	1920
1686	1933
1686	1938
1686	1947
1686	1952
1686	1956
1686	1965
1686	1970
1686	1971
1686	1982
1814	1823
1814	1824
1814	1840
1814	1847
1814	1904
1814	1919
1814	1933
1814	1937
1814	1955
1814	1958
1814	1961
1814	1973
1814	1977
1814	1979
1814	1987
1814	1993
1814	1994
1893	1899
1893	1900
1893	1903
1893	1931
1893	1939
1893	1941
1893	1942
1893	1947
1893	1952
1893	1969
1893	1989
1893	1997
1588	1595
1588	1618
1588	1623
1588	1646
1588	1647
1588	1655
1588	1667
1588	1671
1588	1681
1588	1707
1588	1724
1588	1728
1588	1731
1588	1732
1588	1760
1588	1765
1588	1767
1588	1768
1588	1787
1588	1814
1588	1823
1588	1828
1588	1829
1588	1832
1588	1837
1588	1841
1588	1842
1588	1847
1588	1853
1588	1910
1588	1922
1588	1951
1588	1959
1588	1962
1588	1965
1588	1988
1588	1995
1588	1996
1885	1890
1885	1904
1885	1916
1885	1933
1885	1945
1885	1957
1885	1959
1885	1960
1885	1975
1885	1984
1885	1992
1885	1994
1916	1920
1916	1923
1916	1955
1916	1963
1916	1968
1916	1976
1916	1979
1916	1982
1916	1989
1916	1994
1947	1952
1947	1953
1947	1957
1947	1965
1947	1987
1947	1988
1947	1989
1947	1992
1947	1998
1947	1999
1798	1801
1798	1802
1798	1816
1798	1830
1798	1847
1798	1851
1798	1861
1798	1865
1798	1882
1798	1900
1798	1906
1798	1909
1798	1925
1798	1930
1798	1931
1798	1938
1798	1945
1798	1947
1798	1952
1798	1955
1798	1959
1798	1961
1798	1971
1798	1976
1798	1980
1798	1993
1821	1826
1821	1835
1821	1839
1821	1843
1821	1847
1821	1865
1821	1871
1821	1899
1821	1919
1821	1926
1821	1931
1821	1937
1821	1957
1821	1959
1821	1962
1821	1973
1821	1980
1821	1995
1821	1997
1683	1686
1683	1687
1683	1721
1683	1724
1683	1743
1683	1744
1683	1770
1683	1800
1683	1801
1683	1806
1683	1823
1683	1835
1683	1849
1683	1867
1683	1886
1683	1897
1683	1899
1683	1900
1683	1930
1683	1931
1683	1932
1683	1933
1683	1938
1683	1941
1683	1970
1683	1979
1683	1983
1683	1984
1683	1986
1683	1992
1683	1995
