# Undirected graph (each unordered pair of nodes is saved once): output/networks/ScaleFree500removeCentrality-85percent.txt
# Nodes: 300 Edges: 6891
# NodeId	NodeId
1330	1379
1330	1478
1330	1479
1330	1517
1330	1524
1330	1555
1330	1567
1330	1570
1330	1572
1330	1582
1330	1593
1330	1597
1330	1634
1330	1644
1330	1669
1330	1671
1330	1672
1330	1686
1330	1719
1330	1721
1330	1735
1330	1744
1330	1749
1330	1750
1330	1765
1330	1770
1330	1776
1330	1782
1330	1785
1330	1812
1330	1829
1330	1840
1330	1865
1330	1871
1330	1875
1330	1878
1330	1885
1330	1893
1330	1894
1330	1932
1330	1936
1330	1938
1330	1939
1330	1940
1330	1942
1330	1975
1330	1984
1330	1988
1330	1991
1330	1992
1330	1994
1360	1404
1360	1553
1360	1558
1360	1567
1360	1570
1360	1591
1360	1618
1360	1619
1360	1635
1360	1669
1360	1707
1360	1709
1360	1720
1360	1725
1360	1726
1360	1734
1360	1744
1360	1753
1360	1794
1360	1812
1360	1813
1360	1828
1360	1829
1360	1834
1360	1840
1360	1849
1360	1874
1360	1875
1360	1882
1360	1884
1360	1888
1360	1910
1360	1916
1360	1926
1360	1928
1360	1930
1360	1935
1360	1938
1360	1959
1360	1962
1360	1965
1360	1966
1360	1968
1360	1973
1360	1974
1360	1979
1360	1997
1360	1999
1372	1379
1372	1461
1372	1467
1372	1568
1372	1615
1372	1619
1372	1628
1372	1638
1372	1644
1372	1651
1372	1655
1372	1729
1372	1731
1372	1740
1372	1742
1372	1760
1372	1771
1372	1776
1372	1816
1372	1817
1372	1820
1372	1828
1372	1832
1372	1834
1372	1844
1372	1846
1372	1864
1372	1865
1372	1869
1372	1877
1372	1884
1372	1886
1372	1902
1372	1908
1372	1910
1372	1916
1372	1926
1372	1930
1372	1932
1372	1939
1372	1954
1372	1955
1372	1959
1372	1964
1372	1971
1372	1973
1372	1977
1372	1979
1372	1987
1372	1992
1379	1424
1379	1501
1379	1517
1379	1528
1379	1543
1379	1572
1379	1582
1379	1593
1379	1595
1379	1597
1379	1634
1379	1635
1379	1636
1379	1640
1379	1649
1379	1651
1379	1657
1379	1674
1379	1704
1379	1729
1379	1733
1379	1738
1379	1767
1379	1768
1379	1802
1379	1834
1379	1846
1379	1847
1379	1849
1379	1872
1379	1875
1379	1876
1379	1886
1379	1908
1379	1910
1379	1930
1379	1935
1379	1942
1379	1963
1379	1968
1379	1970
1379	1975
1379	1989
1379	1992
1379	1995
1404	1435
1404	1459
1404	1478
1404	1519
1404	1535
1404	1542
1404	1564
1404	1568
1404	1574
1404	1595
1404	1597
1404	1619
1404	1623
1404	1638
1404	1649
1404	1694
1404	1706
1404	1716
1404	1720
1404	1742
1404	1749
1404	1774
1404	1783
1404	1805
1404	1813
1404	1816
1404	1830
1404	1834
1404	1836
1404	1848
1404	1860
1404	1869
1404	1877
1404	1886
1404	1890
1404	1901
1404	1902
1404	1906
1404	1915
1404	1925
1404	1933
1404	1938
1404	1939
1404	1943
1404	1961
1404	1971
1404	1986
1424	1438
1424	1487
1424	1518
1424	1524
1424	1540
1424	1542
1424	1546
1424	1555
1424	1623
1424	1635
1424	1644
1424	1686
1424	1704
1424	1716
1424	1722
1424	1760
1424	1768
1424	1771
1424	1775
1424	1777
1424	1788
1424	1798
1424	1813
1424	1826
1424	1830
1424	1844
1424	1860
1424	1863
1424	1864
1424	1876
1424	1878
1424	1882
1424	1892
1424	1894
1424	1902
1424	1903
1424	1906
1424	1913
1424	1917
1424	1925
1424	1931
1424	1938
1424	1949
1424	1959
1424	1964
1424	1973
1424	1980
1424	1986
1435	1438
1435	1459
1435	1487
1435	1542
1435	1545
1435	1564
1435	1572
1435	1593
1435	1619
1435	1630
1435	1633
1435	1657
1435	1670
1435	1676
1435	1687
1435	1709
1435	1738
1435	1750
1435	1751
1435	1771
1435	1805
1435	1814
1435	1824
1435	1829
1435	1847
1435	1848
1435	1869
1435	1886
1435	1888
1435	1895
1435	1899
1435	1900
1435	1911
1435	1930
1435	1934
1435	1945
1435	1966
1435	1970
1435	1972
1435	1986
1435	1990
1435	1991
1459	1463
1459	1517
1459	1519
1459	1550
1459	1554
1459	1558
1459	1566
1459	1592
1459	1635
1459	1636
1459	1646
1459	1655
1459	1672
1459	1676
1459	1707
1459	1716
1459	1744
1459	1753
1459	1760
1459	1775
1459	1776
1459	1785
1459	1802
1459	1848
1459	1874
1459	1877
1459	1878
1459	1882
1459	1885
1459	1901
1459	1910
1459	1911
1459	1913
1459	1925
1459	1928
1459	1938
1459	1952
1459	1955
1459	1958
1459	1966
1459	1970
1459	1988
1459	1993
1459	1999
1461	1478
1461	1518
1461	1519
1461	1536
1461	1553
1461	1554
1461	1564
1461	1566
1461	1597
1461	1638
1461	1649
1461	1651
1461	1686
1461	1690
1461	1727
1461	1729
1461	1744
1461	1751
1461	1768
1461	1769
1461	1801
1461	1817
1461	1830
1461	1841
1461	1843
1461	1844
1461	1897
1461	1900
1461	1915
1461	1920
1461	1922
1461	1925
1461	1932
1461	1934
1461	1936
1461	1944
1461	1963
1461	1973
1461	1977
1461	1993
1461	1996
1463	1479
1463	1524
1463	1528
1463	1540
1463	1551
1463	1554
1463	1561
1463	1579
1463	1623
1463	1642
1463	1654
1463	1681
1463	1707
1463	1732
1463	1767
1463	1772
1463	1783
1463	1814
1463	1816
1463	1846
1463	1852
1463	1874
1463	1877
1463	1880
1463	1899
1463	1913
1463	1916
1463	1937
1463	1952
1463	1957
1463	1959
1463	1970
1463	1982
1463	1990
1463	1997
1467	1518
1467	1574
1467	1619
1467	1633
1467	1671
1467	1676
1467	1681
1467	1687
1467	1728
1467	1732
1467	1740
1467	1751
1467	1755
1467	1768
1467	1782
1467	1787
1467	1813
1467	1816
1467	1817
1467	1829
1467	1839
1467	1845
1467	1851
1467	1852
1467	1893
1467	1906
1467	1920
1467	1922
1467	1925
1467	1943
1467	1945
1467	1949
1467	1957
1467	1959
1467	1970
1467	1974
1467	1975
1467	1979
1478	1479
1478	1497
1478	1517
1478	1519
1478	1528
1478	1536
1478	1574
1478	1579
1478	1592
1478	1618
1478	1635
1478	1638
1478	1649
1478	1651
1478	1654
1478	1692
1478	1697
1478	1718
1478	1731
1478	1734
1478	1740
1478	1772
1478	1791
1478	1798
1478	1802
1478	1813
1478	1845
1478	1865
1478	1875
1478	1880
1478	1886
1478	1888
1478	1893
1478	1895
1478	1906
1478	1922
1478	1936
1478	1940
1478	1942
1478	1951
1478	1955
1478	1964
1478	1975
1478	1976
1478	1979
1478	1980
1478	1990
1479	1545
1479	1553
1479	1561
1479	1567
1479	1574
1479	1630
1479	1655
1479	1667
1479	1708
1479	1718
1479	1729
1479	1772
1479	1801
1479	1805
1479	1812
1479	1816
1479	1842
1479	1848
1479	1860
1479	1865
1479	1873
1479	1893
1479	1907
1479	1908
1479	1910
1479	1915
1479	1928
1479	1935
1479	1944
1479	1960
1479	1990
1501	1535
1501	1570
1501	1590
1501	1618
1501	1657
1501	1672
1501	1676
1501	1686
1501	1704
1501	1706
1501	1732
1501	1733
1501	1734
1501	1750
1501	1755
1501	1765
1501	1767
1501	1785
1501	1800
1501	1801
1501	1806
1501	1818
1501	1824
1501	1826
1501	1828
1501	1829
1501	1841
1501	1863
1501	1864
1501	1881
1501	1884
1501	1891
1501	1892
1501	1897
1501	1903
1501	1940
1501	1941
1501	1973
1501	1992
1501	1996
1517	1545
1517	1564
1517	1579
1517	1592
1517	1619
1517	1623
1517	1654
1517	1674
1517	1687
1517	1705
1517	1770
1517	1777
1517	1783
1517	1785
1517	1812
1517	1820
1517	1822
1517	1824
1517	1836
1517	1843
1517	1846
1517	1855
1517	1880
1517	1885
1517	1894
1517	1897
1517	1903
1517	1908
1517	1910
1517	1916
1517	1939
1517	1940
1517	1942
1517	1944
1517	1945
1517	1955
1517	1957
1517	1972
1517	1980
1517	1984
1517	1991
1517	1993
1517	1995
1518	1524
1518	1528
1518	1543
1518	1551
1518	1553
1518	1555
1518	1567
1518	1582
1518	1595
1518	1615
1518	1619
1518	1640
1518	1644
1518	1655
1518	1686
1518	1687
1518	1690
1518	1694
1518	1695
1518	1709
1518	1722
1518	1725
1518	1735
1518	1785
1518	1797
1518	1813
1518	1830
1518	1843
1518	1864
1518	1901
1518	1906
1518	1915
1518	1928
1518	1934
1518	1940
1518	1954
1518	1959
1518	1972
1518	1988
1518	1995
1519	1528
1519	1540
1519	1543
1519	1550
1519	1561
1519	1567
1519	1572
1519	1595
1519	1600
1519	1612
1519	1619
1519	1623
1519	1646
1519	1655
1519	1670
1519	1725
1519	1728
1519	1760
1519	1769
1519	1775
1519	1791
1519	1805
1519	1806
1519	1835
1519	1841
1519	1847
1519	1855
1519	1862
1519	1865
1519	1869
1519	1892
1519	1901
1519	1907
1519	1908
1519	1910
1519	1915
1519	1920
1519	1926
1519	1934
1519	1936
1519	1954
1519	1957
1519	1965
1519	1970
1519	1976
1519	1980
1519	1984
1519	1993
1519	1995
1528	1533
1528	1542
1528	1550
1528	1555
1528	1582
1528	1600
1528	1617
1528	1618
1528	1630
1528	1667
1528	1697
1528	1705
1528	1707
1528	1732
1528	1751
1528	1765
1528	1767
1528	1774
1528	1830
1528	1847
1528	1862
1528	1863
1528	1865
1528	1875
1528	1890
1528	1893
1528	1902
1528	1911
1528	1916
1528	1917
1528	1930
1528	1931
1528	1942
1528	1943
1528	1952
1528	1982
1528	1987
1528	1988
1533	1553
1533	1554
1533	1588
1533	1597
1533	1617
1533	1634
1533	1644
1533	1651
1533	1663
1533	1669
1533	1697
1533	1720
1533	1721
1533	1722
1533	1731
1533	1734
1533	1765
1533	1772
1533	1777
1533	1783
1533	1791
1533	1813
1533	1826
1533	1835
1533	1848
1533	1852
1533	1861
1533	1864
1533	1869
1533	1871
1533	1872
1533	1881
1533	1890
1533	1926
1533	1940
1533	1951
1533	1964
1533	1970
1533	1971
1533	1973
1533	1982
1533	1989
1533	1994
1533	1998
1533	1999
1542	1568
1542	1574
1542	1593
1542	1602
1542	1619
1542	1681
1542	1686
1542	1701
1542	1727
1542	1728
1542	1733
1542	1740
1542	1744
1542	1767
1542	1772
1542	1783
1542	1829
1542	1830
1542	1834
1542	1835
1542	1836
1542	1850
1542	1861
1542	1873
1542	1880
1542	1882
1542	1900
1542	1902
1542	1926
1542	1928
1542	1932
1542	1937
1542	1939
1542	1944
1542	1959
1542	1963
1542	1972
1542	1983
1542	1992
1542	1995
1543	1592
1543	1593
1543	1635
1543	1638
1543	1651
1543	1663
1543	1667
1543	1681
1543	1686
1543	1695
1543	1721
1543	1750
1543	1772
1543	1794
1543	1802
1543	1805
1543	1806
1543	1818
1543	1835
1543	1841
1543	1846
1543	1860
1543	1877
1543	1884
1543	1885
1543	1906
1543	1915
1543	1917
1543	1925
1543	1926
1543	1930
1543	1932
1543	1937
1543	1945
1543	1973
1543	1974
1543	1977
1543	1979
1543	1980
1543	1987
1543	1989
1543	1992
1543	1996
1545	1561
1545	1595
1545	1619
1545	1630
1545	1636
1545	1642
1545	1676
1545	1707
1545	1709
1545	1721
1545	1729
1545	1735
1545	1751
1545	1767
1545	1775
1545	1782
1545	1791
1545	1802
1545	1806
1545	1813
1545	1817
1545	1834
1545	1836
1545	1840
1545	1860
1545	1861
1545	1863
1545	1871
1545	1875
1545	1878
1545	1894
1545	1906
1545	1907
1545	1915
1545	1917
1545	1938
1545	1943
1545	1944
1545	1962
1545	1970
1545	1988
1545	1989
1545	1991
1545	1999
1546	1561
1546	1570
1546	1591
1546	1597
1546	1618
1546	1623
1546	1644
1546	1676
1546	1686
1546	1718
1546	1720
1546	1760
1546	1765
1546	1774
1546	1782
1546	1785
1546	1806
1546	1813
1546	1816
1546	1830
1546	1837
1546	1839
1546	1852
1546	1860
1546	1864
1546	1872
1546	1881
1546	1888
1546	1913
1546	1916
1546	1921
1546	1922
1546	1951
1546	1954
1546	1957
1546	1962
1546	1972
1546	1984
1546	1989
1546	1998
1550	1554
1550	1566
1550	1568
1550	1582
1550	1590
1550	1612
1550	1633
1550	1636
1550	1644
1550	1651
1550	1690
1550	1708
1550	1725
1550	1727
1550	1731
1550	1740
1550	1768
1550	1774
1550	1788
1550	1798
1550	1812
1550	1820
1550	1828
1550	1842
1550	1844
1550	1845
1550	1871
1550	1874
1550	1878
1550	1882
1550	1884
1550	1892
1550	1897
1550	1920
1550	1936
1550	1949
1550	1952
1550	1954
1550	1966
1550	1974
1550	1977
1550	1987
1550	1990
1550	1994
1551	1553
1551	1558
1551	1561
1551	1567
1551	1570
1551	1600
1551	1623
1551	1628
1551	1646
1551	1670
1551	1694
1551	1705
1551	1707
1551	1724
1551	1731
1551	1733
1551	1744
1551	1751
1551	1755
1551	1774
1551	1783
1551	1791
1551	1805
1551	1829
1551	1841
1551	1846
1551	1869
1551	1873
1551	1878
1551	1880
1551	1893
1551	1932
1551	1940
1551	1943
1551	1944
1551	1958
1551	1960
1551	1968
1551	1972
1551	1979
1551	1989
1551	1993
1551	1996
1551	1997
1553	1564
1553	1574
1553	1602
1553	1615
1553	1649
1553	1671
1553	1672
1553	1697
1553	1701
1553	1725
1553	1728
1553	1729
1553	1731
1553	1787
1553	1794
1553	1824
1553	1842
1553	1872
1553	1875
1553	1894
1553	1895
1553	1901
1553	1910
1553	1913
1553	1921
1553	1944
1553	1951
1553	1959
1553	1968
1553	1970
1553	1971
1553	1980
1553	1985
1553	1986
1553	1989
1568	1582
1568	1592
1568	1597
1568	1612
1568	1617
1568	1633
1568	1642
1568	1672
1568	1709
1568	1718
1568	1722
1568	1731
1568	1734
1568	1735
1568	1742
1568	1744
1568	1769
1568	1772
1568	1775
1568	1777
1568	1791
1568	1797
1568	1814
1568	1820
1568	1828
1568	1835
1568	1837
1568	1846
1568	1851
1568	1860
1568	1862
1568	1876
1568	1882
1568	1900
1568	1901
1568	1907
1568	1938
1568	1940
1568	1944
1568	1961
1568	1971
1568	1983
1568	1984
1568	1985
1568	1988
1568	1990
1568	1999
1572	1574
1572	1592
1572	1593
1572	1595
1572	1612
1572	1618
1572	1623
1572	1642
1572	1651
1572	1654
1572	1672
1572	1690
1572	1695
1572	1720
1572	1722
1572	1732
1572	1738
1572	1742
1572	1751
1572	1775
1572	1783
1572	1829
1572	1840
1572	1852
1572	1862
1572	1864
1572	1873
1572	1902
1572	1910
1572	1915
1572	1921
1572	1933
1572	1958
1572	1965
1572	1968
1572	1976
1572	1987
1572	1992
1572	1994
1574	1579
1574	1591
1574	1630
1574	1636
1574	1642
1574	1667
1574	1695
1574	1705
1574	1708
1574	1720
1574	1721
1574	1729
1574	1742
1574	1744
1574	1755
1574	1765
1574	1767
1574	1774
1574	1785
1574	1787
1574	1826
1574	1851
1574	1860
1574	1895
1574	1907
1574	1910
1574	1913
1574	1928
1574	1936
1574	1942
1574	1960
1574	1964
1574	1965
1574	1970
1574	1974
1574	1977
1574	1980
1574	1982
1574	1990
1574	1994
1579	1588
1579	1595
1579	1597
1579	1628
1579	1642
1579	1655
1579	1657
1579	1671
1579	1692
1579	1695
1579	1716
1579	1719
1579	1721
1579	1734
1579	1750
1579	1769
1579	1772
1579	1775
1579	1777
1579	1785
1579	1806
1579	1814
1579	1816
1579	1829
1579	1843
1579	1855
1579	1865
1579	1891
1579	1892
1579	1921
1579	1922
1579	1933
1579	1954
1579	1962
1579	1970
1579	1973
1579	1977
1579	1980
1579	1995
1582	1595
1582	1619
1582	1623
1582	1630
1582	1657
1582	1674
1582	1676
1582	1686
1582	1695
1582	1719
1582	1731
1582	1744
1582	1749
1582	1751
1582	1771
1582	1772
1582	1776
1582	1777
1582	1782
1582	1783
1582	1818
1582	1835
1582	1841
1582	1846
1582	1848
1582	1851
1582	1852
1582	1876
1582	1878
1582	1884
1582	1894
1582	1900
1582	1910
1582	1917
1582	1925
1582	1926
1582	1931
1582	1933
1582	1937
1582	1965
1591	1638
1591	1667
1591	1670
1591	1686
1591	1697
1591	1719
1591	1733
1591	1760
1591	1765
1591	1774
1591	1801
1591	1802
1591	1814
1591	1829
1591	1835
1591	1839
1591	1842
1591	1860
1591	1874
1591	1881
1591	1882
1591	1885
1591	1894
1591	1907
1591	1911
1591	1920
1591	1922
1591	1928
1591	1935
1591	1936
1591	1937
1591	1939
1591	1949
1591	1959
1591	1968
1591	1977
1591	1989
1591	1997
1591	1999
1592	1612
1592	1617
1592	1619
1592	1628
1592	1635
1592	1640
1592	1655
1592	1707
1592	1724
1592	1733
1592	1753
1592	1767
1592	1774
1592	1802
1592	1817
1592	1822
1592	1836
1592	1839
1592	1840
1592	1845
1592	1869
1592	1871
1592	1878
1592	1893
1592	1895
1592	1901
1592	1903
1592	1906
1592	1915
1592	1922
1592	1925
1592	1926
1592	1932
1592	1941
1592	1952
1592	1961
1592	1968
1592	1973
1592	1974
1592	1982
1592	1983
1592	1991
1595	1600
1595	1602
1595	1612
1595	1619
1595	1635
1595	1636
1595	1640
1595	1644
1595	1649
1595	1655
1595	1667
1595	1671
1595	1672
1595	1694
1595	1721
1595	1726
1595	1750
1595	1751
1595	1760
1595	1771
1595	1785
1595	1787
1595	1798
1595	1805
1595	1824
1595	1826
1595	1830
1595	1836
1595	1846
1595	1861
1595	1881
1595	1913
1595	1936
1595	1941
1595	1944
1595	1956
1595	1987
1600	1612
1600	1655
1600	1667
1600	1692
1600	1709
1600	1722
1600	1724
1600	1740
1600	1765
1600	1783
1600	1787
1600	1788
1600	1801
1600	1812
1600	1830
1600	1837
1600	1840
1600	1841
1600	1847
1600	1852
1600	1855
1600	1861
1600	1872
1600	1877
1600	1882
1600	1916
1600	1951
1600	1960
1600	1968
1600	1970
1600	1982
1600	1983
1600	1995
1600	1997
1602	1654
1602	1671
1602	1674
1602	1706
1602	1716
1602	1721
1602	1726
1602	1728
1602	1729
1602	1744
1602	1753
1602	1765
1602	1782
1602	1813
1602	1824
1602	1828
1602	1837
1602	1843
1602	1848
1602	1852
1602	1863
1602	1869
1602	1872
1602	1873
1602	1895
1602	1897
1602	1900
1602	1913
1602	1920
1602	1922
1602	1926
1602	1937
1602	1941
1602	1957
1602	1968
1602	1975
1602	1996
1615	1633
1615	1634
1615	1644
1615	1646
1615	1671
1615	1695
1615	1740
1615	1750
1615	1771
1615	1772
1615	1800
1615	1812
1615	1824
1615	1830
1615	1834
1615	1851
1615	1863
1615	1890
1615	1903
1615	1913
1615	1917
1615	1920
1615	1926
1615	1928
1615	1939
1615	1945
1615	1957
1615	1958
1615	1960
1615	1964
1615	1974
1615	1975
1615	1979
1615	1985
1615	1990
1617	1630
1617	1644
1617	1681
1617	1686
1617	1707
1617	1719
1617	1721
1617	1727
1617	1734
1617	1744
1617	1750
1617	1765
1617	1768
1617	1782
1617	1797
1617	1801
1617	1812
1617	1840
1617	1849
1617	1855
1617	1863
1617	1869
1617	1872
1617	1880
1617	1897
1617	1908
1617	1917
1617	1930
1617	1937
1617	1940
1617	1954
1617	1957
1617	1958
1617	1984
1617	1997
1617	1999
1634	1644
1634	1649
1634	1655
1634	1692
1634	1706
1634	1718
1634	1751
1634	1767
1634	1768
1634	1797
1634	1813
1634	1814
1634	1839
1634	1845
1634	1852
1634	1871
1634	1913
1634	1917
1634	1930
1634	1942
1634	1943
1634	1966
1634	1989
1634	1990
1634	1992
1634	1993
1634	1994
1634	1999
1635	1646
1635	1651
1635	1667
1635	1670
1635	1672
1635	1707
1635	1719
1635	1720
1635	1722
1635	1725
1635	1750
1635	1768
1635	1770
1635	1776
1635	1802
1635	1805
1635	1826
1635	1832
1635	1835
1635	1847
1635	1850
1635	1863
1635	1877
1635	1878
1635	1881
1635	1886
1635	1888
1635	1894
1635	1895
1635	1907
1635	1913
1635	1940
1635	1942
1635	1949
1635	1962
1635	1974
1635	1986
1635	1988
1635	1997
1636	1640
1636	1644
1636	1651
1636	1654
1636	1663
1636	1670
1636	1681
1636	1692
1636	1707
1636	1733
1636	1750
1636	1774
1636	1791
1636	1812
1636	1860
1636	1862
1636	1875
1636	1876
1636	1884
1636	1902
1636	1911
1636	1934
1636	1936
1636	1938
1636	1939
1636	1941
1636	1949
1636	1968
1636	1974
1636	1975
1636	1987
1636	1988
1636	1992
1636	1993
1636	1995
1636	1999
1649	1651
1649	1667
1649	1695
1649	1697
1649	1706
1649	1727
1649	1728
1649	1731
1649	1806
1649	1816
1649	1817
1649	1830
1649	1834
1649	1835
1649	1848
1649	1849
1649	1862
1649	1872
1649	1878
1649	1884
1649	1885
1649	1888
1649	1908
1649	1922
1649	1951
1649	1954
1649	1970
1649	1972
1649	1982
1649	1983
1649	1984
1649	1988
1649	1989
1649	1990
1649	1996
1649	1998
1655	1681
1655	1686
1655	1690
1655	1707
1655	1720
1655	1733
1655	1765
1655	1767
1655	1775
1655	1806
1655	1816
1655	1828
1655	1844
1655	1847
1655	1848
1655	1873
1655	1874
1655	1884
1655	1886
1655	1899
1655	1922
1655	1928
1655	1930
1655	1933
1655	1938
1655	1940
1655	1942
1655	1951
1655	1958
1655	1984
1655	1991
1657	1672
1657	1707
1657	1708
1657	1729
1657	1733
1657	1750
1657	1760
1657	1765
1657	1776
1657	1783
1657	1797
1657	1800
1657	1806
1657	1820
1657	1822
1657	1824
1657	1826
1657	1842
1657	1862
1657	1863
1657	1880
1657	1899
1657	1900
1657	1902
1657	1935
1657	1956
1657	1968
1657	1974
1657	1991
1657	1994
1657	1999
1670	1674
1670	1681
1670	1687
1670	1690
1670	1709
1670	1718
1670	1732
1670	1750
1670	1751
1670	1753
1670	1775
1670	1777
1670	1806
1670	1812
1670	1824
1670	1836
1670	1844
1670	1846
1670	1848
1670	1851
1670	1852
1670	1865
1670	1876
1670	1888
1670	1899
1670	1928
1670	1932
1670	1940
1670	1941
1670	1961
1670	1968
1670	1974
1670	1986
1670	1987
1670	1991
1674	1705
1674	1708
1674	1719
1674	1727
1674	1742
1674	1777
1674	1798
1674	1801
1674	1820
1674	1829
1674	1837
1674	1863
1674	1875
1674	1880
1674	1886
1674	1900
1674	1906
1674	1916
1674	1920
1674	1928
1674	1933
1674	1940
1674	1942
1674	1943
1674	1958
1674	1963
1674	1968
1674	1972
1674	1984
1674	1994
1697	1705
1697	1709
1697	1719
1697	1728
1697	1734
1697	1753
1697	1769
1697	1791
1697	1794
1697	1814
1697	1826
1697	1844
1697	1848
1697	1869
1697	1874
1697	1875
1697	1876
1697	1884
1697	1921
1697	1936
1697	1937
1697	1938
1697	1952
1697	1956
1697	1961
1697	1965
1697	1972
1697	1975
1697	1985
1697	1996
1697	1998
1706	1721
1706	1726
1706	1735
1706	1744
1706	1749
1706	1770
1706	1774
1706	1797
1706	1800
1706	1814
1706	1822
1706	1836
1706	1841
1706	1843
1706	1852
1706	1871
1706	1884
1706	1907
1706	1917
1706	1922
1706	1934
1706	1951
1706	1966
1706	1974
1706	1975
1706	1984
1716	1724
1716	1755
1716	1770
1716	1771
1716	1775
1716	1776
1716	1783
1716	1785
1716	1788
1716	1816
1716	1824
1716	1828
1716	1832
1716	1841
1716	1848
1716	1852
1716	1862
1716	1878
1716	1882
1716	1906
1716	1917
1716	1934
1716	1944
1716	1961
1716	1964
1716	1968
1716	1977
1716	1990
1716	1998
1726	1728
1726	1735
1726	1751
1726	1753
1726	1769
1726	1771
1726	1829
1726	1836
1726	1840
1726	1845
1726	1862
1726	1864
1726	1874
1726	1903
1726	1915
1726	1917
1726	1931
1726	1933
1726	1938
1726	1951
1726	1954
1726	1957
1726	1960
1726	1961
1726	1966
1726	1968
1726	1980
1726	1982
1726	1986
1726	1987
1726	1993
1729	1738
1729	1740
1729	1768
1729	1775
1729	1782
1729	1783
1729	1787
1729	1788
1729	1813
1729	1829
1729	1835
1729	1841
1729	1847
1729	1851
1729	1874
1729	1877
1729	1892
1729	1911
1729	1916
1729	1922
1729	1935
1729	1940
1729	1956
1729	1957
1729	1968
1729	1973
1729	1984
1729	1986
1729	1989
1729	1992
1732	1740
1732	1760
1732	1777
1732	1782
1732	1783
1732	1800
1732	1828
1732	1844
1732	1850
1732	1861
1732	1865
1732	1876
1732	1882
1732	1885
1732	1888
1732	1916
1732	1920
1732	1944
1732	1954
1732	1961
1732	1962
1732	1966
1732	1974
1732	1986
1732	1994
1742	1760
1742	1767
1742	1782
1742	1783
1742	1818
1742	1830
1742	1834
1742	1837
1742	1850
1742	1861
1742	1872
1742	1874
1742	1884
1742	1893
1742	1902
1742	1907
1742	1925
1742	1928
1742	1936
1742	1940
1742	1944
1742	1945
1742	1949
1742	1956
1742	1960
1742	1965
1742	1968
1742	1972
1742	1974
1742	1977
1742	1979
1742	1987
1744	1770
1744	1777
1744	1785
1744	1787
1744	1813
1744	1830
1744	1836
1744	1843
1744	1852
1744	1860
1744	1875
1744	1878
1744	1884
1744	1886
1744	1891
1744	1892
1744	1901
1744	1902
1744	1910
1744	1913
1744	1933
1744	1958
1744	1966
1744	1983
1744	1987
1753	1765
1753	1771
1753	1776
1753	1787
1753	1794
1753	1798
1753	1836
1753	1841
1753	1892
1753	1934
1753	1939
1753	1965
1753	1971
1753	1973
1753	1977
1753	1987
1753	1992
1753	1995
1770	1771
1770	1782
1770	1797
1770	1801
1770	1814
1770	1832
1770	1840
1770	1846
1770	1869
1770	1899
1770	1901
1770	1917
1770	1922
1770	1926
1770	1930
1770	1957
1770	1971
1770	1980
1770	1998
1772	1777
1772	1800
1772	1805
1772	1814
1772	1824
1772	1830
1772	1834
1772	1837
1772	1839
1772	1840
1772	1843
1772	1850
1772	1863
1772	1885
1772	1890
1772	1894
1772	1902
1772	1915
1772	1922
1772	1938
1772	1939
1772	1963
1772	1972
1772	1989
1783	1785
1783	1791
1783	1828
1783	1834
1783	1836
1783	1843
1783	1850
1783	1874
1783	1878
1783	1892
1783	1906
1783	1908
1783	1926
1783	1934
1783	1941
1783	1944
1783	1949
1783	1955
1783	1968
1783	1990
1783	1991
1794	1812
1794	1816
1794	1826
1794	1828
1794	1834
1794	1837
1794	1841
1794	1848
1794	1852
1794	1855
1794	1872
1794	1877
1794	1895
1794	1900
1794	1911
1794	1917
1794	1952
1794	1959
1794	1964
1794	1970
1794	1972
1794	1982
1800	1806
1800	1840
1800	1843
1800	1846
1800	1861
1800	1869
1800	1877
1800	1891
1800	1899
1800	1902
1800	1930
1800	1934
1800	1937
1800	1938
1800	1951
1800	1952
1800	1956
1800	1973
1800	1998
1813	1818
1813	1835
1813	1841
1813	1845
1813	1847
1813	1855
1813	1865
1813	1871
1813	1878
1813	1897
1813	1899
1813	1902
1813	1906
1813	1907
1813	1933
1813	1949
1813	1963
1813	1976
1813	1979
1813	1985
1813	1992
1813	1993
1813	1995
1813	1997
1813	1999
1816	1820
1816	1828
1816	1832
1816	1834
1816	1841
1816	1846
1816	1855
1816	1871
1816	1886
1816	1892
1816	1897
1816	1903
1816	1913
1816	1917
1816	1930
1816	1933
1816	1968
1816	1975
1816	1982
1816	1983
1816	1986
1816	1991
1817	1818
1817	1834
1817	1839
1817	1845
1817	1855
1817	1873
1817	1874
1817	1875
1817	1876
1817	1885
1817	1888
1817	1895
1817	1899
1817	1903
1817	1913
1817	1921
1817	1954
1817	1959
1817	1973
1817	1979
1817	1986
1817	1997
1817	1999
1822	1828
1822	1837
1822	1839
1822	1842
1822	1855
1822	1862
1822	1863
1822	1865
1822	1873
1822	1874
1822	1882
1822	1884
1822	1885
1822	1888
1822	1890
1822	1892
1822	1895
1822	1901
1822	1903
1822	1906
1822	1915
1822	1932
1822	1954
1822	1957
1822	1962
1822	1965
1822	1968
1822	1974
1822	1988
1822	1992
1822	1993
1822	1994
1828	1829
1828	1830
1828	1848
1828	1863
1828	1871
1828	1872
1828	1873
1828	1874
1828	1878
1828	1892
1828	1894
1828	1903
1828	1907
1828	1917
1828	1922
1828	1931
1828	1936
1828	1956
1828	1959
1828	1974
1828	1980
1828	1982
1828	1994
1828	1996
1828	1998
1829	1832
1829	1836
1829	1849
1829	1850
1829	1862
1829	1871
1829	1884
1829	1895
1829	1899
1829	1908
1829	1913
1829	1915
1829	1934
1829	1936
1829	1938
1829	1975
1829	1976
1829	1983
1829	1986
1829	1988
1829	1996
1835	1836
1835	1860
1835	1875
1835	1878
1835	1893
1835	1900
1835	1903
1835	1907
1835	1917
1835	1921
1835	1922
1835	1937
1835	1941
1835	1949
1835	1955
1835	1960
1835	1962
1835	1974
1835	1997
1840	1841
1840	1855
1840	1861
1840	1869
1840	1873
1840	1881
1840	1892
1840	1895
1840	1900
1840	1916
1840	1928
1840	1930
1840	1940
1840	1942
1840	1954
1840	1955
1840	1959
1840	1963
1840	1966
1840	1973
1840	1990
1840	1991
1841	1855
1841	1862
1841	1863
1841	1891
1841	1893
1841	1906
1841	1908
1841	1933
1841	1940
1841	1949
1841	1976
1841	1987
1841	1998
1841	1999
1842	1851
1842	1865
1842	1873
1842	1881
1842	1892
1842	1902
1842	1908
1842	1910
1842	1932
1842	1938
1842	1955
1842	1958
1842	1966
1842	1976
1842	1995
1842	1999
1848	1862
1848	1871
1848	1873
1848	1874
1848	1878
1848	1881
1848	1893
1848	1908
1848	1926
1848	1935
1848	1943
1848	1963
1848	1965
1848	1975
1848	1987
1848	1991
1848	1996
1851	1873
1851	1874
1851	1876
1851	1878
1851	1886
1851	1890
1851	1891
1851	1892
1851	1894
1851	1897
1851	1899
1851	1901
1851	1908
1851	1915
1851	1920
1851	1931
1851	1932
1851	1938
1851	1945
1851	1959
1851	1984
1851	1999
1861	1872
1861	1873
1861	1874
1861	1875
1861	1899
1861	1902
1861	1920
1861	1921
1861	1928
1861	1936
1861	1951
1861	1954
1861	1959
1861	1960
1861	1965
1861	1993
1861	1996
1864	1882
1864	1885
1864	1888
1864	1893
1864	1894
1864	1897
1864	1930
1864	1960
1864	1966
1864	1971
1864	1972
1864	1976
1864	1983
1864	1985
1864	1993
1864	1996
1864	1998
1873	1875
1873	1880
1873	1882
1873	1886
1873	1899
1873	1901
1873	1906
1873	1931
1873	1932
1873	1943
1873	1952
1873	1966
1873	1972
1873	1974
1873	1987
1873	1989
1873	1992
1874	1875
1874	1878
1874	1880
1874	1902
1874	1907
1874	1930
1874	1933
1874	1938
1874	1943
1874	1954
1874	1964
1874	1970
1874	1973
1874	1976
1874	1980
1874	1996
1875	1899
1875	1901
1875	1941
1875	1942
1875	1971
1875	1975
1875	1980
1875	1991
1878	1888
1878	1900
1878	1901
1878	1911
1878	1930
1878	1933
1878	1937
1878	1940
1878	1952
1878	1960
1878	1961
1878	1971
1878	1973
1878	1975
1878	1980
1884	1885
1884	1886
1884	1888
1884	1892
1884	1903
1884	1906
1884	1910
1884	1911
1884	1939
1884	1949
1884	1963
1884	1973
1884	1991
1888	1906
1888	1911
1888	1920
1888	1936
1888	1941
1888	1944
1888	1949
1888	1951
1888	1955
1888	1965
1888	1984
1888	1987
1888	1990
1894	1895
1894	1899
1894	1901
1894	1903
1894	1917
1894	1920
1894	1930
1894	1937
1894	1949
1894	1952
1894	1955
1894	1959
1894	1980
1894	1984
1895	1897
1895	1906
1895	1921
1895	1922
1895	1938
1895	1942
1895	1943
1895	1949
1895	1951
1895	1974
1895	1982
1895	1989
1895	1990
1895	1992
1897	1900
1897	1910
1897	1911
1897	1936
1897	1963
1897	1970
1897	1972
1897	1977
1897	1990
1897	1994
1897	1997
1899	1915
1899	1916
1899	1917
1899	1928
1899	1939
1899	1964
1899	1984
1899	1992
1899	1999
1900	1908
1900	1913
1900	1922
1900	1925
1900	1926
1900	1940
1900	1962
1900	1963
1900	1972
1900	1980
1900	1982
1902	1913
1902	1939
1902	1943
1902	1975
1902	1989
1906	1910
1906	1913
1906	1926
1906	1955
1906	1963
1906	1973
1906	1977
1906	1983
1906	1986
1910	1916
1910	1925
1910	1964
1910	1966
1910	1970
1910	1973
1910	1982
1911	1931
1911	1932
1911	1933
1911	1934
1911	1939
1911	1945
1911	1956
1911	1958
1911	1961
1911	1962
1911	1964
1911	1975
1911	1979
1911	1990
1917	1935
1917	1951
1917	1957
1917	1959
1917	1961
1917	1963
1917	1965
1917	1979
1917	1980
1917	1985
1917	1992
1921	1922
1921	1925
1921	1930
1921	1932
1921	1933
1921	1940
1921	1968
1921	1976
1921	1987
1921	1998
1926	1934
1926	1938
1926	1949
1926	1982
1926	1984
1926	1995
1931	1937
1931	1940
1931	1945
1931	1951
1931	1957
1931	1973
1931	1980
1932	1965
1932	1968
1932	1992
1932	1996
1937	1941
1937	1942
1937	1943
1937	1951
1937	1952
1937	1955
1937	1956
1937	1973
1937	1975
1937	1979
1937	1991
1937	1995
1939	1951
1939	1952
1939	1961
1939	1962
1939	1983
1939	1990
1939	1998
1940	1941
1940	1954
1940	1955
1940	1956
1940	1965
1940	1989
1940	1996
1944	1949
1944	1956
1944	1958
1944	1970
1944	1980
1944	1984
1944	1988
1944	1993
1944	1999
1945	1961
1945	1985
1945	1991
1949	1963
1949	1966
1949	1972
1949	1989
1949	1991
1949	1998
1951	1955
1951	1964
1951	1974
1951	1979
1951	1983
1951	1998
1958	1965
1958	1972
1958	1980
1958	1986
1958	1988
1959	1963
1959	1974
1959	1980
1959	1992
1959	1993
1959	1998
1964	1971
1964	1979
1964	1987
1964	1990
1964	1994
1975	1976
1975	1983
1975	1995
1977	1984
1977	1986
1977	1991
1977	1998
1979	1996
1979	1997
1982	1983
1982	1994
1982	1996
1984	1991
1986	1987
1986	1992
1987	1990
1988	1999
1990	1993
1990	1997
1995	1997
1996	1999
1277	1330
1277	1372
1277	1379
1277	1424
1277	1458
1277	1467
1277	1487
1277	1518
1277	1533
1277	1540
1277	1542
1277	1545
1277	1554
1277	1555
1277	1558
1277	1600
1277	1644
1277	1674
1277	1695
1277	1705
1277	1707
1277	1721
1277	1727
1277	1744
1277	1755
1277	1774
1277	1787
1277	1816
1277	1817
1277	1844
1277	1847
1277	1861
1277	1888
1277	1890
1277	1893
1277	1897
1277	1900
1277	1902
1277	1920
1277	1921
1277	1930
1277	1951
1277	1952
1277	1957
1277	1961
1277	1976
1277	1979
1277	1986
1300	1305
1300	1360
1300	1463
1300	1501
1300	1543
1300	1574
1300	1588
1300	1655
1300	1728
1300	1755
1300	1783
1300	1787
1300	1788
1300	1798
1300	1802
1300	1813
1300	1834
1300	1835
1300	1846
1300	1851
1300	1852
1300	1863
1300	1884
1300	1902
1300	1915
1300	1917
1300	1920
1300	1926
1300	1931
1300	1939
1300	1940
1300	1943
1300	1955
1300	1962
1300	1964
1300	1983
1300	1984
1300	1990
1300	1993
1300	1999
1305	1461
1305	1478
1305	1497
1305	1518
1305	1524
1305	1533
1305	1546
1305	1579
1305	1602
1305	1657
1305	1672
1305	1692
1305	1704
1305	1725
1305	1726
1305	1727
1305	1731
1305	1742
1305	1770
1305	1802
1305	1805
1305	1814
1305	1822
1305	1826
1305	1832
1305	1834
1305	1839
1305	1840
1305	1842
1305	1862
1305	1869
1305	1876
1305	1892
1305	1895
1305	1910
1305	1911
1305	1913
1305	1921
1305	1922
1305	1928
1305	1930
1305	1932
1305	1935
1305	1943
1305	1951
1305	1954
1305	1955
1305	1959
1305	1964
1305	1971
1305	1979
1305	1982
1305	1986
1305	1988
1305	1994
1438	1459
1438	1479
1438	1561
1438	1568
1438	1572
1438	1602
1438	1617
1438	1630
1438	1634
1438	1642
1438	1651
1438	1670
1438	1676
1438	1708
1438	1727
1438	1732
1438	1742
1438	1765
1438	1769
1438	1772
1438	1788
1438	1794
1438	1797
1438	1812
1438	1830
1438	1836
1438	1837
1438	1841
1438	1842
1438	1849
1438	1852
1438	1855
1438	1860
1438	1863
1438	1875
1438	1890
1438	1897
1438	1917
1438	1932
1438	1963
1438	1973
1438	1976
1438	1979
1438	1987
1438	1988
1438	1990
1438	1992
1438	1996
1438	1999
1487	1524
1487	1536
1487	1564
1487	1590
1487	1628
1487	1644
1487	1667
1487	1670
1487	1705
1487	1706
1487	1707
1487	1709
1487	1727
1487	1728
1487	1732
1487	1740
1487	1753
1487	1775
1487	1834
1487	1840
1487	1841
1487	1844
1487	1848
1487	1849
1487	1850
1487	1852
1487	1855
1487	1869
1487	1872
1487	1878
1487	1881
1487	1897
1487	1908
1487	1910
1487	1916
1487	1936
1487	1940
1487	1957
1487	1959
1487	1962
1487	1964
1487	1968
1487	1970
1487	1971
1487	1980
1487	1994
1524	1533
1524	1546
1524	1582
1524	1588
1524	1593
1524	1600
1524	1612
1524	1640
1524	1642
1524	1692
1524	1697
1524	1719
1524	1733
1524	1734
1524	1738
1524	1749
1524	1774
1524	1776
1524	1777
1524	1800
1524	1812
1524	1816
1524	1818
1524	1820
1524	1835
1524	1837
1524	1865
1524	1874
1524	1888
1524	1899
1524	1902
1524	1907
1524	1925
1524	1940
1524	1943
1524	1956
1524	1957
1524	1962
1524	1975
1524	1979
1524	1982
1524	1985
1524	1988
1567	1568
1567	1588
1567	1592
1567	1597
1567	1618
1567	1619
1567	1630
1567	1634
1567	1692
1567	1695
1567	1707
1567	1718
1567	1719
1567	1731
1567	1767
1567	1768
1567	1774
1567	1777
1567	1782
1567	1787
1567	1791
1567	1797
1567	1798
1567	1802
1567	1805
1567	1824
1567	1826
1567	1829
1567	1851
1567	1864
1567	1869
1567	1884
1567	1895
1567	1903
1567	1932
1567	1938
1567	1939
1567	1940
1567	1962
1567	1971
1567	1974
1567	1976
1567	1982
1567	1988
1570	1582
1570	1602
1570	1636
1570	1657
1570	1674
1570	1704
1570	1708
1570	1716
1570	1718
1570	1727
1570	1728
1570	1740
1570	1788
1570	1800
1570	1801
1570	1824
1570	1830
1570	1841
1570	1851
1570	1873
1570	1874
1570	1878
1570	1890
1570	1892
1570	1895
1570	1897
1570	1899
1570	1901
1570	1903
1570	1906
1570	1908
1570	1913
1570	1920
1570	1922
1570	1926
1570	1937
1570	1938
1570	1952
1570	1960
1570	1965
1570	1968
1570	1985
1570	1986
1570	1995
1618	1619
1618	1657
1618	1669
1618	1692
1618	1706
1618	1707
1618	1708
1618	1709
1618	1716
1618	1728
1618	1732
1618	1733
1618	1751
1618	1770
1618	1775
1618	1782
1618	1783
1618	1798
1618	1820
1618	1826
1618	1836
1618	1844
1618	1876
1618	1893
1618	1908
1618	1922
1618	1931
1618	1954
1618	1956
1618	1959
1618	1973
1618	1977
1618	1989
1618	1994
1623	1630
1623	1690
1623	1718
1623	1719
1623	1738
1623	1753
1623	1771
1623	1777
1623	1806
1623	1813
1623	1844
1623	1851
1623	1861
1623	1878
1623	1891
1623	1897
1623	1900
1623	1906
1623	1911
1623	1913
1623	1921
1623	1928
1623	1930
1623	1934
1623	1937
1623	1943
1623	1961
1623	1962
1623	1971
1623	1976
1623	1982
1638	1667
1638	1671
1638	1672
1638	1687
1638	1692
1638	1705
1638	1708
1638	1729
1638	1732
1638	1734
1638	1744
1638	1750
1638	1755
1638	1765
1638	1767
1638	1772
1638	1776
1638	1797
1638	1802
1638	1805
1638	1816
1638	1829
1638	1839
1638	1846
1638	1849
1638	1873
1638	1874
1638	1891
1638	1892
1638	1902
1638	1906
1638	1911
1638	1928
1638	1937
1638	1939
1638	1941
1638	1944
1638	1955
1638	1962
1638	1963
1638	1968
1638	1996
1638	1997
1638	1998
1654	1686
1654	1738
1654	1755
1654	1769
1654	1777
1654	1782
1654	1788
1654	1794
1654	1797
1654	1817
1654	1829
1654	1830
1654	1837
1654	1848
1654	1850
1654	1862
1654	1864
1654	1871
1654	1878
1654	1881
1654	1892
1654	1894
1654	1899
1654	1902
1654	1921
1654	1922
1654	1934
1654	1938
1654	1941
1654	1945
1654	1955
1654	1957
1654	1960
1654	1966
1654	1984
1654	1987
1654	1989
1654	1996
1663	1694
1663	1695
1663	1704
1663	1726
1663	1744
1663	1785
1663	1800
1663	1813
1663	1837
1663	1843
1663	1864
1663	1872
1663	1875
1663	1877
1663	1878
1663	1880
1663	1882
1663	1895
1663	1899
1663	1903
1663	1907
1663	1911
1663	1922
1663	1938
1663	1939
1663	1941
1663	1942
1663	1964
1663	1965
1663	1980
1663	1993
1671	1718
1671	1719
1671	1734
1671	1742
1671	1750
1671	1753
1671	1755
1671	1760
1671	1768
1671	1794
1671	1800
1671	1818
1671	1824
1671	1826
1671	1861
1671	1864
1671	1876
1671	1885
1671	1895
1671	1902
1671	1903
1671	1920
1671	1928
1671	1931
1671	1960
1671	1970
1671	1977
1671	1991
1687	1690
1687	1704
1687	1706
1687	1709
1687	1725
1687	1726
1687	1755
1687	1770
1687	1776
1687	1782
1687	1788
1687	1801
1687	1812
1687	1816
1687	1826
1687	1829
1687	1843
1687	1849
1687	1864
1687	1865
1687	1873
1687	1880
1687	1892
1687	1931
1687	1951
1687	1956
1687	1964
1687	1988
1687	1995
1704	1707
1704	1716
1704	1721
1704	1727
1704	1751
1704	1755
1704	1768
1704	1785
1704	1794
1704	1802
1704	1805
1704	1826
1704	1832
1704	1834
1704	1841
1704	1847
1704	1855
1704	1865
1704	1875
1704	1877
1704	1882
1704	1890
1704	1907
1704	1915
1704	1920
1704	1921
1704	1922
1704	1939
1704	1943
1704	1959
1704	1966
1704	1974
1704	1988
1704	1990
1718	1728
1718	1729
1718	1740
1718	1744
1718	1770
1718	1771
1718	1772
1718	1798
1718	1802
1718	1805
1718	1813
1718	1816
1718	1818
1718	1842
1718	1845
1718	1848
1718	1849
1718	1862
1718	1869
1718	1871
1718	1873
1718	1875
1718	1888
1718	1895
1718	1911
1718	1913
1718	1915
1718	1925
1718	1951
1718	1964
1718	1987
1718	1988
1718	1996
1719	1722
1719	1751
1719	1755
1719	1772
1719	1774
1719	1775
1719	1783
1719	1798
1719	1802
1719	1806
1719	1861
1719	1874
1719	1908
1719	1910
1719	1942
1719	1964
1719	1970
1719	1971
1719	1976
1719	1983
1719	1988
1719	1990
1721	1742
1721	1744
1721	1768
1721	1772
1721	1776
1721	1783
1721	1787
1721	1813
1721	1816
1721	1817
1721	1824
1721	1837
1721	1842
1721	1874
1721	1880
1721	1882
1721	1885
1721	1886
1721	1911
1721	1920
1721	1922
1721	1931
1721	1932
1721	1933
1721	1940
1721	1956
1721	1966
1721	1975
1721	1995
1724	1731
1724	1740
1724	1742
1724	1768
1724	1770
1724	1772
1724	1783
1724	1794
1724	1797
1724	1806
1724	1816
1724	1829
1724	1843
1724	1844
1724	1892
1724	1895
1724	1901
1724	1915
1724	1917
1724	1926
1724	1941
1724	1943
1724	1949
1724	1958
1724	1966
1724	1968
1727	1749
1727	1765
1727	1770
1727	1775
1727	1794
1727	1801
1727	1822
1727	1839
1727	1840
1727	1844
1727	1846
1727	1875
1727	1877
1727	1892
1727	1901
1727	1903
1727	1921
1727	1933
1727	1949
1727	1959
1727	1963
1727	1979
1727	1997
1727	1998
1731	1749
1731	1760
1731	1768
1731	1771
1731	1774
1731	1787
1731	1816
1731	1818
1731	1869
1731	1894
1731	1897
1731	1911
1731	1916
1731	1921
1731	1938
1731	1949
1731	1952
1731	1974
1731	1979
1731	1985
1731	1990
1731	1997
1733	1734
1733	1738
1733	1753
1733	1768
1733	1777
1733	1826
1733	1828
1733	1829
1733	1832
1733	1841
1733	1842
1733	1884
1733	1891
1733	1899
1733	1906
1733	1932
1733	1933
1733	1939
1733	1944
1733	1951
1733	1952
1733	1955
1733	1957
1733	1966
1733	1968
1733	1971
1733	1973
1733	1974
1733	1986
1733	1996
1735	1742
1735	1783
1735	1787
1735	1798
1735	1820
1735	1829
1735	1845
1735	1849
1735	1850
1735	1862
1735	1869
1735	1876
1735	1886
1735	1888
1735	1894
1735	1922
1735	1930
1735	1933
1735	1939
1735	1945
1735	1954
1735	1955
1735	1975
1735	1984
1735	1986
1735	1987
1735	1991
1740	1750
1740	1751
1740	1760
1740	1765
1740	1769
1740	1777
1740	1787
1740	1818
1740	1828
1740	1832
1740	1837
1740	1845
1740	1871
1740	1872
1740	1880
1740	1881
1740	1885
1740	1895
1740	1903
1740	1908
1740	1928
1740	1934
1740	1935
1740	1937
1740	1938
1740	1972
1740	1973
1740	1974
1740	1977
1740	1988
1740	1994
1749	1750
1749	1770
1749	1785
1749	1797
1749	1806
1749	1814
1749	1817
1749	1818
1749	1834
1749	1835
1749	1836
1749	1843
1749	1848
1749	1850
1749	1852
1749	1875
1749	1880
1749	1884
1749	1886
1749	1888
1749	1894
1749	1941
1749	1942
1749	1959
1749	1972
1749	1977
1749	1987
1749	1996
1749	1998
1749	1999
1751	1760
1751	1772
1751	1782
1751	1797
1751	1802
1751	1805
1751	1812
1751	1817
1751	1829
1751	1844
1751	1873
1751	1875
1751	1881
1751	1910
1751	1920
1751	1922
1751	1930
1751	1932
1751	1939
1751	1944
1751	1959
1751	1962
1751	1964
1751	1979
1751	1980
1751	1994
1751	1997
1765	1777
1765	1787
1765	1791
1765	1797
1765	1800
1765	1842
1765	1848
1765	1855
1765	1860
1765	1863
1765	1864
1765	1869
1765	1873
1765	1881
1765	1888
1765	1903
1765	1910
1765	1917
1765	1931
1765	1949
1765	1955
1765	1961
1765	1962
1765	1977
1765	1991
1769	1801
1769	1813
1769	1820
1769	1824
1769	1826
1769	1834
1769	1835
1769	1842
1769	1845
1769	1846
1769	1849
1769	1850
1769	1873
1769	1874
1769	1877
1769	1891
1769	1895
1769	1906
1769	1934
1769	1941
1769	1942
1769	1943
1769	1952
1769	1976
1769	1980
1769	1982
1769	1999
1771	1772
1771	1783
1771	1788
1771	1791
1771	1800
1771	1801
1771	1826
1771	1840
1771	1844
1771	1848
1771	1850
1771	1852
1771	1860
1771	1863
1771	1880
1771	1892
1771	1894
1771	1908
1771	1930
1771	1933
1771	1934
1771	1937
1771	1939
1771	1941
1771	1945
1771	1965
1771	1974
1771	1989
1774	1777
1774	1782
1774	1832
1774	1847
1774	1862
1774	1865
1774	1872
1774	1884
1774	1894
1774	1897
1774	1899
1774	1913
1774	1925
1774	1942
1774	1944
1774	1956
1774	1962
1774	1964
1774	1974
1774	1980
1774	1990
1775	1783
1775	1788
1775	1802
1775	1806
1775	1814
1775	1822
1775	1836
1775	1837
1775	1843
1775	1850
1775	1851
1775	1855
1775	1862
1775	1886
1775	1902
1775	1917
1775	1926
1775	1930
1775	1939
1775	1943
1775	1958
1775	1961
1775	1966
1775	1977
1776	1828
1776	1835
1776	1847
1776	1849
1776	1852
1776	1876
1776	1880
1776	1884
1776	1886
1776	1890
1776	1891
1776	1901
1776	1903
1776	1908
1776	1926
1776	1930
1776	1931
1776	1932
1776	1954
1776	1961
1776	1963
1776	1964
1776	1966
1776	1979
1776	1982
1777	1785
1777	1788
1777	1800
1777	1805
1777	1828
1777	1835
1777	1837
1777	1850
1777	1851
1777	1861
1777	1875
1777	1884
1777	1886
1777	1897
1777	1911
1777	1922
1777	1936
1777	1940
1777	1954
1777	1956
1777	1976
1777	1977
1777	1979
1777	1980
1777	1984
1782	1787
1782	1788
1782	1797
1782	1814
1782	1817
1782	1834
1782	1841
1782	1845
1782	1847
1782	1862
1782	1872
1782	1873
1782	1876
1782	1884
1782	1892
1782	1899
1782	1907
1782	1913
1782	1928
1782	1933
1782	1934
1782	1937
1782	1949
1782	1951
1782	1955
1782	1957
1782	1963
1782	1971
1782	1992
1782	1994
1782	1995
1787	1788
1787	1791
1787	1800
1787	1824
1787	1842
1787	1844
1787	1863
1787	1872
1787	1873
1787	1876
1787	1888
1787	1897
1787	1907
1787	1908
1787	1911
1787	1933
1787	1942
1787	1957
1787	1963
1787	1964
1787	1970
1787	1979
1787	1980
1787	1986
1787	1990
1787	1999
1791	1806
1791	1847
1791	1855
1791	1865
1791	1873
1791	1888
1791	1890
1791	1891
1791	1906
1791	1951
1791	1955
1791	1956
1791	1958
1791	1961
1791	1988
1791	1994
1801	1813
1801	1818
1801	1826
1801	1830
1801	1837
1801	1844
1801	1845
1801	1846
1801	1852
1801	1855
1801	1862
1801	1895
1801	1906
1801	1931
1801	1952
1801	1962
1801	1963
1801	1966
1801	1971
1801	1976
1801	1985
1805	1835
1805	1843
1805	1860
1805	1861
1805	1863
1805	1869
1805	1897
1805	1900
1805	1907
1805	1932
1805	1941
1805	1949
1805	1968
1805	1975
1805	1982
1805	1997
1805	1999
1812	1822
1812	1826
1812	1844
1812	1848
1812	1873
1812	1875
1812	1876
1812	1877
1812	1892
1812	1894
1812	1900
1812	1902
1812	1913
1812	1915
1812	1920
1812	1934
1812	1951
1812	1974
1812	1975
1812	1979
1812	1993
1844	1855
1844	1860
1844	1876
1844	1881
1844	1884
1844	1886
1844	1892
1844	1913
1844	1934
1844	1943
1844	1955
1844	1972
1844	1973
1844	1980
1844	1983
1844	1996
1845	1869
1845	1872
1845	1874
1845	1876
1845	1881
1845	1884
1845	1886
1845	1888
1845	1895
1845	1911
1845	1932
1845	1934
1845	1954
1845	1955
1845	1956
1845	1964
1845	1966
1845	1968
1845	1986
1845	1989
1852	1872
1852	1873
1852	1875
1852	1876
1852	1900
1852	1907
1852	1908
1852	1917
1852	1937
1852	1949
1852	1955
1852	1963
1852	1974
1852	1975
1852	1980
1852	1990
1852	1994
1852	1998
1855	1862
1855	1865
1855	1881
1855	1885
1855	1891
1855	1897
1855	1903
1855	1916
1855	1945
1855	1959
1855	1960
1855	1962
1855	1983
1855	1986
1865	1877
1865	1885
1865	1886
1865	1894
1865	1897
1865	1916
1865	1922
1865	1931
1865	1943
1865	1955
1865	1961
1865	1970
1865	1987
1865	1992
1865	1993
1865	1996
1865	1997
1880	1899
1880	1915
1880	1922
1880	1930
1880	1933
1880	1937
1880	1949
1880	1959
1880	1965
1880	1985
1880	1991
1886	1892
1886	1907
1886	1938
1886	1983
1886	1984
1886	1999
1890	1893
1890	1894
1890	1901
1890	1920
1890	1925
1890	1928
1890	1939
1890	1949
1890	1955
1890	1964
1890	1972
1890	1982
1891	1899
1891	1907
1891	1928
1891	1930
1891	1935
1891	1944
1891	1949
1891	1970
1891	1979
1901	1903
1901	1916
1901	1930
1901	1937
1901	1940
1901	1960
1901	1976
1901	1990
1901	1991
1901	1994
1907	1925
1907	1936
1907	1937
1907	1938
1907	1957
1907	1966
1907	1971
1907	1973
1907	1980
1907	1986
1907	1992
1907	1994
1907	1997
1913	1915
1913	1922
1913	1930
1913	1932
1913	1935
1913	1936
1913	1937
1913	1964
1913	1965
1913	1987
1913	1998
1920	1942
1920	1961
1920	1968
1920	1973
1920	1977
1920	1984
1920	1986
1920	1990
1920	1994
1920	1998
1933	1938
1933	1940
1933	1944
1933	1945
1933	1958
1933	1964
1933	1966
1933	1972
1933	1976
1933	1977
1933	1987
1933	1988
1933	1993
1933	1995
1933	1997
1934	1951
1934	1962
1934	1970
1934	1976
1934	1996
1934	1998
1935	1936
1935	1944
1935	1945
1935	1955
1935	1959
1935	1968
1935	1972
1935	1984
1935	1988
1935	1997
1935	1998
1938	1962
1938	1972
1938	1976
1938	1985
1938	1989
1938	1992
1938	1993
1938	1996
1941	1944
1941	1945
1941	1957
1941	1993
1941	1999
1952	1955
1952	1961
1952	1970
1952	1982
1952	1986
1952	1988
1952	1995
1952	1999
1960	1964
1960	1965
1960	1972
1960	1973
1960	1975
1960	1976
1960	1979
1960	1985
1960	1989
1960	1990
1960	1997
1961	1963
1961	1980
1961	1985
1961	1986
1961	1987
1961	1991
1961	1993
1961	1999
1966	1973
1966	1974
1966	1979
1970	1976
1970	1984
1970	1990
1971	1988
1971	1989
1971	1990
1971	1992
1974	1979
1974	1989
1974	1990
1974	1998
1980	1998
1985	1993
1994	1995
1994	1998
1458	1459
1458	1478
1458	1497
1458	1501
1458	1517
1458	1554
1458	1558
1458	1564
1458	1574
1458	1590
1458	1617
1458	1628
1458	1633
1458	1636
1458	1640
1458	1642
1458	1649
1458	1654
1458	1655
1458	1670
1458	1718
1458	1719
1458	1738
1458	1742
1458	1753
1458	1772
1458	1794
1458	1844
1458	1852
1458	1869
1458	1882
1458	1908
1458	1917
1458	1921
1458	1925
1458	1928
1458	1934
1458	1939
1458	1954
1458	1956
1458	1974
1458	1979
1458	1986
1458	1994
1458	1997
1458	1998
1497	1517
1497	1518
1497	1561
1497	1566
1497	1590
1497	1635
1497	1642
1497	1654
1497	1687
1497	1701
1497	1705
1497	1706
1497	1708
1497	1716
1497	1722
1497	1726
1497	1733
1497	1774
1497	1777
1497	1797
1497	1802
1497	1817
1497	1822
1497	1835
1497	1839
1497	1841
1497	1850
1497	1869
1497	1871
1497	1876
1497	1881
1497	1890
1497	1913
1497	1915
1497	1926
1497	1936
1497	1960
1497	1961
1497	1965
1497	1968
1497	1983
1497	1985
1497	1986
1497	1988
1497	1995
1497	1998
1554	1561
1554	1567
1554	1570
1554	1588
1554	1592
1554	1612
1554	1623
1554	1640
1554	1667
1554	1669
1554	1671
1554	1676
1554	1707
1554	1709
1554	1720
1554	1722
1554	1725
1554	1731
1554	1734
1554	1735
1554	1738
1554	1750
1554	1755
1554	1776
1554	1782
1554	1798
1554	1801
1554	1813
1554	1830
1554	1845
1554	1847
1554	1852
1554	1871
1554	1874
1554	1875
1554	1913
1554	1926
1554	1935
1554	1940
1554	1954
1554	1956
1554	1963
1554	1965
1554	1971
1554	1972
1554	1973
1554	1979
1554	1987
1566	1567
1566	1588
1566	1591
1566	1592
1566	1595
1566	1628
1566	1642
1566	1674
1566	1676
1566	1681
1566	1705
1566	1716
1566	1721
1566	1725
1566	1782
1566	1785
1566	1788
1566	1812
1566	1816
1566	1822
1566	1824
1566	1832
1566	1845
1566	1846
1566	1875
1566	1878
1566	1884
1566	1892
1566	1893
1566	1920
1566	1925
1566	1935
1566	1942
1566	1945
1566	1975
1566	1976
1566	1979
1593	1612
1593	1623
1593	1670
1593	1692
1593	1694
1593	1695
1593	1704
1593	1716
1593	1727
1593	1740
1593	1753
1593	1755
1593	1767
1593	1791
1593	1814
1593	1822
1593	1836
1593	1847
1593	1849
1593	1855
1593	1880
1593	1882
1593	1884
1593	1891
1593	1901
1593	1908
1593	1910
1593	1930
1593	1935
1593	1938
1593	1941
1593	1944
1593	1951
1593	1957
1593	1963
1593	1972
1593	1974
1628	1644
1628	1646
1628	1654
1628	1657
1628	1667
1628	1676
1628	1709
1628	1721
1628	1722
1628	1729
1628	1750
1628	1760
1628	1769
1628	1772
1628	1802
1628	1805
1628	1817
1628	1820
1628	1824
1628	1840
1628	1842
1628	1846
1628	1860
1628	1861
1628	1865
1628	1874
1628	1875
1628	1876
1628	1877
1628	1884
1628	1933
1628	1934
1628	1954
1628	1956
1628	1959
1628	1960
1628	1961
1628	1972
1628	1983
1628	1984
1628	1994
1628	1997
1633	1638
1633	1646
1633	1669
1633	1676
1633	1681
1633	1704
1633	1706
1633	1716
1633	1718
1633	1720
1633	1738
1633	1765
1633	1829
1633	1834
1633	1839
1633	1841
1633	1845
1633	1850
1633	1860
1633	1873
1633	1874
1633	1876
1633	1885
1633	1897
1633	1903
1633	1910
1633	1926
1633	1942
1633	1944
1633	1952
1633	1956
1633	1961
1633	1962
1633	1991
1633	1997
1642	1695
1642	1705
1642	1720
1642	1722
1642	1726
1642	1728
1642	1729
1642	1731
1642	1734
1642	1751
1642	1765
1642	1770
1642	1775
1642	1791
1642	1812
1642	1814
1642	1826
1642	1837
1642	1840
1642	1842
1642	1849
1642	1851
1642	1871
1642	1873
1642	1884
1642	1903
1642	1928
1642	1931
1642	1938
1642	1941
1642	1960
1642	1961
1642	1966
1642	1970
1642	1976
1642	1987
1642	1988
1642	1999
1644	1655
1644	1669
1644	1671
1644	1672
1644	1690
1644	1697
1644	1705
1644	1706
1644	1708
1644	1724
1644	1726
1644	1728
1644	1733
1644	1735
1644	1753
1644	1788
1644	1802
1644	1816
1644	1820
1644	1845
1644	1874
1644	1884
1644	1895
1644	1916
1644	1935
1644	1940
1644	1949
1644	1960
1644	1976
1644	1979
1644	1993
1651	1671
1651	1681
1651	1690
1651	1701
1651	1725
1651	1732
1651	1768
1651	1817
1651	1820
1651	1826
1651	1841
1651	1851
1651	1882
1651	1885
1651	1890
1651	1891
1651	1907
1651	1922
1651	1925
1651	1926
1651	1949
1651	1956
1651	1972
1651	1977
1651	1980
1651	1982
1651	1988
1651	1999
1669	1672
1669	1690
1669	1697
1669	1706
1669	1724
1669	1728
1669	1731
1669	1738
1669	1771
1669	1772
1669	1791
1669	1797
1669	1802
1669	1805
1669	1814
1669	1834
1669	1845
1669	1860
1669	1865
1669	1902
1669	1916
1669	1917
1669	1921
1669	1922
1669	1926
1669	1933
1669	1949
1669	1957
1669	1964
1669	1966
1669	1982
1669	1994
1669	1995
1676	1695
1676	1705
1676	1720
1676	1728
1676	1731
1676	1738
1676	1777
1676	1794
1676	1822
1676	1828
1676	1839
1676	1860
1676	1872
1676	1893
1676	1895
1676	1922
1676	1931
1676	1936
1676	1937
1676	1938
1676	1940
1676	1943
1676	1968
1676	1977
1676	1984
1676	1989
1676	1996
1681	1697
1681	1716
1681	1719
1681	1733
1681	1749
1681	1765
1681	1774
1681	1783
1681	1785
1681	1791
1681	1797
1681	1802
1681	1835
1681	1837
1681	1848
1681	1850
1681	1871
1681	1875
1681	1877
1681	1885
1681	1895
1681	1907
1681	1920
1681	1925
1681	1926
1681	1928
1681	1930
1681	1935
1681	1940
1681	1945
1681	1988
1681	1994
1681	1997
1707	1709
1707	1718
1707	1720
1707	1722
1707	1724
1707	1729
1707	1735
1707	1801
1707	1813
1707	1820
1707	1826
1707	1845
1707	1876
1707	1885
1707	1891
1707	1899
1707	1911
1707	1944
1707	1960
1707	1963
1707	1974
1707	1980
1707	1991
1707	1997
1708	1716
1708	1728
1708	1742
1708	1744
1708	1767
1708	1768
1708	1770
1708	1772
1708	1788
1708	1797
1708	1798
1708	1806
1708	1814
1708	1822
1708	1824
1708	1834
1708	1841
1708	1852
1708	1881
1708	1900
1708	1906
1708	1911
1708	1955
1708	1958
1708	1970
1708	1990
1708	1997
1734	1770
1734	1774
1734	1776
1734	1806
1734	1813
1734	1826
1734	1849
1734	1851
1734	1869
1734	1884
1734	1888
1734	1892
1734	1895
1734	1899
1734	1908
1734	1936
1734	1940
1734	1949
1734	1958
1734	1959
1734	1965
1734	1966
1734	1972
1734	1986
1734	1996
1738	1740
1738	1767
1738	1769
1738	1774
1738	1776
1738	1794
1738	1797
1738	1814
1738	1822
1738	1828
1738	1830
1738	1839
1738	1842
1738	1847
1738	1861
1738	1882
1738	1916
1738	1926
1738	1928
1738	1937
1738	1954
1738	1957
1738	1962
1738	1964
1738	1968
1738	1970
1738	1971
1738	1974
1738	1980
1738	1983
1738	1990
1738	1991
1738	1997
1750	1770
1750	1775
1750	1777
1750	1783
1750	1788
1750	1836
1750	1839
1750	1849
1750	1869
1750	1874
1750	1875
1750	1899
1750	1901
1750	1908
1750	1910
1750	1915
1750	1925
1750	1932
1750	1934
1750	1936
1750	1940
1750	1942
1750	1954
1750	1958
1750	1964
1750	1971
1750	1972
1750	1974
1750	1975
1750	1977
1750	1987
1750	1997
1755	1767
1755	1771
1755	1788
1755	1798
1755	1802
1755	1814
1755	1839
1755	1841
1755	1849
1755	1855
1755	1862
1755	1863
1755	1881
1755	1882
1755	1897
1755	1907
1755	1908
1755	1910
1755	1911
1755	1916
1755	1931
1755	1934
1755	1935
1755	1958
1755	1971
1755	1983
1755	1986
1755	1995
1785	1787
1785	1800
1785	1801
1785	1824
1785	1847
1785	1849
1785	1864
1785	1871
1785	1873
1785	1876
1785	1877
1785	1885
1785	1893
1785	1897
1785	1907
1785	1915
1785	1920
1785	1932
1785	1937
1785	1951
1785	1970
1785	1972
1785	1987
1785	1998
1797	1798
1797	1818
1797	1822
1797	1828
1797	1830
1797	1847
1797	1848
1797	1873
1797	1876
1797	1877
1797	1892
1797	1893
1797	1908
1797	1913
1797	1916
1797	1925
1797	1956
1797	1961
1797	1968
1797	1979
1797	1991
1797	1998
1802	1817
1802	1837
1802	1840
1802	1842
1802	1846
1802	1872
1802	1891
1802	1893
1802	1895
1802	1911
1802	1926
1802	1932
1802	1934
1802	1945
1802	1949
1802	1951
1802	1954
1802	1957
1802	1959
1802	1968
1802	1974
1802	1984
1826	1828
1826	1849
1826	1850
1826	1863
1826	1882
1826	1892
1826	1907
1826	1910
1826	1920
1826	1926
1826	1931
1826	1944
1826	1957
1826	1958
1826	1983
1826	1994
1826	1997
1830	1836
1830	1844
1830	1861
1830	1864
1830	1875
1830	1878
1830	1885
1830	1886
1830	1900
1830	1901
1830	1908
1830	1911
1830	1928
1830	1940
1830	1956
1830	1973
1830	1990
1830	1992
1830	1995
1830	1998
1839	1846
1839	1855
1839	1869
1839	1882
1839	1890
1839	1900
1839	1915
1839	1934
1839	1943
1839	1977
1839	1983
1839	1984
1839	1990
1839	1997
1850	1863
1850	1873
1850	1881
1850	1890
1850	1892
1850	1910
1850	1926
1850	1943
1850	1951
1850	1970
1850	1973
1850	1982
1850	1983
1850	1986
1850	1990
1850	1995
1872	1878
1872	1880
1872	1882
1872	1888
1872	1890
1872	1891
1872	1894
1872	1916
1872	1917
1872	1931
1872	1935
1872	1936
1872	1942
1872	1961
1872	1966
1872	1970
1872	1977
1872	1980
1872	1982
1872	1995
1876	1878
1876	1884
1876	1893
1876	1911
1876	1930
1876	1944
1876	1977
1876	1980
1876	1990
1876	1991
1876	1994
1882	1900
1882	1906
1882	1920
1882	1921
1882	1925
1882	1926
1882	1928
1882	1931
1882	1934
1882	1938
1882	1955
1882	1959
1882	1977
1882	1982
1882	1985
1882	1988
1882	1991
1882	1992
1908	1921
1908	1928
1908	1931
1908	1937
1908	1942
1908	1945
1908	1949
1908	1958
1908	1959
1908	1960
1908	1963
1908	1974
1908	1979
1908	1988
1908	1989
1925	1928
1925	1931
1925	1933
1925	1936
1925	1938
1925	1939
1925	1949
1925	1955
1925	1966
1925	1976
1925	1985
1956	1959
1956	1965
1956	1966
1956	1972
1956	1977
1956	1980
1956	1982
1956	1984
1956	1985
1956	1990
1956	1991
1956	1992
1957	1960
1957	1982
1957	1988
1965	1972
1965	1999
1968	1987
1968	1998
1976	1984
1983	1985
1983	1998
1989	1993
1989	1994
1989	1995
1997	1998
1998	1999
1535	1536
1535	1546
1535	1554
1535	1572
1535	1579
1535	1595
1535	1615
1535	1618
1535	1657
1535	1674
1535	1681
1535	1695
1535	1697
1535	1708
1535	1719
1535	1753
1535	1767
1535	1770
1535	1774
1535	1777
1535	1785
1535	1805
1535	1814
1535	1843
1535	1846
1535	1850
1535	1860
1535	1876
1535	1888
1535	1890
1535	1906
1535	1920
1535	1934
1535	1940
1535	1965
1535	1966
1535	1976
1535	1977
1535	1991
1535	1994
1535	1996
1535	1997
1535	1999
1540	1572
1540	1579
1540	1590
1540	1591
1540	1595
1540	1612
1540	1615
1540	1644
1540	1655
1540	1692
1540	1709
1540	1725
1540	1727
1540	1728
1540	1740
1540	1775
1540	1782
1540	1787
1540	1794
1540	1820
1540	1832
1540	1835
1540	1839
1540	1843
1540	1849
1540	1850
1540	1876
1540	1901
1540	1906
1540	1910
1540	1931
1540	1942
1540	1943
1540	1944
1540	1951
1540	1954
1540	1956
1540	1957
1540	1961
1540	1972
1540	1973
1540	1983
1540	1995
1555	1582
1555	1595
1555	1619
1555	1623
1555	1651
1555	1669
1555	1681
1555	1690
1555	1727
1555	1733
1555	1740
1555	1742
1555	1744
1555	1753
1555	1767
1555	1774
1555	1775
1555	1805
1555	1832
1555	1843
1555	1849
1555	1861
1555	1865
1555	1885
1555	1891
1555	1897
1555	1899
1555	1900
1555	1908
1555	1910
1555	1911
1555	1930
1555	1931
1555	1932
1555	1954
1555	1955
1555	1961
1555	1966
1555	1973
1555	1975
1555	1983
1555	1984
1555	1986
1555	1992
1555	1993
1555	1994
1555	1996
1558	1561
1558	1564
1558	1579
1558	1591
1558	1619
1558	1646
1558	1657
1558	1676
1558	1701
1558	1721
1558	1732
1558	1767
1558	1769
1558	1777
1558	1785
1558	1794
1558	1806
1558	1818
1558	1826
1558	1835
1558	1847
1558	1848
1558	1849
1558	1851
1558	1852
1558	1869
1558	1877
1558	1880
1558	1888
1558	1894
1558	1900
1558	1903
1558	1911
1558	1915
1558	1916
1558	1920
1558	1921
1558	1935
1558	1936
1558	1938
1558	1944
1558	1958
1558	1961
1558	1970
1558	1973
1558	1991
1590	1592
1590	1615
1590	1642
1590	1654
1590	1663
1590	1669
1590	1692
1590	1697
1590	1721
1590	1722
1590	1734
1590	1738
1590	1744
1590	1760
1590	1785
1590	1797
1590	1801
1590	1812
1590	1837
1590	1839
1590	1846
1590	1863
1590	1865
1590	1902
1590	1908
1590	1915
1590	1916
1590	1925
1590	1931
1590	1934
1590	1956
1590	1963
1590	1972
1590	1977
1590	1983
1590	1987
1590	1988
1590	1995
1597	1615
1597	1617
1597	1663
1597	1674
1597	1690
1597	1725
1597	1726
1597	1765
1597	1783
1597	1794
1597	1797
1597	1820
1597	1843
1597	1844
1597	1849
1597	1862
1597	1878
1597	1888
1597	1925
1597	1931
1597	1932
1597	1944
1597	1965
1597	1971
1597	1982
1597	1985
1597	1989
1597	1990
1597	1998
1612	1623
1612	1657
1612	1663
1612	1667
1612	1697
1612	1705
1612	1707
1612	1719
1612	1724
1612	1725
1612	1726
1612	1734
1612	1776
1612	1791
1612	1832
1612	1837
1612	1839
1612	1851
1612	1852
1612	1869
1612	1882
1612	1886
1612	1894
1612	1907
1612	1920
1612	1928
1612	1932
1612	1936
1612	1955
1612	1957
1612	1968
1612	1970
1612	1972
1612	1984
1612	1997
1630	1633
1630	1657
1630	1709
1630	1716
1630	1724
1630	1725
1630	1729
1630	1750
1630	1755
1630	1770
1630	1774
1630	1794
1630	1800
1630	1814
1630	1818
1630	1824
1630	1832
1630	1840
1630	1841
1630	1842
1630	1849
1630	1852
1630	1861
1630	1871
1630	1895
1630	1910
1630	1925
1630	1943
1630	1945
1630	1951
1630	1958
1630	1963
1630	1970
1630	1971
1630	1974
1630	1986
1630	1987
1630	1989
1630	1993
1630	1999
1640	1663
1640	1694
1640	1706
1640	1708
1640	1718
1640	1720
1640	1738
1640	1740
1640	1755
1640	1767
1640	1772
1640	1788
1640	1802
1640	1817
1640	1836
1640	1839
1640	1848
1640	1875
1640	1888
1640	1899
1640	1907
1640	1913
1640	1941
1640	1951
1640	1955
1640	1956
1640	1961
1640	1968
1640	1982
1640	1984
1640	1985
1640	1990
1640	1992
1640	1994
1640	1997
1667	1692
1667	1695
1667	1719
1667	1732
1667	1734
1667	1740
1667	1751
1667	1770
1667	1774
1667	1787
1667	1816
1667	1826
1667	1861
1667	1862
1667	1864
1667	1865
1667	1872
1667	1873
1667	1877
1667	1881
1667	1886
1667	1890
1667	1902
1667	1911
1667	1913
1667	1928
1667	1936
1667	1949
1667	1973
1667	1976
1667	1992
1667	1999
1672	1674
1672	1676
1672	1697
1672	1721
1672	1738
1672	1769
1672	1771
1672	1772
1672	1797
1672	1814
1672	1820
1672	1846
1672	1869
1672	1871
1672	1875
1672	1890
1672	1891
1672	1899
1672	1903
1672	1910
1672	1920
1672	1928
1672	1933
1672	1936
1672	1944
1672	1952
1672	1957
1672	1979
1672	1983
1692	1704
1692	1705
1692	1707
1692	1719
1692	1728
1692	1731
1692	1735
1692	1755
1692	1760
1692	1769
1692	1774
1692	1802
1692	1816
1692	1817
1692	1832
1692	1837
1692	1850
1692	1873
1692	1877
1692	1881
1692	1899
1692	1901
1692	1911
1692	1916
1692	1939
1692	1941
1692	1944
1692	1952
1692	1963
1692	1973
1692	1976
1692	1980
1692	1994
1692	1997
1695	1704
1695	1706
1695	1721
1695	1740
1695	1774
1695	1785
1695	1794
1695	1816
1695	1830
1695	1837
1695	1840
1695	1841
1695	1846
1695	1851
1695	1871
1695	1881
1695	1891
1695	1895
1695	1899
1695	1901
1695	1906
1695	1913
1695	1915
1695	1916
1695	1926
1695	1935
1695	1937
1695	1972
1695	1973
1695	1976
1695	1980
1695	1984
1695	1986
1695	1989
1695	1993
1695	1995
1709	1722
1709	1726
1709	1728
1709	1740
1709	1775
1709	1777
1709	1785
1709	1787
1709	1813
1709	1822
1709	1828
1709	1829
1709	1830
1709	1834
1709	1840
1709	1855
1709	1860
1709	1862
1709	1873
1709	1875
1709	1884
1709	1886
1709	1899
1709	1900
1709	1903
1709	1910
1709	1926
1709	1936
1709	1938
1709	1940
1709	1949
1709	1956
1709	1958
1709	1963
1709	1980
1720	1728
1720	1731
1720	1732
1720	1738
1720	1760
1720	1770
1720	1776
1720	1782
1720	1794
1720	1800
1720	1832
1720	1846
1720	1847
1720	1860
1720	1862
1720	1884
1720	1895
1720	1906
1720	1910
1720	1917
1720	1930
1720	1943
1720	1954
1720	1963
1720	1968
1720	1977
1720	1991
1720	1992
1720	1998
1725	1749
1725	1769
1725	1771
1725	1802
1725	1824
1725	1826
1725	1834
1725	1843
1725	1850
1725	1862
1725	1872
1725	1888
1725	1890
1725	1894
1725	1897
1725	1902
1725	1926
1725	1928
1725	1936
1725	1937
1725	1940
1725	1941
1725	1945
1725	1966
1725	1971
1725	1972
1725	1991
1725	1992
1760	1774
1760	1797
1760	1798
1760	1801
1760	1816
1760	1820
1760	1829
1760	1832
1760	1837
1760	1842
1760	1845
1760	1847
1760	1860
1760	1875
1760	1890
1760	1894
1760	1900
1760	1903
1760	1921
1760	1922
1760	1942
1760	1956
1760	1975
1760	1977
1760	1979
1760	1982
1760	1993
1768	1770
1768	1771
1768	1785
1768	1787
1768	1788
1768	1802
1768	1806
1768	1812
1768	1817
1768	1826
1768	1837
1768	1840
1768	1851
1768	1876
1768	1881
1768	1882
1768	1886
1768	1906
1768	1908
1768	1910
1768	1915
1768	1938
1768	1949
1768	1954
1768	1955
1768	1963
1768	1964
1768	1965
1768	1970
1768	1974
1768	1991
1818	1820
1818	1826
1818	1835
1818	1844
1818	1845
1818	1846
1818	1849
1818	1851
1818	1855
1818	1860
1818	1874
1818	1876
1818	1878
1818	1880
1818	1881
1818	1886
1818	1900
1818	1903
1818	1915
1818	1928
1818	1931
1818	1933
1818	1937
1818	1943
1818	1951
1818	1954
1818	1957
1818	1962
1818	1965
1818	1975
1818	1983
1818	1988
1818	1998
1820	1829
1820	1834
1820	1849
1820	1850
1820	1864
1820	1869
1820	1874
1820	1882
1820	1885
1820	1894
1820	1895
1820	1910
1820	1911
1820	1915
1820	1961
1820	1966
1820	1986
1820	1987
1820	1997
1824	1828
1824	1832
1824	1843
1824	1851
1824	1871
1824	1872
1824	1880
1824	1891
1824	1895
1824	1901
1824	1917
1824	1931
1824	1936
1824	1937
1824	1945
1824	1949
1824	1952
1824	1956
1824	1964
1832	1835
1832	1836
1832	1848
1832	1863
1832	1872
1832	1877
1832	1893
1832	1894
1832	1897
1832	1901
1832	1906
1832	1908
1832	1910
1832	1917
1832	1938
1832	1949
1832	1952
1832	1961
1832	1990
1832	1999
1837	1840
1837	1851
1837	1852
1837	1869
1837	1875
1837	1884
1837	1903
1837	1906
1837	1920
1837	1922
1837	1930
1837	1934
1837	1939
1837	1941
1837	1973
1837	1975
1837	1977
1837	1997
1837	1999
1843	1844
1843	1845
1843	1851
1843	1864
1843	1874
1843	1875
1843	1917
1843	1921
1843	1922
1843	1925
1843	1933
1843	1938
1843	1963
1843	1970
1843	1976
1843	1984
1843	1997
1862	1865
1862	1880
1862	1894
1862	1903
1862	1917
1862	1936
1862	1941
1862	1949
1862	1954
1862	1962
1862	1972
1862	1976
1862	1990
1862	1991
1863	1865
1863	1871
1863	1874
1863	1875
1863	1881
1863	1885
1863	1892
1863	1901
1863	1925
1863	1935
1863	1940
1863	1943
1863	1945
1863	1952
1863	1963
1863	1971
1863	1983
1863	1991
1863	1992
1863	1999
1869	1881
1869	1882
1869	1908
1869	1932
1869	1933
1869	1934
1869	1954
1869	1955
1869	1963
1869	1979
1869	1987
1869	1993
1869	1994
1871	1877
1871	1878
1871	1891
1871	1902
1871	1908
1871	1915
1871	1926
1871	1944
1871	1952
1871	1955
1871	1962
1871	1974
1871	1994
1871	1995
1892	1895
1892	1900
1892	1911
1892	1917
1892	1944
1892	1949
1892	1951
1892	1970
1892	1972
1892	1980
1892	1982
1903	1907
1903	1920
1903	1936
1903	1949
1903	1951
1903	1952
1903	1960
1903	1962
1903	1971
1903	1973
1903	1980
1903	1982
1903	1984
1915	1921
1915	1922
1915	1938
1915	1956
1915	1963
1915	1975
1915	1985
1915	1986
1915	1988
1915	1999
1930	1952
1930	1959
1930	1966
1930	1970
1930	1975
1930	1991
1930	1999
1942	1964
1942	1965
1942	1980
1942	1984
1942	1986
1943	1949
1943	1963
1943	1968
1943	1975
1943	1982
1943	1983
1943	1990
1943	1994
1962	1966
1962	1968
1962	1970
1962	1972
1962	1980
1962	1992
1963	1964
1963	1977
1963	1979
1963	1985
1963	1992
1972	1976
1972	1977
1972	1979
1972	1980
1972	1990
1321	1467
1321	1528
1321	1536
1321	1546
1321	1550
1321	1566
1321	1591
1321	1595
1321	1602
1321	1619
1321	1642
1321	1644
1321	1649
1321	1654
1321	1671
1321	1704
1321	1721
1321	1725
1321	1751
1321	1765
1321	1791
1321	1794
1321	1818
1321	1844
1321	1847
1321	1850
1321	1851
1321	1860
1321	1861
1321	1871
1321	1878
1321	1880
1321	1882
1321	1888
1321	1890
1321	1892
1321	1932
1321	1933
1321	1934
1321	1936
1321	1939
1321	1956
1321	1964
1321	1970
1321	1972
1321	1983
1321	1993
1321	1994
1321	1996
1690	1697
1690	1716
1690	1718
1690	1722
1690	1731
1690	1735
1690	1750
1690	1760
1690	1782
1690	1785
1690	1797
1690	1813
1690	1814
1690	1817
1690	1836
1690	1846
1690	1850
1690	1852
1690	1855
1690	1876
1690	1884
1690	1893
1690	1902
1690	1906
1690	1913
1690	1916
1690	1917
1690	1921
1690	1930
1690	1936
1690	1937
1690	1938
1690	1940
1690	1975
1690	1988
1690	1989
1690	1991
1690	1996
1690	1998
1701	1724
1701	1725
1701	1732
1701	1735
1701	1755
1701	1775
1701	1782
1701	1785
1701	1801
1701	1824
1701	1830
1701	1837
1701	1850
1701	1855
1701	1863
1701	1864
1701	1872
1701	1875
1701	1892
1701	1899
1701	1908
1701	1933
1701	1939
1701	1956
1701	1971
1701	1974
1701	1984
1701	1989
1701	1993
1701	1996
1701	1999
1722	1731
1722	1733
1722	1734
1722	1750
1722	1801
1722	1813
1722	1839
1722	1842
1722	1847
1722	1860
1722	1862
1722	1864
1722	1873
1722	1881
1722	1892
1722	1897
1722	1907
1722	1915
1722	1917
1722	1932
1722	1934
1722	1939
1722	1954
1722	1955
1722	1961
1722	1979
1722	1982
1722	1984
1722	1985
1722	1986
1728	1755
1728	1767
1728	1775
1728	1776
1728	1820
1728	1824
1728	1841
1728	1847
1728	1860
1728	1873
1728	1874
1728	1892
1728	1894
1728	1900
1728	1915
1728	1935
1728	1952
1728	1955
1728	1957
1728	1964
1728	1972
1728	1974
1728	1975
1728	1984
1728	1990
1728	1997
1728	1998
1806	1832
1806	1847
1806	1852
1806	1855
1806	1863
1806	1873
1806	1875
1806	1876
1806	1893
1806	1925
1806	1941
1806	1942
1806	1959
1806	1965
1806	1975
1806	1994
1847	1851
1847	1869
1847	1872
1847	1906
1847	1922
1847	1937
1847	1938
1847	1939
1847	1940
1847	1949
1847	1958
1847	1959
1847	1972
1847	1977
1847	1985
1991	1992
1991	1993
1991	1999
1536	1543
1536	1553
1536	1572
1536	1591
1536	1593
1536	1617
1536	1623
1536	1635
1536	1644
1536	1649
1536	1709
1536	1734
1536	1735
1536	1742
1536	1769
1536	1770
1536	1771
1536	1772
1536	1805
1536	1842
1536	1850
1536	1860
1536	1861
1536	1872
1536	1878
1536	1884
1536	1891
1536	1893
1536	1895
1536	1908
1536	1911
1536	1921
1536	1926
1536	1928
1536	1936
1536	1957
1536	1960
1536	1965
1536	1973
1536	1977
1536	1979
1536	1990
1536	1991
1536	1998
1619	1655
1619	1705
1619	1722
1619	1732
1619	1751
1619	1755
1619	1769
1619	1772
1619	1775
1619	1791
1619	1806
1619	1813
1619	1814
1619	1863
1619	1877
1619	1890
1619	1891
1619	1910
1619	1926
1619	1931
1619	1938
1619	1941
1619	1952
1619	1980
1619	1992
1619	1997
1619	1999
1646	1663
1646	1686
1646	1722
1646	1724
1646	1727
1646	1729
1646	1749
1646	1760
1646	1771
1646	1775
1646	1785
1646	1787
1646	1788
1646	1806
1646	1812
1646	1826
1646	1832
1646	1851
1646	1860
1646	1880
1646	1890
1646	1893
1646	1895
1646	1915
1646	1916
1646	1920
1646	1937
1646	1944
1646	1949
1646	1956
1646	1958
1646	1966
1646	1971
1646	1972
1646	1979
1646	1986
1646	1990
1646	1995
1694	1695
1694	1697
1694	1707
1694	1722
1694	1724
1694	1732
1694	1749
1694	1768
1694	1770
1694	1777
1694	1806
1694	1841
1694	1846
1694	1847
1694	1852
1694	1855
1694	1878
1694	1880
1694	1886
1694	1891
1694	1911
1694	1933
1694	1942
1694	1944
1694	1952
1694	1970
1694	1975
1694	1976
1694	1990
1694	1991
1694	1995
1788	1794
1788	1800
1788	1802
1788	1805
1788	1812
1788	1822
1788	1826
1788	1828
1788	1836
1788	1842
1788	1844
1788	1849
1788	1851
1788	1865
1788	1875
1788	1890
1788	1892
1788	1895
1788	1925
1788	1931
1788	1940
1788	1941
1788	1943
1788	1951
1788	1955
1788	1959
1788	1965
1836	1852
1836	1864
1836	1877
1836	1890
1836	1895
1836	1897
1836	1915
1836	1917
1836	1920
1836	1932
1836	1944
1836	1951
1836	1955
1836	1958
1836	1960
1836	1962
1836	1963
1836	1965
1836	1982
1836	1998
1836	1999
1877	1888
1877	1890
1877	1902
1877	1925
1877	1928
1877	1943
1877	1954
1877	1959
1877	1960
1877	1974
1877	1976
1877	1989
1877	1991
1877	1995
1881	1894
1881	1901
1881	1957
1881	1958
1881	1962
1881	1964
1881	1984
1881	1989
1955	1977
1955	1992
1849	1862
1849	1863
1849	1873
1849	1874
1849	1875
1849	1884
1849	1895
1849	1897
1849	1899
1849	1903
1849	1906
1849	1911
1849	1916
1849	1917
1849	1945
1849	1949
1849	1951
1849	1954
1849	1956
1849	1958
1849	1974
1849	1996
1849	1997
1849	1998
1860	1874
1860	1876
1860	1891
1860	1901
1860	1916
1860	1928
1860	1931
1860	1942
1860	1952
1860	1957
1860	1961
1860	1973
1860	1982
1860	1989
1860	1992
1922	1932
1922	1942
1922	1944
1922	1959
1922	1960
1922	1989
1922	1991
1922	1993
1922	1996
1973	1993
1561	1568
1561	1600
1561	1602
1561	1619
1561	1630
1561	1633
1561	1642
1561	1646
1561	1672
1561	1676
1561	1686
1561	1694
1561	1695
1561	1718
1561	1765
1561	1797
1561	1824
1561	1826
1561	1830
1561	1834
1561	1842
1561	1860
1561	1863
1561	1864
1561	1871
1561	1885
1561	1888
1561	1899
1561	1903
1561	1908
1561	1913
1561	1921
1561	1928
1561	1934
1561	1951
1561	1958
1561	1968
1561	1974
1561	1987
1561	1991
1561	1994
1705	1726
1705	1731
1705	1733
1705	1734
1705	1750
1705	1753
1705	1768
1705	1812
1705	1814
1705	1817
1705	1826
1705	1841
1705	1843
1705	1848
1705	1875
1705	1876
1705	1880
1705	1882
1705	1888
1705	1892
1705	1906
1705	1913
1705	1931
1705	1940
1705	1943
1705	1954
1705	1970
1705	1977
1705	1979
1705	1992
1767	1768
1767	1774
1767	1777
1767	1800
1767	1801
1767	1802
1767	1806
1767	1817
1767	1829
1767	1830
1767	1836
1767	1840
1767	1841
1767	1842
1767	1845
1767	1865
1767	1877
1767	1881
1767	1886
1767	1892
1767	1922
1767	1925
1767	1928
1767	1930
1767	1936
1767	1952
1767	1968
1767	1975
1834	1837
1834	1842
1834	1848
1834	1863
1834	1877
1834	1881
1834	1890
1834	1917
1834	1925
1834	1931
1834	1941
1834	1956
1834	1962
1834	1977
1834	1983
1834	1992
1846	1847
1846	1852
1846	1865
1846	1885
1846	1893
1846	1897
1846	1913
1846	1934
1846	1958
1846	1962
1846	1966
1846	1975
1846	1985
1846	1991
1846	1994
1846	1995
1936	1975
1936	1986
1936	1995
1936	1998
1564	1567
1564	1568
1564	1572
1564	1579
1564	1597
1564	1612
1564	1615
1564	1640
1564	1697
1564	1709
1564	1722
1564	1755
1564	1770
1564	1788
1564	1814
1564	1816
1564	1818
1564	1820
1564	1824
1564	1826
1564	1829
1564	1830
1564	1835
1564	1846
1564	1863
1564	1881
1564	1885
1564	1886
1564	1892
1564	1911
1564	1926
1564	1930
1564	1932
1564	1939
1564	1941
1564	1945
1564	1961
1564	1962
1564	1975
1564	1977
1564	1979
1564	1980
1564	1994
1686	1692
1686	1704
1686	1706
1686	1721
1686	1724
1686	1733
1686	1740
1686	1744
1686	1760
1686	1767
1686	1775
1686	1777
1686	1805
1686	1814
1686	1820
1686	1836
1686	1841
1686	1847
1686	1848
1686	1850
1686	1852
1686	1862
1686	1864
1686	1869
1686	1888
1686	1908
1686	1920
1686	1928
1686	1933
1686	1938
1686	1952
1686	1954
1686	1956
1686	1965
1686	1970
1686	1971
1686	1982
1814	1824
1814	1836
1814	1840
1814	1847
1814	1895
1814	1933
1814	1937
1814	1955
1814	1958
1814	1961
1814	1973
1814	1977
1814	1979
1814	1987
1814	1993
1814	1994
1893	1895
1893	1899
1893	1900
1893	1903
1893	1931
1893	1939
1893	1941
1893	1942
1893	1952
1893	1989
1893	1997
1928	1935
1928	1940
1928	1963
1928	1971
1928	1973
1928	1977
1928	1987
1928	1988
1928	1993
1954	1960
1954	1962
1954	1963
1954	1966
1954	1973
1954	1983
1954	1988
1954	1991
1588	1595
1588	1618
1588	1623
1588	1642
1588	1646
1588	1655
1588	1667
1588	1671
1588	1681
1588	1707
1588	1724
1588	1728
1588	1731
1588	1732
1588	1740
1588	1760
1588	1765
1588	1767
1588	1768
1588	1787
1588	1813
1588	1814
1588	1828
1588	1829
1588	1832
1588	1837
1588	1841
1588	1842
1588	1847
1588	1910
1588	1922
1588	1951
1588	1959
1588	1962
1588	1965
1588	1988
1588	1995
1588	1996
1885	1888
1885	1890
1885	1916
1885	1928
1885	1933
1885	1945
1885	1949
1885	1957
1885	1959
1885	1960
1885	1975
1885	1984
1885	1992
1885	1994
1916	1917
1916	1920
1916	1955
1916	1963
1916	1968
1916	1976
1916	1979
1916	1982
1916	1989
1916	1991
1916	1994
1798	1801
1798	1802
1798	1816
1798	1830
1798	1847
1798	1851
1798	1861
1798	1865
1798	1882
1798	1900
1798	1906
1798	1925
1798	1930
1798	1931
1798	1938
1798	1945
1798	1952
1798	1955
1798	1959
1798	1961
1798	1971
1798	1972
1798	1976
1798	1980
1798	1993
