# Undirected graph (each unordered pair of nodes is saved once): output/networks/ScaleFree500removeDegree-90percent.txt
# Nodes: 200 Edges: 2586
# NodeId	NodeId
1374	1424
1374	1479
1374	1518
1374	1535
1374	1597
1374	1615
1374	1634
1374	1640
1374	1649
1374	1669
1374	1670
1374	1708
1374	1720
1374	1744
1374	1753
1374	1782
1374	1817
1374	1820
1374	1842
1374	1846
1374	1871
1374	1936
1374	1939
1374	1941
1374	1974
1374	1985
1389	1435
1389	1461
1389	1479
1389	1591
1389	1597
1389	1640
1389	1651
1389	1663
1389	1672
1389	1722
1389	1725
1389	1726
1389	1731
1389	1734
1389	1832
1389	1844
1389	1886
1389	1893
1389	1907
1389	1909
1389	1921
1389	1961
1424	1487
1424	1518
1424	1542
1424	1555
1424	1623
1424	1653
1424	1704
1424	1716
1424	1722
1424	1760
1424	1777
1424	1826
1424	1830
1424	1844
1424	1864
1424	1876
1424	1894
1424	1902
1424	1904
1424	1906
1424	1925
1424	1931
1424	1964
1424	1973
1424	1980
1435	1459
1435	1487
1435	1542
1435	1572
1435	1593
1435	1619
1435	1633
1435	1653
1435	1657
1435	1670
1435	1676
1435	1687
1435	1709
1435	1738
1435	1805
1435	1814
1435	1824
1435	1829
1435	1847
1435	1848
1435	1869
1435	1886
1435	1904
1435	1945
1435	1970
1459	1463
1459	1550
1459	1636
1459	1646
1459	1655
1459	1672
1459	1676
1459	1716
1459	1744
1459	1753
1459	1760
1459	1802
1459	1848
1459	1877
1459	1885
1459	1901
1459	1925
1459	1952
1459	1958
1459	1970
1459	1988
1459	1993
1461	1478
1461	1518
1461	1553
1461	1597
1461	1649
1461	1651
1461	1727
1461	1729
1461	1744
1461	1769
1461	1817
1461	1830
1461	1841
1461	1843
1461	1844
1461	1897
1461	1915
1461	1920
1461	1925
1461	1932
1461	1936
1461	1944
1461	1963
1461	1973
1461	1977
1461	1993
1461	1996
1463	1479
1463	1528
1463	1561
1463	1623
1463	1783
1463	1814
1463	1816
1463	1846
1463	1852
1463	1877
1463	1880
1463	1916
1463	1947
1463	1952
1463	1953
1463	1970
1463	1982
1467	1518
1467	1619
1467	1633
1467	1671
1467	1676
1467	1683
1467	1687
1467	1755
1467	1782
1467	1816
1467	1817
1467	1829
1467	1839
1467	1845
1467	1852
1467	1893
1467	1906
1467	1920
1467	1925
1467	1943
1467	1945
1467	1969
1467	1970
1467	1974
1467	1975
1467	1979
1478	1479
1478	1528
1478	1618
1478	1632
1478	1649
1478	1651
1478	1731
1478	1734
1478	1791
1478	1802
1478	1845
1478	1880
1478	1886
1478	1893
1478	1906
1478	1936
1478	1940
1478	1942
1478	1947
1478	1951
1478	1953
1478	1964
1478	1975
1478	1976
1478	1979
1478	1980
1479	1539
1479	1553
1479	1561
1479	1655
1479	1667
1479	1703
1479	1708
1479	1715
1479	1729
1479	1805
1479	1812
1479	1816
1479	1842
1479	1848
1479	1893
1479	1907
1479	1915
1479	1935
1479	1944
1479	1960
1507	1561
1507	1594
1507	1618
1507	1646
1507	1651
1507	1669
1507	1672
1507	1676
1507	1694
1507	1701
1507	1720
1507	1727
1507	1735
1507	1753
1507	1805
1507	1816
1507	1835
1507	1840
1507	1841
1507	1906
1507	1907
1507	1925
1507	1965
1507	1969
1507	1975
1507	1979
1518	1528
1518	1539
1518	1553
1518	1555
1518	1615
1518	1619
1518	1632
1518	1640
1518	1653
1518	1655
1518	1687
1518	1694
1518	1709
1518	1715
1518	1722
1518	1725
1518	1735
1518	1830
1518	1843
1518	1864
1518	1901
1518	1906
1518	1909
1518	1915
1518	1940
1518	1988
1528	1542
1528	1550
1528	1555
1528	1600
1528	1617
1528	1618
1528	1667
1528	1705
1528	1715
1528	1765
1528	1774
1528	1830
1528	1847
1528	1862
1528	1890
1528	1893
1528	1902
1528	1904
1528	1916
1528	1931
1528	1942
1528	1943
1528	1952
1528	1982
1528	1987
1528	1988
1539	1542
1539	1550
1539	1591
1539	1594
1539	1618
1539	1634
1539	1651
1539	1663
1539	1670
1539	1674
1539	1676
1539	1694
1539	1725
1539	1727
1539	1731
1539	1755
1539	1824
1539	1852
1539	1891
1539	1925
1539	1926
1539	1945
1539	1952
1539	1962
1539	1965
1539	1998
1542	1593
1542	1602
1542	1619
1542	1701
1542	1727
1542	1744
1542	1783
1542	1829
1542	1830
1542	1835
1542	1850
1542	1861
1542	1880
1542	1902
1542	1926
1542	1932
1542	1939
1542	1944
1542	1963
1542	1992
1550	1612
1550	1633
1550	1636
1550	1651
1550	1708
1550	1725
1550	1727
1550	1731
1550	1774
1550	1812
1550	1820
1550	1828
1550	1842
1550	1844
1550	1845
1550	1871
1550	1884
1550	1897
1550	1920
1550	1936
1550	1952
1550	1974
1550	1977
1550	1987
1553	1602
1553	1615
1553	1649
1553	1671
1553	1672
1553	1701
1553	1725
1553	1729
1553	1731
1553	1794
1553	1821
1553	1824
1553	1842
1553	1894
1553	1901
1553	1909
1553	1921
1553	1944
1553	1951
1553	1970
1553	1971
1553	1980
1553	1985
1553	1989
1572	1593
1572	1594
1572	1612
1572	1618
1572	1623
1572	1651
1572	1653
1572	1672
1572	1720
1572	1722
1572	1738
1572	1783
1572	1829
1572	1840
1572	1852
1572	1862
1572	1864
1572	1902
1572	1909
1572	1915
1572	1921
1572	1958
1572	1965
1572	1976
1572	1987
1572	1992
1591	1667
1591	1670
1591	1719
1591	1760
1591	1765
1591	1774
1591	1802
1591	1814
1591	1829
1591	1835
1591	1839
1591	1842
1591	1881
1591	1885
1591	1894
1591	1904
1591	1907
1591	1920
1591	1935
1591	1936
1591	1939
1591	1969
1591	1977
1591	1989
1594	1600
1594	1655
1594	1670
1594	1704
1594	1715
1594	1729
1594	1734
1594	1753
1594	1760
1594	1805
1594	1817
1594	1845
1594	1850
1594	1864
1594	1877
1594	1897
1594	1921
1594	1939
1594	1942
1594	1951
1594	1952
1594	1953
1594	1958
1594	1963
1594	1969
1594	1989
1600	1612
1600	1655
1600	1667
1600	1683
1600	1709
1600	1722
1600	1724
1600	1765
1600	1783
1600	1812
1600	1830
1600	1837
1600	1840
1600	1841
1600	1847
1600	1852
1600	1861
1600	1877
1600	1916
1600	1951
1600	1960
1600	1969
1600	1970
1600	1982
1602	1671
1602	1674
1602	1716
1602	1721
1602	1726
1602	1729
1602	1744
1602	1753
1602	1765
1602	1782
1602	1824
1602	1828
1602	1837
1602	1843
1602	1848
1602	1852
1602	1869
1602	1897
1602	1920
1602	1926
1602	1941
1602	1947
1602	1975
1602	1996
1615	1633
1615	1634
1615	1646
1615	1671
1615	1715
1615	1800
1615	1812
1615	1824
1615	1830
1615	1890
1615	1909
1615	1920
1615	1926
1615	1939
1615	1945
1615	1958
1615	1960
1615	1964
1615	1974
1615	1975
1615	1979
1615	1985
1617	1632
1617	1703
1617	1719
1617	1721
1617	1727
1617	1734
1617	1744
1617	1765
1617	1782
1617	1812
1617	1821
1617	1840
1617	1849
1617	1869
1617	1880
1617	1897
1617	1940
1617	1958
1617	1969
1634	1649
1634	1655
1634	1814
1634	1821
1634	1839
1634	1845
1634	1852
1634	1871
1634	1942
1634	1943
1634	1989
1634	1992
1634	1993
1636	1640
1636	1651
1636	1663
1636	1670
1636	1774
1636	1791
1636	1812
1636	1821
1636	1862
1636	1876
1636	1884
1636	1902
1636	1936
1636	1939
1636	1941
1636	1974
1636	1975
1636	1987
1636	1988
1636	1992
1636	1993
1649	1651
1649	1667
1649	1727
1649	1731
1649	1806
1649	1816
1649	1817
1649	1830
1649	1835
1649	1848
1649	1849
1649	1862
1649	1884
1649	1885
1649	1951
1649	1969
1649	1970
1649	1982
1649	1988
1649	1989
1649	1996
1649	1998
1653	1683
1653	1735
1653	1753
1653	1770
1653	1777
1653	1802
1653	1839
1653	1861
1653	1864
1653	1876
1653	1890
1653	1891
1653	1893
1653	1902
1653	1909
1653	1921
1653	1925
1653	1947
1653	1963
1653	1964
1653	1975
1653	1977
1655	1683
1655	1720
1655	1765
1655	1806
1655	1816
1655	1828
1655	1844
1655	1847
1655	1848
1655	1884
1655	1886
1655	1940
1655	1942
1655	1947
1655	1951
1655	1958
1657	1672
1657	1683
1657	1708
1657	1729
1657	1760
1657	1765
1657	1783
1657	1800
1657	1806
1657	1820
1657	1822
1657	1824
1657	1826
1657	1842
1657	1862
1657	1880
1657	1902
1657	1904
1657	1935
1657	1974
1670	1674
1670	1687
1670	1709
1670	1753
1670	1777
1670	1806
1670	1812
1670	1824
1670	1844
1670	1846
1670	1848
1670	1852
1670	1876
1670	1909
1670	1932
1670	1940
1670	1941
1670	1961
1670	1974
1670	1987
1674	1703
1674	1705
1674	1708
1674	1719
1674	1727
1674	1777
1674	1820
1674	1829
1674	1837
1674	1880
1674	1886
1674	1906
1674	1916
1674	1920
1674	1940
1674	1942
1674	1943
1674	1958
1674	1963
1715	1721
1715	1727
1715	1765
1715	1782
1715	1791
1715	1806
1715	1812
1715	1818
1715	1822
1715	1835
1715	1880
1715	1890
1715	1921
1715	1935
1715	1941
1715	1942
1715	1945
1715	1953
1715	1982
1716	1724
1716	1755
1716	1770
1716	1783
1716	1816
1716	1824
1716	1828
1716	1832
1716	1841
1716	1848
1716	1852
1716	1862
1716	1906
1716	1944
1716	1961
1716	1964
1716	1977
1716	1998
1726	1735
1726	1753
1726	1769
1726	1829
1726	1840
1726	1845
1726	1862
1726	1864
1726	1915
1726	1931
1726	1951
1726	1960
1726	1961
1726	1980
1726	1982
1726	1987
1726	1993
1729	1738
1729	1782
1729	1783
1729	1821
1729	1829
1729	1835
1729	1841
1729	1847
1729	1877
1729	1916
1729	1935
1729	1940
1729	1973
1729	1989
1729	1992
1744	1770
1744	1777
1744	1830
1744	1843
1744	1852
1744	1884
1744	1886
1744	1891
1744	1901
1744	1902
1744	1904
1744	1958
1744	1987
1753	1765
1753	1794
1753	1841
1753	1939
1753	1947
1753	1965
1753	1971
1753	1973
1753	1977
1753	1987
1753	1992
1770	1782
1770	1814
1770	1832
1770	1840
1770	1846
1770	1869
1770	1901
1770	1926
1770	1971
1770	1980
1770	1998
1783	1791
1783	1828
1783	1843
1783	1850
1783	1904
1783	1906
1783	1926
1783	1941
1783	1944
1783	1953
1794	1812
1794	1816
1794	1821
1794	1826
1794	1828
1794	1837
1794	1841
1794	1848
1794	1852
1794	1877
1794	1947
1794	1952
1794	1964
1794	1970
1794	1982
1800	1806
1800	1840
1800	1843
1800	1846
1800	1861
1800	1869
1800	1877
1800	1891
1800	1902
1800	1951
1800	1952
1800	1973
1800	1998
1816	1820
1816	1828
1816	1832
1816	1841
1816	1846
1816	1871
1816	1886
1816	1897
1816	1975
1816	1982
1817	1818
1817	1821
1817	1839
1817	1845
1817	1876
1817	1885
1817	1921
1817	1973
1817	1979
1822	1828
1822	1837
1822	1839
1822	1842
1822	1862
1822	1884
1822	1885
1822	1890
1822	1901
1822	1906
1822	1915
1822	1932
1822	1962
1822	1965
1822	1974
1822	1988
1822	1992
1822	1993
1828	1829
1828	1830
1828	1848
1828	1871
1828	1894
1828	1904
1828	1907
1828	1931
1828	1936
1828	1974
1828	1980
1828	1982
1828	1996
1828	1998
1829	1832
1829	1849
1829	1850
1829	1862
1829	1871
1829	1884
1829	1915
1829	1936
1829	1975
1829	1976
1829	1988
1829	1996
1835	1893
1835	1907
1835	1921
1835	1941
1835	1947
1835	1953
1835	1960
1835	1962
1835	1974
1840	1841
1840	1861
1840	1869
1840	1881
1840	1916
1840	1940
1840	1942
1840	1963
1840	1973
1841	1862
1841	1891
1841	1893
1841	1906
1841	1940
1841	1976
1841	1987
1841	1998
1842	1881
1842	1902
1842	1932
1842	1958
1842	1976
1848	1862
1848	1871
1848	1881
1848	1893
1848	1926
1848	1935
1848	1943
1848	1963
1848	1965
1848	1975
1848	1987
1848	1996
1861	1902
1861	1904
1861	1920
1861	1921
1861	1936
1861	1951
1861	1960
1861	1965
1861	1993
1861	1996
1864	1885
1864	1893
1864	1894
1864	1897
1864	1960
1864	1969
1864	1971
1864	1976
1864	1985
1864	1993
1864	1996
1864	1998
1884	1885
1884	1886
1884	1906
1884	1939
1884	1963
1884	1973
1894	1901
1894	1920
1894	1952
1894	1953
1894	1980
1897	1909
1897	1936
1897	1963
1897	1970
1897	1977
1902	1939
1902	1943
1902	1975
1902	1989
1906	1926
1906	1953
1906	1963
1906	1973
1906	1977
1921	1925
1921	1932
1921	1940
1921	1976
1921	1987
1921	1998
1926	1982
1931	1940
1931	1945
1931	1951
1931	1973
1931	1980
1932	1965
1932	1992
1932	1996
1939	1951
1939	1952
1939	1961
1939	1962
1939	1998
1940	1941
1940	1965
1940	1989
1940	1996
1944	1947
1944	1958
1944	1970
1944	1980
1944	1988
1944	1993
1945	1961
1945	1985
1951	1964
1951	1974
1951	1979
1951	1998
1958	1965
1958	1969
1958	1980
1958	1988
1964	1971
1964	1979
1964	1987
1975	1976
1977	1998
1979	1996
1982	1996
1300	1463
1300	1539
1300	1588
1300	1594
1300	1655
1300	1683
1300	1755
1300	1783
1300	1802
1300	1821
1300	1835
1300	1846
1300	1852
1300	1884
1300	1902
1300	1909
1300	1915
1300	1920
1300	1926
1300	1931
1300	1939
1300	1940
1300	1943
1300	1962
1300	1964
1300	1993
1434	1459
1434	1479
1434	1487
1434	1555
1434	1619
1434	1646
1434	1721
1434	1722
1434	1724
1434	1729
1434	1735
1434	1765
1434	1818
1434	1826
1434	1841
1434	1850
1434	1884
1434	1886
1434	1902
1434	1931
1434	1940
1434	1947
1434	1958
1434	1973
1434	1974
1434	1982
1487	1667
1487	1670
1487	1705
1487	1709
1487	1727
1487	1753
1487	1840
1487	1841
1487	1844
1487	1848
1487	1849
1487	1850
1487	1852
1487	1869
1487	1881
1487	1897
1487	1916
1487	1936
1487	1940
1487	1962
1487	1964
1487	1969
1487	1970
1487	1971
1487	1980
1570	1602
1570	1636
1570	1657
1570	1674
1570	1704
1570	1708
1570	1716
1570	1727
1570	1800
1570	1821
1570	1824
1570	1830
1570	1841
1570	1890
1570	1897
1570	1901
1570	1906
1570	1920
1570	1926
1570	1952
1570	1953
1570	1960
1570	1965
1570	1985
1618	1619
1618	1657
1618	1669
1618	1708
1618	1709
1618	1716
1618	1770
1618	1782
1618	1783
1618	1820
1618	1821
1618	1826
1618	1844
1618	1876
1618	1893
1618	1931
1618	1973
1618	1977
1618	1989
1623	1632
1623	1719
1623	1738
1623	1753
1623	1777
1623	1806
1623	1844
1623	1861
1623	1891
1623	1897
1623	1906
1623	1921
1623	1943
1623	1961
1623	1962
1623	1971
1623	1976
1623	1982
1663	1694
1663	1704
1663	1726
1663	1744
1663	1800
1663	1837
1663	1843
1663	1864
1663	1877
1663	1880
1663	1907
1663	1939
1663	1941
1663	1942
1663	1947
1663	1964
1663	1965
1663	1969
1663	1980
1663	1993
1671	1683
1671	1719
1671	1734
1671	1753
1671	1755
1671	1760
1671	1794
1671	1800
1671	1818
1671	1824
1671	1826
1671	1861
1671	1864
1671	1876
1671	1885
1671	1902
1671	1920
1671	1931
1671	1960
1671	1970
1671	1977
1687	1703
1687	1704
1687	1709
1687	1725
1687	1726
1687	1755
1687	1770
1687	1782
1687	1812
1687	1816
1687	1826
1687	1829
1687	1843
1687	1849
1687	1864
1687	1880
1687	1931
1687	1951
1687	1964
1687	1988
1704	1716
1704	1721
1704	1727
1704	1755
1704	1794
1704	1802
1704	1805
1704	1826
1704	1832
1704	1841
1704	1847
1704	1877
1704	1890
1704	1904
1704	1907
1704	1915
1704	1920
1704	1921
1704	1939
1704	1943
1704	1974
1704	1988
1719	1722
1719	1755
1719	1774
1719	1783
1719	1802
1719	1806
1719	1861
1719	1909
1719	1942
1719	1964
1719	1969
1719	1970
1719	1971
1719	1976
1719	1988
1721	1744
1721	1783
1721	1816
1721	1817
1721	1821
1721	1824
1721	1837
1721	1842
1721	1880
1721	1885
1721	1886
1721	1920
1721	1931
1721	1932
1721	1940
1721	1975
1724	1731
1724	1770
1724	1783
1724	1794
1724	1806
1724	1816
1724	1829
1724	1843
1724	1844
1724	1901
1724	1909
1724	1915
1724	1926
1724	1941
1724	1943
1724	1947
1724	1958
1727	1749
1727	1765
1727	1770
1727	1794
1727	1822
1727	1839
1727	1840
1727	1844
1727	1846
1727	1877
1727	1901
1727	1904
1727	1921
1727	1963
1727	1979
1727	1998
1731	1749
1731	1760
1731	1774
1731	1816
1731	1818
1731	1869
1731	1894
1731	1897
1731	1916
1731	1921
1731	1947
1731	1952
1731	1974
1731	1979
1731	1985
1735	1783
1735	1820
1735	1829
1735	1845
1735	1849
1735	1850
1735	1862
1735	1869
1735	1876
1735	1886
1735	1894
1735	1939
1735	1945
1735	1969
1735	1975
1735	1987
1749	1770
1749	1806
1749	1814
1749	1817
1749	1818
1749	1835
1749	1843
1749	1848
1749	1850
1749	1852
1749	1880
1749	1884
1749	1886
1749	1894
1749	1941
1749	1942
1749	1977
1749	1987
1749	1996
1749	1998
1765	1777
1765	1791
1765	1800
1765	1842
1765	1848
1765	1864
1765	1869
1765	1881
1765	1931
1765	1961
1765	1962
1765	1977
1769	1820
1769	1821
1769	1824
1769	1826
1769	1835
1769	1842
1769	1845
1769	1846
1769	1849
1769	1850
1769	1877
1769	1891
1769	1906
1769	1941
1769	1942
1769	1943
1769	1952
1769	1976
1769	1980
1769	1982
1774	1777
1774	1782
1774	1832
1774	1847
1774	1862
1774	1884
1774	1894
1774	1897
1774	1925
1774	1942
1774	1944
1774	1947
1774	1953
1774	1962
1774	1964
1774	1974
1774	1980
1777	1800
1777	1805
1777	1828
1777	1835
1777	1837
1777	1850
1777	1861
1777	1884
1777	1886
1777	1897
1777	1936
1777	1940
1777	1953
1777	1976
1777	1977
1777	1979
1777	1980
1782	1814
1782	1817
1782	1841
1782	1845
1782	1847
1782	1862
1782	1876
1782	1884
1782	1907
1782	1909
1782	1951
1782	1953
1782	1963
1782	1971
1782	1992
1791	1806
1791	1847
1791	1890
1791	1891
1791	1906
1791	1951
1791	1953
1791	1958
1791	1961
1791	1988
1805	1835
1805	1843
1805	1861
1805	1869
1805	1897
1805	1904
1805	1907
1805	1932
1805	1941
1805	1975
1805	1982
1812	1822
1812	1826
1812	1844
1812	1848
1812	1876
1812	1877
1812	1894
1812	1902
1812	1915
1812	1920
1812	1947
1812	1951
1812	1974
1812	1975
1812	1979
1812	1993
1844	1876
1844	1881
1844	1884
1844	1886
1844	1943
1844	1953
1844	1973
1844	1980
1844	1996
1845	1869
1845	1876
1845	1881
1845	1884
1845	1886
1845	1932
1845	1964
1845	1989
1852	1876
1852	1907
1852	1909
1852	1963
1852	1974
1852	1975
1852	1980
1852	1998
1880	1915
1880	1953
1880	1965
1880	1985
1886	1907
1890	1893
1890	1894
1890	1901
1890	1909
1890	1920
1890	1925
1890	1939
1890	1964
1890	1982
1891	1907
1891	1909
1891	1935
1891	1944
1891	1970
1891	1979
1901	1916
1901	1940
1901	1960
1901	1976
1904	1943
1904	1953
1904	1960
1904	1976
1904	1989
1904	1992
1907	1925
1907	1936
1907	1947
1907	1971
1907	1973
1907	1980
1907	1992
1909	1942
1909	1943
1909	1963
1909	1973
1909	1982
1909	1988
1920	1942
1920	1961
1920	1973
1920	1977
1920	1998
1935	1936
1935	1944
1935	1945
1935	1969
1935	1988
1935	1998
1941	1944
1941	1945
1941	1993
1952	1961
1952	1970
1952	1982
1952	1988
1960	1964
1960	1965
1960	1969
1960	1973
1960	1975
1960	1976
1960	1979
1960	1985
1960	1989
1961	1963
1961	1980
1961	1985
1961	1987
1961	1993
1969	1985
1969	1998
1970	1976
1971	1988
1971	1989
1971	1992
1974	1979
1974	1989
1974	1998
1980	1998
1985	1993
1458	1459
1458	1478
1458	1507
1458	1539
1458	1617
1458	1633
1458	1636
1458	1640
1458	1649
1458	1655
1458	1670
1458	1719
1458	1738
1458	1753
1458	1794
1458	1821
1458	1844
1458	1852
1458	1869
1458	1904
1458	1921
1458	1925
1458	1939
1458	1974
1458	1979
1458	1998
1593	1612
1593	1623
1593	1670
1593	1694
1593	1704
1593	1716
1593	1727
1593	1753
1593	1755
1593	1791
1593	1814
1593	1821
1593	1822
1593	1847
1593	1849
1593	1880
1593	1884
1593	1891
1593	1901
1593	1935
1593	1941
1593	1944
1593	1951
1593	1963
1593	1974
1632	1651
1632	1663
1632	1669
1632	1670
1632	1672
1632	1716
1632	1719
1632	1791
1632	1812
1632	1844
1632	1869
1632	1886
1632	1891
1632	1893
1632	1902
1632	1920
1632	1935
1632	1936
1632	1964
1632	1965
1632	1980
1633	1646
1633	1669
1633	1676
1633	1704
1633	1716
1633	1720
1633	1738
1633	1765
1633	1829
1633	1839
1633	1841
1633	1845
1633	1850
1633	1876
1633	1885
1633	1897
1633	1904
1633	1926
1633	1942
1633	1944
1633	1952
1633	1953
1633	1961
1633	1962
1651	1671
1651	1701
1651	1703
1651	1725
1651	1817
1651	1820
1651	1826
1651	1841
1651	1885
1651	1890
1651	1891
1651	1904
1651	1907
1651	1909
1651	1925
1651	1926
1651	1977
1651	1980
1651	1982
1651	1988
1669	1672
1669	1724
1669	1731
1669	1738
1669	1791
1669	1802
1669	1805
1669	1814
1669	1845
1669	1902
1669	1916
1669	1921
1669	1926
1669	1964
1669	1982
1676	1705
1676	1720
1676	1731
1676	1738
1676	1777
1676	1794
1676	1822
1676	1828
1676	1839
1676	1893
1676	1931
1676	1936
1676	1940
1676	1943
1676	1977
1676	1989
1676	1996
1708	1716
1708	1744
1708	1770
1708	1806
1708	1814
1708	1822
1708	1824
1708	1841
1708	1852
1708	1881
1708	1906
1708	1909
1708	1958
1708	1969
1708	1970
1734	1770
1734	1774
1734	1806
1734	1826
1734	1849
1734	1869
1734	1884
1734	1936
1734	1940
1734	1958
1734	1965
1734	1996
1738	1769
1738	1774
1738	1794
1738	1814
1738	1822
1738	1828
1738	1830
1738	1839
1738	1842
1738	1847
1738	1861
1738	1916
1738	1926
1738	1962
1738	1964
1738	1970
1738	1971
1738	1974
1738	1980
1755	1802
1755	1814
1755	1839
1755	1841
1755	1849
1755	1862
1755	1881
1755	1897
1755	1907
1755	1916
1755	1931
1755	1935
1755	1953
1755	1958
1755	1971
1802	1817
1802	1837
1802	1840
1802	1842
1802	1846
1802	1891
1802	1893
1802	1926
1802	1932
1802	1945
1802	1951
1802	1974
1826	1828
1826	1849
1826	1850
1826	1907
1826	1909
1826	1920
1826	1926
1826	1931
1826	1944
1826	1958
1830	1844
1830	1861
1830	1864
1830	1885
1830	1886
1830	1901
1830	1909
1830	1940
1830	1969
1830	1973
1830	1992
1830	1998
1839	1846
1839	1869
1839	1890
1839	1915
1839	1943
1839	1977
1850	1881
1850	1890
1850	1926
1850	1943
1850	1951
1850	1970
1850	1973
1850	1982
1876	1884
1876	1893
1876	1944
1876	1969
1876	1977
1876	1980
1925	1931
1925	1936
1925	1939
1925	1976
1925	1985
1953	1958
1953	1979
1989	1993
1535	1572
1535	1615
1535	1618
1535	1657
1535	1674
1535	1708
1535	1715
1535	1719
1535	1753
1535	1770
1535	1774
1535	1777
1535	1805
1535	1814
1535	1843
1535	1846
1535	1850
1535	1876
1535	1890
1535	1906
1535	1920
1535	1940
1535	1965
1535	1976
1535	1977
1535	1996
1555	1619
1555	1623
1555	1651
1555	1669
1555	1727
1555	1744
1555	1753
1555	1774
1555	1805
1555	1832
1555	1843
1555	1849
1555	1861
1555	1885
1555	1891
1555	1897
1555	1931
1555	1932
1555	1961
1555	1973
1555	1975
1555	1992
1555	1993
1555	1996
1597	1615
1597	1617
1597	1663
1597	1674
1597	1703
1597	1725
1597	1726
1597	1765
1597	1783
1597	1794
1597	1820
1597	1821
1597	1843
1597	1844
1597	1849
1597	1862
1597	1925
1597	1931
1597	1932
1597	1944
1597	1965
1597	1971
1597	1982
1597	1985
1597	1989
1597	1998
1612	1623
1612	1657
1612	1663
1612	1667
1612	1703
1612	1705
1612	1719
1612	1724
1612	1725
1612	1726
1612	1734
1612	1791
1612	1832
1612	1837
1612	1839
1612	1852
1612	1869
1612	1886
1612	1894
1612	1907
1612	1920
1612	1932
1612	1936
1612	1970
1640	1663
1640	1694
1640	1708
1640	1720
1640	1738
1640	1755
1640	1802
1640	1817
1640	1839
1640	1848
1640	1907
1640	1941
1640	1951
1640	1961
1640	1982
1640	1985
1640	1992
1667	1719
1667	1734
1667	1770
1667	1774
1667	1816
1667	1826
1667	1861
1667	1862
1667	1864
1667	1877
1667	1881
1667	1886
1667	1890
1667	1902
1667	1904
1667	1936
1667	1973
1667	1976
1667	1992
1672	1674
1672	1676
1672	1721
1672	1738
1672	1769
1672	1814
1672	1820
1672	1821
1672	1846
1672	1869
1672	1871
1672	1890
1672	1891
1672	1909
1672	1920
1672	1936
1672	1944
1672	1952
1672	1979
1709	1722
1709	1726
1709	1777
1709	1822
1709	1828
1709	1829
1709	1830
1709	1840
1709	1862
1709	1884
1709	1886
1709	1926
1709	1936
1709	1940
1709	1958
1709	1963
1709	1980
1720	1731
1720	1738
1720	1760
1720	1770
1720	1782
1720	1794
1720	1800
1720	1832
1720	1846
1720	1847
1720	1862
1720	1884
1720	1906
1720	1943
1720	1963
1720	1969
1720	1977
1720	1992
1720	1998
1725	1749
1725	1769
1725	1802
1725	1824
1725	1826
1725	1843
1725	1850
1725	1862
1725	1890
1725	1894
1725	1897
1725	1902
1725	1926
1725	1936
1725	1940
1725	1941
1725	1945
1725	1969
1725	1971
1725	1992
1760	1774
1760	1816
1760	1820
1760	1829
1760	1832
1760	1837
1760	1842
1760	1845
1760	1847
1760	1890
1760	1894
1760	1921
1760	1942
1760	1975
1760	1977
1760	1979
1760	1982
1760	1993
1818	1820
1818	1826
1818	1835
1818	1844
1818	1845
1818	1846
1818	1849
1818	1876
1818	1880
1818	1881
1818	1886
1818	1915
1818	1931
1818	1943
1818	1951
1818	1953
1818	1962
1818	1965
1818	1975
1818	1988
1818	1998
1820	1829
1820	1849
1820	1850
1820	1864
1820	1869
1820	1885
1820	1894
1820	1915
1820	1961
1820	1987
1824	1828
1824	1832
1824	1843
1824	1871
1824	1880
1824	1891
1824	1901
1824	1931
1824	1936
1824	1945
1824	1952
1824	1964
1832	1835
1832	1848
1832	1877
1832	1893
1832	1894
1832	1897
1832	1901
1832	1906
1832	1952
1832	1961
1837	1840
1837	1852
1837	1869
1837	1884
1837	1906
1837	1920
1837	1939
1837	1941
1837	1973
1837	1975
1837	1977
1843	1844
1843	1845
1843	1864
1843	1904
1843	1921
1843	1925
1843	1963
1843	1969
1843	1970
1843	1976
1862	1880
1862	1894
1862	1936
1862	1941
1862	1953
1862	1962
1862	1976
1869	1881
1869	1909
1869	1932
1869	1947
1869	1963
1869	1979
1869	1987
1869	1993
1871	1877
1871	1891
1871	1902
1871	1904
1871	1915
1871	1926
1871	1944
1871	1952
1871	1962
1871	1974
1915	1921
1915	1963
1915	1975
1915	1985
1915	1988
1942	1964
1942	1965
1942	1969
1942	1980
1943	1963
1943	1975
1943	1982
1962	1970
1962	1980
1962	1992
1963	1964
1963	1977
1963	1979
1963	1985
1963	1992
1701	1724
1701	1725
1701	1735
1701	1755
1701	1782
1701	1824
1701	1830
1701	1837
1701	1850
1701	1864
1701	1939
1701	1971
1701	1974
1701	1989
1701	1993
1701	1996
1703	1716
1703	1738
1703	1744
1703	1749
1703	1769
1703	1839
1703	1846
1703	1861
1703	1862
1703	1894
1703	1932
1703	1942
1703	1947
1703	1953
1703	1965
1703	1971
1703	1977
1703	1985
1703	1988
1722	1731
1722	1734
1722	1821
1722	1839
1722	1842
1722	1847
1722	1862
1722	1864
1722	1881
1722	1897
1722	1907
1722	1915
1722	1932
1722	1939
1722	1961
1722	1979
1722	1982
1722	1985
1806	1832
1806	1847
1806	1852
1806	1876
1806	1893
1806	1925
1806	1941
1806	1942
1806	1965
1806	1975
1847	1869
1847	1906
1847	1939
1847	1940
1847	1958
1847	1977
1847	1985
1407	1435
1407	1461
1407	1467
1407	1478
1407	1539
1407	1602
1407	1612
1407	1636
1407	1657
1407	1701
1407	1774
1407	1791
1407	1800
1407	1839
1407	1845
1407	1847
1407	1849
1407	1861
1407	1890
1407	1906
1407	1926
1407	1941
1407	1961
1407	1963
1407	1964
1407	1969
1407	1980
1407	1985
1407	1996
1619	1655
1619	1705
1619	1715
1619	1722
1619	1755
1619	1769
1619	1791
1619	1806
1619	1814
1619	1877
1619	1890
1619	1891
1619	1926
1619	1931
1619	1941
1619	1952
1619	1980
1619	1992
1646	1663
1646	1715
1646	1722
1646	1724
1646	1727
1646	1729
1646	1749
1646	1760
1646	1806
1646	1812
1646	1826
1646	1832
1646	1880
1646	1890
1646	1893
1646	1915
1646	1916
1646	1920
1646	1944
1646	1953
1646	1958
1646	1971
1646	1979
1694	1722
1694	1724
1694	1749
1694	1770
1694	1777
1694	1806
1694	1841
1694	1846
1694	1847
1694	1852
1694	1880
1694	1886
1694	1891
1694	1942
1694	1944
1694	1952
1694	1970
1694	1975
1694	1976
1877	1890
1877	1902
1877	1925
1877	1943
1877	1960
1877	1974
1877	1976
1877	1989
1881	1894
1881	1901
1881	1953
1881	1958
1881	1962
1881	1964
1881	1989
1849	1862
1849	1884
1849	1897
1849	1906
1849	1909
1849	1916
1849	1945
1849	1951
1849	1958
1849	1974
1849	1996
1849	1998
1973	1993
1561	1600
1561	1602
1561	1619
1561	1633
1561	1646
1561	1672
1561	1676
1561	1694
1561	1765
1561	1824
1561	1826
1561	1830
1561	1842
1561	1864
1561	1871
1561	1885
1561	1921
1561	1947
1561	1951
1561	1958
1561	1974
1561	1987
1705	1726
1705	1731
1705	1734
1705	1753
1705	1812
1705	1814
1705	1817
1705	1826
1705	1841
1705	1843
1705	1848
1705	1876
1705	1880
1705	1906
1705	1931
1705	1940
1705	1943
1705	1970
1705	1977
1705	1979
1705	1992
1846	1847
1846	1852
1846	1885
1846	1893
1846	1897
1846	1904
1846	1958
1846	1962
1846	1975
1846	1985
1936	1953
1936	1975
1936	1998
1814	1824
1814	1840
1814	1847
1814	1904
1814	1958
1814	1961
1814	1973
1814	1977
1814	1979
1814	1987
1814	1993
1893	1931
1893	1939
1893	1941
1893	1942
1893	1947
1893	1952
1893	1969
1893	1989
1588	1618
1588	1623
1588	1646
1588	1655
1588	1667
1588	1671
1588	1724
1588	1731
1588	1760
1588	1765
1588	1814
1588	1828
1588	1829
1588	1832
1588	1837
1588	1841
1588	1842
1588	1847
1588	1951
1588	1962
1588	1965
1588	1988
1588	1996
1885	1890
1885	1904
1885	1916
1885	1945
1885	1960
1885	1975
1885	1992
1916	1920
1916	1963
1916	1976
1916	1979
1916	1982
1916	1989
1947	1952
1947	1953
1947	1965
1947	1987
1947	1988
1947	1989
1947	1992
1947	1998
1821	1826
1821	1835
1821	1839
1821	1843
1821	1847
1821	1871
1821	1926
1821	1931
1821	1962
1821	1973
1821	1980
1683	1687
1683	1721
1683	1724
1683	1744
1683	1770
1683	1800
1683	1806
1683	1835
1683	1849
1683	1886
1683	1897
1683	1931
1683	1932
1683	1941
1683	1970
1683	1979
1683	1992
