# Undirected graph (each unordered pair of nodes is saved once): output/networks/ScaleFree200removeRandom-90percent.txt
# Nodes: 200 Edges: 3424
# NodeId	NodeId
4	6
4	18
4	38
4	40
4	46
4	51
4	55
4	56
4	85
4	89
4	96
4	175
4	215
4	225
4	247
4	281
4	307
4	316
4	329
4	350
4	359
4	360
4	382
4	395
4	410
4	427
4	463
4	484
4	500
4	511
4	529
4	533
4	580
4	585
4	586
4	603
4	662
4	700
4	712
4	772
4	795
4	840
4	846
4	892
4	896
4	918
4	1040
4	1056
4	1070
4	1071
4	1110
4	1112
4	1176
4	1242
4	1256
4	1257
4	1290
4	1355
4	1404
4	1653
4	1693
4	1726
4	1728
4	1740
4	1769
4	1775
4	1838
4	1895
4	1910
4	1931
4	1935
4	1951
4	1961
4	1968
4	1986
6	18
6	38
6	40
6	46
6	51
6	55
6	56
6	85
6	89
6	96
6	175
6	215
6	225
6	247
6	270
6	277
6	278
6	280
6	316
6	329
6	354
6	360
6	372
6	374
6	382
6	395
6	410
6	424
6	445
6	463
6	476
6	486
6	511
6	513
6	518
6	529
6	565
6	586
6	603
6	613
6	645
6	749
6	840
6	846
6	870
6	894
6	921
6	938
6	956
6	981
6	995
6	1098
6	1176
6	1189
6	1203
6	1256
6	1316
6	1411
6	1458
6	1492
6	1536
6	1566
6	1569
6	1665
6	1691
6	1715
6	1755
6	1775
6	1832
6	1905
6	1910
6	1919
6	1946
18	38
18	40
18	46
18	51
18	55
18	56
18	85
18	89
18	96
18	175
18	215
18	225
18	232
18	247
18	270
18	278
18	280
18	281
18	307
18	310
18	316
18	329
18	350
18	359
18	360
18	372
18	395
18	410
18	418
18	427
18	445
18	463
18	484
18	486
18	513
18	518
18	529
18	591
18	684
18	700
18	712
18	754
18	757
18	794
18	800
18	811
18	866
18	870
18	888
18	894
18	918
18	921
18	1060
18	1070
18	1242
18	1256
18	1310
18	1316
18	1356
18	1411
18	1566
18	1569
18	1655
18	1693
18	1754
18	1769
18	1799
18	1818
18	1838
18	1851
18	1946
18	1948
18	1961
18	1966
18	1968
38	40
38	46
38	51
38	55
38	56
38	85
38	89
38	96
38	175
38	215
38	225
38	247
38	270
38	278
38	280
38	281
38	307
38	329
38	359
38	360
38	372
38	374
38	382
38	405
38	410
38	418
38	445
38	446
38	456
38	476
38	484
38	486
38	500
38	511
38	529
38	565
38	585
38	591
38	648
38	684
38	700
38	754
38	757
38	794
38	840
38	846
38	848
38	888
38	889
38	892
38	894
38	898
38	921
38	935
38	938
38	1027
38	1070
38	1102
38	1112
38	1290
38	1308
38	1310
38	1412
38	1414
38	1492
38	1514
38	1536
38	1582
38	1621
38	1665
38	1686
38	1769
38	1895
38	1910
38	1931
38	1951
38	1966
38	1985
40	46
40	51
40	55
40	56
40	85
40	89
40	96
40	175
40	215
40	225
40	232
40	247
40	270
40	277
40	280
40	307
40	329
40	360
40	374
40	382
40	395
40	410
40	424
40	445
40	456
40	476
40	484
40	486
40	500
40	511
40	529
40	580
40	613
40	636
40	648
40	662
40	684
40	749
40	754
40	762
40	776
40	794
40	848
40	889
40	921
40	956
40	1027
40	1050
40	1056
40	1060
40	1071
40	1102
40	1203
40	1290
40	1411
40	1414
40	1442
40	1513
40	1536
40	1558
40	1641
40	1691
40	1728
40	1832
40	1851
40	1855
40	1890
40	1948
40	1978
46	51
46	55
46	56
46	85
46	89
46	96
46	175
46	215
46	232
46	247
46	278
46	280
46	281
46	316
46	329
46	350
46	354
46	359
46	374
46	382
46	410
46	418
46	445
46	446
46	463
46	476
46	486
46	511
46	518
46	533
46	565
46	580
46	585
46	603
46	613
46	636
46	648
46	700
46	749
46	772
46	776
46	794
46	795
46	887
46	892
46	896
46	921
46	956
46	977
46	981
46	986
46	1035
46	1085
46	1097
46	1102
46	1112
46	1203
46	1256
46	1356
46	1404
46	1412
46	1558
46	1653
46	1686
46	1715
46	1726
46	1750
46	1769
46	1775
46	1910
46	1919
46	1996
51	55
51	56
51	85
51	89
51	96
51	175
51	215
51	225
51	232
51	270
51	277
51	278
51	281
51	310
51	329
51	350
51	354
51	359
51	360
51	372
51	382
51	395
51	405
51	418
51	424
51	445
51	446
51	463
51	484
51	486
51	500
51	529
51	580
51	586
51	613
51	749
51	762
51	811
51	840
51	896
51	898
51	955
51	973
51	986
51	989
51	1027
51	1050
51	1256
51	1290
51	1355
51	1356
51	1414
51	1442
51	1514
51	1582
51	1641
51	1643
51	1653
51	1691
51	1728
51	1740
51	1754
51	1816
51	1855
51	1900
51	1986
51	1996
55	56
55	85
55	89
55	96
55	175
55	215
55	225
55	232
55	247
55	270
55	278
55	280
55	281
55	310
55	316
55	350
55	354
55	359
55	395
55	410
55	418
55	424
55	427
55	445
55	446
55	463
55	476
55	484
55	486
55	529
55	580
55	585
55	586
55	591
55	645
55	662
55	749
55	754
55	800
55	889
55	892
55	894
55	935
55	989
55	1027
55	1056
55	1085
55	1362
55	1474
55	1536
55	1643
55	1655
55	1665
55	1726
55	1728
55	1754
55	1844
55	1890
55	1892
55	1900
55	1905
55	1910
55	1966
55	1986
55	1996
56	85
56	89
56	96
56	175
56	225
56	232
56	247
56	270
56	277
56	281
56	307
56	310
56	329
56	354
56	360
56	374
56	382
56	405
56	418
56	424
56	427
56	446
56	456
56	463
56	486
56	529
56	645
56	712
56	749
56	754
56	762
56	772
56	776
56	794
56	795
56	840
56	846
56	848
56	890
56	918
56	955
56	956
56	989
56	1050
56	1056
56	1098
56	1112
56	1203
56	1256
56	1290
56	1355
56	1386
56	1397
56	1404
56	1411
56	1414
56	1513
56	1558
56	1569
56	1621
56	1653
56	1715
56	1728
56	1750
56	1755
56	1799
56	1851
56	1895
56	1910
56	1966
85	89
85	96
85	175
85	215
85	225
85	232
85	247
85	270
85	278
85	280
85	281
85	307
85	310
85	316
85	329
85	350
85	359
85	360
85	374
85	395
85	410
85	418
85	424
85	445
85	456
85	463
85	476
85	486
85	511
85	513
85	518
85	591
85	603
85	648
85	684
85	700
85	749
85	754
85	800
85	846
85	889
85	890
85	898
85	921
85	977
85	986
85	1056
85	1070
85	1071
85	1085
85	1097
85	1110
85	1156
85	1310
85	1355
85	1356
85	1454
85	1536
85	1582
85	1728
85	1832
85	1838
85	1855
85	1910
85	1961
85	1978
89	96
89	175
89	225
89	232
89	270
89	277
89	278
89	307
89	350
89	354
89	359
89	360
89	372
89	395
89	405
89	410
89	424
89	427
89	463
89	484
89	486
89	500
89	511
89	513
89	518
89	529
89	533
89	580
89	585
89	586
89	684
89	772
89	794
89	811
89	840
89	846
89	870
89	887
89	892
89	894
89	896
89	898
89	989
89	1035
89	1070
89	1110
89	1156
89	1203
89	1256
89	1267
89	1362
89	1492
89	1513
89	1558
89	1641
89	1643
89	1686
89	1750
89	1769
89	1775
89	1838
89	1901
89	1951
89	1961
89	1986
96	175
96	215
96	270
96	278
96	280
96	307
96	310
96	316
96	329
96	354
96	359
96	374
96	382
96	395
96	405
96	418
96	427
96	484
96	500
96	518
96	533
96	565
96	580
96	585
96	636
96	648
96	700
96	749
96	754
96	772
96	776
96	811
96	840
96	848
96	892
96	938
96	955
96	977
96	989
96	1040
96	1056
96	1085
96	1098
96	1112
96	1156
96	1176
96	1203
96	1242
96	1294
96	1308
96	1316
96	1412
96	1414
96	1492
96	1514
96	1558
96	1582
96	1621
96	1686
96	1754
96	1769
96	1799
96	1816
96	1818
96	1890
96	1895
96	1910
96	1946
96	1961
175	215
175	225
175	232
175	247
175	270
175	278
175	281
175	307
175	310
175	316
175	329
175	350
175	354
175	359
175	360
175	372
175	382
175	395
175	405
175	410
175	463
175	476
175	484
175	486
175	500
175	513
175	518
175	565
175	585
175	591
175	613
175	662
175	684
175	700
175	749
175	757
175	776
175	800
175	811
175	846
175	848
175	866
175	870
175	890
175	892
175	896
175	898
175	921
175	956
175	973
175	995
175	1023
175	1027
175	1097
175	1098
175	1110
175	1112
175	1156
175	1189
175	1267
175	1290
175	1362
175	1397
175	1442
175	1454
175	1621
175	1678
175	1686
175	1755
175	1818
175	1892
175	1905
175	1931
175	1961
215	225
215	247
215	270
215	277
215	280
215	310
215	316
215	360
215	372
215	374
215	382
215	424
215	427
215	445
215	456
215	463
215	476
215	486
215	518
215	529
215	586
215	613
215	648
215	712
215	754
215	772
215	776
215	794
215	840
215	846
215	848
215	866
215	888
215	894
215	898
215	938
215	955
215	977
215	986
215	1098
215	1112
215	1156
215	1176
215	1189
215	1203
215	1257
215	1310
215	1386
215	1412
215	1474
215	1536
215	1665
215	1678
215	1693
215	1715
215	1750
215	1895
215	1935
215	1951
215	1961
225	232
225	247
225	270
225	277
225	278
225	280
225	281
225	307
225	310
225	316
225	360
225	372
225	374
225	382
225	395
225	418
225	445
225	463
225	476
225	500
225	511
225	518
225	529
225	580
225	591
225	636
225	648
225	762
225	772
225	776
225	794
225	800
225	846
225	870
225	888
225	890
225	892
225	918
225	921
225	956
225	989
225	1023
225	1050
225	1056
225	1070
225	1097
225	1267
225	1308
225	1316
225	1356
225	1386
225	1404
225	1411
225	1631
225	1643
225	1655
225	1678
225	1693
225	1728
225	1754
225	1755
225	1799
225	1851
225	1905
225	1919
225	1968
232	277
232	278
232	280
232	281
232	307
232	310
232	316
232	329
232	354
232	359
232	372
232	374
232	382
232	395
232	405
232	410
232	418
232	424
232	446
232	484
232	486
232	648
232	662
232	684
232	754
232	757
232	776
232	794
232	800
232	840
232	846
232	889
232	956
232	977
232	986
232	995
232	1023
232	1056
232	1097
232	1189
232	1203
232	1267
232	1454
232	1513
232	1514
232	1621
232	1643
232	1653
232	1678
232	1726
232	1728
232	1851
232	1855
232	1895
232	1946
247	270
247	280
247	281
247	307
247	310
247	359
247	360
247	382
247	410
247	427
247	445
247	446
247	456
247	484
247	511
247	518
247	533
247	585
247	586
247	603
247	613
247	636
247	645
247	662
247	712
247	749
247	772
247	846
247	848
247	870
247	894
247	896
247	935
247	938
247	973
247	977
247	981
247	1056
247	1070
247	1097
247	1156
247	1189
247	1203
247	1294
247	1356
247	1362
247	1397
247	1678
247	1686
247	1769
247	1851
247	1895
247	1919
247	1946
247	1948
270	278
270	280
270	307
270	310
270	316
270	350
270	354
270	372
270	374
270	395
270	405
270	410
270	445
270	446
270	456
270	484
270	486
270	511
270	586
270	613
270	636
270	648
270	684
270	754
270	800
270	846
270	887
270	918
270	989
270	1085
270	1098
270	1257
270	1267
270	1294
270	1412
270	1458
270	1492
270	1566
270	1569
270	1643
270	1655
270	1715
270	1726
270	1769
270	1816
270	1832
270	1935
270	1961
270	1986
281	307
281	316
281	350
281	359
281	405
281	456
281	476
281	484
281	500
281	533
281	565
281	580
281	645
281	684
281	700
281	757
281	811
281	846
281	848
281	887
281	894
281	921
281	938
281	955
281	977
281	1023
281	1035
281	1050
281	1102
281	1256
281	1267
281	1294
281	1335
281	1355
281	1386
281	1397
281	1414
281	1558
281	1569
281	1641
281	1693
281	1728
281	1754
281	1892
281	1910
281	1946
281	1948
281	1951
281	1961
281	1968
307	316
307	359
307	360
307	374
307	382
307	395
307	405
307	456
307	484
307	486
307	500
307	518
307	529
307	580
307	585
307	636
307	645
307	648
307	662
307	712
307	757
307	800
307	848
307	866
307	870
307	890
307	981
307	989
307	1060
307	1070
307	1110
307	1112
307	1267
307	1290
307	1308
307	1355
307	1414
307	1458
307	1536
307	1558
307	1665
307	1691
307	1715
307	1726
307	1728
307	1750
307	1754
307	1769
307	1838
307	1844
307	1892
307	1966
307	1968
310	354
310	359
310	360
310	374
310	382
310	395
310	410
310	424
310	445
310	446
310	476
310	511
310	580
310	585
310	586
310	645
310	754
310	757
310	794
310	866
310	887
310	889
310	894
310	921
310	935
310	977
310	981
310	986
310	1040
310	1056
310	1097
310	1102
310	1110
310	1310
310	1411
310	1442
310	1474
310	1536
310	1621
310	1631
310	1686
310	1693
310	1816
310	1901
310	1905
310	1948
310	1966
316	350
316	354
316	359
316	372
316	374
316	382
316	395
316	405
316	410
316	418
316	424
316	446
316	456
316	463
316	580
316	586
316	636
316	645
316	648
316	712
316	749
316	757
316	772
316	811
316	846
316	866
316	888
316	890
316	896
316	935
316	1056
316	1060
316	1071
316	1085
316	1098
316	1102
316	1203
316	1257
316	1294
316	1335
316	1362
316	1404
316	1454
316	1691
316	1726
316	1740
316	1855
316	1892
316	1961
316	1986
316	1996
329	350
329	354
329	372
329	382
329	424
329	427
329	456
329	463
329	486
329	533
329	565
329	580
329	636
329	648
329	749
329	754
329	762
329	840
329	888
329	892
329	894
329	896
329	898
329	938
329	981
329	995
329	1027
329	1040
329	1056
329	1060
329	1070
329	1257
329	1294
329	1308
329	1414
329	1492
329	1536
329	1558
329	1569
329	1643
329	1678
329	1691
329	1693
329	1726
329	1740
329	1754
329	1755
329	1818
329	1832
329	1844
329	1855
329	1919
329	1986
359	372
359	374
359	395
359	405
359	410
359	446
359	456
359	511
359	586
359	648
359	749
359	776
359	795
359	848
359	896
359	898
359	918
359	921
359	955
359	989
359	1040
359	1056
359	1060
359	1070
359	1097
359	1242
359	1386
359	1397
359	1412
359	1442
359	1514
359	1558
359	1641
359	1678
359	1686
359	1715
359	1818
359	1851
360	372
360	382
360	424
360	427
360	446
360	463
360	476
360	518
360	565
360	591
360	636
360	645
360	684
360	712
360	772
360	776
360	795
360	840
360	870
360	892
360	894
360	896
360	935
360	956
360	981
360	1071
360	1102
360	1176
360	1242
360	1256
360	1290
360	1362
360	1412
360	1454
360	1631
360	1641
360	1655
360	1665
360	1693
360	1726
360	1740
360	1769
360	1799
360	1855
360	1910
360	1948
360	1961
360	1968
405	424
405	511
405	580
405	684
405	700
405	712
405	762
405	894
405	938
405	973
405	977
405	981
405	995
405	1097
405	1110
405	1156
405	1242
405	1294
405	1454
405	1474
405	1536
405	1775
405	1855
405	1901
405	1919
405	1931
405	1946
405	1985
410	424
410	446
410	456
410	463
410	476
410	484
410	513
410	591
410	613
410	794
410	795
410	848
410	887
410	892
410	894
410	896
410	956
410	977
410	989
410	1035
410	1070
410	1112
410	1189
410	1386
410	1621
410	1678
410	1715
410	1726
410	1740
410	1750
410	1818
410	1832
410	1892
410	1895
410	1931
410	1948
410	1951
410	1961
445	463
445	484
445	486
445	500
445	529
445	645
445	918
445	986
445	989
445	1316
445	1442
445	1653
445	1715
445	1750
445	1769
445	1996
463	476
463	513
463	518
463	533
463	636
463	648
463	757
463	762
463	866
463	887
463	935
463	986
463	1070
463	1071
463	1097
463	1203
463	1257
463	1404
463	1412
463	1454
463	1474
463	1643
463	1693
463	1726
463	1754
463	1775
463	1816
463	1901
463	1951
484	511
484	513
484	529
484	533
484	585
484	603
484	754
484	762
484	795
484	800
484	846
484	848
484	892
484	918
484	935
484	938
484	955
484	1027
484	1071
484	1097
484	1102
484	1189
484	1356
484	1566
484	1631
484	1653
484	1655
484	1755
484	1892
484	1905
484	1948
484	1966
484	1986
486	511
486	565
486	585
486	586
486	591
486	603
486	662
486	749
486	795
486	870
486	889
486	896
486	921
486	935
486	981
486	1256
486	1492
486	1514
486	1665
486	1691
486	1740
486	1769
486	1855
511	513
511	518
511	645
511	684
511	754
511	811
511	889
511	890
511	938
511	973
511	1102
511	1110
511	1156
511	1355
511	1404
511	1414
511	1458
511	1558
511	1566
511	1582
511	1653
511	1754
511	1855
511	1948
511	1986
518	529
518	585
518	648
518	712
518	794
518	800
518	956
518	1060
518	1294
518	1750
518	1755
518	1832
518	1901
529	585
529	636
529	645
529	749
529	757
529	762
529	772
529	795
529	846
529	870
529	896
529	921
529	1027
529	1050
529	1056
529	1071
529	1097
529	1102
529	1176
529	1189
529	1257
529	1411
529	1414
529	1536
529	1621
529	1715
529	1726
529	1832
529	1855
529	1910
529	1946
533	586
533	591
533	794
533	800
533	840
533	889
533	890
533	896
533	955
533	981
533	1027
533	1070
533	1110
533	1203
533	1256
533	1257
533	1310
533	1397
533	1569
533	1643
533	1740
533	1799
533	1832
533	1844
533	1901
533	1919
533	1978
565	586
565	591
565	636
565	662
565	712
565	889
565	955
565	1023
565	1027
565	1242
565	1308
565	1454
565	1514
565	1655
565	1728
565	1750
565	1892
580	662
580	754
580	898
580	956
580	1027
580	1035
580	1308
580	1310
580	1355
580	1412
580	1414
580	1458
580	1474
580	1513
580	1514
580	1900
580	1951
580	1966
591	645
591	749
591	757
591	870
591	1156
591	1310
591	1386
591	1454
591	1458
591	1492
591	1678
591	1726
591	1901
591	1919
591	1931
591	1986
684	712
684	772
684	794
684	890
684	896
684	938
684	955
684	956
684	977
684	981
684	1027
684	1040
684	1097
684	1102
684	1110
684	1294
684	1386
684	1411
684	1454
684	1492
684	1513
684	1582
684	1643
684	1665
684	1678
684	1755
684	1900
684	1910
712	889
712	977
712	1035
712	1290
712	1356
712	1818
712	1931
757	840
757	887
757	896
757	973
757	1027
757	1060
757	1085
757	1110
757	1203
757	1655
757	1693
757	1750
757	1804
757	1851
757	1966
762	848
762	870
762	898
762	938
762	995
762	1023
762	1035
762	1060
762	1097
762	1310
762	1362
762	1665
762	1728
762	1740
762	1844
762	1910
762	1931
772	776
772	840
772	955
772	1027
772	1040
772	1050
772	1070
772	1110
772	1362
772	1818
772	1838
772	1935
772	1961
794	866
794	887
794	890
794	1070
794	1071
794	1097
794	1102
794	1110
794	1356
794	1397
794	1454
794	1458
794	1665
794	1740
794	1799
794	1855
794	1935
795	887
795	888
795	892
795	918
795	955
795	956
795	981
795	1023
795	1035
795	1070
795	1085
795	1203
795	1308
795	1335
795	1454
795	1986
811	892
811	995
811	1056
811	1097
811	1110
811	1397
811	1643
811	1678
811	1686
811	1754
811	1838
811	1855
811	1935
811	1951
840	896
840	918
840	1071
840	1097
840	1098
840	1267
840	1386
840	1558
840	1621
840	1755
848	866
848	894
848	896
848	898
848	935
848	977
848	1035
848	1060
848	1189
848	1294
848	1386
848	1492
848	1693
848	1816
848	1818
848	1832
848	1931
848	1935
887	921
887	956
887	981
887	1023
887	1035
887	1071
887	1397
887	1454
887	1665
887	1740
887	1895
887	1901
887	1948
887	1968
887	1986
887	1996
888	956
888	981
888	986
888	1050
888	1458
888	1513
888	1558
888	1715
888	1728
888	1844
888	1855
888	1901
890	935
890	973
890	1035
890	1056
890	1097
890	1098
890	1176
890	1189
890	1290
890	1412
890	1514
890	1728
890	1754
890	1769
890	1775
890	1818
894	898
894	1035
894	1040
894	1050
894	1070
894	1112
894	1176
894	1242
894	1397
894	1582
894	1653
894	1890
894	1895
894	1901
921	1070
921	1356
921	1582
921	1643
955	973
955	1040
955	1050
955	1203
955	1536
955	1582
955	1621
955	1755
955	1905
955	1919
956	973
956	1102
956	1267
956	1643
956	1715
956	1935
956	1946
977	1056
977	1110
977	1156
977	1203
977	1492
977	1665
977	1715
977	1996
981	1156
981	1256
981	1411
981	1414
981	1513
981	1514
981	1569
981	1686
981	1740
981	1901
981	1919
981	1935
981	1968
981	1986
995	1102
995	1355
995	1356
995	1411
995	1442
995	1678
995	1910
995	1968
995	1978
1040	1242
1040	1294
1040	1442
1040	1816
1040	1890
1040	1900
1040	1931
1040	1935
1056	1070
1056	1071
1056	1203
1056	1267
1056	1316
1056	1335
1056	1513
1056	1755
1056	1775
1056	1985
1060	1097
1060	1257
1060	1290
1060	1454
1060	1513
1060	1686
1060	1726
1060	1740
1060	1892
1060	1966
1060	1985
1085	1404
1085	1558
1085	1750
1085	1905
1156	1411
1156	1804
1156	1905
1156	1978
1156	1996
1203	1335
1203	1412
1203	1582
1203	1728
1203	1769
1203	1892
1203	1931
1256	1386
1256	1536
1256	1686
1256	1935
1256	1948
1256	1961
1267	1308
1267	1362
1267	1404
1267	1412
1267	1910
1267	1961
1294	1355
1294	1458
1294	1566
1294	1643
1294	1691
1294	1755
1294	1775
1335	1356
1335	1397
1335	1454
1335	1492
1335	1678
1335	1838
1335	1844
1335	1890
1335	1946
1335	1986
1411	1414
1411	1686
1412	1804
1412	1931
1412	1935
1414	1558
1414	1655
1414	1693
1414	1775
1414	1855
1458	1621
1458	1655
1458	1799
1458	1816
1458	1895
1474	1715
1474	1832
1474	1948
1514	1641
1514	1643
1514	1715
1514	1775
1514	1804
1514	1892
1569	1691
1569	1890
1641	1740
1641	1910
1715	1726
1715	1769
1715	1901
1726	1740
1726	1799
1799	1804
1799	1948
1892	1946
1892	1986
1900	1951
278	280
278	281
278	307
278	310
278	329
278	350
278	360
278	382
278	395
278	405
278	410
278	418
278	445
278	446
278	476
278	500
278	518
278	580
278	585
278	591
278	613
278	636
278	645
278	684
278	700
278	712
278	754
278	757
278	795
278	840
278	846
278	889
278	890
278	896
278	955
278	1035
278	1070
278	1085
278	1097
278	1156
278	1203
278	1242
278	1267
278	1356
278	1404
278	1411
278	1454
278	1691
278	1726
278	1728
278	1775
278	1799
278	1832
278	1838
278	1890
280	307
280	310
280	374
280	382
280	395
280	410
280	427
280	445
280	446
280	456
280	463
280	486
280	513
280	518
280	565
280	580
280	585
280	586
280	603
280	749
280	762
280	776
280	848
280	887
280	889
280	892
280	894
280	918
280	921
280	935
280	956
280	977
280	989
280	1071
280	1267
280	1290
280	1404
280	1414
280	1454
280	1492
280	1569
280	1631
280	1641
280	1655
280	1740
280	1750
280	1855
280	1895
280	1910
280	1966
280	1978
350	359
350	382
350	410
350	418
350	456
350	476
350	484
350	533
350	603
350	636
350	645
350	700
350	866
350	890
350	892
350	896
350	918
350	986
350	1060
350	1071
350	1355
350	1356
350	1492
350	1514
350	1536
350	1558
350	1643
350	1728
350	1754
350	1818
350	1901
350	1910
374	395
374	424
374	446
374	476
374	486
374	500
374	511
374	513
374	533
374	586
374	591
374	684
374	762
374	776
374	794
374	848
374	889
374	892
374	918
374	977
374	981
374	986
374	1027
374	1071
374	1308
374	1362
374	1412
374	1414
374	1582
374	1686
374	1799
374	1818
374	1890
374	1892
374	1919
374	1946
374	1968
382	427
382	445
382	446
382	476
382	500
382	533
382	586
382	591
382	762
382	794
382	795
382	840
382	887
382	896
382	918
382	935
382	938
382	955
382	973
382	981
382	995
382	1071
382	1085
382	1110
382	1310
382	1316
382	1335
382	1454
382	1492
382	1582
382	1621
382	1631
382	1693
382	1804
382	1816
382	1968
382	1986
424	427
424	456
424	476
424	486
424	500
424	518
424	533
424	684
424	754
424	794
424	795
424	811
424	870
424	896
424	935
424	956
424	995
424	1023
424	1050
424	1056
424	1256
424	1257
424	1290
424	1308
424	1335
424	1536
424	1582
424	1621
424	1653
424	1750
424	1818
424	1838
424	1895
424	1961
424	1986
427	445
427	500
427	533
427	565
427	645
427	749
427	754
427	757
427	795
427	840
427	887
427	892
427	896
427	918
427	921
427	986
427	1023
427	1085
427	1156
427	1189
427	1569
427	1665
427	1678
427	1750
427	1775
427	1816
427	1855
427	1890
427	1900
427	1946
427	1968
427	1978
427	1986
446	476
446	484
446	513
446	518
446	648
446	700
446	712
446	749
446	754
446	870
446	888
446	921
446	955
446	1023
446	1386
446	1412
446	1442
446	1458
446	1566
446	1582
446	1728
446	1804
446	1919
446	1961
456	484
456	500
456	533
456	565
456	648
456	921
456	989
456	1027
456	1040
456	1060
456	1097
456	1098
456	1176
456	1189
456	1335
456	1397
456	1412
456	1414
456	1582
456	1655
456	1804
456	1816
456	1832
456	1948
456	1951
476	500
476	513
476	565
476	613
476	636
476	662
476	811
476	848
476	887
476	989
476	995
476	1023
476	1035
476	1040
476	1050
476	1070
476	1176
476	1256
476	1355
476	1397
476	1412
476	1492
476	1514
476	1569
476	1582
476	1665
476	1851
476	1855
476	1890
476	1910
500	529
500	580
500	591
500	754
500	794
500	898
500	955
500	956
500	981
500	1027
500	1040
500	1110
500	1267
500	1665
500	1691
500	1816
500	1890
500	1895
500	1985
585	645
585	749
585	762
585	794
585	866
585	870
585	890
585	938
585	986
585	1110
585	1257
585	1294
585	1474
585	1513
585	1715
585	1750
585	1754
585	1775
585	1832
585	1855
585	1905
585	1910
585	1948
586	648
586	662
586	749
586	754
586	772
586	986
586	1023
586	1256
586	1257
586	1621
586	1750
586	1946
586	1966
586	1968
613	645
613	754
613	762
613	800
613	848
613	870
613	973
613	989
613	1070
613	1071
613	1097
613	1112
613	1310
613	1355
613	1356
613	1558
613	1678
613	1693
613	1740
613	1931
613	1946
636	662
636	772
636	896
636	956
636	977
636	1050
636	1110
636	1189
636	1242
636	1267
636	1397
636	1414
636	1442
636	1492
636	1665
636	1686
636	1728
636	1818
636	1900
636	1935
636	1985
892	898
892	989
892	1060
892	1189
892	1691
892	1754
892	1816
892	1855
892	1890
892	1895
892	1900
898	956
898	981
898	989
898	1023
898	1027
898	1040
898	1050
898	1085
898	1386
898	1474
898	1641
938	973
938	977
938	1040
938	1085
938	1102
938	1156
938	1242
938	1566
938	1653
938	1910
973	989
973	1203
973	1242
973	1256
973	1290
973	1492
973	1514
973	1582
973	1693
973	1750
973	1754
973	1818
973	1890
973	1946
973	1978
973	1996
986	1112
986	1156
986	1189
986	1412
986	1582
986	1678
986	1816
986	1901
986	1931
1035	1050
1035	1290
1035	1442
1035	1492
1035	1715
1098	1242
1098	1458
1098	1631
1098	1678
1098	1818
1098	1890
1098	1892
1098	1978
1102	1112
1102	1267
1102	1294
1102	1558
1102	1816
1112	1189
1112	1316
1112	1362
1112	1454
1112	1641
1112	1655
1112	1678
1112	1726
1112	1804
1242	1386
1242	1631
1242	1643
1242	1740
1242	1804
1242	1968
1290	1386
1290	1536
1290	1678
1290	1691
1290	1799
1290	1855
1308	1474
1308	1631
1308	1775
1308	1832
1308	1892
1316	1362
1316	1566
1316	1582
1316	1631
1316	1715
1513	1728
1513	1818
1653	1678
1653	1818
1653	1935
1653	1986
1769	1855
1775	1804
1775	1986
1855	1948
1890	1910
1890	1966
1890	1996
1931	1935
1961	1978
395	410
395	445
395	476
395	486
395	500
395	511
395	518
395	585
395	586
395	636
395	662
395	684
395	795
395	846
395	887
395	896
395	918
395	938
395	1310
395	1397
395	1404
395	1412
395	1655
395	1755
395	1769
395	1816
395	1855
395	1890
395	1931
395	1968
513	529
513	533
513	585
513	591
513	636
513	890
513	1098
513	1316
513	1362
513	1404
513	1474
513	1492
513	1513
513	1569
513	1665
513	1686
513	1750
513	1775
513	1804
513	1919
513	1951
513	1996
603	662
603	776
603	870
603	892
603	918
603	935
603	977
603	1027
603	1035
603	1060
603	1102
603	1256
603	1355
603	1386
603	1397
603	1404
603	1665
603	1740
603	1755
603	1769
603	1775
603	1818
603	1910
648	749
648	795
648	800
648	846
648	981
648	1040
648	1060
648	1071
648	1294
648	1356
648	1754
648	1755
648	1948
700	712
700	754
700	896
700	1027
700	1035
700	1310
700	1414
700	1454
700	1655
700	1951
776	840
776	896
776	898
776	918
776	977
776	995
776	1027
776	1110
776	1294
776	1362
776	1397
776	1514
776	1536
776	1582
776	1665
776	1799
776	1905
776	1919
776	1935
776	1961
776	1986
870	890
870	935
870	1056
870	1085
870	1404
870	1414
870	1514
870	1693
870	1728
870	1919
870	1931
870	1948
1023	1098
1023	1290
1023	1442
1023	1653
1023	1728
1023	1740
1023	1754
1023	1855
1023	1986
1070	1097
1070	1102
1070	1566
1070	1799
1070	1816
1110	1257
1110	1335
1110	1755
1110	1832
1110	1844
1110	1961
1110	1996
1397	1566
1397	1643
1397	1838
1397	1951
1691	1900
1693	1726
1693	1754
1693	1804
1755	1900
277	280
277	281
277	307
277	310
277	329
277	350
277	354
277	360
277	374
277	395
277	405
277	410
277	424
277	484
277	486
277	500
277	511
277	565
277	580
277	585
277	591
277	603
277	636
277	645
277	754
277	776
277	794
277	795
277	800
277	888
277	889
277	921
277	935
277	938
277	955
277	977
277	1056
277	1070
277	1242
277	1256
277	1294
277	1356
277	1621
277	1653
277	1665
277	1754
277	1755
277	1816
277	1818
277	1905
277	1961
354	382
354	424
354	427
354	446
354	484
354	486
354	500
354	586
354	613
354	700
354	754
354	757
354	762
354	776
354	795
354	800
354	889
354	894
354	935
354	938
354	989
354	995
354	1050
354	1085
354	1097
354	1098
354	1102
354	1156
354	1257
354	1267
354	1458
354	1566
354	1678
354	1686
354	1728
354	1754
354	1775
354	1799
354	1890
354	1895
354	1919
354	1931
354	1948
372	395
372	418
372	424
372	427
372	446
372	463
372	476
372	484
372	580
372	613
372	645
372	648
372	762
372	811
372	848
372	866
372	888
372	921
372	1035
372	1070
372	1085
372	1098
372	1110
372	1176
372	1189
372	1267
372	1294
372	1514
372	1631
372	1678
372	1740
372	1769
372	1816
372	1935
372	1946
372	1978
645	700
645	776
645	794
645	846
645	887
645	981
645	995
645	1203
645	1335
645	1356
645	1558
645	1582
645	1641
645	1655
645	1740
645	1799
645	1838
645	1931
645	1951
645	1968
645	1996
754	772
754	888
754	889
754	938
754	1027
754	1102
754	1110
754	1267
754	1290
754	1411
754	1414
754	1442
754	1458
754	1513
754	1536
754	1582
754	1655
754	1740
754	1905
754	1935
800	887
800	889
800	1060
800	1112
800	1176
800	1310
800	1412
800	1513
800	1569
800	1582
800	1686
800	1985
918	973
918	1070
918	1176
918	1267
918	1316
918	1514
918	1691
918	1740
918	1900
935	1035
935	1060
935	1112
935	1267
935	1310
935	1386
935	1397
935	1844
935	1895
935	1919
1176	1203
1176	1412
1176	1631
1176	1851
1176	1892
1310	1412
1310	1816
1362	1514
1362	1566
1362	1621
1362	1641
1362	1775
1362	1966
1454	1474
1454	1558
1454	1946
1582	1715
1582	1726
1582	1855
1582	1931
1621	1653
1621	1754
1621	1799
1621	1818
1621	1931
1643	1653
1643	1855
1643	1948
1643	1961
1655	1715
1655	1726
1655	1931
1665	1816
1665	1910
1665	1951
1816	1895
1816	1946
662	700
662	757
662	846
662	918
662	935
662	981
662	1056
662	1112
662	1257
662	1290
662	1335
662	1362
662	1404
662	1442
662	1474
662	1740
662	1769
662	1900
846	887
846	896
846	955
846	981
846	989
846	1098
846	1156
846	1189
846	1442
846	1558
846	1569
846	1621
846	1665
846	1816
846	1900
896	973
896	1035
896	1056
896	1060
896	1071
896	1085
896	1098
896	1112
896	1242
896	1655
896	1775
1071	1097
1071	1098
1071	1569
1071	1621
1071	1740
1071	1946
1071	1978
1071	1996
1257	1356
1257	1386
1355	1356
1355	1386
1355	1404
1355	1726
1355	1844
1355	1855
1355	1946
1355	1986
1404	1653
1404	1931
1728	1754
1728	1804
1740	1754
1838	1901
1838	1935
1838	1946
1838	1948
1838	1951
1895	1951
1968	1985
418	427
418	445
418	463
418	476
418	500
418	518
418	565
418	580
418	648
418	776
418	800
418	840
418	848
418	866
418	887
418	888
418	890
418	918
418	1566
418	1653
418	1678
418	1691
418	1948
418	1961
866	887
866	918
866	921
866	1112
866	1156
866	1257
866	1641
866	1750
866	1799
866	1832
866	1900
889	921
889	1242
889	1257
889	1316
889	1655
889	1665
889	1901
889	1961
1356	1362
1356	1442
1356	1513
1356	1558
1356	1621
1536	1653
1536	1919
1818	1951
749	754
749	762
749	811
749	935
749	986
749	1040
749	1070
749	1085
749	1102
749	1189
749	1335
749	1740
749	1900
1189	1267
1189	1294
1189	1308
1189	1404
1189	1536
1189	1686
1492	1631
1492	1755
1492	1816
1492	1838
1492	1892
1566	1754
1566	1816
1566	1935
1832	1966
1027	1035
1027	1056
1027	1070
1027	1102
1027	1397
1027	1458
1027	1715
1027	1804
1027	1901
1027	1985
1097	1110
1097	1176
1097	1256
1097	1631
1097	1919
1442	1458
1442	1653
1442	1665
1442	1678
1442	1978
1442	1985
1631	1740
1631	1818
1631	1851
1631	1919
1631	1946
1678	1919
1754	1769
1754	1900
1754	1985
1050	1070
1050	1355
1050	1474
1050	1513
1050	1901
1750	1855
1750	1905
1386	1566
1386	1643
1386	1804
1386	1905
1386	1910
1686	1895
989	1308
989	1442
989	1582
989	1643
989	1665
989	1754
989	1804
989	1818
989	1838
989	1851
989	1905
1558	1754
1558	1832
1558	1961
1558	1986
1844	1895
