# Undirected graph (each unordered pair of nodes is saved once): output/networks/ScaleFree100removeDegree-75percent.txt
# Nodes: 500 Edges: 2773
# NodeId	NodeId
745	1167
745	1283
745	1417
745	1458
745	1471
745	1538
745	1570
745	1688
745	1767
745	1783
745	1868
745	1891
745	1931
745	1985
745	1995
779	1124
779	1492
779	1568
779	1798
779	1882
779	1900
779	1971
779	1983
1040	1421
1040	1454
1040	1555
1040	1766
1040	1781
1040	1920
1040	1942
1040	1955
1040	1974
1040	1975
1069	1145
1069	1207
1069	1281
1069	1488
1069	1593
1069	1739
1069	1745
1069	1933
1069	1960
1116	1261
1116	1308
1116	1506
1116	1539
1116	1679
1116	1724
1116	1776
1116	1793
1116	1818
1116	1839
1116	1901
1135	1279
1135	1286
1135	1340
1135	1443
1135	1492
1135	1562
1135	1565
1135	1630
1135	1633
1135	1732
1135	1779
1135	1876
1135	1883
1137	1255
1137	1446
1137	1610
1137	1697
1137	1783
1137	1846
1137	1871
1137	1872
1137	1957
1137	1969
1145	1279
1145	1469
1145	1614
1145	1668
1145	1746
1145	1764
1145	1862
1145	1885
1145	1901
1168	1224
1168	1410
1168	1492
1168	1567
1168	1725
1168	1746
1168	1753
1168	1755
1168	1848
1168	1887
1168	1982
1168	1992
1185	1286
1185	1446
1185	1457
1185	1482
1185	1506
1185	1624
1185	1649
1185	1650
1185	1724
1185	1753
1185	1864
1185	1867
1192	1254
1192	1316
1192	1441
1192	1572
1192	1587
1192	1592
1192	1600
1192	1729
1192	1820
1192	1848
1194	1328
1194	1367
1194	1368
1194	1380
1194	1574
1194	1645
1194	1725
1194	1763
1194	1765
1194	1946
1194	1998
1220	1256
1220	1419
1220	1588
1220	1657
1220	1751
1220	1865
1220	1872
1220	1907
1220	1927
1220	1950
1245	1284
1245	1376
1245	1584
1245	1624
1245	1662
1245	1681
1245	1764
1245	1792
1245	1798
1245	1918
1245	1952
1245	1956
1262	1326
1262	1616
1262	1676
1262	1720
1262	1763
1262	1856
1262	1858
1262	1972
1262	1985
1291	1398
1291	1533
1291	1607
1291	1630
1291	1697
1291	1819
1291	1866
1291	1929
1291	1980
1292	1434
1292	1475
1292	1513
1292	1587
1292	1614
1292	1633
1292	1753
1292	1765
1292	1781
1292	1826
1292	1896
1292	1995
1321	1396
1321	1515
1321	1684
1321	1769
1321	1897
1326	1486
1326	1504
1326	1515
1326	1620
1326	1621
1326	1667
1326	1725
1326	1852
1326	1871
1367	1389
1367	1396
1367	1662
1367	1718
1367	1744
1367	1803
1367	1841
1367	1899
1367	1924
1367	1997
1380	1419
1380	1434
1380	1509
1380	1780
1380	1805
1434	1680
1434	1804
1434	1970
1434	1990
1435	1500
1435	1533
1435	1738
1435	1826
1435	1827
1435	1837
1435	1925
1435	1926
1435	1994
1436	1458
1436	1639
1436	1670
1436	1698
1436	1848
1436	1891
1436	1895
1443	1504
1443	1647
1443	1656
1443	1807
1443	1830
1443	1852
1443	1925
1443	1978
1443	1995
1448	1526
1448	1539
1448	1607
1448	1763
1448	1765
1448	1828
1448	1958
1448	1989
1466	1533
1466	1616
1466	1628
1466	1658
1466	1825
1469	1524
1469	1667
1469	1733
1469	1798
1469	1879
1469	1901
1469	1978
1490	1570
1490	1643
1490	1658
1490	1836
1490	1870
1490	1906
1490	1909
1526	1562
1526	1625
1526	1713
1526	1868
1526	1893
1526	1939
1526	1975
1574	1588
1574	1686
1574	1688
1574	1697
1574	1813
1574	1826
1574	1834
1574	1928
1615	1627
1615	1686
1615	1691
1615	1701
1615	1747
1615	1788
1615	1799
1615	1849
1615	1865
1615	1969
1615	1976
1615	1990
1627	1692
1627	1779
1627	1818
1627	1819
1627	1856
1627	1865
1627	1920
1627	1994
1633	1688
1633	1771
1633	1994
1643	1662
1643	1670
1643	1781
1643	1784
1643	1841
1664	1724
1664	1793
1664	1851
1664	1861
1664	1872
1664	1890
1664	1897
1664	1939
1664	1994
1699	1747
1699	1847
1699	1946
1699	1963
1699	1973
1727	1739
1727	1822
1727	1825
1727	1860
1729	1764
1729	1926
1729	1976
1729	1979
1753	1780
1753	1806
1753	1905
1753	1991
1753	1995
1754	1766
1754	1779
1754	1825
1754	1864
1754	1921
1754	1976
1764	1938
1764	1963
1764	1982
1764	1989
1767	1870
1767	1874
1767	1887
1767	1940
1767	1955
1774	1892
1774	1918
1774	1933
1774	1940
1781	1846
1781	1874
1801	1944
1801	1978
1801	1997
1827	1864
1836	1908
1836	1923
1836	1927
1862	1885
1862	1970
1867	1870
1867	1875
1867	1952
1867	1963
1867	1989
1870	1871
1870	1909
1870	1931
1870	1960
1890	1922
1896	1995
1901	1981
1917	1928
1917	1986
1917	1998
1940	1970
1958	1963
1965	1999
862	1207
862	1279
862	1308
862	1385
862	1421
862	1429
862	1524
862	1619
862	1621
862	1630
862	1879
862	1925
862	1926
925	1093
925	1288
925	1292
925	1330
925	1606
925	1691
925	1720
925	1793
925	1795
925	1801
925	1870
925	1923
925	1967
929	1207
929	1562
929	1670
929	1813
929	1847
929	1928
929	1974
975	1139
975	1262
975	1283
975	1380
975	1386
975	1387
975	1466
975	1712
975	1834
975	1854
982	1040
982	1429
982	1514
982	1720
982	1740
982	1804
982	1880
982	1893
982	1905
982	1920
982	1940
982	1950
985	1154
985	1371
985	1389
985	1448
985	1537
985	1624
985	1823
985	1940
985	1979
1057	1299
1057	1419
1057	1543
1057	1609
1057	1624
1057	1656
1057	1676
1057	1828
1057	1854
1057	1922
1057	1983
1105	1262
1105	1323
1105	1491
1105	1497
1105	1753
1105	1776
1105	1857
1105	1858
1105	1861
1105	1930
1124	1435
1124	1467
1124	1555
1124	1610
1124	1643
1124	1731
1124	1783
1124	1828
1124	1849
1124	1923
1126	1167
1126	1359
1126	1513
1126	1527
1126	1747
1126	1786
1126	1799
1126	1817
1126	1921
1126	1976
1167	1185
1167	1320
1167	1328
1167	1580
1167	1605
1167	1851
1167	1885
1167	1918
1167	1946
1178	1461
1178	1539
1178	1652
1178	1684
1178	1738
1178	1792
1178	1861
1178	1896
1218	1336
1218	1386
1218	1448
1218	1659
1218	1804
1218	1870
1219	1680
1219	1720
1219	1837
1219	1861
1219	1874
1219	1937
1219	1963
1219	1972
1233	1306
1233	1382
1233	1410
1233	1441
1233	1645
1233	1650
1233	1676
1233	1806
1233	1855
1233	1920
1233	1970
1310	1313
1310	1417
1310	1565
1310	1650
1310	1738
1310	1742
1310	1790
1310	1904
1310	1944
1340	1375
1340	1387
1340	1645
1340	1776
1340	1806
1340	1912
1340	1994
1340	1996
1365	1409
1365	1435
1365	1569
1365	1572
1365	1575
1365	1630
1365	1755
1365	1798
1365	1958
1365	1967
1385	1463
1385	1475
1385	1563
1385	1716
1385	1730
1385	1788
1385	1866
1385	1971
1385	1982
1398	1409
1398	1602
1398	1707
1398	1745
1398	1792
1398	1832
1398	1866
1398	1910
1398	1975
1398	1992
1416	1421
1416	1597
1416	1629
1416	1655
1416	1763
1416	1855
1416	1910
1416	1934
1461	1575
1461	1587
1461	1639
1461	1766
1461	1811
1461	1875
1461	1889
1461	1895
1461	1920
1461	1952
1467	1620
1467	1662
1467	1718
1467	1751
1467	1805
1467	1861
1467	1906
1467	1927
1488	1510
1488	1664
1488	1893
1488	1913
1488	1930
1488	1931
1488	1966
1491	1740
1491	1744
1491	1802
1491	1946
1491	1950
1491	1956
1491	1965
1509	1514
1509	1667
1509	1686
1509	1691
1509	1766
1509	1825
1509	1855
1509	1924
1537	1716
1537	1742
1551	1626
1551	1688
1551	1718
1551	1769
1551	1803
1551	1936
1551	1974
1564	1591
1564	1628
1564	1664
1564	1689
1577	1715
1577	1880
1577	1950
1582	1654
1582	1719
1582	1813
1582	1822
1582	1847
1582	1849
1587	1599
1587	1660
1587	1662
1587	1701
1587	1834
1587	1990
1591	1684
1591	1906
1592	1634
1592	1773
1592	1783
1592	1795
1595	1692
1595	1746
1595	1765
1595	1960
1618	1653
1618	1680
1618	1729
1618	1804
1618	1847
1618	1852
1618	1866
1618	1879
1618	1945
1625	1645
1625	1655
1625	1670
1625	1772
1625	1846
1625	1855
1625	1876
1625	1999
1646	1656
1646	1852
1646	1857
1646	1972
1646	1995
1650	1659
1650	1792
1650	1950
1650	1978
1650	1980
1650	1997
1652	1681
1652	1784
1652	1857
1652	1895
1652	1900
1652	1990
1657	1793
1657	1934
1658	1720
1658	1753
1658	1803
1658	1860
1658	1897
1680	1710
1680	1755
1680	1800
1680	1865
1680	1934
1680	1996
1681	1743
1681	1795
1681	1883
1683	1718
1683	1739
1683	1816
1683	1931
1683	1942
1683	1990
1683	1992
1684	1772
1684	1897
1684	1979
1686	1718
1686	1745
1686	1867
1686	1894
1686	1904
1686	1910
1686	1958
1686	1969
1694	1698
1694	1719
1694	1765
1716	1780
1716	1817
1716	1885
1716	1924
1739	1740
1739	1806
1745	1900
1745	1923
1751	1764
1751	1802
1751	1881
1751	1945
1763	1849
1763	1875
1779	1781
1779	1900
1779	1939
1779	1989
1792	1816
1792	1886
1792	1983
1804	1939
1817	1899
1817	1982
1817	1986
1819	1969
1819	1986
1826	1897
1826	1927
1826	1928
1826	1937
1826	1963
1831	1876
1831	1879
1831	1896
1831	1937
1831	1950
1832	1862
1832	1958
1832	1997
1837	1900
1837	1913
1837	1960
1837	1985
1860	1890
1860	1982
1861	1926
1874	1975
1899	1926
1899	1999
1923	1942
1923	1943
1923	1954
1923	1970
1927	1983
1927	1985
1931	1976
1939	1981
1971	1974
1971	1976
736	925
736	1192
736	1220
736	1316
736	1367
736	1446
736	1475
736	1569
736	1620
736	1747
736	1793
736	1807
736	1813
736	1926
799	1168
799	1243
799	1256
799	1261
799	1409
799	1435
799	1509
799	1577
799	1660
799	1740
830	997
830	1069
830	1365
830	1514
830	1554
830	1660
830	1801
830	1805
830	1827
830	1862
830	1879
830	1910
845	925
845	1356
845	1463
845	1595
845	1619
845	1621
845	1755
845	1939
845	1943
845	1952
845	1975
1034	1219
1034	1323
1034	1396
1034	1405
1034	1420
1034	1619
1034	1713
1034	1780
1034	1864
1034	1866
1034	1870
1034	1875
1034	1935
1041	1326
1041	1461
1041	1486
1041	1497
1041	1665
1041	1729
1041	1852
1041	1870
1041	1905
1041	1925
1041	1930
1041	1934
1074	1167
1074	1233
1074	1286
1074	1326
1074	1479
1074	1491
1074	1710
1074	1771
1074	1883
1074	1926
1074	1957
1118	1162
1118	1245
1118	1274
1118	1513
1118	1538
1118	1657
1118	1724
1118	1749
1118	1828
1118	1928
1118	1936
1118	1943
1129	1219
1129	1288
1129	1310
1129	1316
1129	1378
1129	1501
1129	1582
1129	1595
1129	1706
1129	1733
1129	1970
1130	1385
1130	1482
1130	1593
1130	1633
1130	1653
1130	1724
1130	1784
1130	1801
1130	1826
1130	1883
1130	1886
1130	1901
1243	1441
1243	1465
1243	1706
1243	1738
1243	1841
1243	1846
1243	1891
1243	1991
1261	1463
1261	1555
1261	1670
1261	1783
1274	1283
1274	1452
1274	1488
1274	1555
1274	1584
1274	1592
1274	1827
1274	1855
1274	1868
1274	1980
1283	1352
1283	1398
1283	1410
1283	1522
1283	1664
1283	1783
1283	1944
1283	1954
1283	1960
1286	1599
1286	1633
1286	1650
1286	1772
1286	1788
1286	1912
1286	1939
1286	1950
1308	1400
1308	1429
1308	1554
1308	1609
1308	1657
1313	1569
1313	1634
1313	1656
1313	1688
1313	1706
1313	1780
1313	1874
1313	1886
1313	1922
1313	1930
1313	1943
1313	1980
1336	1467
1336	1510
1336	1515
1336	1683
1336	1720
1336	1763
1336	1783
1336	1818
1336	1893
1336	1901
1336	1946
1336	1980
1358	1617
1358	1691
1358	1763
1358	1772
1358	1900
1358	1905
1379	1600
1379	1620
1379	1626
1379	1643
1379	1674
1379	1832
1379	1901
1379	1918
1379	1924
1379	1930
1379	1937
1382	1452
1382	1689
1382	1868
1382	1890
1382	1970
1386	1388
1386	1396
1386	1561
1386	1602
1386	1707
1386	1725
1386	1823
1386	1827
1386	1901
1386	1956
1386	1970
1389	1463
1389	1497
1389	1551
1389	1570
1389	1633
1389	1634
1389	1698
1389	1713
1389	1764
1389	1918
1396	1688
1396	1727
1396	1817
1396	1851
1396	1918
1396	1945
1396	1972
1410	1417
1410	1562
1410	1605
1410	1639
1410	1649
1410	1679
1410	1803
1410	1835
1417	1564
1417	1729
1417	1774
1417	1834
1417	1857
1417	1940
1441	1467
1441	1639
1441	1904
1452	1482
1452	1567
1452	1701
1452	1767
1452	1805
1452	1858
1452	1885
1452	1912
1452	1956
1514	1580
1514	1731
1514	1798
1514	1819
1514	1861
1514	1876
1514	1934
1514	1981
1514	1985
1527	1606
1527	1655
1527	1745
1527	1820
1527	1858
1527	1861
1527	1874
1527	1933
1527	1958
1527	1992
1563	1572
1563	1620
1563	1652
1563	1676
1563	1754
1563	1837
1563	1880
1563	1922
1563	1956
1563	1981
1607	1616
1607	1619
1607	1683
1607	1764
1607	1852
1607	1986
1616	1652
1616	1798
1616	1935
1616	1974
1616	1978
1616	1993
1619	1689
1619	1710
1619	1719
1619	1766
1619	1771
1619	1923
1628	1684
1628	1706
1628	1773
1628	1840
1628	1875
1628	1981
1676	1852
1676	1889
1676	1905
1689	1725
1689	1738
1689	1745
1689	1790
1689	1957
1689	1994
1691	1729
1691	1746
1691	1856
1691	1913
1691	1974
1691	1993
1701	1805
1701	1864
1701	1966
1707	1769
1707	1774
1707	1793
1707	1834
1707	1934
1707	1981
1712	1792
1712	1975
1712	1999
1713	1969
1713	1994
1715	1805
1715	1815
1715	1908
1715	1957
1715	1978
1718	1742
1718	1753
1718	1967
1733	1819
1733	1837
1733	1992
1733	1998
1740	1924
1740	1950
1740	1993
1748	1772
1748	1811
1748	1817
1748	1819
1748	1830
1748	1901
1748	1912
1748	1921
1748	1980
1748	1991
1755	1822
1755	1839
1755	1880
1755	1985
1765	1912
1765	1944
1765	1955
1765	1971
1765	1991
1773	1816
1773	1831
1773	1855
1773	1938
1773	1990
1784	1828
1784	1860
1784	1927
1793	1846
1793	1893
1793	1966
1793	1967
1793	1997
1803	1815
1803	1825
1815	1872
1815	1880
1815	1961
1815	1966
1815	1976
1818	1831
1818	1889
1818	1925
1830	1880
1830	1896
1830	1971
1834	1866
1834	1880
1834	1938
1834	1955
1834	1957
1834	1989
1835	1849
1835	1969
1839	1900
1839	1960
1839	1973
1839	1998
1840	1852
1840	1865
1875	1889
1875	1976
1876	1906
1876	1961
1876	1970
1877	1886
1877	1906
1877	1907
1891	1923
1891	1935
902	931
902	1126
902	1365
902	1457
902	1514
902	1885
978	1040
978	1371
978	1614
978	1626
978	1697
978	1765
978	1769
978	1800
978	1904
978	1938
978	1955
978	1975
998	1139
998	1454
998	1826
1012	1321
1012	1340
1012	1368
1012	1388
1012	1410
1012	1465
1012	1469
1012	1516
1012	1763
1012	1933
1012	1943
1037	1359
1037	1368
1037	1398
1037	1445
1037	1465
1037	1533
1037	1660
1037	1855
1037	1857
1037	1889
1037	1938
1037	1979
1037	1997
1071	1308
1071	1375
1071	1773
1071	1872
1071	1954
1071	1972
1108	1116
1108	1461
1108	1539
1108	1569
1108	1624
1108	1629
1108	1683
1108	1699
1108	1802
1108	1823
1108	1893
1108	1934
1121	1254
1121	1320
1121	1409
1121	1719
1121	1804
1121	1894
1121	1933
1121	1983
1222	1367
1222	1386
1222	1658
1222	1718
1222	1783
1222	1800
1222	1811
1222	1820
1222	1871
1222	1872
1222	1883
1222	1896
1222	1913
1222	1922
1222	1973
1254	1284
1254	1421
1254	1564
1254	1626
1254	1712
1254	1724
1254	1744
1254	1820
1254	1861
1254	1877
1254	1900
1254	1927
1254	1960
1256	1285
1256	1488
1256	1538
1256	1698
1256	1712
1256	1743
1256	1748
1256	1774
1256	1827
1256	1938
1256	1981
1299	1356
1299	1368
1299	1417
1299	1509
1299	1619
1299	1650
1299	1654
1299	1800
1299	1856
1299	1876
1299	1946
1299	1975
1299	1981
1323	1356
1323	1435
1323	1625
1323	1626
1323	1643
1323	1648
1323	1776
1323	1874
1323	1936
1328	1352
1328	1379
1328	1543
1328	1595
1328	1701
1328	1732
1328	1765
1328	1921
1328	1952
1330	1606
1330	1763
1330	1773
1330	1817
1330	1891
1352	1471
1352	1614
1352	1776
1352	1921
1352	1939
1378	1385
1378	1415
1378	1417
1378	1443
1378	1572
1378	1660
1378	1681
1378	1692
1378	1716
1378	1786
1459	1621
1459	1753
1459	1820
1459	1825
1459	1849
1459	1860
1459	1887
1459	1910
1459	1929
1465	1482
1465	1713
1465	1769
1465	1865
1465	1910
1465	1938
1477	1490
1477	1639
1477	1659
1477	1679
1477	1740
1477	1816
1477	1822
1477	1971
1477	1982
1486	1499
1486	1515
1486	1587
1486	1595
1486	1657
1486	1730
1486	1766
1486	1776
1486	1784
1504	1555
1504	1565
1504	1806
1504	1835
1504	1861
1504	1874
1504	1875
1504	1935
1504	1936
1504	1994
1516	1606
1516	1733
1516	1871
1516	1922
1533	1614
1533	1738
1533	1991
1562	1674
1562	1694
1562	1720
1562	1825
1562	1890
1562	1895
1562	1912
1562	1950
1568	1588
1568	1666
1568	1679
1568	1740
1647	1694
1647	1781
1647	1786
1647	1795
1647	1827
1647	1857
1647	1875
1647	1892
1647	1904
1662	1832
1662	1872
1662	1877
1662	1879
1662	1928
1674	1779
1674	1851
1674	1887
1732	1744
1732	1767
1732	1769
1732	1944
1732	1996
1738	1857
1738	1881
1738	1930
1738	1956
1738	1998
1743	1766
1743	1907
1743	1909
1743	1917
1743	1918
1749	1816
1749	1836
1749	1848
1749	1855
1749	1907
1771	1800
1771	1835
1771	1851
1771	1852
1771	1890
1771	1946
1771	1969
1790	1816
1790	1840
1790	1849
1790	1856
1790	1861
1790	1942
1790	1944
1790	1975
1790	1982
1795	1848
1795	1923
1795	1957
1795	1967
1799	1840
1799	1908
1799	1980
1802	1871
1802	1923
1802	1924
1805	1817
1805	1881
1805	1900
1805	1905
1805	1938
1825	1935
1846	1874
1846	1917
1846	1945
1848	1907
1848	1945
1848	1966
1851	1967
1851	1975
1851	1979
1851	1999
1865	1885
1866	1943
1866	1954
1866	1966
1866	1999
1868	1912
1868	1965
1868	1995
1887	1931
1887	1969
1889	1929
1889	1961
1889	1963
1908	1986
1909	1995
1933	1961
1933	1983
1933	1997
822	1154
822	1537
822	1621
822	1652
822	1680
822	1710
822	1717
822	1749
822	1754
822	1803
822	1806
822	1849
822	1890
931	985
931	1192
931	1320
931	1326
931	1416
931	1479
931	1516
931	1658
931	1801
931	1815
931	1872
931	1945
931	1983
958	975
958	1162
958	1330
958	1647
958	1668
958	1743
958	1795
958	1877
958	1937
958	1974
997	1194
997	1281
997	1336
997	1388
997	1606
997	1653
997	1792
997	1816
997	1846
997	1864
997	1899
997	1971
1053	1224
1053	1477
1053	1567
1053	1588
1053	1592
1053	1633
1053	1694
1053	1779
1053	1817
1053	1819
1053	1835
1053	1885
1053	1983
1053	1992
1053	1997
1162	1388
1162	1417
1162	1491
1162	1524
1162	1593
1162	1621
1162	1646
1162	1656
1162	1754
1162	1823
1162	1971
1279	1291
1279	1469
1279	1659
1279	1763
1279	1868
1306	1316
1306	1387
1306	1436
1306	1475
1306	1477
1306	1655
1306	1730
1306	1776
1306	1786
1306	1799
1306	1804
1306	1900
1306	1901
1306	1975
1320	1340
1320	1368
1320	1459
1320	1479
1320	1516
1320	1527
1320	1584
1320	1674
1320	1744
1320	1868
1320	1952
1356	1555
1356	1569
1356	1633
1356	1639
1356	1648
1356	1779
1356	1828
1356	1835
1356	1867
1400	1436
1400	1500
1400	1526
1400	1533
1400	1616
1400	1680
1400	1803
1400	1817
1400	1926
1400	1928
1400	1973
1421	1561
1421	1719
1421	1774
1421	1813
1421	1918
1421	1946
1421	1979
1446	1523
1446	1605
1446	1834
1446	1862
1458	1582
1458	1659
1458	1715
1458	1733
1458	1738
1458	1841
1458	1897
1458	1935
1458	1997
1462	1488
1462	1561
1462	1569
1462	1598
1462	1653
1462	1679
1462	1691
1462	1738
1462	1783
1462	1798
1462	1904
1475	1603
1475	1634
1475	1773
1475	1893
1475	1938
1475	1967
1475	1990
1479	1524
1479	1526
1479	1628
1479	1639
1479	1707
1479	1727
1479	1825
1479	1832
1479	1970
1482	1537
1482	1655
1482	1804
1482	1848
1482	1899
1482	1913
1482	1920
1482	1929
1510	1600
1510	1609
1510	1657
1510	1674
1510	1818
1510	1894
1510	1921
1513	1582
1513	1592
1513	1806
1513	1818
1513	1839
1513	1910
1513	1936
1513	1944
1522	1603
1522	1606
1522	1626
1522	1668
1522	1779
1522	1822
1522	1905
1584	1618
1584	1716
1584	1731
1584	1769
1584	1817
1584	1885
1584	1907
1584	1946
1606	1620
1606	1784
1606	1811
1606	1861
1606	1897
1606	1917
1606	1999
1621	1699
1621	1765
1621	1803
1621	1883
1621	1904
1621	1993
1634	1937
1634	1958
1648	1727
1648	1755
1648	1922
1654	1784
1654	1802
1654	1834
1654	1904
1654	1917
1654	1929
1656	1689
1656	1717
1656	1857
1656	1979
1679	1924
1679	1934
1724	1776
1724	1881
1724	1965
1724	1979
1731	1804
1731	1908
1811	1827
1828	1870
1828	1926
1828	1994
1879	1892
1879	1970
1883	1939
1883	1954
1929	1945
1942	1991
1967	1973
887	1108
887	1117
887	1129
887	1135
887	1286
887	1328
887	1420
887	1464
887	1492
887	1630
887	1779
887	1924
887	1970
1157	1261
1157	1290
1157	1420
1157	1575
1157	1634
1157	1650
1157	1764
1157	1879
1157	1904
1157	1907
1157	1935
1157	1975
1157	1990
1207	1220
1207	1281
1207	1674
1207	1754
1207	1841
1207	1985
1213	1275
1213	1436
1213	1475
1213	1564
1213	1568
1213	1650
1213	1660
1213	1755
1213	1815
1213	1885
1213	1907
1229	1707
1229	1718
1229	1739
1229	1748
1229	1979
1316	1526
1316	1543
1316	1614
1316	1654
1316	1664
1316	1732
1316	1895
1316	1920
1371	1562
1371	1616
1371	1626
1371	1699
1371	1713
1371	1732
1371	1860
1371	1868
1415	1510
1415	1712
1415	1780
1415	1802
1415	1813
1415	1879
1415	1935
1454	1725
1454	1766
1454	1979
1454	1995
1463	1567
1463	1575
1463	1745
1463	1771
1463	1973
1463	1996
1485	1486
1485	1516
1485	1563
1485	1732
1485	1799
1485	1890
1485	1943
1538	1654
1538	1691
1538	1701
1538	1792
1538	1848
1538	1908
1538	1933
1538	1937
1538	1985
1538	1992
1554	1569
1554	1679
1554	1720
1554	1811
1554	1827
1554	1874
1554	1897
1561	1597
1561	1683
1561	1716
1561	1754
1561	1786
1561	1811
1561	1872
1610	1633
1610	1751
1610	1754
1610	1774
1610	1802
1610	1929
1667	1715
1667	1781
1667	1877
1710	1769
1710	1993
1776	1921
1776	1945
1820	1910
1820	1929
1820	1971
1892	1918
1892	1928
1892	1981
1894	1901
1894	1909
1894	1995
1894	1998
1895	1935
1895	1980
1895	1989
1895	1992
1895	1994
1900	1912
1900	1995
1905	1991
1906	1993
1926	1993
1950	1981
785	1093
785	1486
785	1602
785	1625
785	1680
785	1698
785	1706
785	1710
785	1745
785	1828
785	1895
785	1905
1117	1595
1117	1742
1117	1776
1117	1839
1117	1887
1117	1926
1117	1954
1117	1965
1117	1997
1359	1448
1359	1471
1359	1486
1359	1607
1359	1648
1359	1697
1359	1740
1359	1799
1359	1855
1359	1856
1359	1925
1429	1603
1429	1619
1429	1656
1429	1658
1429	1725
1429	1766
1429	1783
1429	1942
1464	1563
1464	1572
1464	1813
1464	1861
1464	1954
1464	1993
1539	1749
1539	1763
1539	1831
1539	1876
1539	1891
1539	1899
1539	1923
1539	1936
1539	1952
1569	1716
1569	1718
1569	1751
1569	1913
1569	1922
1569	1955
1580	1674
1580	1724
1580	1732
1580	1798
1580	1896
1600	1606
1600	1618
1600	1732
1600	1781
1600	1848
1600	1986
1629	1647
1629	1802
1629	1830
1629	1867
1629	1893
1692	1744
1692	1801
1692	1855
1692	1871
1692	1885
1692	1980
1692	1991
1719	1801
1719	1820
1719	1876
1719	1937
1786	1832
1786	1924
1786	1934
1786	1978
1822	1908
1822	1945
1822	1981
1857	1991
1886	1912
1886	1961
1886	1985
1910	1931
1910	1933
1918	1924
1925	1926
1925	1939
1934	1945
1935	1992
1978	1998
858	985
858	1157
858	1233
858	1323
858	1477
858	1513
858	1524
858	1630
858	1646
858	1882
858	1958
858	1997
1093	1323
1093	1326
1093	1513
1093	1554
1093	1710
1093	1739
1093	1783
1093	1835
1093	1946
1093	1966
1224	1352
1224	1375
1224	1419
1224	1568
1224	1587
1224	1598
1224	1745
1224	1849
1285	1506
1285	1575
1285	1639
1285	1872
1285	1874
1285	1896
1285	1920
1285	1963
1301	1391
1301	1465
1301	1523
1301	1593
1301	1625
1301	1626
1301	1725
1301	1769
1301	1865
1301	1899
1301	1922
1301	1924
1301	1944
1387	1391
1387	1458
1387	1527
1387	1605
1387	1665
1387	1793
1387	1802
1387	1861
1387	1939
1409	1454
1409	1479
1409	1582
1409	1599
1409	1689
1409	1739
1409	1801
1409	1818
1409	1852
1420	1464
1420	1479
1420	1597
1420	1732
1420	1820
1420	1860
1420	1881
1420	1934
1420	1978
1492	1600
1492	1720
1492	1753
1492	1767
1492	1929
1492	1981
1492	1990
1500	1501
1500	1609
1500	1670
1500	1881
1500	1882
1500	1917
1515	1564
1515	1624
1515	1679
1515	1715
1515	1836
1515	1904
1515	1970
1543	1621
1543	1634
1543	1660
1543	1681
1543	1724
1543	1731
1543	1784
1543	1917
1543	1945
1543	1975
1565	1617
1565	1680
1565	1744
1565	1783
1565	1894
1565	1926
1565	1986
1572	1674
1572	1731
1572	1749
1572	1771
1572	1841
1572	1922
1572	1940
1614	1900
1614	1924
1624	1627
1624	1766
1624	1802
1624	1840
1624	1874
1624	1892
1624	1994
1666	1679
1666	1713
1666	1715
1666	1807
1666	1817
1666	1839
1666	1885
1666	1960
1666	1997
1697	1717
1697	1746
1697	1836
1697	1861
1697	1996
1706	1818
1706	1851
1706	1877
1706	1922
1706	1965
1717	1815
1717	1890
1717	1927
1717	1994
1766	1854
1766	1910
1912	1931
1920	1969
1921	1945
1921	1978
1928	1990
1944	1963
1087	1117
1087	1126
1087	1356
1087	1416
1087	1448
1087	1457
1087	1582
1087	1628
1087	1634
1087	1712
1087	1816
1087	1870
1087	1887
1087	1942
1255	1419
1255	1543
1255	1570
1255	1591
1255	1657
1255	1724
1255	1754
1255	1882
1255	1921
1255	1961
1296	1388
1296	1473
1296	1555
1296	1849
1296	1885
1296	1924
1296	1956
1296	1993
1506	1607
1506	1694
1506	1766
1506	1886
1506	1909
1506	1920
1506	1989
1593	1649
1593	1749
1593	1765
1593	1772
1593	1806
1593	1879
1593	1918
1593	1978
1593	1989
1626	1668
1626	1688
1626	1865
1626	1946
1639	1710
1639	1804
1639	1935
1639	1967
1720	1852
1720	1883
1720	1928
1730	1803
1730	1942
1747	1837
1747	1967
1747	1969
1747	1996
1800	1875
1800	1891
1800	1900
1800	1920
1800	1939
1800	1982
1871	1895
1871	1961
1871	1985
1871	1999
1880	1893
1880	1901
1880	1905
1880	1933
1897	1925
1897	1955
1913	1917
1913	1944
1957	1966
1957	1972
1281	1340
1281	1371
1281	1516
1281	1539
1281	1686
1281	1688
1281	1689
1281	1725
1281	1851
1281	1938
1281	1943
1290	1554
1290	1699
1290	1724
1290	1832
1290	1855
1290	1856
1290	1958
1290	1997
1375	1554
1375	1593
1375	1699
1375	1733
1375	1745
1375	1771
1375	1883
1375	1921
1375	1933
1376	1570
1376	1727
1376	1746
1376	1784
1376	1929
1376	1970
1471	1567
1471	1784
1471	1908
1497	1569
1497	1572
1497	1699
1497	1707
1497	1717
1497	1834
1497	1894
1523	1692
1523	1701
1523	1730
1523	1733
1523	1767
1523	1798
1523	1832
1523	1929
1523	1935
1523	1972
1523	1998
1570	1592
1570	1788
1570	1852
1570	1925
1570	1978
1570	1994
1598	1655
1598	1699
1598	1751
1598	1958
1655	1718
1655	1889
1655	1967
1655	1978
1670	1680
1670	1692
1670	1746
1670	1786
1670	1802
1670	1889
1670	1892
1698	1891
1698	1940
1698	1952
1746	1806
1746	1837
1769	1835
1769	1901
1772	1811
1772	1909
1772	1936
1772	1969
1788	1822
1788	1840
1788	1860
1788	1877
1788	1931
1788	1982
1806	1851
1806	1879
1806	1928
1841	1891
1841	1896
1854	1868
1854	1952
1882	1885
1938	1957
1938	1972
1961	1998
1963	1972
1963	1979
1019	1458
1019	1461
1019	1510
1019	1533
1019	1597
1019	1662
1019	1697
1019	1849
1019	1862
1019	1933
1019	1986
1294	1296
1294	1301
1294	1365
1294	1382
1294	1504
1294	1506
1294	1582
1294	1665
1294	1820
1294	1955
1294	1976
1294	1985
1368	1452
1368	1454
1368	1457
1368	1463
1368	1471
1368	1564
1368	1667
1368	1683
1391	1482
1391	1630
1391	1720
1391	1771
1391	1836
1391	1837
1391	1891
1391	1961
1391	1978
1405	1429
1405	1467
1405	1527
1405	1652
1405	1666
1405	1701
1405	1832
1405	1907
1405	1973
1457	1554
1457	1618
1457	1626
1457	1740
1457	1830
1457	1834
1457	1860
1457	1961
1457	1976
1575	1822
1575	1891
1575	1946
1575	1990
1575	1997
1597	1862
1597	1913
1597	1974
1597	1985
1597	1996
1599	1609
1599	1712
1599	1765
1599	1848
1599	1849
1599	1885
1599	1897
1599	1927
1599	1979
1602	1614
1602	1629
1602	1751
1602	1819
1602	1840
1602	1922
1602	1936
1653	1666
1653	1692
1653	1733
1653	1891
1653	1945
1653	1960
1653	1967
1668	1683
1668	1767
1668	1790
1668	1823
1668	1883
1668	1938
1688	1692
1688	1707
1688	1739
1688	1893
1688	1895
1688	1966
1813	1886
1813	1992
1852	1983
1852	1985
1936	1943
1154	1194
1154	1376
1154	1400
1154	1443
1154	1523
1154	1605
1154	1827
1154	1927
1154	1950
1154	1955
1275	1482
1275	1597
1275	1857
1275	1963
1275	1971
1275	1981
1288	1328
1288	1652
1288	1691
1288	1733
1288	1754
1288	1755
1288	1766
1288	1822
1288	1836
1288	1862
1288	1976
1499	1567
1499	1602
1499	1879
1499	1929
1499	1936
1499	1946
1499	1954
1501	1584
1501	1626
1501	1652
1501	1689
1501	1727
1501	1784
1501	1828
1501	1865
1501	1966
1501	1976
1630	1667
1630	1743
1630	1744
1630	1803
1630	1806
1630	1876
1630	1920
1630	1933
1744	1837
1744	1920
1744	1946
1744	1993
1780	1788
1798	1862
1798	1957
1798	1961
1924	1942
1924	1973
1284	1380
1284	1400
1284	1405
1284	1421
1284	1588
1284	1681
1284	1688
1284	1698
1284	1742
1284	1889
1388	1634
1388	1681
1388	1697
1388	1717
1388	1745
1388	1831
1555	1570
1555	1712
1555	1767
1555	1872
1605	1618
1605	1658
1605	1706
1605	1730
1605	1839
1605	1973
1620	1792
1620	1872
1620	1877
1620	1901
1620	1946
1645	1646
1645	1656
1645	1908
1645	1910
1645	1943
1645	1952
1645	1996
1807	1858
1807	1952
1816	1866
1816	1928
783	862
783	1071
783	1145
783	1154
783	1192
783	1224
783	1367
783	1445
783	1473
783	1497
783	1500
783	1603
783	1618
783	1990
1139	1283
1139	1294
1139	1464
1139	1515
1139	1577
1139	1643
1139	1655
1139	1707
1139	1811
1139	1928
1139	1966
1567	1602
1567	1653
1567	1660
1567	1866
1567	1887
1659	1798
1659	1835
1659	1993
1659	1994
1660	1716
1660	1753
1660	1865
1660	1875
1660	1933
1881	1929
1881	1978
1881	1986
1208	1313
1208	1441
1208	1580
1208	1614
1208	1633
1208	1713
1208	1856
1208	1905
1208	1972
1208	1973
1208	1994
1473	1522
1473	1602
1473	1701
1473	1753
1473	1860
1473	1899
1473	1950
1473	1961
1473	1993
1725	1872
1725	1882
1725	1913
1847	1858
1847	1881
1847	1973
1152	1310
1152	1320
1152	1582
1152	1592
1152	1646
1152	1653
1152	1742
1152	1748
1152	1847
1152	1848
1152	1856
1152	1934
1152	1958
1152	1974
1609	1629
1609	1699
1609	1774
1609	1854
1609	1921
1849	1864
1617	1618
1617	1650
1617	1670
1617	1744
1617	1801
1617	1815
1783	1960
1665	1686
1665	1706
1665	1874
1665	1936
1665	1999
1823	1855
1823	1972
1649	1681
1649	1774
1649	1790
1649	1801
1649	1813
1649	1854
1649	1921
1649	1969
1445	1490
1445	1497
1445	1501
1445	1504
1445	1747
1445	1805
1445	1837
1445	1874
1445	1907
1445	1955
1603	1871
1603	1894
1603	1927
1603	1934
1742	1747
1742	1800
1742	1880
1742	1945
1742	1982
1419	1441
1419	1575
1419	1614
1419	1666
1419	1798
1419	1827
1419	1854
1419	1868
1855	1892
1904	1909
1904	1985
1922	1943
1524	1574
1524	1584
1524	1727
1524	1774
1524	1817
1524	1874
1524	1899
1588	1739
1588	1751
1588	1792
1588	1852
1588	1905
1588	1910
1588	1967
1588	1980
