# Undirected graph (each unordered pair of nodes is saved once): output/networks/ScaleFree100removeRandom-80percent.txt
# Nodes: 400 Edges: 8042
# NodeId	NodeId
1	6
1	12
1	18
1	25
1	29
1	31
1	33
1	36
1	49
1	64
1	70
1	77
1	78
1	81
1	83
1	91
1	93
1	99
1	107
1	123
1	126
1	130
1	148
1	162
1	164
1	184
1	189
1	193
1	194
1	196
1	199
1	201
1	213
1	215
1	230
1	234
1	240
1	245
1	268
1	280
1	292
1	295
1	297
1	298
1	305
1	324
1	328
1	329
1	334
1	346
1	358
1	359
1	370
1	390
1	393
1	397
1	398
1	431
1	446
1	449
1	457
1	458
1	472
1	480
1	492
1	494
1	498
1	504
1	554
1	555
1	577
1	587
1	601
1	618
1	681
1	683
1	732
1	735
1	768
1	806
1	834
1	839
1	847
1	900
1	911
1	918
1	919
1	941
1	981
1	999
1	1027
1	1032
1	1068
1	1097
1	1105
1	1122
1	1125
1	1183
1	1219
1	1226
1	1233
1	1251
1	1263
1	1282
1	1292
1	1310
1	1338
1	1365
1	1367
1	1398
1	1467
1	1583
1	1683
1	1694
1	1750
1	1762
1	1826
1	1831
1	1939
1	1968
6	12
6	18
6	25
6	29
6	31
6	33
6	36
6	49
6	64
6	70
6	77
6	78
6	81
6	83
6	91
6	93
6	99
6	107
6	121
6	123
6	126
6	130
6	143
6	146
6	148
6	164
6	165
6	167
6	184
6	189
6	196
6	201
6	206
6	215
6	225
6	230
6	234
6	239
6	250
6	279
6	287
6	297
6	301
6	325
6	329
6	342
6	411
6	438
6	446
6	475
6	478
6	480
6	492
6	498
6	528
6	546
6	590
6	610
6	616
6	622
6	647
6	672
6	680
6	681
6	683
6	694
6	708
6	712
6	745
6	753
6	774
6	785
6	813
6	835
6	906
6	1008
6	1040
6	1061
6	1086
6	1122
6	1280
6	1313
6	1462
6	1463
6	1533
6	1581
6	1600
6	1635
6	1724
6	1786
6	1801
6	1866
6	1886
6	1901
6	1902
6	1916
6	1925
6	1935
6	1953
6	1958
6	1989
12	18
12	25
12	29
12	31
12	33
12	36
12	49
12	64
12	70
12	77
12	78
12	81
12	83
12	91
12	93
12	99
12	107
12	121
12	123
12	126
12	130
12	131
12	143
12	148
12	156
12	164
12	167
12	184
12	189
12	199
12	201
12	206
12	213
12	230
12	250
12	267
12	279
12	280
12	292
12	298
12	309
12	342
12	370
12	382
12	390
12	459
12	483
12	492
12	528
12	544
12	565
12	585
12	587
12	610
12	622
12	642
12	676
12	680
12	683
12	703
12	735
12	745
12	835
12	856
12	858
12	913
12	914
12	921
12	933
12	942
12	951
12	1012
12	1058
12	1061
12	1087
12	1228
12	1230
12	1251
12	1257
12	1292
12	1313
12	1378
12	1465
12	1474
12	1497
12	1513
12	1554
12	1576
12	1605
12	1633
12	1635
12	1691
12	1694
12	1712
12	1769
12	1786
12	1826
12	1850
12	1902
12	1912
12	1928
12	1935
12	1953
18	25
18	29
18	31
18	33
18	36
18	49
18	64
18	70
18	77
18	78
18	81
18	83
18	91
18	93
18	99
18	121
18	123
18	126
18	130
18	131
18	146
18	162
18	164
18	165
18	167
18	173
18	194
18	196
18	201
18	211
18	213
18	215
18	230
18	239
18	240
18	292
18	295
18	305
18	309
18	324
18	358
18	382
18	393
18	396
18	397
18	398
18	446
18	458
18	462
18	499
18	501
18	504
18	538
18	544
18	565
18	585
18	601
18	618
18	630
18	652
18	671
18	672
18	680
18	683
18	702
18	709
18	735
18	793
18	839
18	856
18	914
18	918
18	933
18	942
18	948
18	951
18	999
18	1006
18	1012
18	1044
18	1060
18	1072
18	1074
18	1095
18	1158
18	1169
18	1171
18	1367
18	1404
18	1458
18	1465
18	1558
18	1605
18	1633
18	1643
18	1661
18	1750
18	1783
18	1806
18	1825
18	1926
18	1935
18	1939
18	1989
25	29
25	31
25	33
25	36
25	49
25	64
25	70
25	77
25	78
25	81
25	83
25	91
25	93
25	99
25	107
25	121
25	123
25	131
25	146
25	148
25	156
25	162
25	164
25	167
25	173
25	193
25	194
25	196
25	199
25	213
25	225
25	230
25	239
25	240
25	245
25	280
25	287
25	297
25	305
25	328
25	393
25	396
25	398
25	443
25	449
25	458
25	475
25	478
25	492
25	494
25	499
25	501
25	585
25	587
25	592
25	622
25	639
25	649
25	671
25	672
25	683
25	708
25	712
25	724
25	753
25	768
25	774
25	827
25	835
25	858
25	870
25	873
25	896
25	906
25	914
25	942
25	948
25	999
25	1027
25	1035
25	1051
25	1061
25	1063
25	1087
25	1094
25	1097
25	1105
25	1125
25	1130
25	1132
25	1157
25	1158
25	1173
25	1257
25	1313
25	1328
25	1341
25	1351
25	1378
25	1398
25	1415
25	1434
25	1465
25	1519
25	1528
25	1535
25	1575
25	1600
25	1647
25	1708
25	1786
25	1877
25	1926
29	31
29	33
29	36
29	49
29	64
29	70
29	77
29	78
29	81
29	83
29	91
29	93
29	99
29	107
29	121
29	123
29	126
29	130
29	143
29	146
29	148
29	156
29	162
29	167
29	173
29	189
29	193
29	194
29	196
29	199
29	206
29	211
29	215
29	218
29	225
29	240
29	253
29	267
29	280
29	295
29	297
29	298
29	325
29	358
29	370
29	399
29	438
29	443
29	446
29	458
29	472
29	474
29	483
29	492
29	498
29	499
29	521
29	546
29	554
29	555
29	564
29	565
29	587
29	590
29	610
29	630
29	639
29	673
29	676
29	694
29	708
29	724
29	733
29	768
29	835
29	856
29	861
29	918
29	931
29	970
29	1027
29	1032
29	1039
29	1040
29	1051
29	1052
29	1058
29	1074
29	1078
29	1086
29	1157
29	1158
29	1173
29	1209
29	1257
29	1338
29	1398
29	1463
29	1621
29	1647
29	1661
29	1683
29	1707
29	1712
29	1720
29	1731
29	1752
29	1769
29	1773
29	1813
29	1831
29	1838
29	1850
29	1853
29	1869
29	1884
29	1897
29	1916
29	1926
29	1966
29	1974
29	1977
29	1985
31	33
31	36
31	49
31	64
31	70
31	77
31	78
31	81
31	83
31	91
31	93
31	99
31	107
31	121
31	123
31	130
31	131
31	143
31	146
31	148
31	156
31	162
31	164
31	167
31	189
31	193
31	194
31	196
31	199
31	213
31	215
31	218
31	225
31	234
31	279
31	287
31	292
31	295
31	300
31	301
31	324
31	325
31	334
31	358
31	369
31	411
31	431
31	457
31	458
31	459
31	471
31	472
31	478
31	499
31	538
31	585
31	590
31	652
31	676
31	708
31	709
31	733
31	735
31	753
31	765
31	794
31	806
31	830
31	839
31	847
31	870
31	911
31	918
31	970
31	981
31	1008
31	1051
31	1052
31	1060
31	1063
31	1079
31	1086
31	1087
31	1105
31	1130
31	1212
31	1224
31	1254
31	1257
31	1277
31	1310
31	1330
31	1338
31	1367
31	1369
31	1415
31	1437
31	1574
31	1585
31	1602
31	1831
31	1876
31	1877
31	1902
31	1938
31	1985
31	1989
33	36
33	49
33	64
33	70
33	77
33	78
33	81
33	83
33	91
33	93
33	99
33	107
33	121
33	123
33	126
33	130
33	131
33	143
33	148
33	156
33	162
33	164
33	165
33	184
33	196
33	206
33	211
33	230
33	234
33	239
33	240
33	245
33	253
33	268
33	279
33	280
33	287
33	292
33	298
33	301
33	305
33	324
33	325
33	358
33	390
33	393
33	396
33	446
33	459
33	471
33	472
33	480
33	492
33	499
33	564
33	565
33	581
33	585
33	587
33	590
33	592
33	600
33	615
33	618
33	649
33	680
33	683
33	834
33	837
33	900
33	948
33	970
33	981
33	1012
33	1079
33	1086
33	1094
33	1105
33	1121
33	1125
33	1157
33	1169
33	1226
33	1260
33	1365
33	1367
33	1369
33	1373
33	1437
33	1463
33	1467
33	1479
33	1616
33	1633
33	1661
33	1662
33	1707
33	1750
33	1752
33	1801
33	1838
33	1869
33	1897
33	1928
33	1977
33	1994
36	49
36	64
36	70
36	77
36	78
36	81
36	83
36	91
36	93
36	99
36	107
36	121
36	126
36	131
36	143
36	162
36	164
36	165
36	173
36	194
36	196
36	199
36	201
36	206
36	211
36	230
36	245
36	250
36	267
36	268
36	279
36	287
36	292
36	297
36	301
36	309
36	328
36	329
36	342
36	358
36	359
36	370
36	396
36	398
36	430
36	446
36	480
36	498
36	528
36	538
36	544
36	554
36	581
36	585
36	600
36	615
36	616
36	639
36	642
36	647
36	652
36	672
36	681
36	694
36	712
36	713
36	721
36	735
36	765
36	793
36	830
36	842
36	900
36	931
36	933
36	942
36	1029
36	1035
36	1044
36	1063
36	1082
36	1087
36	1092
36	1094
36	1105
36	1121
36	1158
36	1169
36	1212
36	1219
36	1226
36	1233
36	1251
36	1267
36	1338
36	1351
36	1467
36	1516
36	1535
36	1575
36	1659
36	1694
36	1752
36	1762
36	1801
36	1890
36	1935
36	1938
36	1939
36	1958
49	64
49	70
49	77
49	78
49	81
49	83
49	91
49	93
49	99
49	107
49	121
49	123
49	126
49	130
49	131
49	143
49	146
49	156
49	162
49	164
49	167
49	184
49	189
49	193
49	194
49	196
49	199
49	201
49	206
49	211
49	215
49	218
49	225
49	234
49	240
49	245
49	267
49	268
49	292
49	298
49	305
49	328
49	329
49	342
49	359
49	370
49	390
49	393
49	411
49	443
49	457
49	471
49	472
49	474
49	480
49	483
49	501
49	546
49	565
49	586
49	600
49	610
49	618
49	622
49	630
49	647
49	657
49	671
49	681
49	683
49	712
49	713
49	724
49	735
49	769
49	785
49	793
49	806
49	827
49	842
49	856
49	861
49	873
49	918
49	919
49	999
49	1006
49	1061
49	1082
49	1107
49	1121
49	1125
49	1219
49	1267
49	1292
49	1338
49	1373
49	1398
49	1434
49	1437
49	1473
49	1554
49	1600
49	1616
49	1647
49	1691
49	1712
49	1731
49	1752
49	1762
49	1776
49	1801
49	1806
49	1850
49	1877
49	1902
49	1935
49	1966
49	1994
64	70
64	77
64	78
64	81
64	83
64	91
64	93
64	99
64	107
64	121
64	130
64	131
64	143
64	162
64	164
64	165
64	167
64	173
64	184
64	194
64	196
64	199
64	201
64	211
64	218
64	225
64	230
64	234
64	239
64	267
64	295
64	297
64	298
64	300
64	301
64	309
64	325
64	328
64	334
64	342
64	369
64	370
64	390
64	396
64	397
64	411
64	443
64	446
64	453
64	459
64	462
64	471
64	472
64	494
64	499
64	501
64	504
64	554
64	590
64	592
64	600
64	615
64	616
64	639
64	642
64	649
64	672
64	676
64	709
64	733
64	774
64	793
64	827
64	837
64	839
64	848
64	873
64	896
64	913
64	942
64	1027
64	1035
64	1040
64	1044
64	1061
64	1063
64	1078
64	1105
64	1125
64	1169
64	1171
64	1195
64	1233
64	1280
64	1326
64	1330
64	1369
64	1373
64	1404
64	1415
64	1463
64	1528
64	1604
64	1643
64	1707
64	1708
64	1720
64	1769
64	1801
64	1806
64	1813
64	1850
64	1853
64	1876
64	1877
64	1901
64	1905
64	1925
64	1953
70	77
70	78
70	81
70	83
70	91
70	93
70	99
70	107
70	121
70	123
70	126
70	130
70	131
70	143
70	146
70	148
70	156
70	164
70	165
70	167
70	173
70	184
70	206
70	211
70	213
70	218
70	225
70	230
70	239
70	240
70	253
70	267
70	268
70	297
70	298
70	301
70	328
70	342
70	396
70	398
70	411
70	430
70	457
70	458
70	480
70	494
70	498
70	499
70	504
70	528
70	581
70	585
70	592
70	615
70	647
70	676
70	683
70	708
70	724
70	732
70	753
70	794
70	834
70	837
70	839
70	883
70	900
70	911
70	919
70	970
70	1008
70	1011
70	1068
70	1074
70	1087
70	1125
70	1130
70	1132
70	1173
70	1230
70	1254
70	1402
70	1463
70	1519
70	1535
70	1605
70	1659
70	1752
70	1773
70	1850
70	1853
70	1912
70	1916
77	78
77	81
77	83
77	91
77	93
77	99
77	107
77	121
77	126
77	130
77	131
77	143
77	146
77	156
77	162
77	165
77	173
77	184
77	194
77	199
77	201
77	211
77	215
77	218
77	225
77	230
77	239
77	268
77	279
77	287
77	292
77	297
77	298
77	300
77	309
77	329
77	342
77	346
77	390
77	396
77	446
77	457
77	471
77	492
77	498
77	581
77	601
77	610
77	618
77	622
77	630
77	708
77	724
77	732
77	733
77	745
77	785
77	806
77	813
77	830
77	837
77	847
77	861
77	896
77	914
77	941
77	948
77	951
77	970
77	1006
77	1040
77	1051
77	1063
77	1079
77	1092
77	1130
77	1142
77	1171
77	1263
77	1267
77	1280
77	1369
77	1390
77	1415
77	1575
77	1585
77	1694
77	1712
77	1928
77	1938
78	81
78	83
78	91
78	93
78	99
78	107
78	121
78	123
78	126
78	131
78	143
78	146
78	156
78	167
78	173
78	184
78	189
78	196
78	199
78	201
78	211
78	239
78	245
78	267
78	279
78	280
78	287
78	297
78	300
78	301
78	324
78	325
78	329
78	359
78	396
78	397
78	398
78	411
78	431
78	457
78	458
78	469
78	471
78	501
78	544
78	554
78	555
78	581
78	586
78	615
78	647
78	673
78	676
78	702
78	708
78	733
78	745
78	753
78	765
78	793
78	806
78	827
78	837
78	883
78	896
78	911
78	913
78	931
78	934
78	1006
78	1029
78	1058
78	1079
78	1142
78	1226
78	1257
78	1267
78	1280
78	1310
78	1328
78	1338
78	1402
78	1479
78	1516
78	1531
78	1602
78	1662
78	1691
78	1710
78	1776
78	1801
78	1843
78	1886
78	1912
78	1935
78	1968
78	1985
78	1989
81	83
81	91
81	93
81	99
81	107
81	126
81	130
81	131
81	146
81	148
81	156
81	162
81	164
81	165
81	167
81	194
81	196
81	218
81	225
81	234
81	239
81	245
81	253
81	267
81	268
81	279
81	297
81	300
81	301
81	305
81	309
81	324
81	325
81	346
81	359
81	369
81	396
81	411
81	457
81	471
81	472
81	483
81	492
81	498
81	538
81	546
81	565
81	590
81	600
81	615
81	657
81	671
81	672
81	709
81	713
81	721
81	745
81	753
81	785
81	793
81	823
81	883
81	896
81	900
81	911
81	918
81	934
81	958
81	970
81	1039
81	1049
81	1052
81	1060
81	1061
81	1062
81	1068
81	1078
81	1082
81	1087
81	1094
81	1122
81	1148
81	1157
81	1171
81	1173
81	1209
81	1224
81	1226
81	1230
81	1289
81	1437
81	1479
81	1519
81	1531
81	1533
81	1554
81	1558
81	1581
81	1710
81	1712
81	1773
81	1901
81	1938
81	1958
81	1972
81	1989
83	91
83	93
83	99
83	107
83	121
83	123
83	126
83	130
83	131
83	143
83	148
83	156
83	162
83	164
83	165
83	173
83	184
83	189
83	196
83	201
83	206
83	211
83	213
83	215
83	218
83	225
83	230
83	240
83	245
83	287
83	297
83	300
83	309
83	358
83	359
83	369
83	370
83	390
83	396
83	398
83	431
83	449
83	458
83	462
83	469
83	475
83	483
83	504
83	544
83	564
83	586
83	587
83	615
83	672
83	673
83	680
83	681
83	694
83	708
83	713
83	753
83	769
83	794
83	835
83	837
83	842
83	848
83	858
83	870
83	891
83	900
83	931
83	933
83	934
83	941
83	999
83	1052
83	1095
83	1171
83	1257
83	1267
83	1328
83	1330
83	1341
83	1378
83	1398
83	1415
83	1437
83	1474
83	1497
83	1516
83	1554
83	1597
83	1616
83	1633
83	1661
83	1691
83	1724
83	1762
83	1786
83	1801
83	1806
83	1866
83	1897
83	1911
91	93
91	99
91	107
91	121
91	123
91	126
91	130
91	143
91	146
91	148
91	167
91	184
91	189
91	193
91	196
91	199
91	201
91	206
91	230
91	239
91	245
91	279
91	287
91	295
91	298
91	300
91	301
91	325
91	328
91	329
91	334
91	342
91	346
91	382
91	393
91	396
91	397
91	398
91	430
91	446
91	453
91	457
91	458
91	462
91	469
91	478
91	480
91	494
91	499
91	504
91	528
91	554
91	564
91	565
91	581
91	586
91	592
91	657
91	672
91	676
91	694
91	708
91	713
91	721
91	891
91	896
91	906
91	914
91	919
91	931
91	941
91	1008
91	1040
91	1079
91	1095
91	1122
91	1130
91	1132
91	1173
91	1226
91	1233
91	1257
91	1260
91	1278
91	1280
91	1282
91	1292
91	1326
91	1462
91	1465
91	1479
91	1583
91	1585
91	1602
91	1605
91	1630
91	1683
91	1694
91	1750
91	1806
91	1882
91	1884
91	1904
91	1911
91	1938
91	1994
93	99
93	107
93	121
93	123
93	126
93	130
93	131
93	143
93	146
93	148
93	156
93	162
93	167
93	189
93	194
93	199
93	206
93	211
93	230
93	234
93	240
93	250
93	268
93	279
93	280
93	295
93	297
93	298
93	309
93	325
93	334
93	346
93	370
93	390
93	397
93	399
93	430
93	446
93	449
93	457
93	458
93	462
93	471
93	472
93	478
93	483
93	501
93	504
93	521
93	544
93	554
93	565
93	581
93	592
93	601
93	616
93	622
93	630
93	639
93	642
93	681
93	694
93	712
93	733
93	769
93	774
93	793
93	794
93	823
93	827
93	830
93	835
93	856
93	861
93	873
93	906
93	918
93	921
93	931
93	933
93	958
93	1058
93	1061
93	1062
93	1063
93	1068
93	1086
93	1107
93	1130
93	1142
93	1148
93	1209
93	1224
93	1251
93	1263
93	1282
93	1290
93	1296
93	1365
93	1378
93	1404
93	1434
93	1447
93	1473
93	1474
93	1479
93	1558
93	1574
93	1602
93	1630
93	1635
93	1661
93	1750
93	1759
93	1762
93	1773
93	1831
93	1850
93	1901
93	1926
93	1958
93	1968
99	107
99	121
99	130
99	143
99	146
99	148
99	156
99	162
99	164
99	165
99	167
99	184
99	189
99	193
99	201
99	213
99	218
99	225
99	234
99	240
99	250
99	253
99	268
99	279
99	280
99	292
99	298
99	301
99	305
99	309
99	325
99	329
99	342
99	358
99	359
99	370
99	390
99	411
99	443
99	457
99	462
99	472
99	498
99	499
99	501
99	521
99	544
99	554
99	555
99	564
99	565
99	590
99	592
99	601
99	615
99	616
99	639
99	649
99	673
99	694
99	703
99	713
99	745
99	768
99	794
99	842
99	848
99	906
99	914
99	918
99	941
99	1011
99	1029
99	1032
99	1035
99	1039
99	1049
99	1060
99	1097
99	1121
99	1158
99	1183
99	1219
99	1263
99	1267
99	1277
99	1292
99	1402
99	1447
99	1463
99	1465
99	1554
99	1575
99	1581
99	1597
99	1691
99	1694
99	1710
99	1786
99	1831
99	1843
99	1853
99	1877
99	1897
99	1911
99	1958
107	121
107	123
107	126
107	130
107	131
107	143
107	148
107	156
107	162
107	165
107	184
107	193
107	196
107	199
107	201
107	206
107	211
107	215
107	218
107	234
107	239
107	240
107	250
107	292
107	295
107	298
107	301
107	328
107	370
107	390
107	396
107	397
107	398
107	399
107	411
107	431
107	438
107	446
107	449
107	453
107	474
107	475
107	480
107	483
107	499
107	504
107	521
107	544
107	600
107	601
107	615
107	673
107	683
107	686
107	721
107	774
107	794
107	806
107	834
107	835
107	839
107	934
107	1008
107	1029
107	1039
107	1040
107	1058
107	1072
107	1082
107	1094
107	1107
107	1157
107	1169
107	1212
107	1228
107	1257
107	1263
107	1277
107	1296
107	1310
107	1373
107	1390
107	1398
107	1434
107	1447
107	1474
107	1516
107	1558
107	1574
107	1600
107	1661
107	1786
107	1826
107	1884
107	1904
107	1905
107	1935
107	1953
107	1985
121	126
121	130
121	131
121	148
121	164
121	189
121	193
121	194
121	201
121	206
121	211
121	215
121	225
121	230
121	234
121	240
121	245
121	268
121	279
121	295
121	298
121	305
121	390
121	399
121	446
121	480
121	499
121	528
121	544
121	546
121	590
121	592
121	601
121	639
121	671
121	686
121	702
121	713
121	724
121	813
121	839
121	873
121	883
121	891
121	900
121	913
121	921
121	941
121	951
121	1068
121	1072
121	1092
121	1094
121	1107
121	1121
121	1142
121	1277
121	1310
121	1330
121	1373
121	1404
121	1434
121	1447
121	1479
121	1516
121	1528
121	1531
121	1583
121	1616
121	1630
121	1635
121	1647
121	1694
121	1750
121	1773
121	1776
121	1953
121	1958
123	126
123	130
123	146
123	148
123	165
123	167
123	173
123	184
123	189
123	196
123	199
123	206
123	211
123	230
123	239
123	245
123	267
123	268
123	287
123	298
123	300
123	324
123	325
123	329
123	342
123	358
123	369
123	370
123	390
123	469
123	471
123	472
123	483
123	494
123	498
123	521
123	538
123	601
123	618
123	647
123	709
123	721
123	732
123	733
123	753
123	785
123	806
123	848
123	900
123	911
123	918
123	934
123	948
123	958
123	970
123	981
123	1029
123	1074
123	1087
123	1094
123	1097
123	1105
123	1107
123	1158
123	1195
123	1257
123	1260
123	1292
123	1296
123	1390
123	1404
123	1462
123	1473
123	1474
123	1497
123	1513
123	1585
123	1616
123	1621
123	1643
123	1683
123	1708
123	1724
123	1783
123	1853
123	1886
123	1902
123	1968
123	1972
131	143
131	148
131	162
131	164
131	165
131	167
131	184
131	189
131	193
131	196
131	199
131	201
131	211
131	225
131	230
131	234
131	240
131	267
131	279
131	280
131	287
131	300
131	305
131	328
131	329
131	334
131	382
131	398
131	430
131	443
131	449
131	462
131	474
131	499
131	501
131	544
131	555
131	564
131	577
131	581
131	586
131	592
131	616
131	618
131	639
131	671
131	676
131	681
131	702
131	703
131	724
131	753
131	765
131	785
131	827
131	835
131	873
131	934
131	958
131	970
131	999
131	1006
131	1027
131	1040
131	1058
131	1062
131	1068
131	1086
131	1092
131	1132
131	1158
131	1219
131	1226
131	1230
131	1233
131	1257
131	1260
131	1267
131	1280
131	1296
131	1310
131	1330
131	1367
131	1373
131	1437
131	1463
131	1479
131	1575
131	1661
131	1720
131	1752
131	1759
131	1826
131	1886
131	1901
131	1916
131	1953
131	1958
131	1968
143	148
143	156
143	164
143	167
143	184
143	189
143	193
143	194
143	196
143	199
143	201
143	206
143	213
143	215
143	240
143	245
143	250
143	253
143	287
143	297
143	309
143	324
143	329
143	334
143	342
143	359
143	382
143	411
143	430
143	431
143	457
143	462
143	469
143	472
143	483
143	492
143	494
143	499
143	501
143	521
143	528
143	592
143	610
143	622
143	642
143	649
143	672
143	676
143	702
143	703
143	708
143	806
143	830
143	839
143	847
143	848
143	911
143	919
143	970
143	1008
143	1011
143	1032
143	1062
143	1078
143	1087
143	1095
143	1130
143	1148
143	1158
143	1212
143	1290
143	1310
143	1341
143	1351
143	1402
143	1497
143	1602
143	1659
143	1708
143	1850
143	1853
143	1968
143	1972
146	165
146	167
146	194
146	196
146	199
146	206
146	211
146	213
146	215
146	225
146	230
146	240
146	250
146	267
146	279
146	287
146	300
146	305
146	324
146	325
146	328
146	334
146	342
146	358
146	369
146	399
146	438
146	453
146	457
146	459
146	494
146	528
146	546
146	554
146	565
146	577
146	592
146	601
146	610
146	639
146	642
146	647
146	683
146	709
146	712
146	721
146	732
146	861
146	883
146	918
146	934
146	981
146	1032
146	1058
146	1121
146	1125
146	1228
146	1254
146	1289
146	1290
146	1447
146	1463
146	1535
146	1575
146	1691
146	1750
146	1762
146	1769
146	1831
146	1866
146	1890
146	1911
146	1939
148	162
148	165
148	167
148	184
148	211
148	213
148	215
148	218
148	225
148	230
148	234
148	279
148	287
148	300
148	305
148	309
148	325
148	334
148	342
148	370
148	390
148	393
148	397
148	399
148	431
148	453
148	462
148	469
148	483
148	499
148	504
148	544
148	564
148	565
148	577
148	586
148	587
148	600
148	647
148	652
148	680
148	694
148	709
148	713
148	774
148	785
148	827
148	834
148	835
148	848
148	861
148	870
148	873
148	891
148	906
148	911
148	914
148	951
148	1008
148	1011
148	1027
148	1035
148	1068
148	1107
148	1122
148	1130
148	1195
148	1209
148	1233
148	1277
148	1292
148	1326
148	1338
148	1367
148	1462
148	1465
148	1473
148	1474
148	1533
148	1576
148	1581
148	1604
148	1783
148	1886
148	1901
148	1972
156	162
156	164
156	167
156	189
156	193
156	196
156	201
156	206
156	218
156	298
156	305
156	309
156	329
156	334
156	342
156	358
156	382
156	390
156	393
156	397
156	399
156	430
156	443
156	453
156	457
156	459
156	469
156	472
156	474
156	475
156	564
156	565
156	581
156	590
156	601
156	657
156	712
156	732
156	735
156	745
156	785
156	830
156	835
156	856
156	896
156	914
156	933
156	951
156	970
156	1012
156	1052
156	1094
156	1095
156	1107
156	1121
156	1130
156	1228
156	1233
156	1251
156	1254
156	1277
156	1282
156	1290
156	1341
156	1373
156	1378
156	1402
156	1465
156	1531
156	1630
156	1731
156	1801
156	1838
156	1912
162	165
162	193
162	196
162	201
162	218
162	230
162	239
162	240
162	245
162	279
162	287
162	292
162	295
162	300
162	324
162	329
162	369
162	390
162	396
162	397
162	398
162	399
162	458
162	471
162	483
162	501
162	521
162	546
162	554
162	577
162	652
162	683
162	686
162	703
162	712
162	765
162	793
162	883
162	891
162	906
162	981
162	1029
162	1044
162	1049
162	1062
162	1068
162	1079
162	1092
162	1132
162	1183
162	1195
162	1254
162	1260
162	1290
162	1296
162	1351
162	1404
162	1415
162	1531
162	1597
162	1633
162	1643
162	1662
162	1691
162	1694
162	1762
162	1916
162	1935
164	167
164	173
164	184
164	194
164	199
164	218
164	234
164	239
164	268
164	279
164	287
164	298
164	305
164	329
164	346
164	390
164	396
164	438
164	446
164	457
164	469
164	472
164	478
164	499
164	577
164	581
164	586
164	600
164	615
164	616
164	713
164	724
164	765
164	768
164	769
164	774
164	785
164	794
164	870
164	883
164	891
164	896
164	900
164	921
164	951
164	1052
164	1061
164	1082
164	1092
164	1095
164	1148
164	1157
164	1158
164	1195
164	1341
164	1462
164	1604
164	1683
164	1691
164	1731
164	1813
164	1838
164	1871
164	1966
165	173
165	184
165	189
165	193
165	211
165	213
165	218
165	245
165	279
165	295
165	301
165	305
165	309
165	346
165	369
165	370
165	396
165	411
165	430
165	446
165	457
165	458
165	480
165	504
165	564
165	581
165	601
165	616
165	639
165	647
165	769
165	837
165	858
165	861
165	873
165	941
165	951
165	981
165	1012
165	1035
165	1058
165	1105
165	1121
165	1257
165	1278
165	1289
165	1373
165	1463
165	1467
165	1513
165	1600
165	1605
165	1710
165	1724
165	1801
165	1813
165	1882
165	1926
165	1928
167	196
167	201
167	213
167	218
167	239
167	240
167	245
167	253
167	268
167	298
167	301
167	305
167	309
167	328
167	334
167	370
167	390
167	393
167	399
167	411
167	471
167	546
167	586
167	601
167	672
167	769
167	806
167	837
167	842
167	847
167	913
167	933
167	941
167	1006
167	1027
167	1051
167	1058
167	1062
167	1063
167	1078
167	1095
167	1121
167	1233
167	1404
167	1463
167	1554
167	1621
167	1643
167	1694
167	1708
167	1769
167	1786
167	1801
167	1813
173	194
173	196
173	213
173	234
173	239
173	245
173	295
173	298
173	305
173	309
173	342
173	346
173	370
173	393
173	397
173	430
173	443
173	449
173	457
173	471
173	475
173	498
173	564
173	649
173	671
173	680
173	681
173	702
173	713
173	732
173	733
173	785
173	793
173	794
173	835
173	896
173	900
173	1008
173	1049
173	1062
173	1079
173	1095
173	1173
173	1230
173	1257
173	1260
173	1373
173	1465
173	1585
173	1826
173	1831
173	1897
173	1968
193	199
193	211
193	213
193	215
193	218
193	225
193	240
193	250
193	267
193	268
193	279
193	295
193	297
193	305
193	309
193	397
193	431
193	472
193	475
193	498
193	538
193	544
193	546
193	577
193	587
193	592
193	622
193	649
193	686
193	694
193	745
193	793
193	827
193	842
193	856
193	919
193	958
193	970
193	1006
193	1044
193	1233
193	1251
193	1260
193	1267
193	1365
193	1398
193	1447
193	1558
193	1576
193	1616
193	1659
193	1661
193	1806
193	1825
193	1866
193	1916
193	1972
193	1989
196	199
196	213
196	240
196	253
196	334
196	342
196	358
196	443
196	446
196	459
196	475
196	478
196	492
196	521
196	528
196	538
196	544
196	555
196	585
196	586
196	618
196	672
196	793
196	837
196	848
196	1011
196	1012
196	1029
196	1052
196	1061
196	1062
196	1082
196	1105
196	1148
196	1195
196	1278
196	1290
196	1330
196	1398
196	1463
196	1516
196	1535
196	1575
196	1576
196	1597
196	1661
196	1708
196	1750
196	1786
196	1882
196	1916
199	201
199	211
199	230
199	245
199	297
199	300
199	325
199	359
199	369
199	390
199	411
199	438
199	443
199	521
199	538
199	554
199	565
199	585
199	590
199	610
199	616
199	649
199	703
199	753
199	911
199	914
199	919
199	1011
199	1035
199	1040
199	1051
199	1060
199	1063
199	1068
199	1082
199	1086
199	1148
199	1171
199	1230
199	1257
199	1282
199	1328
199	1373
199	1402
199	1437
199	1473
199	1528
199	1786
199	1897
199	1928
201	211
201	215
201	218
201	239
201	245
201	267
201	268
201	309
201	324
201	325
201	329
201	369
201	382
201	399
201	453
201	458
201	474
201	480
201	555
201	585
201	721
201	785
201	834
201	839
201	847
201	883
201	891
201	918
201	933
201	934
201	941
201	970
201	999
201	1012
201	1032
201	1052
201	1063
201	1130
201	1132
201	1219
201	1224
201	1365
201	1373
201	1398
201	1434
201	1458
201	1462
201	1479
201	1497
201	1616
201	1707
201	1813
201	1890
201	1897
201	1926
225	234
225	239
225	325
225	359
225	382
225	393
225	398
225	399
225	443
225	462
225	475
225	498
225	554
225	555
225	586
225	587
225	618
225	657
225	676
225	686
225	694
225	712
225	785
225	830
225	837
225	847
225	1035
225	1039
225	1052
225	1060
225	1171
225	1209
225	1224
225	1263
225	1378
225	1574
225	1575
225	1633
225	1635
225	1691
225	1769
225	1801
225	1884
225	1916
225	1928
234	280
234	295
234	298
234	305
234	324
234	325
234	328
234	334
234	342
234	346
234	369
234	397
234	431
234	443
234	449
234	581
234	586
234	592
234	652
234	680
234	683
234	769
234	774
234	793
234	794
234	823
234	848
234	861
234	931
234	941
234	1006
234	1052
234	1068
234	1079
234	1094
234	1171
234	1173
234	1219
234	1233
234	1326
234	1463
234	1604
234	1605
234	1838
234	1853
234	1876
234	1886
239	245
239	250
239	253
239	267
239	305
239	324
239	390
239	398
239	431
239	449
239	462
239	577
239	610
239	630
239	639
239	657
239	681
239	702
239	703
239	724
239	765
239	823
239	848
239	900
239	913
239	919
239	981
239	1035
239	1040
239	1051
239	1052
239	1086
239	1169
239	1209
239	1341
239	1458
239	1479
239	1662
239	1707
239	1708
239	1762
239	1769
239	1783
239	1813
239	1886
245	279
245	297
245	309
245	324
245	328
245	370
245	393
245	397
245	438
245	446
245	458
245	474
245	478
245	501
245	564
245	565
245	592
245	639
245	676
245	735
245	753
245	806
245	835
245	856
245	861
245	906
245	918
245	933
245	1012
245	1122
245	1330
245	1351
245	1473
245	1531
245	1621
245	1635
245	1806
245	1869
245	1912
267	268
267	280
267	292
267	295
267	297
267	300
267	309
267	324
267	325
267	328
267	359
267	393
267	431
267	446
267	453
267	492
267	564
267	565
267	586
267	592
267	615
267	652
267	676
267	724
267	745
267	785
267	847
267	921
267	931
267	933
267	981
267	1049
267	1125
267	1209
267	1228
267	1251
267	1267
267	1280
267	1290
267	1313
267	1330
267	1338
267	1341
267	1516
267	1535
267	1574
267	1597
267	1683
267	1710
267	1838
267	1850
267	1901
267	1985
268	292
268	305
268	369
268	396
268	431
268	443
268	449
268	462
268	501
268	504
268	555
268	600
268	615
268	616
268	630
268	642
268	657
268	673
268	681
268	712
268	713
268	721
268	733
268	793
268	794
268	911
268	914
268	921
268	934
268	941
268	948
268	1039
268	1122
268	1195
268	1257
268	1263
268	1267
268	1282
268	1367
268	1369
268	1398
268	1535
268	1554
268	1871
287	295
287	300
287	334
287	342
287	346
287	369
287	446
287	471
287	472
287	483
287	492
287	555
287	581
287	601
287	610
287	639
287	647
287	708
287	709
287	712
287	753
287	765
287	774
287	813
287	861
287	913
287	941
287	951
287	999
287	1008
287	1012
287	1035
287	1157
287	1226
287	1373
287	1402
287	1458
287	1463
287	1531
287	1604
287	1616
287	1691
287	1694
287	1773
287	1786
287	1813
287	1877
287	1886
287	1972
287	1985
292	298
292	325
292	369
292	390
292	430
292	458
292	483
292	492
292	498
292	504
292	546
292	585
292	587
292	590
292	610
292	622
292	732
292	765
292	785
292	830
292	873
292	883
292	900
292	1032
292	1068
292	1087
292	1148
292	1157
292	1171
292	1195
292	1260
292	1326
292	1398
292	1519
292	1531
292	1535
292	1659
292	1708
292	1710
292	1724
292	1731
292	1769
292	1886
346	369
346	399
346	430
346	471
346	472
346	474
346	494
346	521
346	544
346	642
346	676
346	686
346	708
346	768
346	830
346	848
346	918
346	931
346	1094
346	1173
346	1292
346	1463
346	1519
346	1535
346	1662
346	1762
346	1904
346	1926
393	398
393	459
393	475
393	478
393	483
393	504
393	564
393	577
393	630
393	676
393	702
393	806
393	813
393	837
393	847
393	1006
393	1063
393	1082
393	1142
393	1171
393	1251
393	1367
393	1404
393	1415
393	1474
393	1558
393	1600
393	1724
393	1752
393	1776
393	1871
393	1926
393	1968
398	438
398	458
398	478
398	501
398	565
398	585
398	642
398	647
398	649
398	673
398	681
398	686
398	694
398	732
398	733
398	745
398	793
398	837
398	839
398	906
398	948
398	1107
398	1212
398	1289
398	1447
398	1533
398	1575
398	1635
398	1662
398	1750
398	1759
398	1825
398	1869
398	1925
398	1926
398	1939
430	438
430	446
430	474
430	501
430	585
430	586
430	616
430	618
430	639
430	642
430	694
430	712
430	931
430	1006
430	1148
430	1157
430	1398
430	1513
430	1662
430	1939
443	453
443	471
443	475
443	480
443	501
443	673
443	774
443	830
443	858
443	891
443	914
443	933
443	970
443	1051
443	1062
443	1072
443	1079
443	1513
443	1616
443	1643
443	1691
443	1694
443	1994
446	449
446	555
446	671
446	745
446	768
446	813
446	883
446	906
446	914
446	919
446	1011
446	1029
446	1171
446	1219
446	1263
446	1367
446	1415
446	1437
446	1683
446	1731
446	1853
446	1916
446	1977
446	1989
449	458
449	480
449	577
449	585
449	600
449	615
449	647
449	702
449	834
449	873
449	948
449	1032
449	1074
449	1209
449	1328
449	1338
449	1437
449	1473
449	1531
449	1576
449	1643
449	1683
449	1776
449	1806
449	1871
449	1904
449	1905
480	494
480	504
480	590
480	601
480	657
480	683
480	724
480	733
480	745
480	823
480	835
480	839
480	951
480	958
480	1027
480	1107
480	1157
480	1219
480	1267
480	1289
480	1467
480	1513
480	1519
480	1533
480	1576
480	1659
480	1720
480	1938
480	1985
521	528
521	538
521	555
521	585
521	610
521	649
521	671
521	712
521	753
521	794
521	933
521	958
521	1107
521	1169
521	1183
521	1369
521	1378
521	1458
521	1694
521	1724
521	1786
521	1939
565	709
565	721
565	724
565	765
565	768
565	847
565	999
565	1008
565	1012
565	1027
565	1074
565	1095
565	1121
565	1195
565	1280
565	1296
565	1326
565	1519
565	1574
565	1581
565	1786
565	1850
565	1886
565	1953
565	1968
592	610
592	712
592	733
592	794
592	835
592	933
592	1011
592	1105
592	1277
592	1282
592	1447
592	1558
592	1581
592	1630
592	1972
592	1977
592	1994
600	649
600	652
600	735
600	774
600	813
600	921
600	1121
600	1233
600	1310
600	1338
600	1404
600	1516
600	1635
600	1694
600	1776
600	1826
600	1850
618	703
618	733
618	745
618	774
618	856
618	883
618	970
618	1058
618	1173
618	1195
618	1257
618	1367
618	1513
618	1535
618	1662
618	1683
618	1708
618	1710
618	1724
618	1853
618	1866
618	1871
618	1966
652	769
652	934
652	1122
652	1209
652	1263
652	1282
652	1473
652	1602
652	1710
652	1752
652	1869
702	735
702	827
702	913
702	914
702	948
702	970
702	1011
702	1061
702	1171
702	1257
702	1528
702	1533
702	1581
702	1635
702	1853
733	842
733	942
733	1008
733	1121
733	1148
733	1209
733	1267
733	1473
733	1531
733	1585
733	1886
733	1938
733	1968
735	745
735	768
735	794
735	834
735	861
735	1006
735	1044
735	1230
735	1267
735	1280
735	1467
735	1473
735	1813
735	1926
735	1939
745	842
745	1158
745	1289
745	1402
745	1458
745	1783
745	1985
774	839
774	1051
774	1125
774	1313
774	1326
774	1365
774	1369
774	1473
774	1528
774	1662
774	1801
774	1831
774	1850
774	1853
774	1876
794	835
794	837
794	848
794	951
794	1195
794	1224
794	1313
794	1801
873	1039
873	1107
873	1148
873	1277
873	1278
873	1341
873	1369
873	1373
873	1437
873	1691
873	1786
873	1843
873	1884
873	1902
914	1072
914	1132
914	1251
914	1313
914	1447
914	1825
914	1897
918	1040
918	1072
918	1078
918	1094
918	1097
918	1157
918	1171
918	1195
918	1212
918	1251
918	1267
918	1296
918	1390
918	1465
918	1554
918	1621
918	1694
918	1731
919	958
919	1122
919	1267
919	1574
919	1635
919	1662
919	1869
919	1897
933	999
933	1209
933	1467
933	1558
933	1581
933	1597
933	1605
933	1694
933	1708
933	1884
933	1886
933	1935
1011	1092
1011	1130
1011	1447
1011	1519
1011	1531
1011	1554
1011	1558
1011	1691
1011	1759
1011	1926
1011	1938
1029	1058
1029	1072
1029	1078
1029	1390
1029	1497
1029	1691
1029	1731
1029	1806
1029	1902
1029	1938
1029	1939
1040	1122
1040	1171
1040	1267
1040	1974
1058	1195
1058	1292
1058	1310
1058	1447
1058	1535
1058	1643
1058	1731
1058	1876
1068	1173
1068	1219
1068	1434
1068	1447
1068	1583
1068	1762
1068	1869
1068	1972
1097	1212
1097	1267
1097	1277
1097	1338
1097	1554
1097	1576
1097	1604
1097	1621
1097	1776
1097	1826
1097	1938
1122	1158
1122	1289
1122	1519
1122	1776
1122	1876
1142	1148
1142	1254
1142	1415
1195	1338
1195	1402
1195	1683
1195	1710
1195	1850
1195	1912
1263	1330
1263	1519
1263	1643
1263	1710
1280	1574
1280	1616
1280	1939
1280	1977
1289	1292
1289	1786
1289	1813
1289	1831
1292	1369
1292	1434
1292	1513
1292	1633
1292	1826
1326	1621
1326	1871
1367	1662
1434	1558
1434	1635
1437	1519
1437	1531
1437	1958
1474	1574
1474	1621
1474	1783
1531	1605
1531	1926
1531	1985
1574	1604
1574	1813
1574	1826
1574	1853
1574	1869
1574	1928
1585	1691
1585	1912
1633	1994
1643	1662
1643	1911
126	130
126	131
126	143
126	148
126	156
126	162
126	164
126	165
126	167
126	184
126	194
126	196
126	199
126	201
126	206
126	211
126	213
126	215
126	225
126	239
126	268
126	292
126	297
126	298
126	300
126	325
126	328
126	396
126	462
126	472
126	492
126	494
126	501
126	504
126	585
126	601
126	616
126	642
126	649
126	657
126	672
126	703
126	709
126	713
126	721
126	732
126	745
126	768
126	774
126	793
126	806
126	835
126	839
126	873
126	933
126	941
126	951
126	958
126	981
126	1006
126	1049
126	1051
126	1052
126	1068
126	1079
126	1105
126	1107
126	1132
126	1157
126	1158
126	1251
126	1263
126	1277
126	1290
126	1296
126	1390
126	1434
126	1554
126	1576
126	1581
126	1597
126	1621
126	1662
126	1694
126	1783
126	1813
126	1838
126	1886
130	146
130	148
130	162
130	184
130	189
130	193
130	196
130	201
130	206
130	213
130	215
130	230
130	250
130	267
130	279
130	280
130	287
130	295
130	297
130	301
130	305
130	382
130	399
130	438
130	453
130	457
130	478
130	494
130	501
130	538
130	554
130	565
130	587
130	615
130	639
130	649
130	671
130	673
130	694
130	708
130	724
130	733
130	745
130	806
130	827
130	830
130	834
130	861
130	873
130	883
130	911
130	918
130	981
130	1011
130	1039
130	1132
130	1169
130	1219
130	1224
130	1230
130	1280
130	1310
130	1326
130	1373
130	1378
130	1398
130	1437
130	1467
130	1497
130	1528
130	1535
130	1558
130	1602
130	1635
130	1708
130	1710
130	1731
130	1750
130	1786
130	1926
130	1968
184	193
184	194
184	199
184	201
184	211
184	218
184	240
184	245
184	250
184	287
184	301
184	305
184	329
184	334
184	342
184	358
184	382
184	390
184	396
184	430
184	443
184	449
184	453
184	458
184	474
184	480
184	483
184	504
184	521
184	528
184	565
184	590
184	615
184	672
184	676
184	686
184	694
184	721
184	794
184	813
184	847
184	870
184	948
184	1006
184	1012
184	1044
184	1079
184	1087
184	1157
184	1173
184	1183
184	1212
184	1230
184	1296
184	1310
184	1330
184	1479
184	1585
184	1710
184	1813
184	1866
184	1882
184	1884
184	1972
189	196
189	206
189	225
189	239
189	245
189	250
189	279
189	298
189	358
189	369
189	370
189	411
189	443
189	449
189	453
189	462
189	492
189	498
189	499
189	501
189	528
189	538
189	577
189	586
189	590
189	639
189	642
189	649
189	652
189	657
189	676
189	708
189	733
189	793
189	827
189	834
189	835
189	847
189	858
189	951
189	999
189	1035
189	1039
189	1063
189	1087
189	1142
189	1171
189	1173
189	1219
189	1263
189	1280
189	1282
189	1351
189	1365
189	1378
189	1465
189	1497
189	1519
189	1554
189	1574
189	1581
189	1585
189	1630
189	1683
189	1724
189	1968
194	218
194	225
194	230
194	234
194	267
194	342
194	346
194	369
194	431
194	443
194	458
194	462
194	469
194	499
194	538
194	586
194	587
194	610
194	622
194	642
194	671
194	686
194	694
194	703
194	712
194	724
194	733
194	745
194	765
194	785
194	837
194	848
194	856
194	913
194	948
194	999
194	1011
194	1063
194	1107
194	1157
194	1260
194	1280
194	1296
194	1328
194	1398
194	1465
194	1531
194	1575
194	1600
194	1605
194	1633
194	1647
194	1708
194	1720
194	1759
194	1769
194	1843
194	1935
194	1966
213	218
213	245
213	268
213	298
213	305
213	334
213	342
213	398
213	430
213	446
213	453
213	471
213	474
213	480
213	538
213	585
213	622
213	630
213	642
213	657
213	694
213	806
213	835
213	847
213	918
213	934
213	1039
213	1209
213	1233
213	1278
213	1310
213	1434
213	1458
213	1558
213	1576
213	1600
213	1826
213	1843
213	1850
213	1869
213	1871
213	1882
213	1884
213	1935
215	239
215	240
215	245
215	268
215	280
215	295
215	300
215	309
215	324
215	325
215	329
215	334
215	358
215	369
215	390
215	399
215	446
215	459
215	462
215	474
215	555
215	564
215	581
215	647
215	673
215	681
215	686
215	709
215	733
215	753
215	830
215	834
215	873
215	911
215	919
215	931
215	1029
215	1061
215	1068
215	1079
215	1095
215	1169
215	1173
215	1226
215	1263
215	1282
215	1369
215	1378
215	1434
215	1554
215	1576
215	1585
215	1600
215	1604
215	1616
215	1630
215	1647
215	1712
215	1876
215	1890
215	1928
215	1953
230	245
230	250
230	253
230	267
230	268
230	280
230	292
230	305
230	325
230	342
230	359
230	390
230	438
230	457
230	474
230	478
230	483
230	546
230	555
230	564
230	577
230	585
230	657
230	671
230	683
230	709
230	753
230	793
230	794
230	823
230	861
230	914
230	981
230	1058
230	1092
230	1097
230	1260
230	1267
230	1310
230	1378
230	1398
230	1516
230	1528
230	1533
230	1602
230	1604
230	1616
230	1659
230	1710
230	1731
230	1813
230	1884
230	1904
230	1911
230	1939
230	1953
230	1972
230	1974
240	300
240	301
240	342
240	346
240	446
240	453
240	469
240	471
240	475
240	478
240	504
240	528
240	546
240	616
240	618
240	694
240	703
240	708
240	785
240	827
240	830
240	870
240	913
240	931
240	1060
240	1107
240	1183
240	1195
240	1209
240	1228
240	1289
240	1341
240	1575
240	1597
240	1621
240	1724
280	295
280	346
280	430
280	443
280	449
280	457
280	458
280	472
280	498
280	521
280	528
280	546
280	564
280	581
280	586
280	618
280	630
280	642
280	657
280	672
280	709
280	721
280	735
280	745
280	785
280	827
280	848
280	900
280	913
280	1029
280	1068
280	1121
280	1183
280	1263
280	1267
280	1330
280	1351
280	1447
280	1458
280	1513
280	1519
280	1600
280	1616
280	1635
280	1750
280	1876
280	1886
295	301
295	309
295	329
295	342
295	430
295	459
295	469
295	499
295	555
295	601
295	616
295	618
295	671
295	673
295	713
295	830
295	896
295	911
295	918
295	1078
295	1121
295	1122
295	1230
295	1277
295	1330
295	1473
295	1604
295	1707
295	1759
295	1783
295	1825
295	1853
297	298
297	300
297	328
297	334
297	382
297	393
297	411
297	471
297	483
297	546
297	618
297	724
297	753
297	774
297	827
297	941
297	1008
297	1029
297	1039
297	1051
297	1094
297	1097
297	1173
297	1224
297	1277
297	1330
297	1338
297	1575
297	1647
297	1750
298	325
298	346
298	398
298	446
298	494
298	499
298	501
298	600
298	616
298	642
298	672
298	702
298	721
298	753
298	768
298	813
298	823
298	834
298	847
298	870
298	906
298	941
298	942
298	1082
298	1125
298	1130
298	1228
298	1290
298	1516
298	1750
298	1783
298	1806
298	1866
298	1871
298	1902
305	309
305	329
305	393
305	396
305	397
305	472
305	480
305	504
305	544
305	554
305	577
305	586
305	601
305	615
305	616
305	618
305	639
305	642
305	672
305	702
305	709
305	721
305	732
305	769
305	785
305	813
305	837
305	842
305	856
305	858
305	900
305	918
305	931
305	970
305	999
305	1044
305	1049
305	1097
305	1212
305	1224
305	1330
305	1369
305	1398
305	1465
305	1467
305	1531
305	1576
305	1633
305	1643
305	1661
305	1912
305	1939
305	1968
324	342
324	346
324	369
324	398
324	480
324	492
324	528
324	544
324	554
324	590
324	600
324	642
324	647
324	703
324	735
324	768
324	839
324	883
324	1052
324	1068
324	1125
324	1173
324	1219
324	1277
324	1378
324	1458
324	1558
324	1694
324	1710
324	1953
324	1985
324	1989
328	358
328	382
328	390
328	399
328	446
328	449
328	462
328	475
328	501
328	528
328	555
328	564
328	565
328	581
328	585
328	601
328	630
328	647
328	708
328	713
328	732
328	753
328	768
328	774
328	835
328	870
328	896
328	914
328	1092
328	1107
328	1125
328	1157
328	1171
328	1173
328	1219
328	1228
328	1230
328	1278
328	1290
328	1292
328	1338
328	1367
328	1402
328	1513
328	1533
328	1554
328	1574
328	1597
328	1661
328	1776
328	1783
328	1786
328	1826
328	1904
328	1972
329	382
329	446
329	459
329	504
329	538
329	544
329	554
329	587
329	616
329	622
329	680
329	683
329	686
329	713
329	721
329	745
329	891
329	981
329	1032
329	1035
329	1052
329	1061
329	1097
329	1107
329	1158
329	1209
329	1292
329	1313
329	1373
329	1404
329	1783
329	1826
329	1831
329	1968
329	1972
329	1977
334	346
334	358
334	393
334	457
334	462
334	501
334	555
334	616
334	622
334	647
334	672
334	703
334	806
334	858
334	873
334	891
334	896
334	918
334	999
334	1011
334	1040
334	1061
334	1062
334	1079
334	1092
334	1233
334	1267
334	1282
334	1373
334	1404
334	1462
334	1474
334	1633
334	1683
334	1759
334	1786
334	1801
334	1806
334	1825
334	1886
334	1902
358	382
358	397
358	399
358	411
358	459
358	462
358	469
358	472
358	474
358	478
358	492
358	528
358	546
358	564
358	657
358	672
358	702
358	708
358	721
358	745
358	753
358	793
358	834
358	934
358	951
358	999
358	1011
358	1044
358	1078
358	1087
358	1107
358	1130
358	1195
358	1224
358	1251
358	1277
358	1621
358	1643
358	1866
358	1926
358	1939
358	1977
359	399
359	443
359	480
359	554
359	581
359	647
359	649
359	672
359	676
359	680
359	769
359	827
359	896
359	913
359	970
359	1035
359	1049
359	1061
359	1078
359	1079
359	1094
359	1251
359	1434
359	1474
359	1533
359	1581
359	1911
359	1912
359	1935
359	1953
370	398
370	459
370	462
370	480
370	494
370	565
370	577
370	601
370	610
370	647
370	686
370	709
370	745
370	806
370	1027
370	1029
370	1032
370	1052
370	1072
370	1087
370	1105
370	1169
370	1224
370	1251
370	1310
370	1341
370	1838
370	1843
370	1866
390	399
390	544
390	618
390	702
390	709
390	769
390	830
390	914
390	931
390	933
390	951
390	1040
390	1058
390	1068
390	1122
390	1209
390	1289
390	1328
390	1378
390	1531
390	1558
390	1630
390	1843
390	1871
397	398
397	411
397	431
397	438
397	449
397	453
397	494
397	546
397	581
397	610
397	671
397	694
397	702
397	703
397	721
397	793
397	839
397	842
397	848
397	873
397	900
397	1044
397	1063
397	1087
397	1158
397	1169
397	1228
397	1330
397	1338
397	1341
397	1367
397	1458
397	1516
397	1575
397	1597
397	1600
397	1602
397	1604
397	1605
397	1621
397	1876
397	1953
431	521
431	615
431	649
431	671
431	774
431	785
431	830
431	834
431	839
431	842
431	906
431	941
431	1061
431	1068
431	1095
431	1158
431	1183
431	1195
431	1260
431	1474
431	1528
431	1554
431	1581
431	1712
431	1762
431	1813
431	1876
431	1905
431	1926
431	1989
457	458
457	501
457	544
457	565
457	586
457	600
457	601
457	615
457	639
457	672
457	680
457	713
457	745
457	813
457	848
457	856
457	1011
457	1049
457	1086
457	1095
457	1296
457	1415
457	1447
457	1630
457	1712
457	1752
457	1850
457	1935
458	462
458	472
458	501
458	538
458	587
458	592
458	601
458	616
458	765
458	873
458	951
458	1027
458	1029
458	1278
458	1369
458	1597
458	1662
458	1707
458	1939
472	480
472	521
472	544
472	546
472	564
472	565
472	587
472	590
472	680
472	686
472	721
472	839
472	1051
472	1078
472	1087
472	1280
472	1369
472	1528
472	1575
472	1597
472	1600
472	1662
472	1691
472	1707
472	1708
472	1925
492	498
492	554
492	587
492	680
492	694
492	708
492	732
492	858
492	1051
492	1062
492	1095
492	1212
492	1230
492	1267
492	1434
492	1462
492	1574
492	1597
492	1643
492	1762
492	1939
492	1966
492	1977
494	501
494	546
494	565
494	585
494	639
494	676
494	732
494	765
494	823
494	830
494	900
494	970
494	1029
494	1039
494	1079
494	1092
494	1107
494	1158
494	1263
494	1267
494	1289
494	1328
494	1341
494	1367
494	1404
494	1683
494	1801
494	1882
494	1890
494	1928
498	555
498	610
498	639
498	702
498	721
498	733
498	837
498	842
498	931
498	941
498	942
498	1032
498	1082
498	1092
498	1105
498	1132
498	1398
498	1437
498	1581
498	1597
498	1866
498	1966
504	546
504	587
504	610
504	647
504	681
504	683
504	686
504	735
504	765
504	768
504	839
504	948
504	1027
504	1032
504	1092
504	1183
504	1209
504	1224
504	1251
504	1257
504	1351
504	1378
504	1447
504	1528
504	1554
504	1597
504	1621
504	1691
504	1720
504	1750
504	1786
504	1876
554	564
554	610
554	683
554	873
554	900
554	1051
554	1068
554	1082
554	1226
554	1257
554	1292
554	1365
554	1531
554	1535
554	1554
554	1659
554	1866
554	1876
554	1897
554	1972
555	642
555	683
555	686
555	708
555	769
555	835
555	870
555	891
555	1006
555	1032
555	1060
555	1063
555	1068
555	1173
555	1290
555	1330
555	1437
555	1467
555	1602
555	1905
555	1925
577	615
577	639
577	676
577	680
577	708
577	713
577	733
577	768
577	941
577	970
577	981
577	1052
577	1068
577	1125
577	1169
577	1277
577	1415
577	1447
577	1554
577	1604
577	1621
577	1752
577	1769
577	1831
587	622
587	672
587	793
587	794
587	847
587	848
587	1040
587	1051
587	1063
587	1094
587	1169
587	1228
587	1635
587	1643
587	1707
587	1762
587	1773
587	1813
587	1866
587	1877
601	873
601	1049
601	1092
601	1097
601	1277
601	1437
601	1516
601	1659
601	1776
601	1974
601	1977
601	1994
681	683
681	793
681	835
681	839
681	847
681	873
681	891
681	1008
681	1029
681	1171
681	1467
681	1691
681	1707
681	1712
681	1720
681	1759
681	1786
681	1806
683	686
683	769
683	793
683	806
683	835
683	837
683	1132
683	1142
683	1228
683	1458
683	1574
683	1662
683	1724
683	1826
683	1850
683	1926
732	785
732	848
732	873
732	913
732	921
732	1035
732	1062
732	1296
732	1876
732	1916
732	1926
768	806
768	1044
768	1049
768	1063
768	1282
768	1341
768	1659
768	1911
768	1939
768	1985
806	942
806	999
806	1027
806	1035
806	1062
806	1257
806	1365
806	1474
834	918
834	933
834	934
834	942
834	1125
834	1132
834	1254
834	1289
834	1437
834	1531
834	1683
834	1877
839	958
839	1008
839	1049
839	1068
839	1278
839	1437
839	1516
839	1533
839	1574
847	870
847	951
847	1012
847	1029
847	1035
847	1121
847	1230
847	1254
847	1402
847	1463
847	1928
900	958
900	1087
900	1095
900	1125
900	1157
900	1330
900	1581
900	1633
900	1724
900	1853
900	1884
900	1968
911	1086
911	1142
911	1219
911	1257
911	1263
911	1707
911	1925
941	970
941	1230
941	1267
941	1341
941	1465
941	1581
941	1600
941	1890
981	1078
981	1212
981	1473
981	1831
981	1989
981	1994
999	1032
999	1039
999	1074
999	1219
999	1402
999	1404
999	1776
999	1882
999	1911
1027	1060
1027	1277
1027	1326
1027	1338
1027	1341
1027	1365
1027	1378
1027	1576
1027	1866
1027	1876
1027	1926
1032	1169
1032	1212
1032	1277
1032	1434
1032	1605
1032	1712
1032	1890
1032	1968
1032	1989
1105	1228
1105	1497
1105	1531
1105	1576
1105	1776
1105	1850
1125	1226
1125	1296
1125	1390
1125	1786
1183	1604
1183	1769
1183	1866
1183	1938
1219	1230
1219	1720
1219	1916
1219	1968
1219	1972
1226	1621
1226	1850
1233	1806
1251	1328
1251	1398
1251	1574
1251	1850
1282	1365
1282	1367
1282	1437
1282	1513
1282	1600
1282	1759
1282	1886
1310	1313
1310	1404
1310	1581
1310	1904
1338	1479
1338	1528
1365	1558
1365	1575
1365	1630
1365	1958
1398	1602
1398	1635
1398	1707
1398	1866
1467	1585
1467	1662
1583	1643
1583	1662
1583	1752
1583	1759
1683	1977
1750	1871
1750	1890
1750	1912
1762	1925
1826	1897
1826	1928
1831	1876
211	213
211	215
211	225
211	239
211	240
211	279
211	287
211	292
211	295
211	309
211	328
211	342
211	346
211	382
211	393
211	397
211	411
211	446
211	458
211	471
211	483
211	528
211	544
211	590
211	642
211	671
211	672
211	681
211	702
211	753
211	835
211	896
211	921
211	933
211	970
211	981
211	1058
211	1224
211	1277
211	1278
211	1390
211	1404
211	1750
211	1994
250	253
250	267
250	301
250	309
250	328
250	358
250	396
250	399
250	492
250	528
250	564
250	577
250	622
250	647
250	657
250	745
250	769
250	806
250	813
250	837
250	931
250	941
250	970
250	1044
250	1051
250	1058
250	1060
250	1072
250	1121
250	1148
250	1157
250	1226
250	1467
250	1473
250	1621
250	1712
250	1731
250	1759
250	1831
250	1866
250	1966
250	1985
253	268
253	280
253	305
253	309
253	324
253	325
253	334
253	342
253	358
253	359
253	369
253	370
253	453
253	483
253	521
253	538
253	587
253	592
253	610
253	615
253	712
253	883
253	891
253	921
253	931
253	951
253	1006
253	1027
253	1105
253	1130
253	1142
253	1158
253	1173
253	1195
253	1233
253	1254
253	1330
253	1341
253	1369
253	1398
253	1434
253	1458
253	1479
253	1531
253	1604
253	1694
253	1724
253	1866
253	1882
253	1886
253	1968
253	1972
325	382
325	396
325	430
325	431
325	449
325	453
325	457
325	462
325	475
325	504
325	544
325	587
325	590
325	615
325	652
325	673
325	686
325	702
325	713
325	732
325	813
325	830
325	834
325	934
325	958
325	1006
325	1012
325	1035
325	1171
325	1230
325	1278
325	1367
325	1458
325	1473
325	1597
325	1662
325	1752
325	1871
325	1897
325	1958
342	358
342	382
342	390
342	459
342	474
342	480
342	521
342	554
342	581
342	586
342	587
342	639
342	680
342	686
342	835
342	933
342	948
342	958
342	1027
342	1044
342	1121
342	1328
342	1338
342	1365
342	1497
342	1558
342	1575
342	1585
342	1643
342	1659
342	1691
342	1843
342	1994
438	453
438	469
438	471
438	538
438	554
438	585
438	590
438	671
438	712
438	765
438	794
438	839
438	948
438	1027
438	1039
438	1072
438	1132
438	1574
438	1575
438	1581
438	1600
438	1762
438	1838
438	1882
438	1886
438	1974
462	475
462	483
462	494
462	577
462	769
462	793
462	834
462	970
462	1008
462	1035
462	1060
462	1063
462	1079
462	1157
462	1173
462	1226
462	1278
462	1369
462	1604
462	1621
462	1643
462	1869
469	564
469	639
469	647
469	649
469	680
469	703
469	724
469	858
469	911
469	970
469	1039
469	1082
469	1125
469	1171
469	1260
469	1351
469	1463
469	1473
469	1597
469	1905
469	1925
469	1938
469	1985
475	681
475	708
475	709
475	713
475	733
475	753
475	839
475	842
475	1008
475	1044
475	1063
475	1092
475	1132
475	1296
475	1437
475	1462
475	1533
475	1576
475	1583
475	1710
475	1806
475	1897
475	1966
501	618
501	769
501	1039
501	1082
501	1094
501	1313
501	1330
501	1367
501	1390
501	1462
501	1516
501	1597
501	1621
501	1724
501	1769
528	544
528	565
528	586
528	652
528	694
528	703
528	785
528	813
528	1027
528	1032
528	1068
528	1072
528	1121
528	1158
528	1219
528	1292
528	1378
528	1605
528	1773
528	1813
528	1904
528	1912
528	1958
528	1977
538	590
538	600
538	610
538	616
538	681
538	703
538	835
538	941
538	999
538	1012
538	1027
538	1079
538	1092
538	1097
538	1169
538	1209
538	1351
538	1373
538	1462
538	1528
538	1720
538	1831
538	1904
544	581
544	618
544	622
544	657
544	672
544	713
544	753
544	785
544	848
544	883
544	981
544	1051
544	1260
544	1398
544	1447
544	1474
544	1558
544	1621
544	1683
544	1759
544	1769
544	1801
544	1843
585	630
585	657
585	680
585	735
585	765
585	839
585	848
585	914
585	958
585	1011
585	1039
585	1233
585	1254
585	1533
585	1574
585	1604
585	1635
585	1643
585	1831
585	1850
586	630
586	673
586	721
586	774
586	806
586	1032
586	1060
586	1097
586	1402
586	1712
610	672
610	785
610	794
610	823
610	891
610	951
610	1209
610	1228
610	1415
610	1473
610	1583
610	1708
639	647
639	671
639	702
639	732
639	735
639	765
639	813
639	861
639	900
639	951
639	1006
639	1011
639	1027
639	1058
639	1062
639	1107
639	1290
639	1458
639	1528
639	1574
639	1621
639	1633
639	1694
639	1710
639	1901
639	1905
647	702
647	713
647	813
647	1011
647	1012
647	1097
647	1142
647	1292
647	1367
647	1447
647	1882
647	1925
649	732
649	765
649	1092
649	1094
649	1142
649	1251
649	1367
649	1724
649	1850
649	1902
672	891
672	918
672	1328
672	1876
672	1905
672	1925
680	861
680	1072
680	1092
680	1142
680	1183
680	1212
680	1251
680	1328
680	1581
680	1707
712	785
712	835
712	1027
712	1171
712	1254
712	1277
712	1367
712	1659
712	1783
712	1876
712	1897
712	1938
713	732
713	793
713	806
713	883
713	919
713	1068
713	1260
713	1267
713	1330
713	1574
713	1575
713	1585
713	1597
713	1605
713	1769
713	1813
713	1897
713	1989
721	732
721	785
721	891
721	934
721	1097
721	1107
721	1121
721	1195
721	1212
721	1378
721	1605
721	1762
721	1972
753	848
753	906
753	921
753	1068
753	1173
753	1263
753	1310
753	1554
753	1759
765	774
765	830
765	834
765	919
765	1049
765	1105
765	1125
765	1434
765	1662
765	1762
765	1813
765	1843
765	1968
823	848
823	906
823	981
823	1058
823	1105
823	1277
823	1310
823	1365
823	1554
823	1600
823	1707
823	1773
823	1989
830	835
830	891
830	918
830	1051
830	1132
830	1365
830	1554
830	1801
837	858
837	913
837	948
837	1074
837	1095
837	1226
837	1233
837	1630
837	1831
837	1882
837	1901
896	918
896	933
896	1040
896	1212
896	1447
896	1786
896	1897
951	1027
951	1044
951	1158
951	1209
951	1226
951	1267
951	1576
951	1585
951	1912
951	1974
951	1977
1044	1082
1044	1169
1044	1173
1044	1326
1044	1341
1044	1367
1044	1661
1044	1731
1044	1759
1044	1911
1062	1092
1062	1095
1062	1183
1062	1378
1062	1390
1062	1404
1062	1437
1062	1513
1062	1707
1062	1831
1062	1928
1074	1233
1074	1289
1074	1326
1074	1479
1074	1710
1074	1843
1074	1926
1074	1977
1082	1094
1082	1122
1082	1142
1082	1169
1082	1171
1082	1462
1082	1463
1082	1605
1082	1890
1082	1953
1130	1158
1130	1173
1130	1183
1130	1209
1130	1212
1130	1280
1130	1633
1130	1724
1130	1801
1130	1826
1130	1843
1130	1886
1130	1901
1171	1278
1171	1341
1171	1633
1171	1683
1313	1402
1313	1750
1313	1886
1369	1415
1369	1474
1369	1513
1369	1752
1369	1882
1369	1935
1369	1985
1373	1462
1373	1516
1373	1647
1373	1813
1373	1825
1447	1877
1447	1890
1447	1953
1535	1583
1535	1600
1535	1616
1581	1616
1581	1801
1616	1750
1616	1935
1616	1974
1691	1974
1707	1769
1712	1902
1773	1831
1773	1853
1773	1938
1853	1905
1853	1911
1853	1977
1877	1886
218	230
218	239
218	267
218	301
218	328
218	358
218	370
218	393
218	398
218	453
218	471
218	472
218	478
218	483
218	555
218	565
218	577
218	587
218	600
218	672
218	681
218	709
218	713
218	724
218	735
218	793
218	794
218	834
218	883
218	1032
218	1044
218	1052
218	1061
218	1087
218	1132
218	1142
218	1183
218	1251
218	1280
218	1313
218	1351
218	1367
218	1434
218	1600
218	1708
218	1825
218	1826
218	1977
369	393
369	399
369	411
369	431
369	459
369	462
369	480
369	498
369	564
369	592
369	649
369	676
369	745
369	834
369	913
369	1012
369	1040
369	1044
369	1062
369	1094
369	1097
369	1121
369	1148
369	1373
369	1474
369	1600
369	1621
369	1691
369	1724
369	1773
369	1806
369	1838
369	1953
382	393
382	397
382	438
382	449
382	478
382	521
382	555
382	581
382	590
382	694
382	708
382	745
382	839
382	847
382	883
382	913
382	948
382	999
382	1006
382	1029
382	1058
382	1079
382	1082
382	1087
382	1105
382	1277
382	1289
382	1296
382	1330
382	1341
382	1365
382	1390
382	1404
382	1497
382	1558
382	1683
382	1707
382	1882
382	1886
396	430
396	528
396	581
396	694
396	768
396	769
396	861
396	896
396	900
396	906
396	933
396	958
396	1130
396	1230
396	1351
396	1365
396	1558
396	1575
396	1621
396	1750
396	1884
459	471
459	472
459	504
459	544
459	586
459	615
459	616
459	630
459	735
459	793
459	827
459	839
459	873
459	891
459	906
459	933
459	958
459	1040
459	1060
459	1094
459	1095
459	1132
459	1224
459	1228
459	1531
459	1581
459	1605
459	1825
459	1838
459	1890
459	1902
459	1953
459	1966
471	498
471	499
471	538
471	554
471	616
471	649
471	702
471	703
471	813
471	837
471	934
471	1008
471	1044
471	1052
471	1062
471	1068
471	1079
471	1086
471	1095
471	1219
471	1260
471	1267
471	1280
471	1474
471	1616
471	1633
471	1710
471	1752
471	1902
478	499
478	544
478	565
478	642
478	649
478	671
478	724
478	823
478	848
478	919
478	931
478	942
478	999
478	1079
478	1183
478	1254
478	1292
478	1404
478	1465
478	1762
478	1825
499	521
499	564
499	622
499	630
499	671
499	672
499	686
499	732
499	785
499	830
499	834
499	870
499	883
499	931
499	941
499	1063
499	1313
499	1328
499	1365
499	1434
499	1447
499	1604
499	1662
499	1825
499	1869
499	1938
499	1994
590	647
590	721
590	837
590	911
590	921
590	931
590	948
590	1068
590	1169
590	1209
590	1254
590	1292
590	1328
590	1378
590	1398
590	1465
590	1583
590	1647
590	1762
590	1838
673	703
673	721
673	793
673	835
673	870
673	911
673	921
673	1062
673	1647
673	1886
673	1904
673	1928
673	1968
676	713
676	827
676	921
676	1006
676	1052
676	1063
676	1094
676	1125
676	1183
676	1289
676	1290
676	1296
676	1378
676	1390
676	1415
676	1462
676	1497
676	1694
676	1720
676	1769
676	1825
676	1850
676	1877
676	1905
676	1939
686	794
686	870
686	911
686	999
686	1029
686	1086
686	1157
686	1219
686	1462
686	1604
686	1876
703	1058
703	1063
703	1097
703	1169
703	1415
703	1838
708	724
708	753
708	813
708	830
708	858
708	900
708	934
708	1074
708	1105
708	1212
708	1528
708	1662
708	1853
708	1935
708	1938
724	733
724	735
724	1006
724	1032
724	1061
724	1097
724	1121
724	1415
724	1574
724	1925
724	1953
724	1994
769	827
769	848
769	870
769	900
769	914
769	918
769	919
769	941
769	951
769	1008
769	1052
769	1082
769	1086
769	1105
769	1233
769	1278
769	1282
769	1531
769	1633
769	1643
769	1762
769	1776
769	1783
769	1806
769	1831
769	1911
848	1032
848	1039
848	1095
848	1169
848	1367
848	1462
848	1776
848	1928
891	921
891	1035
891	1049
891	1061
891	1078
891	1082
891	1092
891	1183
891	1328
891	1497
891	1554
934	1012
934	1029
934	1079
934	1157
934	1228
934	1902
934	1974
1012	1092
1012	1373
1012	1465
1012	1516
1012	1661
1012	1850
1039	1072
1039	1086
1039	1097
1039	1121
1039	1148
1039	1173
1039	1257
1039	1277
1039	1351
1039	1554
1039	1643
1039	1897
1049	1173
1049	1183
1049	1398
1049	1434
1049	1533
1049	1661
1049	1708
1049	1783
1049	1825
1063	1087
1063	1290
1063	1691
1063	1710
1063	1886
1072	1474
1072	1497
1072	1786
1072	1843
1107	1122
1107	1132
1107	1296
1107	1338
1107	1513
1107	1554
1107	1576
1107	1683
1107	1897
1107	1901
1107	1912
1121	1125
1121	1254
1121	1953
1254	1712
1254	1724
1254	1850
1254	1877
1254	1916
1267	1604
1267	1720
1267	1769
1267	1826
1267	1890
1277	1328
1277	1351
1277	1373
1277	1415
1277	1882
1330	1390
1330	1773
1341	1535
1341	1574
1341	1769
1351	1535
1351	1731
1351	1916
1378	1415
1378	1437
1378	1661
1378	1786
1404	1474
1404	1776
1404	1838
1465	1769
1465	1938
1516	1752
1516	1762
1516	1871
1647	1694
1647	1786
1647	1904
1661	1853
1662	1853
1662	1877
1662	1928
1759	1843
1825	1935
1866	1966
206	213
206	234
206	240
206	250
206	253
206	297
206	301
206	346
206	382
206	393
206	438
206	453
206	492
206	521
206	587
206	616
206	652
206	673
206	709
206	765
206	769
206	774
206	794
206	823
206	839
206	842
206	848
206	919
206	942
206	981
206	999
206	1011
206	1039
206	1040
206	1049
206	1072
206	1078
206	1148
206	1183
206	1296
206	1326
206	1338
206	1351
206	1373
206	1479
206	1516
206	1597
206	1602
206	1621
206	1708
206	1750
206	1876
206	1897
206	1916
206	1925
206	1974
301	324
301	346
301	369
301	397
301	438
301	453
301	459
301	504
301	521
301	565
301	577
301	587
301	592
301	652
301	673
301	745
301	769
301	873
301	891
301	906
301	1008
301	1039
301	1068
301	1086
301	1107
301	1158
301	1169
301	1289
301	1310
301	1351
301	1467
301	1497
301	1558
301	1605
301	1621
301	1691
301	1762
301	1801
301	1806
301	1886
301	1968
301	1977
399	446
399	504
399	544
399	564
399	610
399	657
399	676
399	724
399	813
399	827
399	842
399	847
399	906
399	918
399	921
399	1068
399	1082
399	1086
399	1105
399	1121
399	1142
399	1230
399	1257
399	1278
399	1282
399	1292
399	1458
399	1467
399	1533
399	1583
399	1604
399	1826
399	1871
399	1884
399	1905
564	585
564	630
564	647
564	673
564	724
564	837
564	1068
564	1074
564	1082
564	1233
564	1373
564	1434
564	1583
564	1616
564	1659
564	1661
564	1928
642	765
642	813
642	835
642	1008
642	1035
642	1130
642	1142
642	1263
642	1267
642	1292
642	1474
642	1831
642	1985
671	676
671	683
671	732
671	753
671	823
671	970
671	1052
671	1063
671	1074
671	1107
671	1142
671	1158
671	1257
671	1278
671	1292
671	1330
671	1513
671	1533
671	1683
671	1783
671	1786
671	1882
671	1925
694	813
694	1063
694	1068
694	1086
694	1095
694	1169
694	1330
694	1351
694	1398
694	1434
694	1497
694	1516
694	1576
694	1583
694	1597
694	1661
870	911
870	1051
870	1060
870	1061
870	1209
870	1224
870	1226
870	1251
870	1278
870	1280
870	1330
870	1497
870	1531
870	1554
870	1720
870	1953
931	1079
931	1094
931	1326
931	1479
931	1516
931	1661
931	1801
958	970
958	1035
958	1330
958	1604
958	1647
958	1877
958	1974
970	1052
970	1105
970	1257
970	1328
970	1434
970	1605
970	1616
970	1773
970	1850
970	1897
970	1968
1006	1040
1006	1462
1006	1838
1006	1925
1006	1928
1006	1939
1035	1074
1035	1338
1035	1415
1035	1558
1035	1853
1061	1079
1061	1132
1061	1148
1061	1226
1061	1531
1061	1647
1061	1884
1158	1169
1158	1195
1158	1226
1158	1282
1158	1378
1158	1597
1169	1224
1169	1228
1169	1280
1169	1328
1169	1972
1173	1313
1173	1365
1173	1404
1257	1925
1257	1938
1458	1659
1458	1897
1458	1935
1462	1691
1462	1783
1462	1904
1462	1977
1479	1576
1479	1604
1479	1707
1479	1825
1513	1661
1513	1750
1513	1806
1558	1576
1558	1853
1558	1884
1558	1989
1621	1904
1708	1958
1724	1776
1724	1916
1731	1850
1752	1890
300	324
300	430
300	453
300	457
300	458
300	462
300	469
300	471
300	498
300	501
300	592
300	600
300	601
300	610
300	615
300	618
300	672
300	724
300	806
300	830
300	970
300	999
300	1072
300	1125
300	1173
300	1212
300	1224
300	1263
300	1278
300	1289
300	1326
300	1338
300	1351
300	1398
300	1463
300	1467
300	1528
300	1602
300	1643
300	1661
300	1708
300	1712
300	1773
300	1806
300	1871
300	1953
300	1977
300	1985
300	1994
474	501
474	649
474	676
474	724
474	883
474	1011
474	1058
474	1060
474	1224
474	1365
474	1369
474	1458
474	1806
474	1882
474	1966
615	649
615	657
615	712
615	745
615	753
615	806
615	1072
615	1105
615	1121
615	1157
615	1251
615	1330
615	1458
615	1474
615	1647
615	1786
615	1869
615	1890
616	721
616	837
616	847
616	861
616	918
616	942
616	1008
616	1068
616	1074
616	1086
616	1087
616	1142
616	1224
616	1351
616	1415
616	1473
616	1581
616	1604
616	1647
616	1776
616	1843
616	1853
616	1897
616	1901
622	630
622	713
622	733
622	735
622	745
622	813
622	1044
622	1058
622	1092
622	1212
622	1224
622	1280
622	1338
622	1458
622	1583
622	1662
622	1877
622	1958
793	948
793	1029
793	1074
793	1079
793	1212
793	1224
793	1233
793	1369
793	1437
793	1600
793	1710
793	1731
793	1985
913	921
913	958
913	999
913	1061
913	1157
913	1328
913	1373
913	1528
913	1604
913	1647
913	1710
913	1720
913	1928
913	1966
1051	1086
1051	1130
1051	1260
1051	1826
1051	1977
1157	1280
1157	1290
1157	1575
1157	1585
1157	1904
1157	1935
1402	1462
1402	1633
1402	1806
1402	1877
1402	1958
1402	1972
1415	1712
1415	1759
1415	1813
1415	1935
1415	1968
1463	1575
1463	1853
1554	1708
1554	1720
1554	1897
1576	1731
1576	1884
1576	1905
1710	1769
1902	1926
279	280
279	295
279	297
279	342
279	346
279	382
279	390
279	462
279	474
279	492
279	528
279	618
279	639
279	683
279	774
279	823
279	834
279	837
279	839
279	856
279	873
279	896
279	913
279	931
279	948
279	1006
279	1029
279	1061
279	1079
279	1082
279	1257
279	1260
279	1465
279	1583
279	1659
279	1712
411	438
411	499
411	538
411	546
411	585
411	586
411	592
411	601
411	642
411	686
411	703
411	753
411	769
411	861
411	911
411	941
411	1006
411	1027
411	1183
411	1330
411	1351
411	1415
411	1585
411	1643
411	1806
411	1977
411	1994
546	639
546	647
546	649
546	694
546	1052
546	1142
546	1219
546	1404
546	1519
546	1662
785	834
785	891
785	933
785	1062
785	1447
785	1602
785	1708
785	1710
785	1905
813	861
813	891
813	1008
813	1027
813	1058
813	1060
813	1097
813	1296
813	1365
813	1662
813	1966
813	1985
835	914
835	919
835	934
835	1062
835	1122
835	1148
835	1282
835	1479
835	1585
835	1776
906	934
906	948
906	1032
906	1052
906	1082
906	1107
906	1251
906	1289
906	1290
906	1326
906	1474
906	1479
906	1497
906	1720
906	1776
906	1869
906	1882
1008	1107
1008	1219
1008	1230
1008	1365
1008	1497
1008	1574
1008	1604
1008	1605
1008	1633
1008	1869
1086	1230
1086	1260
1086	1289
1086	1378
1086	1497
1086	1597
1086	1600
1086	1691
1600	1604
1600	1661
1635	1659
1635	1843
1635	1977
1886	1912
1886	1953
1886	1985
1916	1925
1916	1958
1916	1974
1925	1926
1925	1939
453	472
453	483
453	498
453	504
453	555
453	671
453	813
453	896
453	1063
453	1209
453	1263
453	1463
453	1535
453	1581
453	1831
453	1850
581	601
581	642
581	703
581	712
581	769
581	774
581	785
581	941
581	1012
581	1061
581	1105
581	1125
581	1142
581	1224
581	1228
581	1254
581	1278
581	1330
581	1710
581	1712
581	1813
581	1877
581	1972
581	1974
858	896
858	970
858	1011
858	1051
858	1061
858	1094
858	1107
858	1157
858	1233
858	1280
858	1513
858	1630
858	1882
858	1958
861	1027
861	1082
861	1142
861	1228
861	1373
861	1558
861	1621
861	1630
861	1694
861	1762
948	1049
948	1087
948	1095
948	1097
948	1121
948	1260
948	1479
948	1831
948	1912
1132	1228
1132	1330
1132	1338
1132	1528
1132	1801
1132	1939
1224	1447
1278	1497
1278	1616
1278	1661
1278	1694
1278	1750
1278	1776
1278	1882
1390	1528
1390	1602
1390	1635
1390	1989
1911	1989
657	671
657	672
657	712
657	794
657	806
657	837
657	1171
657	1195
657	1277
657	1574
657	1882
657	1884
657	1974
856	1107
856	1467
856	1585
856	1850
856	1886
1087	1107
1087	1260
1087	1437
1087	1712
1209	1585
1209	1813
1230	1938
1296	1369
1296	1473
1296	1528
1296	1535
1720	1928
1871	1985
1897	1925
827	830
827	834
827	942
827	1012
827	1049
827	1148
827	1171
827	1219
827	1257
827	1296
827	1313
827	1415
827	1437
827	1463
827	1519
827	1554
827	1843
827	1911
883	981
883	1095
883	1142
883	1212
883	1219
883	1296
883	1338
883	1474
883	1635
883	1647
883	1720
883	1806
883	1916
942	1121
942	1228
942	1260
942	1292
942	1825
942	1871
942	1912
1060	1278
1060	1310
1060	1328
1060	1497
1060	1554
1078	1282
1078	1330
1078	1365
1078	1467
1078	1473
1078	1528
1078	1683
1078	1769
1078	1831
1078	1925
1290	1373
1290	1554
1290	1724
1290	1958
1497	1707
1497	1968
1769	1901
1806	1838
1806	1928
1938	1972
309	325
309	328
309	342
309	346
309	397
309	443
309	446
309	453
309	478
309	494
309	615
309	649
309	672
309	721
309	724
309	823
309	835
309	858
309	913
309	914
309	941
309	1012
309	1058
309	1078
309	1107
309	1254
309	1260
309	1277
309	1341
309	1465
309	1581
309	1597
309	1643
309	1938
309	1958
842	856
842	911
842	914
842	999
842	1095
842	1230
842	1260
842	1338
842	1583
842	1604
842	1691
842	1694
842	1724
842	1769
842	1813
1079	1092
1079	1169
1079	1251
1079	1282
1079	1351
1079	1479
1079	1783
1079	1826
1079	1850
1079	1902
1079	1928
1079	1939
1079	1968
1597	1708
1597	1974
1597	1985
1604	1712
1604	1831
1604	1866
1604	1966
1604	1977
1813	1886
1212	1296
1212	1479
1212	1535
1212	1712
1212	1806
1212	1831
1630	1806
1630	1876
1630	1884
1869	1876
1869	1928
1869	1974
483	498
483	555
483	577
483	618
483	622
483	712
483	724
483	793
483	794
483	823
483	834
483	837
483	842
483	931
483	1060
483	1078
483	1095
483	1328
483	1390
483	1447
483	1528
483	1585
483	1866
483	1977
921	958
921	1008
921	1011
921	1290
921	1292
921	1602
1228	1282
1228	1290
1228	1462
1228	1581
1228	1605
1228	1633
1228	1972
1605	1977
1148	1251
1148	1267
1148	1341
1148	1519
1148	1600
1148	1604
1148	1769
1148	1801
1519	1616
1519	1712
1519	1776
1519	1882
1519	1901
1519	1938
1519	1989
1659	1968
1659	1994
1473	1602
1528	1581
1528	1938
1528	1974
630	681
630	683
630	709
630	712
630	713
630	765
630	769
630	834
630	847
630	858
630	919
630	1097
630	1107
630	1576
630	1604
630	1776
630	1869
630	1935
630	1985
1052	1209
1052	1230
1052	1313
1052	1473
1052	1597
1052	1616
1052	1708
1052	1762
1838	1966
1260	1280
1260	1296
1260	1415
1260	1583
1260	1621
1260	1958
1843	1925
1843	1966
709	724
709	774
709	793
709	837
709	883
709	911
709	941
709	1078
709	1142
709	1148
709	1195
709	1228
709	1292
709	1519
709	1882
1095	1157
1095	1282
1095	1289
1095	1437
1095	1473
1095	1583
1095	1647
1095	1659
1095	1683
1095	1826
1095	1901
1095	1966
1092	1121
1092	1226
1092	1402
1092	1710
1092	1724
1092	1850
1092	1911
1094	1574
1094	1604
1094	1890
1094	1939
1094	1958
1904	1985
