# Undirected graph (each unordered pair of nodes is saved once): output/networks/ScaleFree20removeCentrality-50percent.txt
# Nodes: 1000 Edges: 2707
# NodeId	NodeId
215	1652
215	1734
215	1805
215	1850
215	1889
257	330
257	828
257	1086
257	1195
257	1226
257	1682
257	1920
266	511
266	580
266	619
266	744
266	797
266	1481
266	1627
266	1675
266	1677
266	1760
400	820
400	1085
400	1114
400	1524
400	1660
439	677
439	855
439	1093
439	1165
439	1699
439	1900
483	745
483	771
483	927
483	1119
483	1411
483	1483
483	1641
483	1672
483	1822
493	1175
493	1330
493	1675
500	878
500	914
500	1191
500	1227
500	1229
500	1486
500	1894
500	1911
549	613
549	747
549	762
549	863
549	975
549	1046
549	1202
549	1428
619	1260
619	1500
619	1992
636	1166
636	1457
636	1648
636	1981
659	1126
659	1449
659	1514
659	1527
659	1798
659	1822
659	1983
672	713
672	1122
672	1299
672	1327
672	1410
672	1428
672	1648
672	1819
676	938
676	1289
676	1554
676	1609
729	1394
729	1480
729	1724
729	1749
729	1799
754	802
754	1067
754	1368
754	1549
754	1812
767	870
767	1159
767	1561
767	1603
767	1672
767	1906
773	885
773	1141
773	1581
773	1613
773	1693
773	1851
797	1090
797	1168
797	1735
797	1741
824	1085
824	1134
824	1252
824	1336
824	1554
824	1757
824	1982
855	1011
855	1141
855	1278
855	1303
855	1386
855	1591
855	1830
892	914
892	1151
892	1244
892	1348
892	1652
892	1962
1025	1078
1025	1318
1025	1369
1025	1559
1025	1600
1032	1288
1032	1625
1032	1936
1056	1310
1056	1470
1056	1696
1060	1256
1060	1521
1060	1537
1060	1567
1060	1823
1070	1134
1070	1191
1070	1278
1070	1385
1070	1444
1070	1588
1070	1706
1070	1865
1078	1544
1078	1751
1078	1972
1126	1507
1126	1624
1126	1640
1126	1669
1126	1761
1165	1346
1165	1413
1165	1503
1171	1343
1171	1543
1171	1660
1171	1873
1175	1183
1179	1883
1200	1643
1200	1708
1200	1762
1200	1803
1202	1310
1202	1660
1216	1695
1225	1864
1249	1332
1249	1564
1249	1595
1249	1653
1249	1711
1257	1742
1281	1613
1281	1733
1281	1876
1296	1458
1296	1632
1296	1745
1296	1812
1335	1549
1335	1558
1335	1926
1366	1657
1366	1690
1366	1923
1370	1731
1370	1835
1370	1934
1370	1974
1383	1560
1383	1572
1383	1657
1383	1924
1398	1551
1398	1787
1399	1544
1399	1620
1410	1507
1410	1711
1431	1565
1431	1710
1431	1936
1437	1640
1437	1776
1457	1567
1457	1778
1457	1932
1476	1488
1476	1501
1476	1779
1502	1743
1528	1538
1528	1632
1549	1651
1549	1757
1556	1721
1576	1866
1576	1893
1587	1734
1587	1925
1646	1896
1652	1716
1652	1765
1653	1703
1659	1681
1659	1703
1659	1785
1666	1722
1761	1915
1761	1954
1767	1976
1773	1793
1773	1946
1796	1846
1796	1898
1796	1957
1796	1958
1796	1997
1812	1883
1813	1837
1813	1839
1813	1931
1821	1978
1821	1994
1828	1833
1828	1883
1828	1913
1834	1885
1837	1969
1871	1973
1873	1884
1951	1954
1959	1997
226	630
226	1249
226	1603
226	1981
341	1151
341	1819
341	1958
347	473
347	559
347	649
347	688
347	1225
347	1489
347	1574
404	1047
404	1462
404	1650
432	682
432	854
432	903
432	1124
432	1189
432	1564
432	1681
432	1943
432	1999
442	1684
442	1706
442	1896
452	982
452	1330
452	1561
452	1651
452	1887
455	1084
455	1186
455	1287
455	1461
455	1476
455	1698
496	765
496	1160
496	1187
496	1229
496	1665
621	745
621	1260
621	1276
621	1566
645	835
645	1019
645	1390
645	1426
645	1492
645	1542
645	1746
645	1791
649	1231
649	1517
651	691
651	1021
651	1304
651	1798
664	1090
664	1318
664	1327
664	1585
664	1763
664	1808
664	1912
664	1968
710	1076
710	1401
710	1773
717	823
717	1106
717	1129
717	1354
717	1373
717	1438
717	1661
717	1875
769	1090
769	1122
769	1246
769	1788
769	1805
769	1818
769	1844
783	1068
783	1580
783	1628
783	1812
783	1889
783	1897
783	1947
831	1196
831	1200
831	1360
831	1517
831	1577
861	943
861	991
861	1512
861	1572
861	1976
878	894
878	1267
878	1366
878	1383
878	1792
914	1242
927	1302
927	1433
927	1666
930	1091
930	1603
930	1632
930	1985
972	1136
972	1396
972	1473
972	1523
972	1915
994	1372
994	1876
1021	1038
1021	1633
1021	1709
1021	1821
1021	1850
1038	1086
1038	1193
1038	1520
1038	1609
1038	1749
1053	1148
1053	1373
1053	1404
1053	1664
1053	1829
1098	1401
1098	1679
1098	1876
1134	1362
1134	1973
1135	1381
1135	1433
1135	1492
1151	1400
1151	1539
1151	1558
1151	1608
1151	1641
1151	1751
1151	1945
1161	1824
1162	1824
1162	1963
1163	1257
1163	1334
1163	1353
1163	1442
1163	1932
1172	1386
1172	1417
1172	1419
1182	1369
1182	1874
1182	1932
1182	1957
1188	1524
1188	1596
1188	1607
1188	1780
1188	1996
1201	1237
1201	1249
1201	1387
1201	1498
1201	1537
1201	1624
1205	1421
1205	1481
1205	1598
1205	1929
1206	1342
1206	1496
1206	1701
1206	1737
1224	1375
1224	1536
1224	1596
1226	1288
1226	1559
1226	1786
1226	1869
1226	1882
1226	1907
1233	1320
1233	1440
1233	1468
1233	1478
1233	1782
1233	1804
1239	1276
1239	1291
1239	1352
1239	1541
1239	1560
1239	1816
1246	1390
1246	1567
1246	1767
1246	1776
1267	1272
1267	1723
1267	1888
1267	1926
1271	1432
1271	1808
1276	1721
1276	1806
1277	1313
1277	1446
1277	1587
1277	1804
1277	1847
1280	1349
1280	1412
1280	1542
1280	1598
1280	1740
1280	1775
1280	1989
1303	1876
1324	1445
1324	1703
1328	1580
1328	1781
1328	1844
1331	1675
1331	1776
1331	1804
1342	1492
1342	1602
1342	1641
1342	1918
1342	1919
1351	1553
1351	1695
1351	1761
1351	1979
1357	1407
1357	1487
1357	1548
1357	1560
1359	1409
1359	1520
1359	1608
1359	1885
1360	1393
1360	1501
1360	1916
1360	1946
1379	1395
1379	1417
1379	1778
1379	1795
1379	1840
1379	1933
1379	1982
1411	1735
1411	1892
1412	1437
1412	1694
1412	1822
1420	1504
1420	1622
1420	1876
1430	1684
1430	1702
1430	1724
1443	1493
1443	1616
1443	1906
1445	1452
1445	1687
1473	1653
1473	1906
1480	1502
1480	1851
1483	1958
1487	1542
1487	1779
1512	1561
1512	1867
1521	1974
1537	1553
1537	1575
1554	1704
1554	1811
1554	1899
1561	1631
1561	1666
1561	1882
1561	1949
1574	1772
1615	1644
1615	1936
1624	1706
1624	1890
1626	1870
1634	1791
1634	1822
1681	1922
1691	1832
1694	1718
1694	1946
1698	1780
1698	1866
1699	1908
1700	1740
1700	1902
1757	1919
1781	1823
1781	1981
1785	1985
1815	1860
1869	1925
1869	1938
1875	1883
1875	1937
1908	1977
1919	1991
1962	1983
288	865
288	1302
288	1720
288	1772
288	1796
288	1843
288	1895
330	1229
330	1276
330	1604
330	1978
334	689
334	1421
334	1596
334	1664
334	1901
346	899
346	1524
346	1581
346	1596
346	1657
346	1762
346	1838
465	745
465	1020
465	1056
465	1306
465	1370
473	903
473	951
473	1373
473	1628
473	1901
538	1370
538	1663
538	1714
538	1837
538	1969
578	799
578	1478
578	1854
578	1934
614	659
614	729
614	767
614	799
614	1225
614	1692
686	1698
686	1844
686	1940
686	1971
696	833
696	1442
696	1956
702	1159
702	1613
705	799
705	1155
705	1220
705	1517
705	1552
709	815
709	1337
709	1360
709	1368
709	1695
709	1814
721	915
721	1061
721	1205
721	1278
721	1601
721	1644
756	927
756	1356
756	1365
756	1528
756	1741
756	1806
756	1959
765	1614
765	1920
765	1939
800	1047
800	1072
800	1259
800	1615
800	1706
827	991
827	1134
827	1318
827	1629
827	1854
827	1855
850	897
850	1396
850	1691
850	1709
851	1140
851	1372
851	1383
851	1499
851	1731
851	1845
863	915
863	1003
863	1333
863	1664
863	1793
863	1863
863	1953
863	1979
909	1465
909	1492
909	1807
909	1825
911	1161
911	1813
919	1576
919	1857
921	1038
921	1061
921	1240
921	1297
921	1428
921	1498
921	1499
921	1998
937	1021
937	1058
937	1602
937	1956
954	1335
954	1359
954	1754
954	1922
969	1321
969	1658
969	1876
985	1740
1020	1148
1020	1183
1020	1850
1020	1852
1020	1935
1068	1135
1068	1209
1068	1646
1073	1345
1073	1691
1073	1892
1087	1507
1087	1664
1087	1780
1087	1815
1087	1825
1087	1935
1136	1414
1136	1483
1136	1610
1136	1685
1136	1742
1136	1869
1193	1215
1193	1442
1193	1695
1197	1339
1197	1432
1197	1467
1197	1669
1208	1331
1208	1480
1208	1694
1208	1791
1208	1795
1208	1845
1210	1231
1210	1323
1210	1565
1210	1683
1210	1994
1218	1394
1218	1417
1218	1600
1218	1692
1218	1757
1218	1898
1218	1966
1242	1356
1242	1688
1242	1819
1289	1506
1289	1744
1294	1327
1294	1363
1313	1405
1313	1647
1332	1908
1337	1625
1337	1643
1337	1650
1337	1859
1337	1963
1337	1972
1339	1777
1354	1639
1354	1660
1354	1846
1373	1502
1373	1690
1373	1726
1373	1737
1373	1942
1373	1980
1401	1577
1401	1757
1425	1579
1426	1440
1426	1532
1426	1703
1461	1463
1461	1486
1461	1556
1465	1658
1465	1777
1503	1548
1503	1858
1509	1611
1546	1577
1546	1585
1546	1843
1550	1685
1550	1812
1552	1689
1552	1779
1552	1938
1553	1609
1553	1686
1622	1634
1703	1806
1703	1840
1733	1962
1736	1885
1742	1855
1777	1795
1777	1997
1783	1970
1883	1983
1940	1993
559	767
559	938
559	1045
559	1743
630	938
630	972
630	1109
630	1350
630	1375
630	1833
630	1898
630	1910
719	1229
719	1392
719	1671
746	913
746	1525
746	1582
746	1587
746	1597
746	1658
746	1766
746	1930
819	1507
819	1783
819	1952
819	1969
833	1467
833	1499
833	1521
833	1542
833	1570
833	1577
865	919
865	1405
865	1416
865	1607
865	1846
894	939
894	1610
894	1736
899	1646
899	1653
899	1767
899	1795
997	1201
997	1346
997	1527
997	1889
1018	1049
1018	1167
1018	1175
1018	1178
1018	1205
1018	1279
1018	1431
1018	1504
1018	1683
1018	1843
1047	1190
1047	1410
1047	1507
1047	1543
1047	1712
1047	1783
1075	1163
1075	1810
1077	1296
1077	1362
1077	1409
1077	1588
1086	1190
1086	1489
1086	1556
1096	1312
1096	1366
1096	1601
1096	1604
1096	1698
1096	1939
1137	1410
1137	1486
1137	1516
1137	1569
1137	1847
1137	1891
1137	1979
1137	1999
1183	1361
1183	1686
1183	1816
1183	1913
1215	1237
1215	1410
1215	1831
1215	1973
1230	1414
1230	1527
1230	1821
1230	1875
1230	1920
1230	1930
1252	1394
1252	1649
1252	1687
1252	1887
1252	1946
1269	1432
1269	1738
1269	1908
1340	1397
1340	1581
1340	1805
1362	1463
1362	1598
1362	1631
1362	1688
1362	1979
1371	1618
1381	1488
1381	1580
1381	1749
1386	1421
1386	1452
1386	1753
1386	1837
1391	1480
1391	1633
1391	1674
1391	1766
1391	1838
1391	1840
1396	1479
1396	1765
1396	1818
1436	1798
1438	1626
1438	1753
1438	1832
1469	1658
1469	1941
1471	1650
1471	1890
1471	1897
1478	1575
1478	1621
1478	1704
1478	1720
1489	1512
1489	1791
1499	1540
1499	1911
1531	1743
1531	1858
1531	1865
1531	1883
1531	1972
1538	1685
1538	1710
1538	1865
1539	1581
1539	1849
1557	1570
1557	1762
1573	1654
1573	1765
1573	1981
1627	1706
1627	1744
1627	1950
1639	1713
1639	1831
1688	1708
1688	1829
1688	1894
1688	1942
1689	1754
1857	1961
1923	1992
363	663
363	975
363	1393
363	1517
363	1724
398	559
398	1139
398	1301
398	1437
398	1516
398	1688
398	1768
464	574
464	773
464	1259
464	1628
464	1749
464	1888
499	1714
499	1723
499	1806
499	1974
532	580
532	680
532	740
532	747
532	1140
532	1409
532	1628
532	1665
544	621
544	650
544	943
544	1819
544	1907
574	756
574	1014
574	1298
574	1312
574	1693
574	1813
574	1842
677	819
677	911
677	944
677	1111
677	1496
677	1572
682	1136
682	1257
682	1618
682	1628
682	1665
682	1924
689	916
689	1168
689	1385
689	1444
689	1580
689	1653
689	1784
689	1833
708	1182
708	1272
708	1520
708	1608
708	1630
708	1764
708	1842
802	1021
802	1097
802	1357
802	1375
802	1626
802	1693
802	1943
802	1995
820	897
820	1370
820	1436
820	1467
820	1515
820	1792
823	937
823	984
823	1399
823	1468
823	1817
823	1936
835	1782
835	1783
870	1476
871	1217
871	1626
871	1824
871	1840
877	1088
877	1312
877	1469
877	1544
877	1805
884	939
884	1076
884	1376
884	1569
884	1872
884	1893
916	1412
916	1667
917	1009
917	1212
917	1323
917	1361
917	1724
917	1874
917	1898
932	984
932	1393
932	1532
932	1943
932	1987
964	1176
964	1604
964	1918
980	1332
980	1356
980	1679
980	1890
980	1965
995	1066
995	1136
995	1197
995	1233
995	1301
1003	1375
1003	1935
1003	1938
1003	1994
1016	1506
1016	1576
1190	1390
1190	1743
1248	1339
1248	1557
1248	1899
1256	1501
1256	1512
1278	1339
1278	1572
1278	1878
1278	1993
1300	1740
1300	1778
1301	1400
1301	1966
1352	1542
1353	1699
1353	1763
1353	1801
1353	1879
1358	1385
1358	1472
1358	1566
1358	1930
1389	1439
1389	1509
1389	1696
1417	1624
1417	1791
1444	1585
1444	1621
1446	1766
1446	1862
1446	1949
1458	1661
1458	1840
1488	1534
1488	1550
1506	1770
1506	1828
1506	1853
1515	1581
1515	1600
1515	1723
1515	1725
1515	1801
1525	1658
1525	1816
1525	1871
1572	1622
1572	1803
1589	1710
1589	1847
1669	1912
1669	1979
1684	1884
1684	1934
1702	1939
1840	1992
1884	1889
268	455
268	1292
268	1777
268	1788
422	538
422	747
422	762
422	896
422	992
422	1308
422	1321
422	1993
422	1995
472	645
472	648
472	893
472	1249
472	1536
472	1833
599	920
599	1023
599	1113
599	1344
599	1357
599	1469
599	1635
599	1735
599	1899
628	648
628	747
628	945
628	1348
628	1974
724	1087
724	1109
724	1184
724	1239
724	1303
724	1736
841	1457
841	1499
841	1657
841	1690
873	1025
873	1115
873	1212
873	1306
873	1514
873	1852
873	1924
888	893
888	962
888	1165
888	1284
888	1292
888	1339
888	1553
888	1651
888	1935
962	1044
962	1617
962	1800
962	1877
975	1209
975	1647
975	1735
1066	1776
1066	1864
1108	1855
1108	1859
1122	1267
1122	1479
1122	1569
1122	1765
1184	1269
1184	1764
1212	1307
1212	1802
1212	1845
1212	1953
1223	1439
1223	1641
1223	1937
1259	1267
1259	1595
1259	1734
1259	1925
1260	1561
1260	1757
1298	1802
1363	1365
1363	1632
1363	1873
1375	1553
1452	1510
1452	1863
1467	1743
1470	1517
1470	1843
1470	1909
1470	1947
1479	1502
1479	1749
1479	1878
1490	1564
1490	1627
1490	1811
1490	1882
1490	1999
1534	1553
1582	1802
1582	1831
1588	1796
1608	1733
1608	1781
1608	1818
1608	1838
1641	1721
1641	1945
1713	1746
1716	1916
1726	1891
1808	1863
1814	1867
1827	1892
1829	1845
1920	1949
357	944
357	1033
357	1045
357	1846
357	1922
503	745
503	1114
503	1216
503	1503
503	1635
503	1787
680	1104
680	1160
680	1344
680	1414
680	1582
680	1826
680	1949
680	1985
688	690
688	1287
688	1300
688	1327
688	1446
688	1644
688	1805
691	1349
691	1548
691	1597
691	1773
815	1252
815	1550
815	1897
907	1086
907	1324
907	1663
907	1709
907	1850
907	1914
920	951
920	984
920	986
920	1106
920	1267
920	1625
920	1829
920	1873
991	1503
991	1585
991	1896
991	1971
1067	1187
1067	1772
1067	1936
1079	1166
1079	1173
1079	1325
1079	1356
1079	1423
1079	1491
1079	1493
1079	1600
1079	1940
1288	1383
1288	1393
1288	1508
1288	1784
1288	1922
1288	1935
1327	1611
1327	1877
1349	1597
1349	1648
1349	1744
1369	1399
1369	1459
1369	1597
1369	1642
1387	1392
1387	1646
1387	1686
1387	1751
1387	1764
1416	1540
1433	1615
1433	1629
1433	1669
1433	1715
1433	1886
1433	1961
1491	1742
1491	1875
1493	1544
1493	1628
1504	1673
1504	1761
1504	1957
1585	1714
1620	1643
1620	1663
1620	1996
1775	1878
1852	1909
412	675
412	1405
412	1437
412	1557
412	1738
412	1753
412	1906
412	1947
431	772
431	1111
431	1131
431	1463
431	1582
431	1687
431	1726
431	1931
509	987
509	1162
509	1269
509	1457
509	1610
523	1139
523	1358
523	1724
523	1865
580	1161
580	1508
690	828
690	871
690	885
690	1189
690	1240
690	1855
720	823
720	914
720	1189
720	1492
720	1603
720	1630
720	1865
770	1292
770	1529
770	1696
770	1741
825	921
825	1003
825	1715
913	1294
913	1523
933	1073
933	1168
933	1363
933	1595
933	1923
933	1971
943	1075
943	1188
943	1681
943	1968
958	1152
958	1284
958	1321
958	1371
982	1113
1017	1476
1017	1718
1023	1610
1023	1690
1023	1962
1027	1108
1027	1622
1027	1650
1027	1864
1031	1312
1031	1489
1031	1687
1045	1307
1045	1328
1045	1345
1045	1669
1045	1853
1045	1930
1072	1554
1072	1604
1072	1907
1072	1973
1097	1115
1097	1283
1097	1300
1097	1421
1097	1784
1113	1141
1113	1473
1113	1558
1113	1890
1113	1894
1121	1460
1121	1931
1124	1344
1124	1488
1124	1491
1124	1718
1124	1728
1168	1342
1168	1354
1168	1893
1168	1938
1176	1694
1176	1892
1220	1405
1220	1491
1220	1854
1220	1859
1220	1942
1231	1413
1231	1463
1279	1363
1279	1667
1279	1822
1325	1424
1325	1687
1325	1689
1325	1867
1400	1573
1400	1650
1400	1953
1400	1955
1400	1966
1400	1998
1501	1898
1501	1976
1508	1854
1508	1869
1559	1862
1559	1991
1616	1693
1616	1792
1616	1935
1693	1816
1693	1999
1695	1815
1778	1822
1778	1859
1842	1966
1886	1922
466	860
466	914
466	954
466	985
466	1639
466	1798
466	1924
466	1970
558	1090
558	1195
558	1502
558	1835
558	1916
727	756
727	1230
727	1380
727	1653
727	1902
807	1494
807	1525
807	1554
807	1591
807	1830
807	1854
807	1894
947	982
947	1187
947	1291
947	1825
983	1003
983	1279
983	1356
983	1568
983	1871
1090	1164
1090	1510
1090	1907
1166	1425
1166	1854
1166	1897
1166	1991
1167	1518
1167	1654
1167	1849
1167	1950
1167	1981
1178	1667
1178	1876
1187	1279
1187	1443
1187	1854
1187	1856
1196	1446
1196	1527
1196	1559
1196	1708
1196	1916
1196	1929
1299	1888
1320	1677
1330	1657
1330	1845
1330	1856
1330	1934
1346	1369
1346	1566
1346	1604
1346	1674
1346	1710
1361	1657
1361	1661
1361	1853
1372	1398
1372	1427
1372	1509
1372	1514
1372	1921
1407	1518
1407	1520
1407	1798
1407	1949
1440	1710
1440	1809
1447	1827
1541	1927
1541	1939
1565	1625
1565	1713
1565	1972
1674	1799
1674	1902
1725	1983
1739	1895
1832	1891
1835	1841
401	706
401	1478
401	1586
401	1675
401	1858
401	1869
416	985
416	1312
416	1390
416	1798
416	1965
687	873
687	934
687	1244
687	1499
687	1622
687	1877
703	705
703	1085
703	1417
703	1501
703	1527
703	1679
703	1854
703	1929
706	876
706	1191
706	1209
706	1785
706	1882
706	1965
735	1188
735	1207
735	1587
735	1905
885	927
885	1773
896	1202
896	1212
896	1217
896	1410
896	1438
896	1494
939	1159
939	1460
939	1602
989	1003
989	1457
989	1615
989	1700
989	1714
989	1872
1022	1627
1022	1664
1022	1756
1022	1867
1022	1893
1022	1930
1033	1183
1033	1291
1033	1352
1033	1425
1033	1525
1033	1746
1155	1257
1155	1436
1155	1508
1155	1660
1155	1781
1155	1867
1174	1308
1174	1313
1204	1368
1204	1675
1204	1884
1243	1567
1243	1737
1304	1369
1304	1995
1472	1588
1518	1634
1518	1804
1529	1536
1529	1595
1529	1685
1536	1976
1630	1823
1630	1914
1630	1921
1630	1925
1683	1709
1751	1814
1751	1887
1900	1996
1945	1980
410	735
410	1183
410	1470
410	1654
410	1792
511	664
511	689
511	1031
511	1444
568	719
568	767
568	945
568	1350
568	1785
568	1927
568	1956
738	1076
738	1549
738	1738
738	1950
740	873
740	915
740	1124
740	1179
740	1906
740	1925
854	1340
854	1438
854	1597
883	1139
883	1299
883	1321
883	1611
883	1965
915	1569
915	1622
1058	1125
1058	1361
1058	1420
1058	1783
1058	1800
1058	1936
1061	1174
1061	1514
1061	1574
1061	1966
1159	1568
1159	1742
1159	1875
1159	1913
1173	1195
1173	1471
1173	1509
1173	1711
1173	1763
1207	1569
1207	1591
1207	1626
1207	1914
1284	1285
1284	1320
1284	1601
1284	1607
1284	1705
1284	1760
1284	1860
1297	1363
1297	1570
1297	1673
1297	1992
1312	1753
1312	1792
1334	1616
1334	1647
1365	1409
1409	1562
1409	1611
1409	1630
1409	1783
1586	1621
1586	1858
1586	1900
1632	1640
1632	1884
1635	1962
1651	1814
1657	1826
1657	1883
1686	1756
1686	1900
1887	1921
1887	1952
627	907
627	1076
627	1151
627	1243
627	1358
627	1593
627	1852
675	1396
675	1436
675	1675
675	1736
675	1897
675	1950
697	802
697	876
697	1285
697	1389
697	1474
794	1135
794	1183
794	1193
794	1783
794	1942
931	1162
931	1252
931	1339
931	1531
931	1540
931	1701
931	1825
931	1835
931	1983
944	1091
944	1781
944	1893
944	1908
944	1918
981	1215
981	1283
981	1449
981	1839
981	1934
981	1970
992	1011
992	1500
1014	1077
1014	1164
1014	1186
1014	1280
1014	1391
1014	1460
1014	1513
1125	1173
1125	1243
1125	1431
1125	1885
1160	1355
1160	1389
1160	1397
1160	1431
1160	1970
1185	1308
1185	1470
1185	1500
1185	1534
1185	1544
1291	1320
1291	1324
1291	1432
1291	1716
1343	1381
1343	1426
1343	1469
1343	1905
1343	1913
1427	1438
1427	1492
1427	1872
1551	1558
1551	1619
1551	1675
1551	1691
1551	1745
1737	1889
1737	1909
1759	1915
1862	1937
1927	1943
1927	1949
596	696
596	1383
596	1401
596	1536
596	1711
663	771
663	858
663	933
663	1306
663	1401
663	1672
663	1703
663	1766
683	727
683	805
683	919
683	1550
683	1859
683	1883
762	1179
762	1350
762	1607
762	1895
876	1270
876	1323
876	1425
876	1705
951	1067
951	1204
951	1370
951	1481
951	1548
951	1728
951	1934
1044	1575
1044	1633
1044	1644
1044	1659
1044	1960
1084	1101
1084	1439
1084	1754
1084	1822
1106	1337
1106	1347
1106	1745
1109	1307
1109	1493
1109	1779
1109	1814
1109	1849
1109	1988
1119	1190
1119	1923
1119	1927
1287	1336
1287	1562
1287	1800
1287	1824
1348	1494
1448	1712
1448	1786
1569	1739
1577	1806
1577	1825
1577	1991
1613	1645
1613	1883
1613	1939
1645	1800
1645	1842
1645	1953
1667	1978
1782	1920
1782	1989
1823	1956
1915	1926
1946	1995
516	1345
713	908
713	1331
713	1672
713	1859
805	1259
805	1559
805	1688
805	1734
805	1798
805	1919
860	1122
924	1053
924	1211
924	1347
924	1425
924	1734
924	1765
924	1878
924	1889
938	1472
938	1738
986	1754
986	1766
986	1793
986	1834
986	1905
1091	1239
1091	1283
1091	1647
1091	1901
1272	1471
1272	1691
1272	1918
1272	1923
1283	1369
1283	1576
1283	1902
1344	1558
1344	1799
1579	1725
1579	1872
1609	1660
1609	1745
1617	1666
1617	1859
1710	1740
1710	1793
1710	1829
1710	1946
1817	1873
1824	1886
582	613
582	765
582	1439
582	1448
582	1778
650	870
650	1355
650	1559
655	958
655	1161
655	1171
655	1627
655	1920
655	1930
772	819
772	924
772	1131
772	1270
772	1531
772	1768
772	1810
1114	1141
1114	1333
1114	1346
1140	1350
1140	1471
1140	1658
1140	1692
1140	1982
1237	1401
1302	1340
1302	1525
1302	1711
1302	1909
1405	1467
1432	1459
1432	1663
1558	1852
1575	1585
1575	1619
1575	1666
1602	1614
1602	1661
1602	1984
1663	1698
1663	1842
1690	1866
1839	1892
1839	1929
546	676
546	702
546	762
546	1108
546	1209
546	1345
546	1846
546	1984
1049	1416
1049	1654
1049	1918
1093	1751
1093	1946
1141	1845
1141	1862
1229	1256
1229	1276
1229	1372
1229	1716
1240	1503
1240	1554
1240	1560
1244	1353
1244	1830
1244	1879
1270	1700
1270	1799
1270	1800
1392	1628
1392	1630
1392	1776
1392	1777
1494	1857
1494	1925
1498	1826
1543	1574
1543	1698
1543	1821
1618	1993
1720	1905
1721	1786
1838	1922
1843	1927
1843	1932
1851	1899
1882	1883
561	630
561	675
561	1172
561	1207
763	1819
890	892
890	1277
890	1424
890	1585
890	1685
890	1866
903	1206
904	1310
904	1339
904	1552
904	1631
904	1704
904	1995
1015	1226
1015	1593
1015	1640
1015	1746
1015	1803
1039	1115
1039	1180
1039	1303
1039	1431
1039	1744
1148	1698
1148	1884
1423	1560
1423	1918
1423	1950
1462	1532
1462	1543
1532	1763
1532	1872
1563	1853
1563	1892
1564	1830
1570	1799
1604	1642
1604	1759
1604	1819
1621	1780
1621	1997
1679	1735
1679	1999
1687	1757
1687	1762
1687	1895
1718	1786
1718	1951
1723	1905
658	1088
658	1224
658	1277
658	1358
658	1509
658	1725
658	1791
695	1413
695	1444
695	1632
695	1711
695	1960
799	874
799	1352
799	1943
942	1178
942	1559
942	1649
942	1666
942	1916
942	1942
942	1984
984	1409
984	1446
1035	1205
1035	1620
1104	1677
1104	1843
1336	1359
1336	1764
1516	1587
1516	1696
1516	1819
1516	1866
1516	1885
1516	1993
1660	1809
1664	1804
1724	1788
1724	1807
612	890
612	1257
612	1488
612	1566
1195	1693
1195	1925
1195	1965
1310	1700
1428	1565
1428	1818
1500	1596
1500	1780
1500	1811
1500	1895
1500	1949
1593	1885
1647	1715
1647	1841
1647	1860
1647	1912
1707	1770
897	1355
897	1412
897	1443
897	1508
897	1767
897	1995
1059	1332
1059	1506
1115	1372
1115	1520
1115	1641
1115	1718
1164	1392
1164	1611
1164	1615
1164	1985
1189	1387
1189	1770
1307	1509
1307	1588
1439	1639
1439	1937
1449	1674
1449	1756
1474	1577
1474	1618
1474	1720
1474	1905
1566	1933
1566	1941
1744	1847
1744	1972
1772	1777
1772	1795
1798	1950
834	1538
834	1757
834	1870
834	1932
834	1956
874	908
874	1032
874	1380
874	1640
874	1943
893	1621
893	1807
893	1957
953	1056
953	1076
953	1516
953	1695
953	1871
1011	1324
1011	1692
1019	1765
1019	1888
1046	1353
1046	1538
1046	1980
1085	1211
1085	1544
1088	1218
1088	1225
1088	1244
1088	1391
1088	1478
1088	1567
1088	1579
1088	1739
1292	1389
1292	1839
1323	1585
1323	1927
1356	1672
1793	1976
648	750
648	1245
648	1679
648	1957
648	1996
771	1015
771	1281
771	1289
771	1808
771	1819
908	1089
908	1714
908	1826
1076	1712
1076	1737
1076	1746
1076	1958
1111	1318
1111	1361
1111	1481
1321	1463
1321	1801
1345	1838
1675	1823
1675	1911
1704	1866
1704	1874
1704	1954
1704	1957
1867	1992
463	466
463	516
463	989
463	1065
463	1124
463	1126
463	1179
747	1106
747	1614
747	1985
750	899
750	1376
750	1444
750	1498
750	1500
750	1563
750	1735
750	1862
1065	1089
1065	1343
1065	1385
1065	1392
1065	1436
1065	1751
1065	1817
1065	1839
1143	1400
1143	1407
1143	1459
1143	1552
1143	1892
1143	1938
1397	1462
1513	1844
1610	1818
1610	1961
1714	1722
1714	1752
1714	1919
1714	1989
1800	1871
1804	1979
1804	1980
1960	1972
1139	1480
1139	1504
1139	1586
1578	1686
1578	1749
1644	1819
321	463
321	1060
321	1190
321	1348
321	1356
321	1501
321	1536
321	1749
321	1847
321	1937
745	943
745	1336
745	1352
745	1733
875	1549
875	1781
875	1853
875	1971
875	1999
1404	1572
1404	1867
1562	1686
1562	1803
1596	1974
1673	1743
1673	1961
1876	1966
751	860
751	877
751	909
751	1243
751	1269
751	1527
751	1559
751	1575
828	884
828	1217
828	1298
828	1465
828	1969
828	1988
1101	1260
1101	1427
1101	1617
1101	1884
1101	1889
1101	1955
1285	1397
1285	1480
1285	1529
1285	1577
1285	1695
1285	1738
1492	1937
1514	1945
1803	1968
1459	1803
1705	1838
1705	1921
1705	1982
1740	1756
1740	1827
1740	1959
744	824
744	1139
744	1161
987	1047
987	1310
987	1386
987	1515
1180	1215
1180	1297
1180	1407
1776	1815
1776	1888
1376	1390
1376	1503
1376	1506
1376	1724
1376	1739
1413	1447
1413	1938
1413	1992
1600	1793
1600	1914
1629	1706
1009	1060
1009	1240
1009	1397
1009	1458
1227	1298
1227	1299
1227	1542
1227	1570
1227	1617
1227	1838
1380	1381
1380	1556
1486	1677
1486	1765
1941	1954
858	1067
858	1469
858	1644
858	1713
858	1718
1315	1570
1315	1933
1385	1970
1944	1946
1944	1959
1640	1749
1864	1985
1974	1988
1974	1993
810	1582
810	1645
810	1946
1245	1546
1245	1673
1245	1702
1245	1707
1245	1733
1245	1759
1245	1864
1245	1947
1567	1591
1595	1785
1595	1911
1595	1950
1595	1995
1625	1681
1625	1996
1711	1918
1089	1419
1089	1578
1741	1945
945	994
945	1060
945	1227
945	1556
945	1720
945	1753
1368	1536
1368	1548
1368	1635
1414	1417
1414	1534
1414	1802
1818	1855
1818	1956
1395	1472
1395	1818
1424	1493
1424	1707
1833	1916
1186	1299
1186	1615
1186	1741
1186	1772
1308	1573
1308	1614
1308	1683
1308	1745
1308	1809
1350	1564
1350	1742
1393	1579
1393	1828
1394	1579
1394	1625
1394	1673
1548	1973
1548	1996
1642	1723
1642	1974
1333	1490
1333	1765
934	1068
934	1101
934	1332
934	1458
1152	1279
1152	1302
1152	1578
1152	1650
1152	1846
1152	1973
1129	1180
1129	1894
1129	1981
1419	1833
1419	1834
1419	1913
1685	1914
1685	1962
1633	1882
1633	1884
1722	1751
613	850
613	1276
613	1643
613	1764
613	1787
1654	1888
1786	1855
1786	1890
1859	1977
1766	1923
1347	1491
1347	1767
1347	1844
1347	1876
1347	1933
1527	1827
1510	1532
1510	1557
1510	1622
1510	1731
1807	1904
1807	1958
1807	1978
1442	1673
1442	1741
1442	1826
1581	1648
1581	1857
1581	1941
1523	1870
1628	1736
1708	1930
