# Undirected graph (each unordered pair of nodes is saved once): output/networks/ScaleFree100removeRandom-90percent.txt
# Nodes: 200 Edges: 2136
# NodeId	NodeId
6	12
6	18
6	25
6	31
6	33
6	49
6	70
6	77
6	81
6	83
6	91
6	93
6	107
6	130
6	146
6	148
6	164
6	165
6	189
6	196
6	234
6	250
6	287
6	297
6	301
6	329
6	342
6	411
6	438
6	475
6	492
6	498
6	610
6	647
6	681
6	683
6	694
6	708
6	745
6	774
6	785
6	813
6	835
6	1086
6	1122
6	1313
6	1635
6	1886
6	1901
6	1902
6	1916
6	1925
6	1935
6	1953
6	1989
12	18
12	25
12	31
12	33
12	49
12	70
12	77
12	81
12	83
12	91
12	93
12	107
12	130
12	131
12	148
12	156
12	164
12	189
12	199
12	250
12	267
12	298
12	309
12	342
12	370
12	382
12	483
12	492
12	565
12	585
12	610
12	676
12	683
12	745
12	835
12	858
12	913
12	921
12	1012
12	1230
12	1251
12	1257
12	1292
12	1313
12	1378
12	1465
12	1474
12	1513
12	1605
12	1635
12	1691
12	1694
12	1769
12	1826
12	1902
12	1912
12	1928
12	1935
12	1953
18	25
18	31
18	33
18	49
18	70
18	77
18	81
18	83
18	91
18	93
18	130
18	131
18	146
18	164
18	165
18	173
18	196
18	240
18	295
18	309
18	382
18	393
18	458
18	499
18	565
18	585
18	618
18	630
18	652
18	671
18	683
18	709
18	793
18	839
18	918
18	948
18	1012
18	1060
18	1074
18	1095
18	1169
18	1404
18	1465
18	1605
18	1643
18	1806
18	1935
18	1989
25	31
25	33
25	49
25	70
25	77
25	81
25	83
25	91
25	93
25	107
25	131
25	146
25	148
25	156
25	164
25	173
25	196
25	199
25	240
25	245
25	287
25	297
25	328
25	393
25	449
25	458
25	475
25	492
25	499
25	585
25	649
25	671
25	683
25	708
25	768
25	774
25	827
25	835
25	858
25	873
25	896
25	948
25	1035
25	1097
25	1105
25	1132
25	1157
25	1173
25	1257
25	1313
25	1328
25	1341
25	1378
25	1398
25	1415
25	1465
25	1519
25	1708
25	1877
31	33
31	49
31	70
31	77
31	81
31	83
31	91
31	93
31	107
31	130
31	131
31	146
31	148
31	156
31	164
31	189
31	196
31	199
31	218
31	234
31	287
31	295
31	300
31	301
31	334
31	369
31	411
31	458
31	471
31	472
31	499
31	585
31	652
31	676
31	708
31	709
31	839
31	911
31	918
31	981
31	1052
31	1060
31	1079
31	1086
31	1105
31	1257
31	1277
31	1310
31	1330
31	1415
31	1574
31	1877
31	1902
31	1985
31	1989
33	49
33	70
33	77
33	81
33	83
33	91
33	93
33	107
33	130
33	131
33	148
33	156
33	164
33	165
33	196
33	234
33	240
33	245
33	287
33	298
33	301
33	393
33	471
33	472
33	492
33	499
33	565
33	581
33	585
33	615
33	618
33	649
33	683
33	837
33	948
33	981
33	1012
33	1079
33	1086
33	1105
33	1157
33	1169
33	1260
33	1467
33	1479
33	1616
33	1662
33	1869
33	1897
33	1928
33	1994
49	70
49	77
49	81
49	83
49	91
49	93
49	107
49	130
49	131
49	146
49	156
49	164
49	189
49	196
49	199
49	218
49	234
49	240
49	245
49	267
49	298
49	328
49	329
49	342
49	359
49	370
49	393
49	411
49	471
49	472
49	483
49	565
49	610
49	618
49	630
49	647
49	671
49	681
49	683
49	713
49	785
49	793
49	827
49	842
49	861
49	873
49	918
49	1107
49	1292
49	1398
49	1473
49	1616
49	1691
49	1776
49	1806
49	1877
49	1902
49	1935
49	1994
70	77
70	81
70	83
70	91
70	93
70	107
70	130
70	131
70	146
70	148
70	156
70	164
70	165
70	173
70	218
70	240
70	267
70	297
70	298
70	301
70	328
70	342
70	411
70	458
70	498
70	499
70	581
70	585
70	615
70	647
70	676
70	683
70	708
70	732
70	837
70	839
70	883
70	911
70	1068
70	1074
70	1132
70	1173
70	1230
70	1519
70	1605
70	1659
70	1773
70	1853
70	1912
70	1916
77	81
77	83
77	91
77	93
77	107
77	130
77	131
77	146
77	156
77	165
77	173
77	199
77	218
77	287
77	297
77	298
77	300
77	309
77	329
77	342
77	346
77	471
77	492
77	498
77	581
77	610
77	618
77	630
77	708
77	732
77	745
77	785
77	813
77	837
77	861
77	896
77	941
77	948
77	1079
77	1092
77	1415
77	1694
77	1928
81	83
81	91
81	93
81	107
81	130
81	131
81	146
81	148
81	156
81	164
81	165
81	196
81	218
81	234
81	245
81	267
81	297
81	300
81	301
81	309
81	346
81	359
81	369
81	411
81	471
81	472
81	483
81	492
81	498
81	565
81	615
81	671
81	709
81	713
81	721
81	745
81	785
81	793
81	883
81	896
81	911
81	918
81	934
81	958
81	1049
81	1052
81	1060
81	1068
81	1122
81	1157
81	1173
81	1209
81	1230
81	1479
81	1519
81	1531
81	1710
81	1773
81	1901
81	1972
81	1989
83	91
83	93
83	107
83	130
83	131
83	148
83	156
83	164
83	165
83	173
83	189
83	196
83	218
83	240
83	245
83	287
83	297
83	300
83	309
83	359
83	369
83	370
83	449
83	458
83	469
83	475
83	483
83	615
83	673
83	681
83	694
83	708
83	713
83	835
83	837
83	842
83	858
83	934
83	941
83	1052
83	1095
83	1257
83	1328
83	1330
83	1341
83	1378
83	1398
83	1415
83	1474
83	1616
83	1691
83	1806
83	1897
83	1911
91	93
91	107
91	130
91	146
91	148
91	189
91	196
91	199
91	245
91	287
91	295
91	298
91	300
91	301
91	328
91	329
91	334
91	342
91	346
91	382
91	393
91	458
91	469
91	499
91	565
91	581
91	676
91	694
91	708
91	713
91	721
91	896
91	941
91	1079
91	1095
91	1122
91	1132
91	1173
91	1257
91	1260
91	1278
91	1292
91	1326
91	1465
91	1479
91	1605
91	1630
91	1683
91	1694
91	1806
91	1882
91	1884
91	1911
91	1994
93	107
93	130
93	131
93	146
93	148
93	156
93	189
93	199
93	234
93	240
93	250
93	295
93	297
93	298
93	309
93	334
93	346
93	370
93	449
93	458
93	471
93	472
93	483
93	565
93	581
93	630
93	681
93	694
93	774
93	793
93	827
93	835
93	861
93	873
93	918
93	921
93	958
93	1068
93	1086
93	1107
93	1209
93	1251
93	1290
93	1296
93	1378
93	1404
93	1447
93	1473
93	1474
93	1479
93	1574
93	1630
93	1635
93	1759
93	1773
93	1901
107	130
107	131
107	148
107	156
107	165
107	196
107	199
107	218
107	234
107	240
107	250
107	295
107	298
107	301
107	328
107	370
107	411
107	438
107	449
107	475
107	483
107	499
107	615
107	673
107	683
107	721
107	774
107	835
107	839
107	934
107	1029
107	1107
107	1157
107	1169
107	1257
107	1277
107	1296
107	1310
107	1398
107	1447
107	1474
107	1574
107	1826
107	1884
107	1935
107	1953
107	1985
131	148
131	164
131	165
131	189
131	196
131	199
131	234
131	240
131	267
131	287
131	300
131	328
131	329
131	334
131	382
131	449
131	499
131	555
131	581
131	618
131	671
131	676
131	681
131	785
131	827
131	835
131	873
131	934
131	958
131	1068
131	1086
131	1092
131	1132
131	1230
131	1257
131	1260
131	1296
131	1310
131	1330
131	1479
131	1720
131	1759
131	1826
131	1886
131	1901
131	1916
131	1953
146	165
146	196
146	199
146	240
146	250
146	267
146	287
146	300
146	328
146	334
146	342
146	369
146	438
146	565
146	610
146	647
146	683
146	709
146	721
146	732
146	861
146	883
146	918
146	934
146	981
146	1032
146	1290
146	1447
146	1691
146	1769
146	1890
146	1911
148	165
148	218
148	234
148	287
148	300
148	309
148	334
148	342
148	370
148	393
148	469
148	483
148	499
148	565
148	647
148	652
148	694
148	709
148	713
148	774
148	785
148	827
148	835
148	861
148	873
148	911
148	1035
148	1068
148	1107
148	1122
148	1209
148	1277
148	1292
148	1326
148	1465
148	1473
148	1474
148	1886
148	1901
148	1972
156	164
156	189
156	196
156	218
156	298
156	309
156	329
156	334
156	342
156	382
156	393
156	469
156	472
156	475
156	565
156	581
156	732
156	745
156	785
156	835
156	896
156	1012
156	1052
156	1095
156	1107
156	1251
156	1277
156	1290
156	1341
156	1378
156	1465
156	1531
156	1630
156	1912
164	173
164	199
164	218
164	234
164	287
164	298
164	329
164	346
164	438
164	469
164	472
164	499
164	581
164	615
164	713
164	768
164	774
164	785
164	883
164	896
164	921
164	1052
164	1092
164	1095
164	1157
164	1341
164	1683
164	1691
164	1871
165	173
165	189
165	218
165	245
165	295
165	301
165	309
165	346
165	369
165	370
165	411
165	458
165	581
165	647
165	837
165	858
165	861
165	873
165	941
165	981
165	1012
165	1035
165	1105
165	1257
165	1278
165	1467
165	1513
165	1605
165	1710
165	1882
165	1928
173	196
173	234
173	245
173	295
173	298
173	309
173	342
173	346
173	370
173	393
173	449
173	471
173	475
173	498
173	649
173	671
173	681
173	713
173	732
173	785
173	793
173	835
173	896
173	1049
173	1079
173	1095
173	1173
173	1230
173	1257
173	1260
173	1465
173	1826
173	1897
196	199
196	240
196	334
196	342
196	475
196	492
196	555
196	585
196	618
196	793
196	837
196	1012
196	1029
196	1052
196	1105
196	1278
196	1290
196	1330
196	1398
196	1708
196	1882
196	1916
199	245
199	297
199	300
199	359
199	369
199	411
199	438
199	565
199	585
199	610
199	649
199	911
199	1035
199	1060
199	1068
199	1086
199	1230
199	1257
199	1328
199	1473
199	1897
199	1928
234	295
234	298
234	328
234	334
234	342
234	346
234	369
234	449
234	581
234	652
234	683
234	774
234	793
234	861
234	941
234	1052
234	1068
234	1079
234	1173
234	1326
234	1605
234	1853
234	1886
245	297
245	309
245	328
245	370
245	393
245	438
245	458
245	565
245	676
245	835
245	861
245	918
245	1012
245	1122
245	1330
245	1473
245	1531
245	1635
245	1806
245	1869
245	1912
267	295
267	297
267	300
267	309
267	328
267	359
267	393
267	492
267	565
267	615
267	652
267	676
267	745
267	785
267	921
267	981
267	1049
267	1209
267	1251
267	1290
267	1313
267	1330
267	1341
267	1574
267	1683
267	1710
267	1901
267	1985
287	295
287	300
287	334
287	342
287	346
287	369
287	471
287	472
287	483
287	492
287	555
287	581
287	610
287	647
287	708
287	709
287	774
287	813
287	861
287	913
287	941
287	1012
287	1035
287	1157
287	1531
287	1616
287	1691
287	1694
287	1773
287	1877
287	1886
287	1972
287	1985
346	369
346	471
346	472
346	676
346	708
346	768
346	918
346	1173
346	1292
346	1519
346	1662
393	475
393	483
393	630
393	676
393	813
393	837
393	1251
393	1404
393	1415
393	1474
393	1776
393	1871
449	458
449	585
449	615
449	647
449	873
449	948
449	1032
449	1074
449	1209
449	1328
449	1473
449	1531
449	1643
449	1683
449	1776
449	1806
449	1871
565	709
565	721
565	768
565	1012
565	1074
565	1095
565	1296
565	1326
565	1519
565	1574
565	1886
565	1953
618	745
618	774
618	883
618	1173
618	1257
618	1513
618	1662
618	1683
618	1708
618	1710
618	1853
618	1871
652	934
652	1122
652	1209
652	1473
652	1710
652	1869
745	842
745	1985
774	839
774	1313
774	1326
774	1473
774	1662
774	1853
873	1107
873	1277
873	1278
873	1341
873	1691
873	1884
873	1902
918	1097
918	1157
918	1251
918	1296
918	1465
918	1694
1029	1691
1029	1806
1029	1902
1068	1173
1068	1447
1068	1869
1068	1972
1097	1277
1097	1776
1097	1826
1122	1519
1122	1776
1292	1513
1292	1826
1326	1871
1474	1574
1531	1605
1531	1985
1574	1826
1574	1853
1574	1869
1574	1928
1643	1662
1643	1911
130	146
130	148
130	189
130	196
130	250
130	267
130	287
130	295
130	297
130	301
130	382
130	438
130	565
130	615
130	649
130	671
130	673
130	694
130	708
130	745
130	827
130	861
130	873
130	883
130	911
130	918
130	981
130	1132
130	1169
130	1230
130	1310
130	1326
130	1378
130	1398
130	1467
130	1635
130	1708
130	1710
189	196
189	245
189	250
189	298
189	369
189	370
189	411
189	449
189	492
189	498
189	499
189	649
189	652
189	676
189	708
189	793
189	827
189	835
189	858
189	1035
189	1173
189	1378
189	1465
189	1519
189	1574
189	1630
189	1683
240	300
240	301
240	342
240	346
240	469
240	471
240	475
240	618
240	694
240	708
240	785
240	827
240	913
240	1060
240	1107
240	1209
240	1341
295	301
295	309
295	329
295	342
295	469
295	499
295	555
295	618
295	671
295	673
295	713
295	896
295	911
295	918
295	1122
295	1230
295	1277
295	1330
295	1473
295	1759
295	1853
297	298
297	300
297	328
297	334
297	382
297	393
297	411
297	471
297	483
297	618
297	774
297	827
297	941
297	1029
297	1097
297	1173
297	1277
297	1330
298	346
298	499
298	721
298	768
298	813
298	941
298	1290
298	1806
298	1871
298	1902
328	382
328	449
328	475
328	555
328	565
328	581
328	585
328	630
328	647
328	708
328	713
328	732
328	768
328	774
328	835
328	896
328	1092
328	1107
328	1157
328	1173
328	1230
328	1278
328	1290
328	1292
328	1513
328	1574
328	1776
328	1826
328	1972
329	382
329	683
329	713
329	721
329	745
329	981
329	1032
329	1035
329	1052
329	1097
329	1107
329	1209
329	1292
329	1313
329	1404
329	1826
329	1972
334	346
334	393
334	555
334	647
334	858
334	873
334	896
334	918
334	1079
334	1092
334	1404
334	1474
334	1683
334	1759
334	1806
334	1886
334	1902
359	581
359	647
359	649
359	676
359	827
359	896
359	913
359	1035
359	1049
359	1079
359	1251
359	1474
359	1911
359	1912
359	1935
359	1953
370	565
370	610
370	647
370	709
370	745
370	1029
370	1032
370	1052
370	1105
370	1169
370	1251
370	1310
370	1341
458	472
458	873
458	1029
458	1278
458	1662
472	565
472	721
472	839
472	1662
472	1691
472	1708
472	1925
492	498
492	694
492	708
492	732
492	858
492	1095
492	1230
492	1574
492	1643
498	555
498	610
498	721
498	837
498	842
498	941
498	1032
498	1092
498	1105
498	1132
498	1398
555	683
555	708
555	835
555	1032
555	1060
555	1068
555	1173
555	1290
555	1330
555	1467
555	1925
681	683
681	793
681	835
681	839
681	873
681	1029
681	1467
681	1691
681	1720
681	1759
681	1806
683	793
683	835
683	837
683	1132
683	1574
683	1662
683	1826
732	785
732	873
732	913
732	921
732	1035
732	1296
732	1916
768	1049
768	1341
768	1659
768	1911
768	1985
839	958
839	1049
839	1068
839	1278
839	1574
911	1086
911	1257
911	1925
941	1230
941	1341
941	1465
941	1890
981	1473
981	1989
981	1994
1032	1169
1032	1277
1032	1605
1032	1890
1032	1989
1105	1531
1105	1776
1251	1328
1251	1398
1251	1574
1310	1313
1310	1404
1398	1635
1467	1662
1826	1897
1826	1928
250	267
250	301
250	309
250	328
250	492
250	647
250	745
250	813
250	837
250	941
250	1060
250	1157
250	1467
250	1473
250	1759
250	1985
342	382
342	581
342	835
342	948
342	958
342	1328
342	1643
342	1659
342	1691
342	1994
438	469
438	471
438	585
438	671
438	839
438	948
438	1132
438	1574
438	1882
438	1886
438	1974
469	647
469	649
469	858
469	911
469	1260
469	1473
469	1925
469	1985
475	681
475	708
475	709
475	713
475	839
475	842
475	1092
475	1132
475	1296
475	1710
475	1806
475	1897
585	630
585	839
585	958
585	1574
585	1635
585	1643
610	785
610	1209
610	1415
610	1473
610	1708
647	713
647	813
647	1012
647	1097
647	1292
647	1447
647	1882
647	1925
649	732
649	1092
649	1251
649	1902
713	732
713	793
713	883
713	1068
713	1260
713	1330
713	1574
713	1605
713	1769
713	1897
713	1989
721	732
721	785
721	934
721	1097
721	1107
721	1378
721	1605
721	1972
837	858
837	913
837	948
837	1074
837	1095
837	1630
837	1882
837	1901
896	918
896	1447
896	1897
1074	1326
1074	1479
1074	1710
1313	1886
1447	1877
1447	1890
1447	1953
1616	1935
1616	1974
1691	1974
1773	1853
1853	1911
1877	1886
218	267
218	301
218	328
218	370
218	393
218	471
218	472
218	483
218	555
218	565
218	681
218	709
218	713
218	793
218	883
218	1032
218	1052
218	1132
218	1251
218	1313
218	1708
218	1826
369	393
369	411
369	498
369	649
369	676
369	745
369	913
369	1012
369	1097
369	1474
369	1691
369	1773
369	1806
369	1953
382	393
382	438
382	449
382	555
382	581
382	694
382	708
382	745
382	839
382	883
382	913
382	948
382	1029
382	1079
382	1105
382	1277
382	1296
382	1330
382	1341
382	1404
382	1683
382	1882
382	1886
471	498
471	499
471	649
471	813
471	837
471	934
471	1052
471	1068
471	1079
471	1086
471	1095
471	1260
471	1474
471	1616
471	1710
471	1902
499	630
499	671
499	732
499	785
499	883
499	941
499	1313
499	1328
499	1447
499	1662
499	1869
499	1994
673	721
673	793
673	835
673	911
673	921
673	1886
673	1928
676	713
676	827
676	921
676	1052
676	1290
676	1296
676	1378
676	1415
676	1694
676	1720
676	1769
676	1877
708	813
708	858
708	934
708	1074
708	1105
708	1662
708	1853
708	1935
934	1012
934	1029
934	1079
934	1157
934	1902
934	1974
1012	1092
1012	1465
1049	1173
1049	1398
1049	1708
1107	1122
1107	1132
1107	1296
1107	1513
1107	1683
1107	1897
1107	1901
1107	1912
1277	1328
1277	1415
1277	1882
1330	1773
1341	1574
1341	1769
1378	1415
1404	1474
1404	1776
1465	1769
1662	1853
1662	1877
1662	1928
301	346
301	369
301	438
301	565
301	652
301	673
301	745
301	873
301	1068
301	1086
301	1107
301	1169
301	1310
301	1467
301	1605
301	1691
301	1806
301	1886
671	676
671	683
671	732
671	1052
671	1074
671	1107
671	1257
671	1278
671	1292
671	1330
671	1513
671	1683
671	1882
671	1925
694	813
694	1068
694	1086
694	1095
694	1169
694	1330
694	1398
958	1035
958	1330
958	1877
958	1974
1035	1074
1035	1415
1035	1853
1169	1328
1169	1972
1173	1313
1173	1404
1257	1925
1513	1806
300	458
300	469
300	471
300	498
300	610
300	615
300	618
300	1173
300	1278
300	1326
300	1398
300	1467
300	1643
300	1708
300	1773
300	1806
300	1871
300	1953
300	1985
300	1994
615	649
615	745
615	1105
615	1157
615	1251
615	1330
615	1474
615	1869
615	1890
793	948
793	1029
793	1074
793	1079
793	1710
793	1985
913	921
913	958
913	1157
913	1328
913	1710
913	1720
913	1928
1157	1290
1157	1935
1415	1759
1415	1935
1710	1769
411	438
411	499
411	585
411	861
411	911
411	941
411	1330
411	1415
411	1643
411	1806
411	1994
785	1447
785	1708
785	1710
813	861
813	1060
813	1097
813	1296
813	1662
813	1985
835	934
835	1122
835	1479
835	1776
1086	1230
1086	1260
1086	1378
1086	1691
1635	1659
1886	1912
1886	1953
1886	1985
1916	1925
1916	1974
581	774
581	785
581	941
581	1012
581	1105
581	1278
581	1330
581	1710
581	1877
581	1972
581	1974
858	896
858	1107
858	1157
858	1513
858	1630
858	1882
861	1630
861	1694
948	1049
948	1095
948	1097
948	1260
948	1479
948	1912
1132	1330
1278	1616
1278	1694
1278	1776
1278	1882
1911	1989
1296	1473
1720	1928
1871	1985
1897	1925
827	1012
827	1049
827	1257
827	1296
827	1313
827	1415
827	1519
827	1911
883	981
883	1095
883	1296
883	1474
883	1635
883	1720
883	1806
883	1916
1060	1278
1060	1310
1060	1328
1769	1901
1806	1928
309	328
309	342
309	346
309	615
309	649
309	721
309	835
309	858
309	913
309	941
309	1012
309	1107
309	1260
309	1277
309	1341
309	1465
309	1643
842	911
842	1095
842	1230
842	1260
842	1691
842	1694
842	1769
1079	1092
1079	1169
1079	1251
1079	1479
1079	1826
1079	1902
1079	1928
1630	1806
1630	1884
1869	1928
1869	1974
483	498
483	555
483	618
483	793
483	837
483	842
483	1060
483	1095
483	1328
483	1447
921	958
921	1290
921	1292
1519	1616
1519	1776
1519	1882
1519	1901
1519	1989
1659	1994
630	681
630	683
630	709
630	713
630	858
630	1097
630	1107
630	1776
630	1869
630	1935
630	1985
1052	1209
1052	1230
1052	1313
1052	1473
1052	1616
1052	1708
1260	1296
1260	1415
709	774
709	793
709	837
709	883
709	911
709	941
709	1292
709	1519
709	1882
1095	1157
1095	1473
1095	1659
1095	1683
1095	1826
1095	1901
1092	1710
1092	1911
