# Undirected graph (each unordered pair of nodes is saved once): output/networks/ScaleFree200removeDegree-85percent.txt
# Nodes: 300 Edges: 1860
# NodeId	NodeId
921	1461
921	1582
921	1619
921	1758
921	1792
921	1807
921	1836
921	1840
921	1862
921	1880
921	1884
921	1974
947	1176
947	1255
947	1362
947	1467
947	1614
947	1634
947	1760
947	1800
947	1852
947	1984
947	1993
1003	1204
1003	1266
1003	1354
1003	1415
1003	1478
1003	1492
1003	1665
1003	1695
1003	1818
1003	1822
1003	1901
1003	1957
1172	1182
1172	1347
1172	1412
1172	1494
1172	1515
1172	1543
1172	1557
1172	1638
1172	1651
1172	1680
1172	1710
1172	1717
1172	1795
1172	1853
1172	1940
1185	1219
1185	1501
1185	1661
1185	1723
1185	1733
1185	1811
1185	1856
1185	1873
1185	1874
1185	1890
1185	1900
1185	1912
1185	1962
1185	1963
1219	1222
1219	1248
1219	1514
1219	1551
1219	1563
1219	1666
1219	1758
1219	1783
1219	1837
1219	1916
1219	1922
1307	1399
1307	1637
1307	1640
1307	1677
1307	1695
1307	1714
1307	1722
1307	1823
1307	1867
1307	1921
1307	1947
1354	1544
1354	1556
1354	1734
1354	1795
1354	1796
1354	1876
1354	1928
1354	1954
1354	1986
1398	1638
1398	1714
1398	1717
1398	1762
1398	1781
1398	1795
1398	1975
1402	1467
1402	1478
1402	1530
1402	1604
1402	1722
1402	1776
1402	1791
1402	1828
1402	1841
1402	1887
1402	1921
1402	1963
1402	1983
1402	1986
1412	1461
1412	1651
1412	1710
1412	1800
1412	1807
1412	1811
1412	1885
1412	1920
1412	1935
1412	1965
1415	1497
1415	1528
1415	1557
1415	1677
1415	1698
1415	1762
1415	1815
1415	1876
1415	1897
1415	1926
1415	1959
1415	1989
1494	1503
1494	1565
1494	1639
1494	1674
1494	1714
1494	1761
1494	1796
1494	1803
1494	1867
1494	1933
1494	1975
1501	1559
1501	1604
1501	1803
1501	1841
1501	1880
1501	1884
1501	1928
1501	1947
1501	1986
1514	1632
1514	1707
1514	1712
1514	1775
1514	1811
1514	1963
1532	1559
1532	1620
1532	1632
1532	1649
1532	1720
1532	1733
1532	1761
1532	1764
1532	1895
1532	1921
1532	1969
1556	1559
1556	1637
1556	1649
1556	1660
1556	1792
1556	1823
1556	1826
1556	1873
1556	1883
1556	1971
1559	1661
1559	1749
1559	1776
1559	1847
1559	1873
1559	1911
1559	1969
1559	1975
1565	1609
1565	1622
1565	1666
1565	1733
1565	1769
1565	1779
1565	1791
1565	1836
1565	1847
1565	1861
1565	1993
1569	1588
1569	1660
1569	1664
1569	1721
1569	1734
1569	1762
1569	1865
1569	1890
1569	1934
1569	1974
1569	1998
1581	1596
1581	1637
1581	1859
1615	1649
1615	1677
1615	1949
1615	1969
1615	1971
1615	1990
1618	1619
1618	1632
1618	1651
1618	1689
1618	1710
1618	1745
1618	1758
1618	1823
1618	1897
1622	1738
1622	1815
1622	1895
1622	1947
1622	1968
1622	1983
1622	1989
1640	1665
1640	1758
1640	1783
1640	1829
1640	1865
1640	1874
1640	1912
1640	1915
1674	1738
1674	1781
1674	1796
1674	1861
1674	1876
1674	1958
1674	1968
1680	1730
1680	1747
1680	1764
1680	1811
1680	1876
1680	1922
1680	1990
1680	1998
1689	1698
1689	1776
1689	1779
1689	1852
1689	1928
1689	1961
1689	1963
1698	1710
1698	1762
1698	1877
1698	1990
1712	1714
1712	1738
1712	1796
1712	1806
1712	1874
1712	1885
1712	1994
1717	1719
1717	1761
1717	1815
1717	1880
1717	1958
1717	1960
1717	1962
1717	1990
1744	1747
1744	1822
1744	1832
1744	1848
1744	1859
1744	1911
1744	1939
1747	1822
1747	1877
1747	1924
1774	1787
1774	1962
1774	1990
1779	1827
1779	1871
1779	1922
1779	1930
1779	1958
1779	1998
1781	1819
1781	1827
1781	1847
1781	1871
1781	1965
1781	1994
1783	1835
1783	1883
1783	1912
1783	1945
1806	1846
1806	1885
1806	1910
1806	1917
1806	1963
1806	1975
1826	1827
1826	1865
1826	1885
1826	1933
1829	1886
1829	1978
1829	1993
1837	1900
1837	1922
1837	1946
1837	1954
1840	1936
1840	1966
1840	1981
1840	1990
1840	1994
1846	1850
1846	1852
1846	1854
1846	1936
1846	1964
1856	1886
1856	1904
1856	1935
1865	1909
1865	1922
1865	1932
1865	1969
1884	1909
1884	1949
1884	1967
1884	1995
1885	1939
1885	1960
1885	1964
1900	1939
1900	1975
1912	1986
1936	1957
1936	1964
1936	1981
1945	1946
1947	1949
1948	1949
1948	1958
1109	1276
1109	1532
1109	1615
1109	1660
1109	1668
1109	1688
1109	1698
1109	1701
1109	1722
1109	1776
1109	1862
1109	1885
1109	1936
1109	1998
1109	1999
1120	1185
1120	1517
1120	1541
1120	1596
1120	1614
1120	1781
1120	1867
1120	1873
1120	1912
1120	1939
1120	1959
1120	1983
1169	1503
1169	1528
1169	1720
1169	1722
1169	1974
1222	1448
1222	1452
1222	1515
1222	1572
1222	1634
1222	1826
1222	1846
1222	1866
1222	1874
1222	1887
1222	1948
1222	1984
1222	1987
1281	1408
1281	1449
1281	1514
1281	1581
1281	1588
1281	1688
1281	1698
1281	1720
1281	1752
1281	1769
1281	1795
1281	1828
1281	1910
1281	1936
1295	1354
1295	1539
1295	1588
1295	1593
1295	1615
1295	1646
1295	1677
1295	1747
1295	1828
1295	1933
1296	1404
1296	1673
1296	1674
1296	1717
1296	1730
1296	1807
1296	1927
1296	1936
1296	1940
1296	1978
1309	1497
1309	1722
1309	1737
1309	1774
1309	1791
1309	1819
1309	1963
1309	1965
1408	1451
1408	1517
1408	1536
1408	1677
1408	1752
1408	1764
1408	1779
1408	1823
1408	1832
1408	1940
1408	1960
1448	1581
1448	1646
1448	1669
1448	1712
1448	1737
1448	1774
1448	1781
1448	1880
1448	1909
1467	1534
1467	1609
1467	1722
1467	1745
1467	1779
1467	1802
1467	1806
1467	1807
1467	1895
1467	1962
1497	1499
1497	1532
1497	1614
1497	1721
1497	1791
1497	1806
1497	1820
1497	1885
1497	1904
1497	1932
1497	1983
1499	1536
1499	1569
1499	1642
1499	1646
1499	1730
1499	1927
1499	1945
1499	1960
1499	1968
1499	1982
1530	1539
1530	1717
1530	1760
1530	1866
1530	1873
1530	1968
1530	1998
1530	1999
1541	1604
1541	1637
1541	1660
1541	1837
1541	1874
1544	1596
1544	1738
1544	1764
1544	1811
1544	1817
1544	1871
1544	1898
1544	1947
1544	1965
1544	1990
1554	1783
1554	1795
1554	1806
1554	1864
1554	1934
1554	1967
1554	1994
1557	1572
1557	1637
1557	1688
1557	1822
1557	1859
1557	1912
1557	1922
1557	1948
1557	1949
1557	1989
1563	1637
1563	1638
1563	1745
1563	1791
1563	1832
1563	1897
1563	1920
1563	1964
1638	1677
1638	1779
1638	1822
1638	1862
1638	1900
1644	1650
1644	1664
1644	1688
1644	1744
1644	1762
1644	1800
1644	1856
1644	1862
1644	1877
1644	1883
1644	1911
1644	1920
1644	1958
1645	1719
1645	1744
1645	1749
1645	1779
1645	1791
1645	1815
1645	1829
1645	1883
1645	1981
1650	1792
1650	1856
1650	1864
1650	1877
1650	1883
1650	1917
1661	1668
1661	1719
1661	1734
1661	1837
1661	1909
1661	1962
1661	1971
1661	1990
1669	1701
1669	1721
1669	1737
1669	1744
1669	1828
1669	1835
1669	1837
1669	1895
1669	1917
1669	1940
1714	1788
1714	1803
1714	1840
1714	1852
1714	1946
1714	1998
1720	1740
1720	1792
1720	1819
1720	1847
1720	1933
1720	1993
1721	1752
1721	1795
1721	1807
1721	1909
1721	1927
1721	1946
1721	1986
1730	1747
1730	1852
1730	1854
1730	1895
1730	1959
1730	1960
1733	1856
1733	1948
1749	1761
1749	1792
1749	1802
1749	1832
1749	1850
1749	1853
1749	1864
1749	1927
1749	1984
1749	1998
1752	1802
1752	1817
1752	1829
1752	1848
1752	1876
1752	1900
1758	1781
1758	1850
1758	1959
1758	1978
1758	1986
1758	1998
1769	1800
1769	1933
1775	1781
1775	1788
1775	1840
1775	1917
1775	1983
1775	1986
1828	1967
1828	1974
1836	1848
1836	1861
1836	1962
1866	1873
1866	1883
1866	1906
1866	1960
1866	1986
1866	1990
1890	1910
1890	1966
1890	1972
1890	1984
1911	1917
1911	1932
1911	1959
1922	1993
1927	1930
1927	1998
1927	1999
1939	1947
1939	1975
1954	1965
1954	1980
1961	1978
1961	1998
1971	1986
862	1169
862	1219
862	1307
862	1448
862	1472
862	1480
862	1568
862	1677
862	1698
862	1737
862	1787
862	1846
862	1847
862	1876
862	1966
1052	1127
1052	1248
1052	1347
1052	1415
1052	1616
1052	1642
1052	1699
1052	1723
1052	1730
1052	1740
1052	1895
1052	1911
1052	1994
1127	1484
1127	1614
1127	1632
1127	1734
1127	1760
1127	1906
1127	1924
1127	1930
1127	1945
1127	1960
1220	1248
1220	1449
1220	1461
1220	1472
1220	1619
1220	1634
1220	1651
1220	1769
1220	1837
1220	1867
1220	1880
1220	1898
1220	1906
1298	1396
1298	1563
1298	1642
1298	1669
1298	1823
1298	1912
1298	1921
1298	1954
1298	1969
1298	1981
1298	1983
1298	1984
1305	1514
1305	1536
1305	1543
1305	1572
1305	1622
1305	1688
1305	1695
1305	1803
1305	1819
1305	1926
1305	1990
1347	1425
1347	1480
1347	1651
1347	1660
1347	1723
1347	1776
1347	1818
1347	1880
1347	1898
1347	1910
1385	1514
1385	1666
1385	1846
1385	1885
1385	1890
1385	1901
1385	1928
1385	1936
1385	1940
1385	1963
1385	1971
1399	1448
1399	1486
1399	1541
1399	1556
1399	1615
1399	1655
1399	1707
1399	1783
1399	1846
1399	1915
1399	1921
1399	1943
1399	1989
1431	1451
1431	1588
1431	1614
1431	1664
1431	1823
1431	1847
1431	1859
1431	1877
1431	1886
1431	1990
1436	1503
1436	1515
1436	1563
1436	1616
1436	1646
1436	1666
1436	1669
1436	1738
1436	1827
1436	1911
1436	1972
1436	1983
1436	1990
1436	1995
1464	1467
1464	1492
1464	1514
1464	1566
1464	1661
1464	1688
1464	1802
1464	1898
1464	1960
1464	1972
1464	1986
1464	1999
1484	1501
1484	1515
1484	1530
1484	1569
1484	1638
1484	1644
1484	1655
1484	1660
1484	1758
1484	1852
1484	1866
1484	1867
1484	1915
1484	1962
1503	1572
1503	1604
1503	1608
1503	1637
1503	1646
1503	1762
1503	1856
1503	1866
1503	1932
1503	1959
1551	1609
1551	1615
1551	1649
1551	1677
1551	1698
1551	1806
1551	1823
1551	1846
1551	1874
1551	1928
1551	1983
1568	1582
1568	1744
1568	1774
1568	1792
1568	1867
1568	1912
1568	1964
1568	1965
1608	1673
1608	1758
1608	1876
1608	1901
1608	1912
1608	1921
1608	1928
1608	1934
1608	1981
1637	1639
1637	1674
1637	1710
1637	1719
1637	1764
1637	1837
1637	1906
1637	1968
1660	1689
1660	1707
1660	1766
1660	1817
1660	1862
1660	1886
1660	1917
1660	1980
1668	1701
1668	1787
1668	1826
1668	1884
1668	1904
1668	1912
1668	1935
1668	1954
1668	1998
1673	1689
1673	1792
1677	1852
1677	1924
1677	1927
1677	1972
1699	1717
1699	1803
1699	1846
1699	1847
1699	1864
1699	1874
1699	1964
1699	1978
1699	1994
1701	1840
1701	1901
1701	1912
1701	1989
1722	1745
1722	1960
1722	1981
1734	1900
1734	1959
1764	1800
1764	1867
1764	1871
1764	1924
1764	1982
1764	1984
1764	1995
1766	1774
1766	1775
1766	1820
1766	1840
1766	1895
1766	1900
1766	1949
1766	1995
1788	1791
1788	1822
1788	1885
1788	1890
1788	1909
1788	1975
1792	1829
1792	1865
1792	1927
1792	1964
1792	1967
1792	1999
1796	1916
1796	1928
1796	1943
1796	1949
1796	1961
1823	1835
1823	1935
1823	1962
1823	1963
1823	1982
1827	1911
1867	1883
1877	1965
1877	1968
1877	1984
1887	1900
1887	1916
1887	1924
1887	1928
1920	1928
1946	1984
1964	1966
1966	1987
1138	1219
1138	1404
1138	1425
1138	1492
1138	1614
1138	1615
1138	1701
1138	1795
1138	1850
1138	1856
1138	1864
1138	1958
1138	1981
1176	1248
1176	1412
1176	1530
1176	1620
1176	1639
1176	1645
1176	1720
1176	1734
1176	1803
1176	1877
1176	1916
1176	1940
1176	1963
1182	1201
1182	1305
1182	1494
1182	1563
1182	1619
1182	1698
1182	1745
1182	1760
1182	1818
1182	1819
1182	1822
1182	1886
1204	1219
1204	1347
1204	1404
1204	1677
1204	1698
1204	1760
1204	1819
1204	1826
1204	1832
1204	1836
1255	1494
1255	1581
1255	1582
1255	1730
1255	1734
1255	1871
1255	1917
1255	1934
1255	1948
1255	1965
1266	1563
1266	1655
1266	1698
1266	1762
1266	1764
1266	1803
1266	1853
1266	1859
1266	1866
1266	1927
1266	1940
1266	1966
1266	1989
1339	1484
1339	1554
1339	1720
1339	1721
1339	1774
1339	1827
1339	1866
1339	1877
1339	1917
1339	1967
1339	1981
1339	1983
1339	1994
1362	1514
1362	1529
1362	1566
1362	1614
1362	1775
1362	1781
1362	1883
1362	1966
1362	1971
1362	1982
1362	1987
1449	1451
1449	1499
1449	1556
1449	1645
1449	1688
1449	1760
1449	1779
1449	1835
1449	1910
1449	1932
1449	1989
1461	1499
1461	1503
1461	1551
1461	1710
1461	1749
1461	1818
1461	1910
1478	1492
1478	1593
1478	1651
1478	1740
1478	1806
1478	1807
1478	1846
1478	1854
1478	1884
1478	1930
1478	1939
1478	1963
1515	1608
1515	1638
1515	1749
1515	1820
1515	1856
1515	1926
1515	1948
1515	1993
1534	1541
1534	1619
1534	1666
1534	1677
1534	1698
1534	1841
1534	1883
1534	1885
1534	1948
1534	1964
1534	1968
1534	1975
1582	1698
1582	1710
1582	1811
1582	1817
1582	1850
1582	1885
1582	1897
1582	1922
1582	1932
1649	1666
1649	1712
1649	1787
1649	1975
1655	1689
1655	1947
1665	1734
1665	1744
1665	1752
1665	1787
1665	1811
1665	1866
1665	1910
1665	1920
1665	1926
1665	1949
1745	1787
1745	1853
1745	1917
1745	1948
1787	1788
1787	1811
1787	1864
1787	1877
1787	1978
1795	1835
1795	1859
1795	1928
1817	1828
1817	1848
1817	1859
1817	1895
1847	1862
1847	1924
1847	1959
1864	1897
1864	1961
1871	1910
1871	1954
1871	1959
1871	1963
1871	1974
1873	1909
1873	1967
1873	1995
1910	1921
1910	1967
1910	1995
1915	1926
1915	1958
1915	1987
1915	1994
1926	1989
1926	1995
1932	1940
1932	1949
1932	1954
1932	1969
1932	1982
1932	1984
1932	1990
1935	1983
1940	1943
1940	1980
1943	1962
1943	1968
1958	1965
1962	1993
1962	1995
1963	1994
1974	1983
1974	1989
1348	1501
1348	1710
1348	1774
1348	1796
1348	1806
1348	1818
1348	1866
1348	1874
1348	1877
1348	1969
1371	1515
1371	1649
1371	1674
1371	1807
1371	1916
1371	1922
1371	1935
1371	1943
1371	1975
1371	1998
1404	1497
1404	1534
1404	1544
1404	1604
1404	1638
1404	1661
1404	1819
1404	1884
1404	1887
1404	1987
1425	1451
1425	1461
1425	1557
1425	1559
1425	1649
1425	1673
1425	1752
1425	1822
1425	1840
1425	1915
1425	1920
1425	1984
1452	1530
1452	1559
1452	1568
1452	1569
1452	1608
1452	1791
1452	1795
1452	1871
1452	1969
1452	1978
1463	1467
1463	1733
1463	1795
1463	1874
1463	1880
1463	1884
1463	1922
1463	1989
1646	1688
1646	1720
1646	1775
1646	1841
1646	1853
1646	1898
1646	1958
1719	1720
1719	1738
1719	1761
1719	1774
1719	1815
1719	1861
1719	1916
1719	1936
1719	1984
1740	1744
1740	1745
1740	1856
1740	1884
1740	1940
1740	1945
1740	1947
1791	1853
1791	1871
1791	1964
1803	1823
1803	1861
1803	1901
1803	1926
1803	1936
1822	1898
1822	1943
1861	1876
1861	1897
1861	1911
1861	1915
1861	1972
1861	1986
1874	1922
1874	1945
1876	1883
1876	1915
1876	1984
1895	1964
1909	1934
1909	1940
1909	1967
1909	1971
1921	1972
1957	1962
1967	1972
1967	1978
1975	1978
1975	1986
1248	1298
1248	1386
1248	1528
1248	1544
1248	1554
1248	1796
1248	1971
1472	1494
1472	1541
1472	1688
1472	1740
1472	1752
1472	1861
1472	1924
1472	1928
1472	1989
1472	1990
1536	1568
1536	1642
1536	1723
1536	1730
1536	1841
1536	1887
1536	1922
1536	1930
1536	1972
1536	1974
1572	1650
1572	1668
1572	1733
1572	1745
1572	1904
1572	1989
1572	1993
1588	1668
1588	1720
1588	1761
1588	1864
1588	1873
1588	1883
1588	1993
1620	1634
1620	1783
1620	1828
1620	1880
1620	1906
1620	1920
1620	1954
1710	1752
1710	1835
1710	1933
1710	1934
1710	1964
1737	1766
1737	1924
1737	1943
1737	1986
1737	1987
1738	1795
1738	1817
1738	1829
1738	1836
1738	1916
1738	1969
1738	1980
1802	1885
1802	1900
1802	1930
1802	1987
1802	1998
1811	1848
1811	1884
1811	1921
1811	1954
1811	1965
1818	1828
1818	1841
1818	1916
1818	1920
1818	1921
1818	1954
1820	1854
1820	1862
1820	1873
1820	1915
1820	1954
1848	1862
1848	1895
1848	1930
1848	1945
1848	1963
1848	1972
1850	1856
1850	1859
1850	1926
1852	1853
1852	1957
1852	1964
1897	1901
1901	1922
1901	1936
1901	1984
1924	1954
1924	1974
1924	1981
1965	1978
1965	1999
1277	1305
1277	1307
1277	1309
1277	1503
1277	1517
1277	1551
1277	1588
1277	1802
1277	1826
1277	1847
1277	1854
1277	1927
1277	1947
1277	1999
1422	1451
1422	1467
1422	1563
1422	1566
1422	1634
1422	1639
1422	1712
1422	1747
1422	1876
1422	1904
1422	1926
1422	1962
1422	1972
1422	1993
1492	1529
1492	1565
1492	1572
1492	1701
1492	1850
1492	1873
1492	1884
1492	1911
1492	1954
1492	1960
1492	1971
1517	1688
1517	1760
1517	1791
1517	1840
1517	1912
1517	1927
1517	1946
1517	1948
1543	1634
1543	1714
1543	1720
1543	1791
1543	1852
1543	1884
1543	1901
1543	1906
1543	1984
1543	1987
1543	1995
1566	1618
1566	1666
1566	1722
1566	1791
1566	1835
1566	1911
1566	1921
1566	1935
1614	1642
1614	1883
1614	1974
1707	1733
1707	1758
1707	1820
1707	1846
1707	1922
1707	1946
1707	1983
1819	1840
1819	1993
1819	1999
1832	1852
1832	1871
1832	1904
1832	1945
1832	1960
1832	1966
1832	1967
1832	1971
1832	1975
1027	1431
1027	1461
1027	1528
1027	1638
1027	1660
1027	1734
1027	1788
1027	1815
1027	1901
1027	1906
1027	1930
1027	1949
1027	1984
1529	1582
1529	1634
1529	1688
1529	1776
1529	1856
1529	1865
1529	1920
1529	1933
1529	1936
1529	1987
1529	1989
1529	1994
1609	1674
1609	1721
1609	1791
1609	1807
1609	1819
1609	1880
1609	1898
1609	1901
1609	1939
1609	1959
1666	1701
1666	1822
1666	1840
1666	1874
1666	1957
1666	1961
1666	1981
1807	1848
1807	1864
1807	1887
1807	1909
1835	1847
1835	1900
1835	1959
1835	1966
1835	1972
1835	1986
1528	1615
1528	1642
1528	1707
1528	1847
1528	1850
1528	1852
1528	1932
1528	1990
1539	1619
1539	1638
1539	1673
1539	1707
1539	1747
1539	1776
1539	1850
1539	1854
1539	1901
1539	1930
1539	1932
1539	1959
1539	1961
1639	1674
1639	1747
1639	1769
1639	1800
1639	1815
1639	1826
1639	1847
1639	1885
1639	1971
1695	1862
1695	1883
1695	1886
1695	1928
1695	1930
1695	1968
1762	1818
1762	1820
1762	1848
1762	1897
1762	1939
1762	1958
1800	1861
1800	1871
1800	1886
1800	1910
1800	1961
1854	1867
1854	1887
1854	1920
1854	1926
1854	1943
1880	1945
1880	1971
1886	1927
1886	1972
1886	1989
1917	1966
1093	1385
1093	1399
1093	1422
1093	1528
1093	1593
1093	1616
1093	1734
1093	1752
1093	1766
1093	1818
1093	1841
1093	1854
1093	1924
1093	1927
1486	1532
1486	1541
1486	1559
1486	1622
1486	1655
1486	1660
1486	1688
1486	1775
1486	1823
1486	1871
1486	1900
1486	1993
1593	1616
1593	1618
1593	1651
1593	1666
1593	1766
1593	1779
1593	1853
1593	1862
1593	1939
1593	1947
1593	1974
1616	1655
1616	1721
1616	1758
1616	1766
1616	1916
1616	1935
1616	1936
1616	1961
1898	1901
1898	1982
1898	1983
1916	1934
1916	1961
1930	1933
1930	1978
1972	1999
1386	1448
1386	1554
1386	1566
1386	1581
1386	1609
1386	1774
1386	1781
1386	1788
1386	1910
1386	1934
1386	1982
1386	1987
1386	1995
1386	1998
1451	1514
1451	1604
1451	1608
1451	1616
1451	1639
1451	1661
1451	1802
1451	1819
1451	1827
1451	1995
1604	1615
1604	1674
1604	1714
1604	1867
1604	1874
1604	1886
1604	1887
1604	1949
1604	1954
1634	1638
1634	1714
1634	1826
1634	1835
1634	1836
1634	1865
1634	1900
1634	1906
1723	1745
1723	1986
1862	1886
1862	1912
1862	1921
1862	1930
1632	1644
1632	1645
1632	1811
1632	1854
1632	1866
1632	1890
1632	1916
1632	1943
1632	1949
1632	1981
1632	1993
1776	1895
1776	1959
1776	1962
1853	1924
1853	1930
1853	1949
1853	1980
1859	1940
1859	1961
1859	1980
1201	1248
1201	1501
1201	1532
1201	1649
1201	1699
1201	1740
1201	1749
1201	1807
1201	1911
1201	1916
1201	1948
1201	1954
1619	1712
1619	1733
1619	1758
1619	1787
1619	1792
1619	1836
1619	1932
1619	1940
1651	1723
1651	1846
1651	1847
1651	1880
1651	1895
1651	1915
1651	1922
1651	1999
1688	1836
1815	1900
1815	1912
1815	1968
1906	1924
1906	1926
1906	1994
1959	1980
1959	1983
1480	1637
1480	1642
1480	1714
1480	1796
1480	1819
1480	1876
1480	1906
1480	1993
1761	1819
1761	1848
1761	1861
1396	1448
1396	1514
1396	1655
1396	1669
1396	1689
1396	1722
1396	1787
1396	1792
1396	1807
1396	1818
1396	1945
1396	1949
1396	1981
1396	1994
1664	1689
1664	1707
1664	1737
1664	1764
1664	1776
1664	1847
1664	1854
1664	1884
1664	1910
1664	1928
1664	1995
1276	1408
1276	1639
1276	1640
1276	1674
1276	1774
1276	1802
1276	1815
1276	1862
1276	1906
1276	1909
1276	1964
1276	1972
1596	1615
1596	1719
1596	1819
1596	1826
1596	1829
1596	1876
1596	1884
1596	1920
1596	1972
1642	1752
1642	1769
1642	1795
1642	1876
1642	1971
1760	1769
1760	1776
1760	1867
1760	1880
1760	1965
1760	1987
1760	1993
