# Undirected graph (each unordered pair of nodes is saved once): output/networks/ScaleFree500removeCentrality-95percent.txt
# Nodes: 100 Edges: 554
# NodeId	NodeId
1463	1479
1463	1579
1463	1814
1463	1880
1463	1916
1463	1957
1463	1982
1467	1518
1467	1619
1467	1671
1467	1676
1467	1687
1467	1817
1467	1839
1467	1845
1467	1945
1467	1957
1467	1975
1479	1655
1479	1708
1479	1729
1479	1805
1479	1842
1479	1907
1479	1915
1479	1935
1479	1960
1518	1619
1518	1640
1518	1655
1518	1687
1518	1725
1518	1735
1518	1901
1518	1915
1518	1988
1518	1995
1546	1618
1546	1676
1546	1720
1546	1839
1546	1881
1546	1916
1546	1921
1546	1957
1546	1989
1579	1655
1579	1657
1579	1671
1579	1734
1579	1769
1579	1814
1579	1891
1579	1921
1579	1995
1600	1655
1600	1724
1600	1840
1600	1847
1600	1861
1600	1916
1600	1960
1600	1982
1600	1983
1600	1995
1602	1671
1602	1726
1602	1729
1602	1744
1602	1753
1602	1824
1602	1897
1602	1900
1602	1926
1602	1957
1602	1975
1602	1996
1617	1734
1617	1744
1617	1840
1617	1880
1617	1897
1617	1957
1617	1958
1634	1655
1634	1814
1634	1839
1634	1845
1634	1871
1634	1942
1634	1989
1634	1992
1634	1993
1655	1720
1655	1847
1655	1886
1655	1942
1655	1958
1657	1672
1657	1708
1657	1729
1657	1776
1657	1800
1657	1820
1657	1824
1657	1842
1657	1862
1657	1880
1657	1900
1657	1902
1657	1935
1670	1687
1670	1753
1670	1824
1670	1876
1670	1932
1670	1987
1726	1735
1726	1753
1726	1769
1726	1840
1726	1845
1726	1862
1726	1915
1726	1931
1726	1957
1726	1960
1726	1982
1726	1987
1726	1993
1729	1835
1729	1847
1729	1916
1729	1935
1729	1957
1729	1989
1729	1992
1742	1850
1742	1861
1742	1902
1742	1907
1742	1936
1742	1945
1742	1960
1742	1965
1742	1987
1744	1886
1744	1891
1744	1901
1744	1902
1744	1958
1744	1983
1744	1987
1753	1776
1753	1794
1753	1798
1753	1965
1753	1971
1753	1987
1753	1992
1753	1995
1794	1900
1794	1964
1794	1982
1800	1840
1800	1861
1800	1891
1800	1902
1817	1839
1817	1845
1817	1876
1817	1885
1817	1921
1835	1900
1835	1907
1835	1921
1835	1960
1840	1861
1840	1881
1840	1900
1840	1916
1840	1942
1842	1881
1842	1902
1842	1932
1842	1958
1842	1976
1842	1995
1861	1902
1861	1921
1861	1936
1861	1960
1861	1965
1861	1993
1861	1996
1897	1900
1897	1936
1900	1926
1900	1982
1902	1975
1902	1989
1921	1932
1921	1976
1921	1987
1926	1982
1926	1995
1931	1945
1931	1957
1932	1965
1932	1992
1932	1996
1945	1985
1958	1965
1958	1988
1964	1971
1964	1987
1975	1976
1975	1983
1975	1995
1982	1983
1982	1996
1300	1463
1300	1655
1300	1798
1300	1835
1300	1902
1300	1915
1300	1926
1300	1931
1300	1964
1300	1983
1300	1993
1618	1619
1618	1657
1618	1669
1618	1708
1618	1798
1618	1820
1618	1876
1618	1931
1618	1989
1663	1726
1663	1744
1663	1800
1663	1880
1663	1907
1663	1942
1663	1964
1663	1965
1663	1993
1671	1734
1671	1742
1671	1753
1671	1794
1671	1800
1671	1824
1671	1861
1671	1876
1671	1885
1671	1902
1671	1931
1671	1960
1687	1725
1687	1726
1687	1776
1687	1880
1687	1931
1687	1964
1687	1988
1687	1995
1724	1731
1724	1742
1724	1794
1724	1901
1724	1915
1724	1926
1724	1958
1731	1897
1731	1916
1731	1921
1731	1985
1735	1742
1735	1798
1735	1820
1735	1845
1735	1850
1735	1862
1735	1876
1735	1886
1735	1945
1735	1975
1735	1987
1769	1820
1769	1824
1769	1835
1769	1842
1769	1845
1769	1850
1769	1891
1769	1942
1769	1976
1769	1982
1776	1835
1776	1847
1776	1876
1776	1880
1776	1886
1776	1891
1776	1901
1776	1926
1776	1931
1776	1932
1776	1964
1776	1982
1791	1847
1791	1891
1791	1958
1791	1988
1805	1835
1805	1861
1805	1897
1805	1900
1805	1907
1805	1932
1805	1975
1805	1982
1845	1876
1845	1881
1845	1886
1845	1932
1845	1964
1845	1989
1880	1915
1880	1965
1880	1985
1886	1907
1886	1983
1891	1907
1891	1935
1901	1916
1901	1960
1901	1976
1907	1936
1907	1957
1907	1971
1907	1992
1935	1936
1935	1945
1935	1988
1960	1964
1960	1965
1960	1975
1960	1976
1960	1985
1960	1989
1971	1988
1971	1989
1971	1992
1985	1993
1458	1617
1458	1640
1458	1655
1458	1670
1458	1742
1458	1753
1458	1794
1458	1921
1566	1676
1566	1725
1566	1824
1566	1832
1566	1845
1566	1935
1566	1942
1566	1945
1566	1975
1566	1976
1651	1671
1651	1701
1651	1725
1651	1817
1651	1820
1651	1885
1651	1891
1651	1907
1651	1926
1651	1982
1651	1988
1669	1672
1669	1724
1669	1731
1669	1791
1669	1805
1669	1814
1669	1845
1669	1902
1669	1916
1669	1921
1669	1926
1669	1957
1669	1964
1669	1982
1669	1995
1676	1720
1676	1731
1676	1794
1676	1839
1676	1931
1676	1936
1676	1989
1676	1996
1708	1742
1708	1744
1708	1798
1708	1814
1708	1824
1708	1881
1708	1900
1708	1958
1734	1776
1734	1936
1734	1958
1734	1965
1734	1996
1839	1900
1839	1915
1839	1983
1850	1881
1850	1926
1850	1982
1850	1983
1850	1995
1957	1960
1957	1982
1957	1988
1983	1985
1989	1993
1989	1995
1640	1663
1640	1708
1640	1720
1640	1817
1640	1839
1640	1907
1640	1982
1640	1985
1640	1992
1672	1676
1672	1769
1672	1814
1672	1820
1672	1871
1672	1891
1672	1936
1672	1957
1672	1983
1720	1731
1720	1776
1720	1794
1720	1800
1720	1832
1720	1847
1720	1862
1720	1992
1725	1769
1725	1824
1725	1850
1725	1862
1725	1897
1725	1902
1725	1926
1725	1936
1725	1945
1725	1971
1725	1992
1820	1850
1820	1885
1820	1915
1820	1987
1824	1832
1824	1871
1824	1880
1824	1891
1824	1901
1824	1931
1824	1936
1824	1945
1824	1964
1832	1835
1832	1897
1832	1901
1862	1880
1862	1936
1862	1976
1871	1891
1871	1902
1871	1915
1871	1926
1871	1995
1915	1921
1915	1975
1915	1985
1915	1988
1942	1964
1942	1965
1701	1724
1701	1725
1701	1735
1701	1824
1701	1850
1701	1971
1701	1989
1701	1993
1701	1996
1847	1958
1847	1985
1619	1655
1619	1769
1619	1791
1619	1814
1619	1891
1619	1926
1619	1931
1619	1992
1881	1901
1881	1957
1881	1958
1881	1964
1881	1989
1936	1975
1936	1995
1814	1824
1814	1840
1814	1847
1814	1958
1814	1987
1814	1993
1885	1916
1885	1945
1885	1957
1885	1960
1885	1975
1885	1992
1916	1976
1916	1982
1916	1989
1798	1847
1798	1861
1798	1900
1798	1931
1798	1945
1798	1971
1798	1976
1798	1993
