# Undirected graph (each unordered pair of nodes is saved once): output/networks/ScaleFree100removeRandom-85percent.txt
# Nodes: 300 Edges: 4586
# NodeId	NodeId
1	6
1	12
1	18
1	25
1	31
1	33
1	49
1	64
1	70
1	77
1	81
1	83
1	91
1	93
1	107
1	123
1	126
1	130
1	148
1	164
1	184
1	189
1	194
1	196
1	199
1	213
1	234
1	240
1	245
1	268
1	280
1	295
1	297
1	298
1	328
1	329
1	334
1	346
1	358
1	359
1	370
1	393
1	397
1	398
1	431
1	449
1	457
1	458
1	472
1	492
1	498
1	504
1	555
1	577
1	601
1	618
1	681
1	683
1	732
1	735
1	768
1	839
1	911
1	918
1	919
1	941
1	981
1	999
1	1032
1	1068
1	1097
1	1105
1	1122
1	1125
1	1183
1	1219
1	1251
1	1263
1	1292
1	1310
1	1338
1	1367
1	1398
1	1467
1	1583
1	1683
1	1694
1	1826
1	1831
1	1939
6	12
6	18
6	25
6	31
6	33
6	49
6	64
6	70
6	77
6	81
6	83
6	91
6	93
6	107
6	121
6	123
6	126
6	130
6	146
6	148
6	164
6	165
6	184
6	189
6	196
6	206
6	234
6	239
6	250
6	279
6	287
6	297
6	301
6	325
6	329
6	342
6	411
6	438
6	475
6	478
6	492
6	498
6	610
6	622
6	647
6	672
6	680
6	681
6	683
6	694
6	708
6	745
6	774
6	785
6	813
6	835
6	906
6	1086
6	1122
6	1280
6	1313
6	1462
6	1600
6	1635
6	1786
6	1801
6	1886
6	1901
6	1902
6	1916
6	1925
6	1935
6	1953
6	1958
6	1989
12	18
12	25
12	31
12	33
12	49
12	64
12	70
12	77
12	81
12	83
12	91
12	93
12	107
12	121
12	123
12	126
12	130
12	131
12	148
12	156
12	164
12	184
12	189
12	199
12	206
12	213
12	250
12	267
12	279
12	280
12	298
12	309
12	342
12	370
12	382
12	459
12	483
12	492
12	565
12	585
12	610
12	622
12	676
12	680
12	683
12	735
12	745
12	835
12	858
12	913
12	921
12	942
12	951
12	1012
12	1058
12	1228
12	1230
12	1251
12	1257
12	1292
12	1313
12	1378
12	1465
12	1474
12	1497
12	1513
12	1554
12	1576
12	1605
12	1635
12	1691
12	1694
12	1712
12	1769
12	1786
12	1826
12	1850
12	1902
12	1912
12	1928
12	1935
12	1953
18	25
18	31
18	33
18	49
18	64
18	70
18	77
18	81
18	83
18	91
18	93
18	121
18	123
18	126
18	130
18	131
18	146
18	164
18	165
18	173
18	194
18	196
18	213
18	239
18	240
18	295
18	309
18	358
18	382
18	393
18	396
18	397
18	398
18	458
18	499
18	504
18	565
18	585
18	601
18	618
18	630
18	652
18	671
18	672
18	680
18	683
18	702
18	709
18	735
18	793
18	839
18	918
18	942
18	948
18	951
18	999
18	1006
18	1012
18	1044
18	1060
18	1074
18	1095
18	1169
18	1171
18	1367
18	1404
18	1458
18	1465
18	1558
18	1605
18	1643
18	1806
18	1935
18	1939
18	1989
25	31
25	33
25	49
25	64
25	70
25	77
25	81
25	83
25	91
25	93
25	107
25	121
25	123
25	131
25	146
25	148
25	156
25	164
25	173
25	194
25	196
25	199
25	213
25	239
25	240
25	245
25	280
25	287
25	297
25	328
25	393
25	396
25	398
25	443
25	449
25	458
25	475
25	478
25	492
25	499
25	585
25	592
25	622
25	649
25	671
25	672
25	683
25	708
25	768
25	774
25	827
25	835
25	858
25	870
25	873
25	896
25	906
25	942
25	948
25	999
25	1035
25	1051
25	1097
25	1105
25	1125
25	1130
25	1132
25	1157
25	1173
25	1257
25	1313
25	1328
25	1341
25	1351
25	1378
25	1398
25	1415
25	1434
25	1465
25	1519
25	1528
25	1535
25	1600
25	1647
25	1708
25	1786
25	1877
31	33
31	49
31	64
31	70
31	77
31	81
31	83
31	91
31	93
31	107
31	121
31	123
31	130
31	131
31	146
31	148
31	156
31	164
31	189
31	194
31	196
31	199
31	213
31	218
31	234
31	279
31	287
31	295
31	300
31	301
31	325
31	334
31	358
31	369
31	411
31	431
31	457
31	458
31	459
31	471
31	472
31	478
31	499
31	585
31	652
31	676
31	708
31	709
31	735
31	765
31	794
31	830
31	839
31	870
31	911
31	918
31	981
31	1051
31	1052
31	1060
31	1079
31	1086
31	1105
31	1130
31	1212
31	1224
31	1257
31	1277
31	1310
31	1330
31	1338
31	1367
31	1415
31	1574
31	1831
31	1877
31	1902
31	1985
31	1989
33	49
33	64
33	70
33	77
33	81
33	83
33	91
33	93
33	107
33	121
33	123
33	126
33	130
33	131
33	148
33	156
33	164
33	165
33	184
33	196
33	206
33	234
33	239
33	240
33	245
33	253
33	268
33	279
33	280
33	287
33	298
33	301
33	325
33	358
33	393
33	396
33	459
33	471
33	472
33	492
33	499
33	564
33	565
33	581
33	585
33	592
33	600
33	615
33	618
33	649
33	680
33	683
33	837
33	948
33	981
33	1012
33	1079
33	1086
33	1105
33	1121
33	1125
33	1157
33	1169
33	1260
33	1367
33	1467
33	1479
33	1616
33	1662
33	1707
33	1752
33	1801
33	1869
33	1897
33	1928
33	1977
33	1994
49	64
49	70
49	77
49	81
49	83
49	91
49	93
49	107
49	121
49	123
49	126
49	130
49	131
49	146
49	156
49	164
49	184
49	189
49	194
49	196
49	199
49	206
49	218
49	234
49	240
49	245
49	267
49	268
49	298
49	328
49	329
49	342
49	359
49	370
49	393
49	411
49	443
49	457
49	471
49	472
49	474
49	483
49	565
49	600
49	610
49	618
49	622
49	630
49	647
49	671
49	681
49	683
49	713
49	735
49	785
49	793
49	827
49	842
49	861
49	873
49	918
49	919
49	999
49	1006
49	1082
49	1107
49	1121
49	1125
49	1219
49	1292
49	1338
49	1398
49	1434
49	1473
49	1554
49	1600
49	1616
49	1647
49	1691
49	1712
49	1731
49	1752
49	1776
49	1801
49	1806
49	1850
49	1877
49	1902
49	1935
49	1966
49	1994
64	70
64	77
64	81
64	83
64	91
64	93
64	107
64	121
64	130
64	131
64	164
64	165
64	173
64	184
64	194
64	196
64	199
64	218
64	234
64	239
64	267
64	295
64	297
64	298
64	300
64	301
64	309
64	325
64	328
64	334
64	342
64	369
64	370
64	396
64	397
64	411
64	443
64	453
64	459
64	471
64	472
64	499
64	504
64	592
64	600
64	615
64	649
64	672
64	676
64	709
64	774
64	793
64	827
64	837
64	839
64	848
64	873
64	896
64	913
64	942
64	1035
64	1044
64	1105
64	1125
64	1169
64	1171
64	1195
64	1280
64	1326
64	1330
64	1404
64	1415
64	1528
64	1643
64	1707
64	1708
64	1720
64	1769
64	1801
64	1806
64	1813
64	1850
64	1853
64	1877
64	1901
64	1925
64	1953
70	77
70	81
70	83
70	91
70	93
70	107
70	121
70	123
70	126
70	130
70	131
70	146
70	148
70	156
70	164
70	165
70	173
70	184
70	206
70	213
70	218
70	239
70	240
70	253
70	267
70	268
70	297
70	298
70	301
70	328
70	342
70	396
70	398
70	411
70	430
70	457
70	458
70	498
70	499
70	504
70	581
70	585
70	592
70	615
70	647
70	676
70	683
70	708
70	732
70	794
70	837
70	839
70	883
70	911
70	919
70	1068
70	1074
70	1125
70	1130
70	1132
70	1173
70	1230
70	1519
70	1535
70	1605
70	1659
70	1752
70	1773
70	1850
70	1853
70	1912
70	1916
77	81
77	83
77	91
77	93
77	107
77	121
77	126
77	130
77	131
77	146
77	156
77	165
77	173
77	184
77	194
77	199
77	218
77	239
77	268
77	279
77	287
77	297
77	298
77	300
77	309
77	329
77	342
77	346
77	396
77	457
77	471
77	492
77	498
77	581
77	601
77	610
77	618
77	622
77	630
77	708
77	732
77	745
77	785
77	813
77	830
77	837
77	861
77	896
77	941
77	948
77	951
77	1006
77	1051
77	1079
77	1092
77	1130
77	1171
77	1263
77	1280
77	1390
77	1415
77	1694
77	1712
77	1928
81	83
81	91
81	93
81	107
81	126
81	130
81	131
81	146
81	148
81	156
81	164
81	165
81	194
81	196
81	218
81	234
81	239
81	245
81	253
81	267
81	268
81	279
81	297
81	300
81	301
81	309
81	325
81	346
81	359
81	369
81	396
81	411
81	457
81	471
81	472
81	483
81	492
81	498
81	565
81	600
81	615
81	671
81	672
81	709
81	713
81	721
81	745
81	785
81	793
81	883
81	896
81	911
81	918
81	934
81	958
81	1049
81	1052
81	1060
81	1062
81	1068
81	1082
81	1122
81	1148
81	1157
81	1171
81	1173
81	1209
81	1224
81	1230
81	1479
81	1519
81	1531
81	1554
81	1558
81	1710
81	1712
81	1773
81	1901
81	1958
81	1972
81	1989
83	91
83	93
83	107
83	121
83	123
83	126
83	130
83	131
83	148
83	156
83	164
83	165
83	173
83	184
83	189
83	196
83	206
83	213
83	218
83	240
83	245
83	287
83	297
83	300
83	309
83	358
83	359
83	369
83	370
83	396
83	398
83	431
83	449
83	458
83	469
83	475
83	483
83	504
83	564
83	615
83	672
83	673
83	680
83	681
83	694
83	708
83	713
83	794
83	835
83	837
83	842
83	848
83	858
83	870
83	891
83	934
83	941
83	999
83	1052
83	1095
83	1171
83	1257
83	1328
83	1330
83	1341
83	1378
83	1398
83	1415
83	1474
83	1497
83	1554
83	1597
83	1616
83	1691
83	1786
83	1801
83	1806
83	1897
83	1911
91	93
91	107
91	121
91	123
91	126
91	130
91	146
91	148
91	184
91	189
91	196
91	199
91	206
91	239
91	245
91	279
91	287
91	295
91	298
91	300
91	301
91	325
91	328
91	329
91	334
91	342
91	346
91	382
91	393
91	396
91	397
91	398
91	430
91	453
91	457
91	458
91	469
91	478
91	499
91	504
91	564
91	565
91	581
91	592
91	672
91	676
91	694
91	708
91	713
91	721
91	891
91	896
91	906
91	919
91	941
91	1079
91	1095
91	1122
91	1130
91	1132
91	1173
91	1257
91	1260
91	1278
91	1280
91	1292
91	1326
91	1462
91	1465
91	1479
91	1583
91	1605
91	1630
91	1683
91	1694
91	1806
91	1882
91	1884
91	1911
91	1994
93	107
93	121
93	123
93	126
93	130
93	131
93	146
93	148
93	156
93	189
93	194
93	199
93	206
93	234
93	240
93	250
93	268
93	279
93	280
93	295
93	297
93	298
93	309
93	325
93	334
93	346
93	370
93	397
93	430
93	449
93	457
93	458
93	471
93	472
93	478
93	483
93	504
93	565
93	581
93	592
93	601
93	622
93	630
93	681
93	694
93	774
93	793
93	794
93	827
93	830
93	835
93	861
93	873
93	906
93	918
93	921
93	958
93	1058
93	1062
93	1068
93	1086
93	1107
93	1130
93	1148
93	1209
93	1224
93	1251
93	1263
93	1290
93	1296
93	1378
93	1404
93	1434
93	1447
93	1473
93	1474
93	1479
93	1558
93	1574
93	1630
93	1635
93	1759
93	1773
93	1831
93	1850
93	1901
93	1958
107	121
107	123
107	126
107	130
107	131
107	148
107	156
107	165
107	184
107	196
107	199
107	206
107	218
107	234
107	239
107	240
107	250
107	295
107	298
107	301
107	328
107	370
107	396
107	397
107	398
107	411
107	431
107	438
107	449
107	453
107	474
107	475
107	483
107	499
107	504
107	600
107	601
107	615
107	673
107	683
107	686
107	721
107	774
107	794
107	835
107	839
107	934
107	1029
107	1058
107	1082
107	1107
107	1157
107	1169
107	1212
107	1228
107	1257
107	1263
107	1277
107	1296
107	1310
107	1390
107	1398
107	1434
107	1447
107	1474
107	1558
107	1574
107	1600
107	1786
107	1826
107	1884
107	1935
107	1953
107	1985
121	126
121	130
121	131
121	148
121	164
121	189
121	194
121	206
121	234
121	240
121	245
121	268
121	279
121	295
121	298
121	499
121	592
121	601
121	671
121	686
121	702
121	713
121	813
121	839
121	873
121	883
121	891
121	913
121	921
121	941
121	951
121	1068
121	1092
121	1107
121	1121
121	1277
121	1310
121	1330
121	1404
121	1434
121	1447
121	1479
121	1528
121	1531
121	1583
121	1616
121	1630
121	1635
121	1647
121	1694
121	1773
121	1776
121	1953
121	1958
123	126
123	130
123	146
123	148
123	165
123	173
123	184
123	189
123	196
123	199
123	206
123	239
123	245
123	267
123	268
123	287
123	298
123	300
123	325
123	329
123	342
123	358
123	369
123	370
123	469
123	471
123	472
123	483
123	498
123	601
123	618
123	647
123	709
123	721
123	732
123	785
123	848
123	911
123	918
123	934
123	948
123	958
123	981
123	1029
123	1074
123	1097
123	1105
123	1107
123	1195
123	1257
123	1260
123	1292
123	1296
123	1390
123	1404
123	1462
123	1473
123	1474
123	1497
123	1513
123	1616
123	1643
123	1683
123	1708
123	1853
123	1886
123	1902
123	1972
131	148
131	164
131	165
131	184
131	189
131	196
131	199
131	234
131	240
131	267
131	279
131	280
131	287
131	300
131	328
131	329
131	334
131	382
131	398
131	430
131	443
131	449
131	474
131	499
131	555
131	564
131	577
131	581
131	592
131	618
131	671
131	676
131	681
131	702
131	765
131	785
131	827
131	835
131	873
131	934
131	958
131	999
131	1006
131	1058
131	1062
131	1068
131	1086
131	1092
131	1132
131	1219
131	1230
131	1257
131	1260
131	1280
131	1296
131	1310
131	1330
131	1367
131	1479
131	1720
131	1752
131	1759
131	1826
131	1886
131	1901
131	1916
131	1953
131	1958
146	165
146	194
146	196
146	199
146	206
146	213
146	240
146	250
146	267
146	279
146	287
146	300
146	325
146	328
146	334
146	342
146	358
146	369
146	438
146	453
146	457
146	459
146	565
146	577
146	592
146	601
146	610
146	647
146	683
146	709
146	721
146	732
146	861
146	883
146	918
146	934
146	981
146	1032
146	1058
146	1121
146	1125
146	1228
146	1290
146	1447
146	1535
146	1691
146	1769
146	1831
146	1890
146	1911
146	1939
148	165
148	184
148	213
148	218
148	234
148	279
148	287
148	300
148	309
148	325
148	334
148	342
148	370
148	393
148	397
148	431
148	453
148	469
148	483
148	499
148	504
148	564
148	565
148	577
148	600
148	647
148	652
148	680
148	694
148	709
148	713
148	774
148	785
148	827
148	835
148	848
148	861
148	870
148	873
148	891
148	906
148	911
148	951
148	1035
148	1068
148	1107
148	1122
148	1130
148	1195
148	1209
148	1277
148	1292
148	1326
148	1338
148	1367
148	1462
148	1465
148	1473
148	1474
148	1576
148	1886
148	1901
148	1972
156	164
156	189
156	196
156	206
156	218
156	298
156	309
156	329
156	334
156	342
156	358
156	382
156	393
156	397
156	430
156	443
156	453
156	457
156	459
156	469
156	472
156	474
156	475
156	564
156	565
156	581
156	601
156	732
156	735
156	745
156	785
156	830
156	835
156	896
156	951
156	1012
156	1052
156	1095
156	1107
156	1121
156	1130
156	1228
156	1251
156	1277
156	1290
156	1341
156	1378
156	1465
156	1531
156	1630
156	1731
156	1801
156	1912
164	173
164	184
164	194
164	199
164	218
164	234
164	239
164	268
164	279
164	287
164	298
164	329
164	346
164	396
164	438
164	457
164	469
164	472
164	478
164	499
164	577
164	581
164	600
164	615
164	713
164	765
164	768
164	774
164	785
164	794
164	870
164	883
164	891
164	896
164	921
164	951
164	1052
164	1082
164	1092
164	1095
164	1148
164	1157
164	1195
164	1341
164	1462
164	1683
164	1691
164	1731
164	1813
164	1871
164	1966
165	173
165	184
165	189
165	213
165	218
165	245
165	279
165	295
165	301
165	309
165	346
165	369
165	370
165	396
165	411
165	430
165	457
165	458
165	504
165	564
165	581
165	601
165	647
165	837
165	858
165	861
165	873
165	941
165	951
165	981
165	1012
165	1035
165	1058
165	1105
165	1121
165	1257
165	1278
165	1467
165	1513
165	1600
165	1605
165	1710
165	1801
165	1813
165	1882
165	1928
173	194
173	196
173	213
173	234
173	239
173	245
173	295
173	298
173	309
173	342
173	346
173	370
173	393
173	397
173	430
173	443
173	449
173	457
173	471
173	475
173	498
173	564
173	649
173	671
173	680
173	681
173	702
173	713
173	732
173	785
173	793
173	794
173	835
173	896
173	1049
173	1062
173	1079
173	1095
173	1173
173	1230
173	1257
173	1260
173	1465
173	1826
173	1831
173	1897
196	199
196	213
196	240
196	253
196	334
196	342
196	358
196	443
196	459
196	475
196	478
196	492
196	555
196	585
196	618
196	672
196	793
196	837
196	848
196	1012
196	1029
196	1052
196	1062
196	1082
196	1105
196	1148
196	1195
196	1278
196	1290
196	1330
196	1398
196	1535
196	1576
196	1597
196	1708
196	1786
196	1882
196	1916
199	245
199	297
199	300
199	325
199	359
199	369
199	411
199	438
199	443
199	565
199	585
199	610
199	649
199	911
199	919
199	1035
199	1051
199	1060
199	1068
199	1082
199	1086
199	1148
199	1171
199	1230
199	1257
199	1328
199	1473
199	1528
199	1786
199	1897
199	1928
234	280
234	295
234	298
234	325
234	328
234	334
234	342
234	346
234	369
234	397
234	431
234	443
234	449
234	581
234	592
234	652
234	680
234	683
234	774
234	793
234	794
234	848
234	861
234	941
234	1006
234	1052
234	1068
234	1079
234	1171
234	1173
234	1219
234	1326
234	1605
234	1853
234	1886
239	245
239	250
239	253
239	267
239	398
239	431
239	449
239	577
239	610
239	630
239	681
239	702
239	765
239	848
239	913
239	919
239	981
239	1035
239	1051
239	1052
239	1086
239	1169
239	1209
239	1341
239	1458
239	1479
239	1662
239	1707
239	1708
239	1769
239	1813
239	1886
245	279
245	297
245	309
245	328
245	370
245	393
245	397
245	438
245	458
245	474
245	478
245	564
245	565
245	592
245	676
245	735
245	835
245	861
245	906
245	918
245	1012
245	1122
245	1330
245	1351
245	1473
245	1531
245	1635
245	1806
245	1869
245	1912
267	268
267	280
267	295
267	297
267	300
267	309
267	325
267	328
267	359
267	393
267	431
267	453
267	492
267	564
267	565
267	592
267	615
267	652
267	676
267	745
267	785
267	921
267	981
267	1049
267	1125
267	1209
267	1228
267	1251
267	1280
267	1290
267	1313
267	1330
267	1338
267	1341
267	1535
267	1574
267	1597
267	1683
267	1710
267	1850
267	1901
267	1985
268	369
268	396
268	431
268	443
268	449
268	504
268	555
268	600
268	615
268	630
268	673
268	681
268	713
268	721
268	793
268	794
268	911
268	921
268	934
268	941
268	948
268	1122
268	1195
268	1257
268	1263
268	1367
268	1398
268	1535
268	1554
268	1871
287	295
287	300
287	334
287	342
287	346
287	369
287	471
287	472
287	483
287	492
287	555
287	581
287	601
287	610
287	647
287	708
287	709
287	765
287	774
287	813
287	861
287	913
287	941
287	951
287	999
287	1012
287	1035
287	1157
287	1458
287	1531
287	1616
287	1691
287	1694
287	1773
287	1786
287	1813
287	1877
287	1886
287	1972
287	1985
346	369
346	430
346	471
346	472
346	474
346	676
346	686
346	708
346	768
346	830
346	848
346	918
346	1173
346	1292
346	1519
346	1535
346	1662
393	398
393	459
393	475
393	478
393	483
393	504
393	564
393	577
393	630
393	676
393	702
393	813
393	837
393	1006
393	1082
393	1171
393	1251
393	1367
393	1404
393	1415
393	1474
393	1558
393	1600
393	1752
393	1776
393	1871
398	438
398	458
398	478
398	565
398	585
398	647
398	649
398	673
398	681
398	686
398	694
398	732
398	745
398	793
398	837
398	839
398	906
398	948
398	1107
398	1212
398	1447
398	1635
398	1662
398	1759
398	1869
398	1925
398	1939
430	438
430	474
430	585
430	618
430	694
430	1006
430	1148
430	1157
430	1398
430	1513
430	1662
430	1939
443	453
443	471
443	475
443	673
443	774
443	830
443	858
443	891
443	1051
443	1062
443	1079
443	1513
443	1616
443	1643
443	1691
443	1694
443	1994
449	458
449	577
449	585
449	600
449	615
449	647
449	702
449	873
449	948
449	1032
449	1074
449	1209
449	1328
449	1338
449	1473
449	1531
449	1576
449	1643
449	1683
449	1776
449	1806
449	1871
565	709
565	721
565	765
565	768
565	999
565	1012
565	1074
565	1095
565	1121
565	1195
565	1280
565	1296
565	1326
565	1519
565	1574
565	1786
565	1850
565	1886
565	1953
592	610
592	794
592	835
592	1105
592	1277
592	1447
592	1558
592	1630
592	1972
592	1977
592	1994
600	649
600	652
600	735
600	774
600	813
600	921
600	1121
600	1310
600	1338
600	1404
600	1635
600	1694
600	1776
600	1826
600	1850
618	745
618	774
618	883
618	1058
618	1173
618	1195
618	1257
618	1367
618	1513
618	1535
618	1662
618	1683
618	1708
618	1710
618	1853
618	1871
618	1966
652	934
652	1122
652	1209
652	1263
652	1473
652	1710
652	1752
652	1869
702	735
702	827
702	913
702	948
702	1171
702	1257
702	1528
702	1635
702	1853
735	745
735	768
735	794
735	861
735	1006
735	1044
735	1230
735	1280
735	1467
735	1473
735	1813
735	1939
745	842
745	1458
745	1985
774	839
774	1051
774	1125
774	1313
774	1326
774	1473
774	1528
774	1662
774	1801
774	1831
774	1850
774	1853
794	835
794	837
794	848
794	951
794	1195
794	1224
794	1313
794	1801
873	1107
873	1148
873	1277
873	1278
873	1341
873	1691
873	1786
873	1843
873	1884
873	1902
918	1097
918	1157
918	1171
918	1195
918	1212
918	1251
918	1296
918	1390
918	1465
918	1554
918	1694
918	1731
919	958
919	1122
919	1574
919	1635
919	1662
919	1869
919	1897
1029	1058
1029	1390
1029	1497
1029	1691
1029	1731
1029	1806
1029	1902
1029	1939
1058	1195
1058	1292
1058	1310
1058	1447
1058	1535
1058	1643
1058	1731
1068	1173
1068	1219
1068	1434
1068	1447
1068	1583
1068	1869
1068	1972
1097	1212
1097	1277
1097	1338
1097	1554
1097	1576
1097	1776
1097	1826
1122	1519
1122	1776
1195	1338
1195	1683
1195	1710
1195	1850
1195	1912
1263	1330
1263	1519
1263	1643
1263	1710
1280	1574
1280	1616
1280	1939
1280	1977
1292	1434
1292	1513
1292	1826
1326	1871
1367	1662
1434	1558
1434	1635
1474	1574
1531	1605
1531	1985
1574	1813
1574	1826
1574	1853
1574	1869
1574	1928
1643	1662
1643	1911
126	130
126	131
126	148
126	156
126	164
126	165
126	184
126	194
126	196
126	199
126	206
126	213
126	239
126	268
126	297
126	298
126	300
126	325
126	328
126	396
126	472
126	492
126	504
126	585
126	601
126	649
126	672
126	709
126	713
126	721
126	732
126	745
126	768
126	774
126	793
126	835
126	839
126	873
126	941
126	951
126	958
126	981
126	1006
126	1049
126	1051
126	1052
126	1068
126	1079
126	1105
126	1107
126	1132
126	1157
126	1251
126	1263
126	1277
126	1290
126	1296
126	1390
126	1434
126	1554
126	1576
126	1597
126	1662
126	1694
126	1813
126	1886
130	146
130	148
130	184
130	189
130	196
130	206
130	213
130	250
130	267
130	279
130	280
130	287
130	295
130	297
130	301
130	382
130	438
130	453
130	457
130	478
130	565
130	615
130	649
130	671
130	673
130	694
130	708
130	745
130	827
130	830
130	861
130	873
130	883
130	911
130	918
130	981
130	1132
130	1169
130	1219
130	1224
130	1230
130	1280
130	1310
130	1326
130	1378
130	1398
130	1467
130	1497
130	1528
130	1535
130	1558
130	1635
130	1708
130	1710
130	1731
130	1786
184	194
184	199
184	218
184	240
184	245
184	250
184	287
184	301
184	329
184	334
184	342
184	358
184	382
184	396
184	430
184	443
184	449
184	453
184	458
184	474
184	483
184	504
184	565
184	615
184	672
184	676
184	686
184	694
184	721
184	794
184	813
184	870
184	948
184	1006
184	1012
184	1044
184	1079
184	1157
184	1173
184	1183
184	1212
184	1230
184	1296
184	1310
184	1330
184	1479
184	1710
184	1813
184	1882
184	1884
184	1972
189	196
189	206
189	239
189	245
189	250
189	279
189	298
189	358
189	369
189	370
189	411
189	443
189	449
189	453
189	492
189	498
189	499
189	577
189	649
189	652
189	676
189	708
189	793
189	827
189	835
189	858
189	951
189	999
189	1035
189	1171
189	1173
189	1219
189	1263
189	1280
189	1351
189	1378
189	1465
189	1497
189	1519
189	1554
189	1574
189	1630
189	1683
194	218
194	234
194	267
194	342
194	346
194	369
194	431
194	443
194	458
194	469
194	499
194	610
194	622
194	671
194	686
194	694
194	745
194	765
194	785
194	837
194	848
194	913
194	948
194	999
194	1107
194	1157
194	1260
194	1280
194	1296
194	1328
194	1398
194	1465
194	1531
194	1600
194	1605
194	1647
194	1708
194	1720
194	1759
194	1769
194	1843
194	1935
194	1966
213	218
213	245
213	268
213	298
213	334
213	342
213	398
213	430
213	453
213	471
213	474
213	585
213	622
213	630
213	694
213	835
213	918
213	934
213	1209
213	1278
213	1310
213	1434
213	1458
213	1558
213	1576
213	1600
213	1826
213	1843
213	1850
213	1869
213	1871
213	1882
213	1884
213	1935
240	300
240	301
240	342
240	346
240	453
240	469
240	471
240	475
240	478
240	504
240	618
240	694
240	708
240	785
240	827
240	830
240	870
240	913
240	1060
240	1107
240	1183
240	1195
240	1209
240	1228
240	1341
240	1597
280	295
280	346
280	430
280	443
280	449
280	457
280	458
280	472
280	498
280	564
280	581
280	618
280	630
280	672
280	709
280	721
280	735
280	745
280	785
280	827
280	848
280	913
280	1029
280	1068
280	1121
280	1183
280	1263
280	1330
280	1351
280	1447
280	1458
280	1513
280	1519
280	1600
280	1616
280	1635
280	1886
295	301
295	309
295	329
295	342
295	430
295	459
295	469
295	499
295	555
295	601
295	618
295	671
295	673
295	713
295	830
295	896
295	911
295	918
295	1121
295	1122
295	1230
295	1277
295	1330
295	1473
295	1707
295	1759
295	1853
297	298
297	300
297	328
297	334
297	382
297	393
297	411
297	471
297	483
297	618
297	774
297	827
297	941
297	1029
297	1051
297	1097
297	1173
297	1224
297	1277
297	1330
297	1338
297	1647
298	325
298	346
298	398
298	499
298	600
298	672
298	702
298	721
298	768
298	813
298	870
298	906
298	941
298	942
298	1082
298	1125
298	1130
298	1228
298	1290
298	1806
298	1871
298	1902
328	358
328	382
328	449
328	475
328	555
328	564
328	565
328	581
328	585
328	601
328	630
328	647
328	708
328	713
328	732
328	768
328	774
328	835
328	870
328	896
328	1092
328	1107
328	1125
328	1157
328	1171
328	1173
328	1219
328	1228
328	1230
328	1278
328	1290
328	1292
328	1338
328	1367
328	1513
328	1554
328	1574
328	1597
328	1776
328	1786
328	1826
328	1972
329	382
329	459
329	504
329	622
329	680
329	683
329	686
329	713
329	721
329	745
329	891
329	981
329	1032
329	1035
329	1052
329	1097
329	1107
329	1209
329	1292
329	1313
329	1404
329	1826
329	1831
329	1972
329	1977
334	346
334	358
334	393
334	457
334	555
334	622
334	647
334	672
334	858
334	873
334	891
334	896
334	918
334	999
334	1062
334	1079
334	1092
334	1404
334	1462
334	1474
334	1683
334	1759
334	1786
334	1801
334	1806
334	1886
334	1902
358	382
358	397
358	411
358	459
358	469
358	472
358	474
358	478
358	492
358	564
358	672
358	702
358	708
358	721
358	745
358	793
358	934
358	951
358	999
358	1044
358	1107
358	1130
358	1195
358	1224
358	1251
358	1277
358	1643
358	1939
358	1977
359	443
359	581
359	647
359	649
359	672
359	676
359	680
359	827
359	896
359	913
359	1035
359	1049
359	1079
359	1251
359	1434
359	1474
359	1911
359	1912
359	1935
359	1953
370	398
370	459
370	565
370	577
370	601
370	610
370	647
370	686
370	709
370	745
370	1029
370	1032
370	1052
370	1105
370	1169
370	1224
370	1251
370	1310
370	1341
370	1843
397	398
397	411
397	431
397	438
397	449
397	453
397	581
397	610
397	671
397	694
397	702
397	721
397	793
397	839
397	842
397	848
397	873
397	1044
397	1169
397	1228
397	1330
397	1338
397	1341
397	1367
397	1458
397	1597
397	1600
397	1605
397	1953
431	615
431	649
431	671
431	774
431	785
431	830
431	839
431	842
431	906
431	941
431	1068
431	1095
431	1183
431	1195
431	1260
431	1474
431	1528
431	1554
431	1712
431	1813
431	1989
457	458
457	565
457	600
457	601
457	615
457	672
457	680
457	713
457	745
457	813
457	848
457	1049
457	1086
457	1095
457	1296
457	1415
457	1447
457	1630
457	1712
457	1752
457	1850
457	1935
458	472
458	592
458	601
458	765
458	873
458	951
458	1029
458	1278
458	1597
458	1662
458	1707
458	1939
472	564
472	565
472	680
472	686
472	721
472	839
472	1051
472	1280
472	1528
472	1597
472	1600
472	1662
472	1691
472	1707
472	1708
472	1925
492	498
492	680
492	694
492	708
492	732
492	858
492	1051
492	1062
492	1095
492	1212
492	1230
492	1434
492	1462
492	1574
492	1597
492	1643
492	1939
492	1966
492	1977
498	555
498	610
498	702
498	721
498	837
498	842
498	941
498	942
498	1032
498	1082
498	1092
498	1105
498	1132
498	1398
498	1597
498	1966
504	610
504	647
504	681
504	683
504	686
504	735
504	765
504	768
504	839
504	948
504	1032
504	1092
504	1183
504	1209
504	1224
504	1251
504	1257
504	1351
504	1378
504	1447
504	1528
504	1554
504	1597
504	1691
504	1720
504	1786
555	683
555	686
555	708
555	835
555	870
555	891
555	1006
555	1032
555	1060
555	1068
555	1173
555	1290
555	1330
555	1467
555	1925
577	615
577	676
577	680
577	708
577	713
577	768
577	941
577	981
577	1052
577	1068
577	1125
577	1169
577	1277
577	1415
577	1447
577	1554
577	1752
577	1769
577	1831
601	873
601	1049
601	1092
601	1097
601	1277
601	1659
601	1776
601	1974
601	1977
601	1994
681	683
681	793
681	835
681	839
681	873
681	891
681	1029
681	1171
681	1467
681	1691
681	1707
681	1712
681	1720
681	1759
681	1786
681	1806
683	686
683	793
683	835
683	837
683	1132
683	1228
683	1458
683	1574
683	1662
683	1826
683	1850
732	785
732	848
732	873
732	913
732	921
732	1035
732	1062
732	1296
732	1916
768	1044
768	1049
768	1341
768	1659
768	1911
768	1939
768	1985
839	958
839	1049
839	1068
839	1278
839	1574
911	1086
911	1219
911	1257
911	1263
911	1707
911	1925
941	1230
941	1341
941	1465
941	1600
941	1890
981	1212
981	1473
981	1831
981	1989
981	1994
999	1032
999	1074
999	1219
999	1404
999	1776
999	1882
999	1911
1032	1169
1032	1212
1032	1277
1032	1434
1032	1605
1032	1712
1032	1890
1032	1989
1105	1228
1105	1497
1105	1531
1105	1576
1105	1776
1105	1850
1125	1296
1125	1390
1125	1786
1183	1769
1219	1230
1219	1720
1219	1916
1219	1972
1251	1328
1251	1398
1251	1574
1251	1850
1310	1313
1310	1404
1338	1479
1338	1528
1398	1635
1398	1707
1467	1662
1583	1643
1583	1662
1583	1752
1583	1759
1683	1977
1826	1897
1826	1928
250	253
250	267
250	301
250	309
250	328
250	358
250	396
250	492
250	564
250	577
250	622
250	647
250	745
250	813
250	837
250	941
250	1044
250	1051
250	1058
250	1060
250	1121
250	1148
250	1157
250	1467
250	1473
250	1712
250	1731
250	1759
250	1831
250	1966
250	1985
253	268
253	280
253	309
253	325
253	334
253	342
253	358
253	359
253	369
253	370
253	453
253	483
253	592
253	610
253	615
253	883
253	891
253	921
253	951
253	1006
253	1105
253	1130
253	1173
253	1195
253	1330
253	1341
253	1398
253	1434
253	1458
253	1479
253	1531
253	1694
253	1882
253	1886
253	1972
325	382
325	396
325	430
325	431
325	449
325	453
325	457
325	475
325	504
325	615
325	652
325	673
325	686
325	702
325	713
325	732
325	813
325	830
325	934
325	958
325	1006
325	1012
325	1035
325	1171
325	1230
325	1278
325	1367
325	1458
325	1473
325	1597
325	1662
325	1752
325	1871
325	1897
325	1958
342	358
342	382
342	459
342	474
342	581
342	680
342	686
342	835
342	948
342	958
342	1044
342	1121
342	1328
342	1338
342	1497
342	1558
342	1643
342	1659
342	1691
342	1843
342	1994
438	453
438	469
438	471
438	585
438	671
438	765
438	794
438	839
438	948
438	1132
438	1574
438	1600
438	1882
438	1886
438	1974
469	564
469	647
469	649
469	680
469	858
469	911
469	1082
469	1125
469	1171
469	1260
469	1351
469	1473
469	1597
469	1925
469	1985
475	681
475	708
475	709
475	713
475	839
475	842
475	1044
475	1092
475	1132
475	1296
475	1462
475	1576
475	1583
475	1710
475	1806
475	1897
475	1966
585	630
585	680
585	735
585	765
585	839
585	848
585	958
585	1574
585	1635
585	1643
585	1831
585	1850
610	672
610	785
610	794
610	891
610	951
610	1209
610	1228
610	1415
610	1473
610	1583
610	1708
647	702
647	713
647	813
647	1012
647	1097
647	1292
647	1367
647	1447
647	1882
647	1925
649	732
649	765
649	1092
649	1251
649	1367
649	1850
649	1902
672	891
672	918
672	1328
672	1925
680	861
680	1092
680	1183
680	1212
680	1251
680	1328
680	1707
713	732
713	793
713	883
713	919
713	1068
713	1260
713	1330
713	1574
713	1597
713	1605
713	1769
713	1813
713	1897
713	1989
721	732
721	785
721	891
721	934
721	1097
721	1107
721	1121
721	1195
721	1212
721	1378
721	1605
721	1972
765	774
765	830
765	919
765	1049
765	1105
765	1125
765	1434
765	1662
765	1813
765	1843
830	835
830	891
830	918
830	1051
830	1132
830	1554
830	1801
837	858
837	913
837	948
837	1074
837	1095
837	1630
837	1831
837	1882
837	1901
896	918
896	1212
896	1447
896	1786
896	1897
951	1044
951	1209
951	1576
951	1912
951	1974
951	1977
1044	1082
1044	1169
1044	1173
1044	1326
1044	1341
1044	1367
1044	1731
1044	1759
1044	1911
1062	1092
1062	1095
1062	1183
1062	1378
1062	1390
1062	1404
1062	1513
1062	1707
1062	1831
1062	1928
1074	1326
1074	1479
1074	1710
1074	1843
1074	1977
1082	1122
1082	1169
1082	1171
1082	1462
1082	1605
1082	1890
1082	1953
1130	1173
1130	1183
1130	1209
1130	1212
1130	1280
1130	1801
1130	1826
1130	1843
1130	1886
1130	1901
1171	1278
1171	1341
1171	1683
1313	1886
1447	1877
1447	1890
1447	1953
1535	1583
1535	1600
1535	1616
1616	1935
1616	1974
1691	1974
1707	1769
1712	1902
1773	1831
1773	1853
1853	1911
1853	1977
1877	1886
218	239
218	267
218	301
218	328
218	358
218	370
218	393
218	398
218	453
218	471
218	472
218	478
218	483
218	555
218	565
218	577
218	600
218	672
218	681
218	709
218	713
218	735
218	793
218	794
218	883
218	1032
218	1044
218	1052
218	1132
218	1183
218	1251
218	1280
218	1313
218	1351
218	1367
218	1434
218	1600
218	1708
218	1826
218	1977
369	393
369	411
369	431
369	459
369	498
369	564
369	592
369	649
369	676
369	745
369	913
369	1012
369	1044
369	1062
369	1097
369	1121
369	1148
369	1474
369	1600
369	1691
369	1773
369	1806
369	1953
382	393
382	397
382	438
382	449
382	478
382	555
382	581
382	694
382	708
382	745
382	839
382	883
382	913
382	948
382	999
382	1006
382	1029
382	1058
382	1079
382	1082
382	1105
382	1277
382	1296
382	1330
382	1341
382	1390
382	1404
382	1497
382	1558
382	1683
382	1707
382	1882
382	1886
396	430
396	581
396	694
396	768
396	861
396	896
396	906
396	958
396	1130
396	1230
396	1351
396	1558
396	1884
459	471
459	472
459	504
459	615
459	630
459	735
459	793
459	827
459	839
459	873
459	891
459	906
459	958
459	1060
459	1095
459	1132
459	1224
459	1228
459	1531
459	1605
459	1890
459	1902
459	1953
459	1966
471	498
471	499
471	649
471	702
471	813
471	837
471	934
471	1044
471	1052
471	1062
471	1068
471	1079
471	1086
471	1095
471	1219
471	1260
471	1280
471	1474
471	1616
471	1710
471	1752
471	1902
478	499
478	565
478	649
478	671
478	848
478	919
478	942
478	999
478	1079
478	1183
478	1292
478	1404
478	1465
499	564
499	622
499	630
499	671
499	672
499	686
499	732
499	785
499	830
499	870
499	883
499	941
499	1313
499	1328
499	1434
499	1447
499	1662
499	1869
499	1994
673	721
673	793
673	835
673	870
673	911
673	921
673	1062
673	1647
673	1886
673	1928
676	713
676	827
676	921
676	1006
676	1052
676	1125
676	1183
676	1290
676	1296
676	1378
676	1390
676	1415
676	1462
676	1497
676	1694
676	1720
676	1769
676	1850
676	1877
676	1939
686	794
686	870
686	911
686	999
686	1029
686	1086
686	1157
686	1219
686	1462
708	813
708	830
708	858
708	934
708	1074
708	1105
708	1212
708	1528
708	1662
708	1853
708	1935
848	1032
848	1095
848	1169
848	1367
848	1462
848	1776
848	1928
891	921
891	1035
891	1049
891	1082
891	1092
891	1183
891	1328
891	1497
891	1554
934	1012
934	1029
934	1079
934	1157
934	1228
934	1902
934	1974
1012	1092
1012	1465
1012	1850
1049	1173
1049	1183
1049	1398
1049	1434
1049	1708
1107	1122
1107	1132
1107	1296
1107	1338
1107	1513
1107	1554
1107	1576
1107	1683
1107	1897
1107	1901
1107	1912
1121	1125
1121	1953
1277	1328
1277	1351
1277	1415
1277	1882
1330	1390
1330	1773
1341	1535
1341	1574
1341	1769
1351	1535
1351	1731
1351	1916
1378	1415
1378	1786
1404	1474
1404	1776
1465	1769
1647	1694
1647	1786
1662	1853
1662	1877
1662	1928
1759	1843
206	213
206	234
206	240
206	250
206	253
206	297
206	301
206	346
206	382
206	393
206	438
206	453
206	492
206	652
206	673
206	709
206	765
206	774
206	794
206	839
206	842
206	848
206	919
206	942
206	981
206	999
206	1049
206	1148
206	1183
206	1296
206	1326
206	1338
206	1351
206	1479
206	1597
206	1708
206	1897
206	1916
206	1925
206	1974
301	346
301	369
301	397
301	438
301	453
301	459
301	504
301	565
301	577
301	592
301	652
301	673
301	745
301	873
301	891
301	906
301	1068
301	1086
301	1107
301	1169
301	1310
301	1351
301	1467
301	1497
301	1558
301	1605
301	1691
301	1801
301	1806
301	1886
301	1977
564	585
564	630
564	647
564	673
564	837
564	1068
564	1074
564	1082
564	1434
564	1583
564	1616
564	1659
564	1928
671	676
671	683
671	732
671	1052
671	1074
671	1107
671	1257
671	1278
671	1292
671	1330
671	1513
671	1683
671	1786
671	1882
671	1925
694	813
694	1068
694	1086
694	1095
694	1169
694	1330
694	1351
694	1398
694	1434
694	1497
694	1576
694	1583
694	1597
870	911
870	1051
870	1060
870	1209
870	1224
870	1251
870	1278
870	1280
870	1330
870	1497
870	1531
870	1554
870	1720
870	1953
958	1035
958	1330
958	1647
958	1877
958	1974
1006	1462
1006	1925
1006	1928
1006	1939
1035	1074
1035	1338
1035	1415
1035	1558
1035	1853
1169	1224
1169	1228
1169	1280
1169	1328
1169	1972
1173	1313
1173	1404
1257	1925
1458	1659
1458	1897
1458	1935
1462	1691
1462	1977
1479	1576
1479	1707
1513	1806
1558	1576
1558	1853
1558	1884
1558	1989
1708	1958
1731	1850
1752	1890
300	430
300	453
300	457
300	458
300	469
300	471
300	498
300	592
300	600
300	601
300	610
300	615
300	618
300	672
300	830
300	999
300	1125
300	1173
300	1212
300	1224
300	1263
300	1278
300	1326
300	1338
300	1351
300	1398
300	1467
300	1528
300	1643
300	1708
300	1712
300	1773
300	1806
300	1871
300	1953
300	1977
300	1985
300	1994
474	649
474	676
474	883
474	1058
474	1060
474	1224
474	1458
474	1806
474	1882
474	1966
615	649
615	745
615	1105
615	1121
615	1157
615	1251
615	1330
615	1458
615	1474
615	1647
615	1786
615	1869
615	1890
622	630
622	713
622	735
622	745
622	813
622	1044
622	1058
622	1092
622	1212
622	1224
622	1280
622	1338
622	1458
622	1583
622	1662
622	1877
622	1958
793	948
793	1029
793	1074
793	1079
793	1212
793	1224
793	1600
793	1710
793	1731
793	1985
913	921
913	958
913	999
913	1157
913	1328
913	1528
913	1647
913	1710
913	1720
913	1928
913	1966
1051	1086
1051	1130
1051	1260
1051	1826
1051	1977
1157	1280
1157	1290
1157	1935
1415	1712
1415	1759
1415	1813
1415	1935
1554	1708
1554	1720
1554	1897
1576	1731
1576	1884
1710	1769
279	280
279	295
279	297
279	342
279	346
279	382
279	474
279	492
279	618
279	683
279	774
279	837
279	839
279	873
279	896
279	913
279	948
279	1006
279	1029
279	1079
279	1082
279	1257
279	1260
279	1465
279	1583
279	1659
279	1712
411	438
411	499
411	585
411	592
411	601
411	686
411	861
411	911
411	941
411	1006
411	1183
411	1330
411	1351
411	1415
411	1643
411	1806
411	1977
411	1994
785	891
785	1062
785	1447
785	1708
785	1710
813	861
813	891
813	1058
813	1060
813	1097
813	1296
813	1662
813	1966
813	1985
835	919
835	934
835	1062
835	1122
835	1148
835	1479
835	1776
906	934
906	948
906	1032
906	1052
906	1082
906	1107
906	1251
906	1290
906	1326
906	1474
906	1479
906	1497
906	1720
906	1776
906	1869
906	1882
1086	1230
1086	1260
1086	1378
1086	1497
1086	1597
1086	1600
1086	1691
1635	1659
1635	1843
1635	1977
1886	1912
1886	1953
1886	1985
1916	1925
1916	1958
1916	1974
1925	1939
453	472
453	483
453	498
453	504
453	555
453	671
453	813
453	896
453	1209
453	1263
453	1535
453	1831
453	1850
581	601
581	774
581	785
581	941
581	1012
581	1105
581	1125
581	1224
581	1228
581	1278
581	1330
581	1710
581	1712
581	1813
581	1877
581	1972
581	1974
858	896
858	1051
858	1107
858	1157
858	1280
858	1513
858	1630
858	1882
858	1958
861	1082
861	1228
861	1558
861	1630
861	1694
948	1049
948	1095
948	1097
948	1121
948	1260
948	1479
948	1831
948	1912
1132	1228
1132	1330
1132	1338
1132	1528
1132	1801
1132	1939
1224	1447
1278	1497
1278	1616
1278	1694
1278	1776
1278	1882
1390	1528
1390	1635
1390	1989
1911	1989
1209	1813
1296	1473
1296	1528
1296	1535
1720	1928
1871	1985
1897	1925
827	830
827	942
827	1012
827	1049
827	1148
827	1171
827	1219
827	1257
827	1296
827	1313
827	1415
827	1519
827	1554
827	1843
827	1911
883	981
883	1095
883	1212
883	1219
883	1296
883	1338
883	1474
883	1635
883	1647
883	1720
883	1806
883	1916
942	1121
942	1228
942	1260
942	1292
942	1871
942	1912
1060	1278
1060	1310
1060	1328
1060	1497
1060	1554
1290	1554
1290	1958
1497	1707
1769	1901
1806	1928
309	325
309	328
309	342
309	346
309	397
309	443
309	453
309	478
309	615
309	649
309	672
309	721
309	835
309	858
309	913
309	941
309	1012
309	1058
309	1107
309	1260
309	1277
309	1341
309	1465
309	1597
309	1643
309	1958
842	911
842	999
842	1095
842	1230
842	1260
842	1338
842	1583
842	1691
842	1694
842	1769
842	1813
1079	1092
1079	1169
1079	1251
1079	1351
1079	1479
1079	1826
1079	1850
1079	1902
1079	1928
1079	1939
1597	1708
1597	1974
1597	1985
1813	1886
1212	1296
1212	1479
1212	1535
1212	1712
1212	1806
1212	1831
1630	1806
1630	1884
1869	1928
1869	1974
483	498
483	555
483	577
483	618
483	622
483	793
483	794
483	837
483	842
483	1060
483	1095
483	1328
483	1390
483	1447
483	1528
483	1977
921	958
921	1290
921	1292
1228	1290
1228	1462
1228	1605
1228	1972
1605	1977
1148	1251
1148	1341
1148	1519
1148	1600
1148	1769
1148	1801
1519	1616
1519	1712
1519	1776
1519	1882
1519	1901
1519	1989
1659	1994
1528	1974
630	681
630	683
630	709
630	713
630	765
630	858
630	919
630	1097
630	1107
630	1576
630	1776
630	1869
630	1935
630	1985
1052	1209
1052	1230
1052	1313
1052	1473
1052	1597
1052	1616
1052	1708
1260	1280
1260	1296
1260	1415
1260	1583
1260	1958
1843	1925
1843	1966
709	774
709	793
709	837
709	883
709	911
709	941
709	1148
709	1195
709	1228
709	1292
709	1519
709	1882
1095	1157
1095	1473
1095	1583
1095	1647
1095	1659
1095	1683
1095	1826
1095	1901
1095	1966
1092	1121
1092	1710
1092	1850
1092	1911
