# Undirected graph (each unordered pair of nodes is saved once): output/networks/ScaleFree200removeRandom-95percent.txt
# Nodes: 100 Edges: 833
# NodeId	NodeId
38	46
38	51
38	85
38	89
38	96
38	175
38	215
38	278
38	280
38	307
38	374
38	382
38	405
38	410
38	418
38	446
38	476
38	500
38	529
38	565
38	591
38	846
38	894
38	898
38	935
38	938
38	1102
38	1290
38	1308
38	1412
38	1414
38	1536
38	1686
38	1769
38	1931
38	1951
38	1966
46	51
46	85
46	89
46	96
46	175
46	215
46	278
46	280
46	374
46	382
46	410
46	418
46	446
46	476
46	533
46	565
46	580
46	603
46	772
46	776
46	795
46	887
46	956
46	977
46	981
46	986
46	1035
46	1097
46	1102
46	1203
46	1256
46	1404
46	1412
46	1686
46	1769
46	1919
46	1996
51	85
51	89
51	96
51	175
51	215
51	278
51	382
51	395
51	405
51	418
51	424
51	446
51	500
51	529
51	580
51	762
51	811
51	898
51	955
51	973
51	986
51	1256
51	1290
51	1355
51	1414
51	1442
51	1643
51	1691
51	1754
51	1816
51	1855
51	1900
51	1986
51	1996
85	89
85	96
85	175
85	215
85	278
85	280
85	307
85	374
85	395
85	410
85	418
85	424
85	476
85	513
85	591
85	603
85	846
85	890
85	898
85	977
85	986
85	1097
85	1110
85	1156
85	1355
85	1454
85	1536
85	1838
85	1855
85	1978
89	96
89	175
89	278
89	307
89	395
89	405
89	410
89	424
89	427
89	500
89	513
89	529
89	533
89	580
89	772
89	811
89	846
89	870
89	887
89	894
89	898
89	1035
89	1110
89	1156
89	1203
89	1256
89	1267
89	1513
89	1643
89	1686
89	1769
89	1838
89	1901
89	1951
89	1986
96	175
96	215
96	278
96	280
96	307
96	374
96	382
96	395
96	405
96	418
96	427
96	500
96	533
96	565
96	580
96	772
96	776
96	811
96	938
96	955
96	977
96	1156
96	1203
96	1294
96	1308
96	1412
96	1414
96	1686
96	1754
96	1769
96	1816
96	1818
96	1890
96	1946
175	215
175	278
175	307
175	382
175	395
175	405
175	410
175	476
175	500
175	513
175	565
175	591
175	776
175	811
175	846
175	870
175	890
175	898
175	956
175	973
175	995
175	1023
175	1097
175	1110
175	1156
175	1267
175	1290
175	1397
175	1442
175	1454
175	1678
175	1686
175	1818
175	1931
215	280
215	374
215	382
215	424
215	427
215	476
215	529
215	772
215	776
215	846
215	894
215	898
215	938
215	955
215	977
215	986
215	1156
215	1203
215	1412
215	1474
215	1536
215	1678
215	1693
215	1951
307	374
307	382
307	395
307	405
307	500
307	529
307	580
307	870
307	890
307	981
307	1060
307	1110
307	1267
307	1290
307	1308
307	1355
307	1414
307	1536
307	1691
307	1754
307	1769
307	1838
307	1966
405	424
405	580
405	762
405	894
405	938
405	973
405	977
405	981
405	995
405	1097
405	1110
405	1156
405	1294
405	1454
405	1474
405	1536
405	1855
405	1901
405	1919
405	1931
405	1946
410	424
410	446
410	476
410	513
410	591
410	795
410	887
410	894
410	956
410	977
410	1035
410	1678
410	1818
410	1931
410	1951
529	762
529	772
529	795
529	846
529	870
529	1097
529	1102
529	1414
529	1536
529	1855
529	1946
533	591
533	890
533	955
533	981
533	1110
533	1203
533	1256
533	1397
533	1643
533	1901
533	1919
533	1978
565	591
565	955
565	1023
565	1308
565	1454
565	1655
580	898
580	956
580	1035
580	1308
580	1355
580	1412
580	1414
580	1474
580	1513
580	1900
580	1951
580	1966
591	870
591	1156
591	1454
591	1678
591	1901
591	1919
591	1931
591	1986
762	870
762	898
762	938
762	995
762	1023
762	1035
762	1060
762	1097
762	1931
772	776
772	955
772	1110
772	1818
772	1838
795	887
795	918
795	955
795	956
795	981
795	1023
795	1035
795	1203
795	1308
795	1335
795	1454
795	1986
811	995
811	1097
811	1110
811	1397
811	1643
811	1678
811	1686
811	1754
811	1838
811	1855
811	1951
887	956
887	981
887	1023
887	1035
887	1397
887	1454
887	1901
887	1986
887	1996
890	935
890	973
890	1035
890	1097
890	1290
890	1412
890	1754
890	1769
890	1818
894	898
894	1035
894	1397
894	1890
894	1901
955	973
955	1203
955	1536
955	1919
956	973
956	1102
956	1267
956	1643
956	1946
977	1110
977	1156
977	1203
977	1996
981	1156
981	1256
981	1414
981	1513
981	1686
981	1901
981	1919
981	1986
995	1102
995	1355
995	1442
995	1678
995	1978
1060	1097
1060	1290
1060	1454
1060	1513
1060	1686
1060	1966
1156	1804
1156	1978
1156	1996
1203	1335
1203	1412
1203	1769
1203	1931
1256	1536
1256	1686
1267	1308
1267	1404
1267	1412
1294	1355
1294	1643
1294	1691
1335	1397
1335	1454
1335	1678
1335	1838
1335	1890
1335	1946
1335	1986
1412	1804
1412	1931
1414	1655
1414	1693
1414	1855
1900	1951
278	280
278	307
278	382
278	395
278	405
278	410
278	418
278	446
278	476
278	500
278	580
278	591
278	795
278	846
278	890
278	955
278	1035
278	1097
278	1156
278	1203
278	1267
278	1404
278	1454
278	1691
278	1838
278	1890
280	307
280	374
280	382
280	395
280	410
280	427
280	446
280	513
280	565
280	580
280	603
280	762
280	776
280	887
280	894
280	918
280	935
280	956
280	977
280	1267
280	1290
280	1404
280	1414
280	1454
280	1631
280	1655
280	1855
280	1966
280	1978
374	395
374	424
374	446
374	476
374	500
374	513
374	533
374	591
374	762
374	776
374	918
374	977
374	981
374	986
374	1308
374	1412
374	1414
374	1686
374	1818
374	1890
374	1919
374	1946
382	427
382	446
382	476
382	500
382	533
382	591
382	762
382	795
382	887
382	918
382	935
382	938
382	955
382	973
382	981
382	995
382	1110
382	1335
382	1454
382	1631
382	1693
382	1804
382	1816
382	1986
424	427
424	476
424	500
424	533
424	795
424	811
424	870
424	935
424	956
424	995
424	1023
424	1256
424	1290
424	1308
424	1335
424	1536
424	1818
424	1838
424	1986
427	500
427	533
427	565
427	795
427	887
427	918
427	986
427	1023
427	1156
427	1678
427	1816
427	1855
427	1890
427	1900
427	1946
427	1978
427	1986
446	476
446	513
446	870
446	955
446	1023
446	1412
446	1442
446	1804
446	1919
476	500
476	513
476	565
476	811
476	887
476	995
476	1023
476	1035
476	1256
476	1355
476	1397
476	1412
476	1851
476	1855
476	1890
500	529
500	580
500	591
500	898
500	955
500	956
500	981
500	1110
500	1267
500	1691
500	1816
500	1890
898	956
898	981
898	1023
898	1474
938	973
938	977
938	1102
938	1156
973	1203
973	1256
973	1290
973	1693
973	1754
973	1818
973	1890
973	1946
973	1978
973	1996
986	1156
986	1412
986	1678
986	1816
986	1901
986	1931
1035	1290
1035	1442
1102	1267
1102	1294
1102	1816
1290	1536
1290	1678
1290	1691
1290	1855
1308	1474
1308	1631
1513	1818
1769	1855
1890	1966
1890	1996
395	410
395	476
395	500
395	795
395	846
395	887
395	918
395	938
395	1397
395	1404
395	1412
395	1655
395	1769
395	1816
395	1855
395	1890
395	1931
513	529
513	533
513	591
513	890
513	1404
513	1474
513	1513
513	1686
513	1804
513	1919
513	1951
513	1996
603	776
603	870
603	918
603	935
603	977
603	1035
603	1060
603	1102
603	1256
603	1355
603	1397
603	1404
603	1769
603	1818
776	898
776	918
776	977
776	995
776	1110
776	1294
776	1397
776	1536
776	1919
776	1986
870	890
870	935
870	1404
870	1414
870	1693
870	1919
870	1931
1023	1290
1023	1442
1023	1754
1023	1855
1023	1986
1110	1335
1110	1996
1397	1643
1397	1838
1397	1951
1691	1900
1693	1754
1693	1804
918	973
918	1267
918	1691
918	1900
935	1035
935	1060
935	1267
935	1397
935	1919
1454	1474
1454	1946
1643	1855
1655	1931
1816	1946
846	887
846	955
846	981
846	1156
846	1442
846	1816
846	1900
1355	1404
1355	1855
1355	1946
1355	1986
1404	1931
1838	1901
1838	1946
1838	1951
418	427
418	476
418	500
418	565
418	580
418	776
418	887
418	890
418	918
418	1678
418	1691
1536	1919
1818	1951
1097	1110
1097	1256
1097	1631
1097	1919
1442	1678
1442	1978
1631	1818
1631	1851
1631	1919
1631	1946
1678	1919
1754	1769
1754	1900
