# Undirected graph (each unordered pair of nodes is saved once): output/networks/ScaleFree500removeCentrality-90percent.txt
# Nodes: 200 Edges: 2735
# NodeId	NodeId
1379	1501
1379	1528
1379	1543
1379	1593
1379	1597
1379	1634
1379	1636
1379	1640
1379	1649
1379	1651
1379	1657
1379	1674
1379	1704
1379	1729
1379	1733
1379	1834
1379	1846
1379	1847
1379	1876
1379	1886
1379	1910
1379	1930
1379	1935
1379	1942
1379	1963
1379	1968
1379	1970
1379	1975
1379	1989
1379	1992
1379	1995
1404	1435
1404	1459
1404	1535
1404	1542
1404	1597
1404	1619
1404	1623
1404	1649
1404	1694
1404	1706
1404	1716
1404	1720
1404	1742
1404	1749
1404	1774
1404	1783
1404	1805
1404	1834
1404	1848
1404	1860
1404	1869
1404	1877
1404	1886
1404	1890
1404	1901
1404	1902
1404	1906
1404	1915
1404	1925
1404	1939
1404	1943
1404	1961
1404	1971
1404	1986
1435	1459
1435	1542
1435	1545
1435	1593
1435	1619
1435	1633
1435	1657
1435	1670
1435	1676
1435	1687
1435	1751
1435	1771
1435	1805
1435	1814
1435	1824
1435	1847
1435	1848
1435	1869
1435	1886
1435	1888
1435	1899
1435	1900
1435	1930
1435	1934
1435	1945
1435	1966
1435	1970
1435	1986
1459	1463
1459	1550
1459	1566
1459	1636
1459	1646
1459	1655
1459	1672
1459	1676
1459	1707
1459	1716
1459	1744
1459	1753
1459	1776
1459	1848
1459	1877
1459	1878
1459	1885
1459	1901
1459	1910
1459	1913
1459	1925
1459	1952
1459	1955
1459	1958
1459	1966
1459	1970
1459	1988
1459	1993
1459	1999
1461	1518
1461	1553
1461	1566
1461	1597
1461	1649
1461	1651
1461	1727
1461	1729
1461	1744
1461	1751
1461	1769
1461	1801
1461	1817
1461	1841
1461	1843
1461	1844
1461	1897
1461	1900
1461	1915
1461	1920
1461	1925
1461	1932
1461	1934
1461	1936
1461	1944
1461	1963
1461	1973
1461	1977
1461	1993
1461	1996
1463	1479
1463	1528
1463	1540
1463	1551
1463	1579
1463	1623
1463	1681
1463	1707
1463	1732
1463	1783
1463	1814
1463	1846
1463	1877
1463	1880
1463	1899
1463	1913
1463	1916
1463	1952
1463	1957
1463	1959
1463	1970
1463	1982
1463	1997
1467	1518
1467	1619
1467	1633
1467	1671
1467	1676
1467	1681
1467	1687
1467	1732
1467	1751
1467	1817
1467	1839
1467	1845
1467	1893
1467	1906
1467	1920
1467	1925
1467	1943
1467	1945
1467	1957
1467	1959
1467	1970
1467	1975
1479	1545
1479	1553
1479	1655
1479	1667
1479	1708
1479	1729
1479	1801
1479	1805
1479	1812
1479	1842
1479	1848
1479	1860
1479	1865
1479	1893
1479	1907
1479	1910
1479	1915
1479	1935
1479	1944
1479	1960
1501	1535
1501	1590
1501	1618
1501	1657
1501	1672
1501	1676
1501	1704
1501	1706
1501	1732
1501	1733
1501	1734
1501	1765
1501	1800
1501	1801
1501	1806
1501	1824
1501	1841
1501	1864
1501	1881
1501	1891
1501	1897
1501	1903
1501	1941
1501	1973
1501	1992
1501	1996
1518	1528
1518	1543
1518	1551
1518	1553
1518	1615
1518	1619
1518	1640
1518	1655
1518	1687
1518	1694
1518	1725
1518	1735
1518	1843
1518	1864
1518	1901
1518	1906
1518	1915
1518	1934
1518	1959
1518	1988
1518	1995
1528	1533
1528	1542
1528	1550
1528	1600
1528	1617
1528	1618
1528	1667
1528	1697
1528	1705
1528	1707
1528	1732
1528	1751
1528	1765
1528	1774
1528	1847
1528	1862
1528	1865
1528	1890
1528	1893
1528	1902
1528	1916
1528	1930
1528	1931
1528	1942
1528	1943
1528	1952
1528	1982
1528	1987
1528	1988
1533	1553
1533	1588
1533	1597
1533	1617
1533	1634
1533	1651
1533	1663
1533	1669
1533	1697
1533	1720
1533	1731
1533	1734
1533	1765
1533	1783
1533	1791
1533	1835
1533	1848
1533	1861
1533	1864
1533	1869
1533	1871
1533	1881
1533	1890
1533	1926
1533	1951
1533	1964
1533	1970
1533	1971
1533	1973
1533	1982
1533	1989
1533	1998
1533	1999
1542	1593
1542	1602
1542	1619
1542	1681
1542	1701
1542	1727
1542	1733
1542	1744
1542	1783
1542	1834
1542	1835
1542	1850
1542	1861
1542	1880
1542	1900
1542	1902
1542	1926
1542	1932
1542	1939
1542	1944
1542	1959
1542	1963
1542	1983
1542	1992
1542	1995
1543	1593
1543	1651
1543	1663
1543	1667
1543	1681
1543	1794
1543	1805
1543	1806
1543	1835
1543	1841
1543	1846
1543	1860
1543	1877
1543	1885
1543	1906
1543	1915
1543	1925
1543	1926
1543	1930
1543	1932
1543	1945
1543	1973
1543	1977
1543	1987
1543	1989
1543	1992
1543	1996
1545	1619
1545	1636
1545	1676
1545	1707
1545	1729
1545	1735
1545	1751
1545	1791
1545	1806
1545	1817
1545	1834
1545	1840
1545	1860
1545	1861
1545	1871
1545	1878
1545	1894
1545	1906
1545	1907
1545	1915
1545	1943
1545	1944
1545	1962
1545	1970
1545	1988
1545	1989
1545	1999
1546	1591
1546	1597
1546	1618
1546	1623
1546	1676
1546	1720
1546	1765
1546	1774
1546	1806
1546	1839
1546	1860
1546	1864
1546	1881
1546	1888
1546	1913
1546	1916
1546	1921
1546	1951
1546	1957
1546	1962
1546	1984
1546	1989
1546	1998
1550	1566
1550	1590
1550	1612
1550	1633
1550	1636
1550	1651
1550	1708
1550	1725
1550	1727
1550	1731
1550	1774
1550	1798
1550	1812
1550	1820
1550	1842
1550	1844
1550	1845
1550	1871
1550	1878
1550	1897
1550	1920
1550	1936
1550	1952
1550	1966
1550	1977
1550	1987
1551	1553
1551	1600
1551	1623
1551	1646
1551	1670
1551	1694
1551	1705
1551	1707
1551	1724
1551	1731
1551	1733
1551	1744
1551	1751
1551	1774
1551	1783
1551	1791
1551	1805
1551	1841
1551	1846
1551	1869
1551	1878
1551	1880
1551	1893
1551	1932
1551	1943
1551	1944
1551	1958
1551	1960
1551	1968
1551	1989
1551	1993
1551	1996
1551	1997
1553	1602
1553	1615
1553	1649
1553	1671
1553	1672
1553	1697
1553	1701
1553	1725
1553	1729
1553	1731
1553	1794
1553	1824
1553	1842
1553	1894
1553	1901
1553	1910
1553	1913
1553	1921
1553	1944
1553	1951
1553	1959
1553	1968
1553	1970
1553	1971
1553	1985
1553	1986
1553	1989
1579	1588
1579	1597
1579	1655
1579	1657
1579	1671
1579	1716
1579	1719
1579	1734
1579	1769
1579	1806
1579	1814
1579	1843
1579	1855
1579	1865
1579	1891
1579	1921
1579	1962
1579	1970
1579	1973
1579	1977
1579	1995
1591	1667
1591	1670
1591	1697
1591	1719
1591	1733
1591	1765
1591	1774
1591	1801
1591	1814
1591	1835
1591	1839
1591	1842
1591	1860
1591	1881
1591	1885
1591	1894
1591	1907
1591	1920
1591	1935
1591	1936
1591	1939
1591	1959
1591	1968
1591	1977
1591	1989
1591	1997
1591	1999
1600	1612
1600	1655
1600	1667
1600	1724
1600	1765
1600	1783
1600	1801
1600	1812
1600	1840
1600	1841
1600	1847
1600	1855
1600	1861
1600	1877
1600	1916
1600	1951
1600	1960
1600	1968
1600	1970
1600	1982
1600	1983
1600	1995
1600	1997
1602	1671
1602	1674
1602	1706
1602	1716
1602	1726
1602	1729
1602	1744
1602	1753
1602	1765
1602	1824
1602	1843
1602	1848
1602	1869
1602	1897
1602	1900
1602	1913
1602	1920
1602	1926
1602	1941
1602	1957
1602	1968
1602	1975
1602	1996
1615	1633
1615	1634
1615	1646
1615	1671
1615	1771
1615	1800
1615	1812
1615	1824
1615	1834
1615	1890
1615	1903
1615	1913
1615	1920
1615	1926
1615	1939
1615	1945
1615	1957
1615	1958
1615	1960
1615	1964
1615	1975
1615	1985
1617	1681
1617	1707
1617	1719
1617	1727
1617	1734
1617	1744
1617	1765
1617	1801
1617	1812
1617	1840
1617	1855
1617	1869
1617	1880
1617	1897
1617	1930
1617	1957
1617	1958
1617	1984
1617	1997
1617	1999
1634	1649
1634	1655
1634	1706
1634	1751
1634	1814
1634	1839
1634	1845
1634	1871
1634	1913
1634	1930
1634	1942
1634	1943
1634	1966
1634	1989
1634	1992
1634	1993
1634	1999
1636	1640
1636	1651
1636	1663
1636	1670
1636	1681
1636	1707
1636	1733
1636	1774
1636	1791
1636	1812
1636	1860
1636	1862
1636	1876
1636	1902
1636	1934
1636	1936
1636	1939
1636	1941
1636	1968
1636	1975
1636	1987
1636	1988
1636	1992
1636	1993
1636	1995
1636	1999
1649	1651
1649	1667
1649	1697
1649	1706
1649	1727
1649	1731
1649	1806
1649	1817
1649	1834
1649	1835
1649	1848
1649	1862
1649	1878
1649	1885
1649	1888
1649	1951
1649	1970
1649	1982
1649	1983
1649	1984
1649	1988
1649	1989
1649	1996
1649	1998
1655	1681
1655	1707
1655	1720
1655	1733
1655	1765
1655	1806
1655	1844
1655	1847
1655	1848
1655	1886
1655	1899
1655	1930
1655	1942
1655	1951
1655	1958
1655	1984
1657	1672
1657	1707
1657	1708
1657	1729
1657	1733
1657	1765
1657	1776
1657	1783
1657	1800
1657	1806
1657	1820
1657	1824
1657	1842
1657	1862
1657	1880
1657	1899
1657	1900
1657	1902
1657	1935
1657	1968
1657	1999
1670	1674
1670	1681
1670	1687
1670	1732
1670	1751
1670	1753
1670	1806
1670	1812
1670	1824
1670	1844
1670	1846
1670	1848
1670	1865
1670	1876
1670	1888
1670	1899
1670	1932
1670	1941
1670	1961
1670	1968
1670	1986
1670	1987
1674	1705
1674	1708
1674	1719
1674	1727
1674	1742
1674	1798
1674	1801
1674	1820
1674	1880
1674	1886
1674	1900
1674	1906
1674	1916
1674	1920
1674	1942
1674	1943
1674	1958
1674	1963
1674	1968
1674	1984
1697	1705
1697	1719
1697	1734
1697	1753
1697	1769
1697	1791
1697	1794
1697	1814
1697	1844
1697	1848
1697	1869
1697	1876
1697	1921
1697	1936
1697	1952
1697	1961
1697	1965
1697	1975
1697	1985
1697	1996
1697	1998
1706	1726
1706	1735
1706	1744
1706	1749
1706	1770
1706	1774
1706	1800
1706	1814
1706	1841
1706	1843
1706	1871
1706	1907
1706	1934
1706	1951
1706	1966
1706	1975
1706	1984
1716	1724
1716	1770
1716	1771
1716	1776
1716	1783
1716	1824
1716	1832
1716	1841
1716	1848
1716	1862
1716	1878
1716	1906
1716	1934
1716	1944
1716	1961
1716	1964
1716	1968
1716	1977
1716	1998
1726	1735
1726	1751
1726	1753
1726	1769
1726	1771
1726	1840
1726	1845
1726	1862
1726	1864
1726	1903
1726	1915
1726	1931
1726	1951
1726	1957
1726	1960
1726	1961
1726	1966
1726	1968
1726	1982
1726	1986
1726	1987
1726	1993
1729	1783
1729	1835
1729	1841
1729	1847
1729	1877
1729	1916
1729	1935
1729	1957
1729	1968
1729	1973
1729	1984
1729	1986
1729	1989
1729	1992
1732	1783
1732	1800
1732	1844
1732	1850
1732	1861
1732	1865
1732	1876
1732	1885
1732	1888
1732	1916
1732	1920
1732	1944
1732	1961
1732	1962
1732	1966
1732	1986
1742	1783
1742	1834
1742	1850
1742	1861
1742	1893
1742	1902
1742	1907
1742	1925
1742	1936
1742	1944
1742	1945
1742	1960
1742	1965
1742	1968
1742	1977
1742	1987
1744	1770
1744	1843
1744	1860
1744	1878
1744	1886
1744	1891
1744	1901
1744	1902
1744	1910
1744	1913
1744	1958
1744	1966
1744	1983
1744	1987
1753	1765
1753	1771
1753	1776
1753	1794
1753	1798
1753	1841
1753	1934
1753	1939
1753	1965
1753	1971
1753	1973
1753	1977
1753	1987
1753	1992
1753	1995
1770	1771
1770	1801
1770	1814
1770	1832
1770	1840
1770	1846
1770	1869
1770	1899
1770	1901
1770	1926
1770	1930
1770	1957
1770	1971
1770	1998
1783	1791
1783	1834
1783	1843
1783	1850
1783	1878
1783	1906
1783	1926
1783	1934
1783	1941
1783	1944
1783	1955
1783	1968
1794	1812
1794	1834
1794	1841
1794	1848
1794	1855
1794	1877
1794	1900
1794	1952
1794	1959
1794	1964
1794	1970
1794	1982
1800	1806
1800	1840
1800	1843
1800	1846
1800	1861
1800	1869
1800	1877
1800	1891
1800	1899
1800	1902
1800	1930
1800	1934
1800	1951
1800	1952
1800	1973
1800	1998
1817	1834
1817	1839
1817	1845
1817	1855
1817	1876
1817	1885
1817	1888
1817	1899
1817	1903
1817	1913
1817	1921
1817	1959
1817	1973
1817	1986
1817	1997
1817	1999
1835	1860
1835	1878
1835	1893
1835	1900
1835	1903
1835	1907
1835	1921
1835	1941
1835	1955
1835	1960
1835	1962
1835	1997
1840	1841
1840	1855
1840	1861
1840	1869
1840	1881
1840	1900
1840	1916
1840	1930
1840	1942
1840	1955
1840	1959
1840	1963
1840	1966
1840	1973
1841	1855
1841	1862
1841	1891
1841	1893
1841	1906
1841	1976
1841	1987
1841	1998
1841	1999
1842	1865
1842	1881
1842	1902
1842	1910
1842	1932
1842	1955
1842	1958
1842	1966
1842	1976
1842	1995
1842	1999
1848	1862
1848	1871
1848	1878
1848	1881
1848	1893
1848	1926
1848	1935
1848	1943
1848	1963
1848	1965
1848	1975
1848	1987
1848	1996
1861	1899
1861	1902
1861	1920
1861	1921
1861	1936
1861	1951
1861	1959
1861	1960
1861	1965
1861	1993
1861	1996
1864	1885
1864	1888
1864	1893
1864	1894
1864	1897
1864	1930
1864	1960
1864	1966
1864	1971
1864	1976
1864	1983
1864	1985
1864	1993
1864	1996
1864	1998
1878	1888
1878	1900
1878	1901
1878	1930
1878	1952
1878	1960
1878	1961
1878	1971
1878	1973
1878	1975
1888	1906
1888	1920
1888	1936
1888	1941
1888	1944
1888	1951
1888	1955
1888	1965
1888	1984
1888	1987
1894	1899
1894	1901
1894	1903
1894	1920
1894	1930
1894	1952
1894	1955
1894	1959
1894	1984
1897	1900
1897	1910
1897	1936
1897	1963
1897	1970
1897	1977
1897	1997
1899	1915
1899	1916
1899	1939
1899	1964
1899	1984
1899	1992
1899	1999
1900	1913
1900	1925
1900	1926
1900	1962
1900	1963
1900	1982
1902	1913
1902	1939
1902	1943
1902	1975
1902	1989
1906	1910
1906	1913
1906	1926
1906	1955
1906	1963
1906	1973
1906	1977
1906	1983
1906	1986
1910	1916
1910	1925
1910	1964
1910	1966
1910	1970
1910	1973
1910	1982
1921	1925
1921	1930
1921	1932
1921	1968
1921	1976
1921	1987
1921	1998
1926	1934
1926	1982
1926	1984
1926	1995
1931	1945
1931	1951
1931	1957
1931	1973
1932	1965
1932	1968
1932	1992
1932	1996
1939	1951
1939	1952
1939	1961
1939	1962
1939	1983
1939	1998
1944	1958
1944	1970
1944	1984
1944	1988
1944	1993
1944	1999
1945	1961
1945	1985
1951	1955
1951	1964
1951	1983
1951	1998
1958	1965
1958	1986
1958	1988
1959	1963
1959	1992
1959	1993
1959	1998
1964	1971
1964	1987
1975	1976
1975	1983
1975	1995
1977	1984
1977	1986
1977	1998
1982	1983
1982	1996
1986	1987
1986	1992
1988	1999
1995	1997
1996	1999
1277	1379
1277	1458
1277	1467
1277	1518
1277	1533
1277	1540
1277	1542
1277	1545
1277	1600
1277	1674
1277	1705
1277	1707
1277	1727
1277	1744
1277	1774
1277	1817
1277	1844
1277	1847
1277	1861
1277	1888
1277	1890
1277	1893
1277	1897
1277	1900
1277	1902
1277	1920
1277	1921
1277	1930
1277	1951
1277	1952
1277	1957
1277	1961
1277	1976
1277	1986
1300	1463
1300	1501
1300	1543
1300	1588
1300	1655
1300	1783
1300	1798
1300	1834
1300	1835
1300	1846
1300	1902
1300	1915
1300	1920
1300	1926
1300	1931
1300	1939
1300	1943
1300	1955
1300	1962
1300	1964
1300	1983
1300	1984
1300	1993
1300	1999
1618	1619
1618	1657
1618	1669
1618	1706
1618	1707
1618	1708
1618	1716
1618	1732
1618	1733
1618	1751
1618	1770
1618	1783
1618	1798
1618	1820
1618	1844
1618	1876
1618	1893
1618	1931
1618	1959
1618	1973
1618	1977
1618	1989
1623	1719
1623	1753
1623	1771
1623	1806
1623	1844
1623	1861
1623	1878
1623	1891
1623	1897
1623	1900
1623	1906
1623	1913
1623	1921
1623	1930
1623	1934
1623	1943
1623	1961
1623	1962
1623	1971
1623	1976
1623	1982
1663	1694
1663	1704
1663	1726
1663	1744
1663	1800
1663	1843
1663	1864
1663	1877
1663	1878
1663	1880
1663	1899
1663	1903
1663	1907
1663	1939
1663	1941
1663	1942
1663	1964
1663	1965
1663	1993
1671	1719
1671	1734
1671	1742
1671	1753
1671	1794
1671	1800
1671	1824
1671	1861
1671	1864
1671	1876
1671	1885
1671	1902
1671	1903
1671	1920
1671	1931
1671	1960
1671	1970
1671	1977
1687	1704
1687	1706
1687	1725
1687	1726
1687	1770
1687	1776
1687	1801
1687	1812
1687	1843
1687	1864
1687	1865
1687	1880
1687	1931
1687	1951
1687	1964
1687	1988
1687	1995
1704	1707
1704	1716
1704	1727
1704	1751
1704	1794
1704	1805
1704	1832
1704	1834
1704	1841
1704	1847
1704	1855
1704	1865
1704	1877
1704	1890
1704	1907
1704	1915
1704	1920
1704	1921
1704	1939
1704	1943
1704	1959
1704	1966
1704	1988
1719	1751
1719	1774
1719	1783
1719	1798
1719	1806
1719	1861
1719	1910
1719	1942
1719	1964
1719	1970
1719	1971
1719	1976
1719	1983
1719	1988
1724	1731
1724	1742
1724	1770
1724	1783
1724	1794
1724	1806
1724	1843
1724	1844
1724	1901
1724	1915
1724	1926
1724	1941
1724	1943
1724	1958
1724	1966
1724	1968
1727	1749
1727	1765
1727	1770
1727	1794
1727	1801
1727	1839
1727	1840
1727	1844
1727	1846
1727	1877
1727	1901
1727	1903
1727	1921
1727	1959
1727	1963
1727	1997
1727	1998
1731	1749
1731	1771
1731	1774
1731	1869
1731	1894
1731	1897
1731	1916
1731	1921
1731	1952
1731	1985
1731	1997
1733	1734
1733	1753
1733	1832
1733	1841
1733	1842
1733	1891
1733	1899
1733	1906
1733	1932
1733	1939
1733	1944
1733	1951
1733	1952
1733	1955
1733	1957
1733	1966
1733	1968
1733	1971
1733	1973
1733	1986
1733	1996
1735	1742
1735	1783
1735	1798
1735	1820
1735	1845
1735	1850
1735	1862
1735	1869
1735	1876
1735	1886
1735	1888
1735	1894
1735	1930
1735	1939
1735	1945
1735	1955
1735	1975
1735	1984
1735	1986
1735	1987
1749	1770
1749	1806
1749	1814
1749	1817
1749	1834
1749	1835
1749	1843
1749	1848
1749	1850
1749	1880
1749	1886
1749	1888
1749	1894
1749	1941
1749	1942
1749	1959
1749	1977
1749	1987
1749	1996
1749	1998
1749	1999
1751	1805
1751	1812
1751	1817
1751	1844
1751	1881
1751	1910
1751	1920
1751	1930
1751	1932
1751	1939
1751	1944
1751	1959
1751	1962
1751	1964
1751	1997
1765	1791
1765	1800
1765	1842
1765	1848
1765	1855
1765	1860
1765	1864
1765	1869
1765	1881
1765	1888
1765	1903
1765	1910
1765	1931
1765	1955
1765	1961
1765	1962
1765	1977
1769	1801
1769	1820
1769	1824
1769	1834
1769	1835
1769	1842
1769	1845
1769	1846
1769	1850
1769	1877
1769	1891
1769	1906
1769	1934
1769	1941
1769	1942
1769	1943
1769	1952
1769	1976
1769	1982
1769	1999
1771	1783
1771	1791
1771	1800
1771	1801
1771	1840
1771	1844
1771	1848
1771	1850
1771	1860
1771	1880
1771	1894
1771	1930
1771	1934
1771	1939
1771	1941
1771	1945
1771	1965
1771	1989
1774	1832
1774	1847
1774	1862
1774	1865
1774	1894
1774	1897
1774	1899
1774	1913
1774	1925
1774	1942
1774	1944
1774	1962
1774	1964
1776	1835
1776	1847
1776	1876
1776	1880
1776	1886
1776	1890
1776	1891
1776	1901
1776	1903
1776	1926
1776	1930
1776	1931
1776	1932
1776	1961
1776	1963
1776	1964
1776	1966
1776	1982
1791	1806
1791	1847
1791	1855
1791	1865
1791	1888
1791	1890
1791	1891
1791	1906
1791	1951
1791	1955
1791	1958
1791	1961
1791	1988
1801	1844
1801	1845
1801	1846
1801	1855
1801	1862
1801	1906
1801	1931
1801	1952
1801	1962
1801	1963
1801	1966
1801	1971
1801	1976
1801	1985
1805	1835
1805	1843
1805	1860
1805	1861
1805	1869
1805	1897
1805	1900
1805	1907
1805	1932
1805	1941
1805	1968
1805	1975
1805	1982
1805	1997
1805	1999
1812	1844
1812	1848
1812	1876
1812	1877
1812	1894
1812	1900
1812	1902
1812	1913
1812	1915
1812	1920
1812	1934
1812	1951
1812	1975
1812	1993
1844	1855
1844	1860
1844	1876
1844	1881
1844	1886
1844	1913
1844	1934
1844	1943
1844	1955
1844	1973
1844	1983
1844	1996
1845	1869
1845	1876
1845	1881
1845	1886
1845	1888
1845	1932
1845	1934
1845	1955
1845	1964
1845	1966
1845	1968
1845	1986
1845	1989
1855	1862
1855	1865
1855	1881
1855	1885
1855	1891
1855	1897
1855	1903
1855	1916
1855	1945
1855	1959
1855	1960
1855	1962
1855	1983
1855	1986
1865	1877
1865	1885
1865	1886
1865	1894
1865	1897
1865	1916
1865	1931
1865	1943
1865	1955
1865	1961
1865	1970
1865	1987
1865	1992
1865	1993
1865	1996
1865	1997
1880	1899
1880	1915
1880	1930
1880	1959
1880	1965
1880	1985
1886	1907
1886	1983
1886	1984
1886	1999
1890	1893
1890	1894
1890	1901
1890	1920
1890	1925
1890	1939
1890	1955
1890	1964
1890	1982
1891	1899
1891	1907
1891	1930
1891	1935
1891	1944
1891	1970
1901	1903
1901	1916
1901	1930
1901	1960
1901	1976
1907	1925
1907	1936
1907	1957
1907	1966
1907	1971
1907	1973
1907	1986
1907	1992
1907	1997
1913	1915
1913	1930
1913	1932
1913	1935
1913	1936
1913	1964
1913	1965
1913	1987
1913	1998
1920	1942
1920	1961
1920	1968
1920	1973
1920	1977
1920	1984
1920	1986
1920	1998
1934	1951
1934	1962
1934	1970
1934	1976
1934	1996
1934	1998
1935	1936
1935	1944
1935	1945
1935	1955
1935	1959
1935	1968
1935	1984
1935	1988
1935	1997
1935	1998
1941	1944
1941	1945
1941	1957
1941	1993
1941	1999
1952	1955
1952	1961
1952	1970
1952	1982
1952	1986
1952	1988
1952	1995
1952	1999
1960	1964
1960	1965
1960	1973
1960	1975
1960	1976
1960	1985
1960	1989
1960	1997
1961	1963
1961	1985
1961	1986
1961	1987
1961	1993
1961	1999
1966	1973
1970	1976
1970	1984
1971	1988
1971	1989
1971	1992
1985	1993
1458	1459
1458	1501
1458	1590
1458	1617
1458	1633
1458	1636
1458	1640
1458	1649
1458	1655
1458	1670
1458	1719
1458	1742
1458	1753
1458	1794
1458	1844
1458	1869
1458	1921
1458	1925
1458	1934
1458	1939
1458	1986
1458	1997
1458	1998
1566	1588
1566	1591
1566	1674
1566	1676
1566	1681
1566	1705
1566	1716
1566	1725
1566	1812
1566	1824
1566	1832
1566	1845
1566	1846
1566	1878
1566	1893
1566	1920
1566	1925
1566	1935
1566	1942
1566	1945
1566	1975
1566	1976
1593	1612
1593	1623
1593	1670
1593	1694
1593	1704
1593	1716
1593	1727
1593	1753
1593	1791
1593	1814
1593	1847
1593	1855
1593	1880
1593	1891
1593	1901
1593	1910
1593	1930
1593	1935
1593	1941
1593	1944
1593	1951
1593	1957
1593	1963
1633	1646
1633	1669
1633	1676
1633	1681
1633	1704
1633	1706
1633	1716
1633	1720
1633	1765
1633	1834
1633	1839
1633	1841
1633	1845
1633	1850
1633	1860
1633	1876
1633	1885
1633	1897
1633	1903
1633	1910
1633	1926
1633	1942
1633	1944
1633	1952
1633	1961
1633	1962
1633	1997
1651	1671
1651	1681
1651	1701
1651	1725
1651	1732
1651	1817
1651	1820
1651	1841
1651	1885
1651	1890
1651	1891
1651	1907
1651	1925
1651	1926
1651	1977
1651	1982
1651	1988
1651	1999
1669	1672
1669	1697
1669	1706
1669	1724
1669	1731
1669	1771
1669	1791
1669	1805
1669	1814
1669	1834
1669	1845
1669	1860
1669	1865
1669	1902
1669	1916
1669	1921
1669	1926
1669	1957
1669	1964
1669	1966
1669	1982
1669	1995
1676	1705
1676	1720
1676	1731
1676	1794
1676	1839
1676	1860
1676	1893
1676	1931
1676	1936
1676	1943
1676	1968
1676	1977
1676	1984
1676	1989
1676	1996
1681	1697
1681	1716
1681	1719
1681	1733
1681	1749
1681	1765
1681	1774
1681	1783
1681	1791
1681	1835
1681	1848
1681	1850
1681	1871
1681	1877
1681	1885
1681	1907
1681	1920
1681	1925
1681	1926
1681	1930
1681	1935
1681	1945
1681	1988
1681	1997
1707	1720
1707	1724
1707	1729
1707	1735
1707	1801
1707	1820
1707	1845
1707	1876
1707	1885
1707	1891
1707	1899
1707	1944
1707	1960
1707	1963
1707	1997
1708	1716
1708	1742
1708	1744
1708	1770
1708	1798
1708	1806
1708	1814
1708	1824
1708	1834
1708	1841
1708	1881
1708	1900
1708	1906
1708	1955
1708	1958
1708	1970
1708	1997
1734	1770
1734	1774
1734	1776
1734	1806
1734	1869
1734	1888
1734	1899
1734	1936
1734	1958
1734	1959
1734	1965
1734	1966
1734	1986
1734	1996
1839	1846
1839	1855
1839	1869
1839	1890
1839	1900
1839	1915
1839	1934
1839	1943
1839	1977
1839	1983
1839	1984
1839	1997
1850	1881
1850	1890
1850	1910
1850	1926
1850	1943
1850	1951
1850	1970
1850	1973
1850	1982
1850	1983
1850	1986
1850	1995
1876	1878
1876	1893
1876	1930
1876	1944
1876	1977
1925	1931
1925	1936
1925	1939
1925	1955
1925	1966
1925	1976
1925	1985
1957	1960
1957	1982
1957	1988
1965	1999
1968	1987
1968	1998
1976	1984
1983	1985
1983	1998
1989	1993
1989	1995
1997	1998
1998	1999
1535	1546
1535	1579
1535	1615
1535	1618
1535	1657
1535	1674
1535	1681
1535	1697
1535	1708
1535	1719
1535	1753
1535	1770
1535	1774
1535	1805
1535	1814
1535	1843
1535	1846
1535	1850
1535	1860
1535	1876
1535	1888
1535	1890
1535	1906
1535	1920
1535	1934
1535	1965
1535	1966
1535	1976
1535	1977
1535	1996
1535	1997
1535	1999
1540	1579
1540	1590
1540	1591
1540	1612
1540	1615
1540	1655
1540	1725
1540	1727
1540	1794
1540	1820
1540	1832
1540	1835
1540	1839
1540	1843
1540	1850
1540	1876
1540	1901
1540	1906
1540	1910
1540	1931
1540	1942
1540	1943
1540	1944
1540	1951
1540	1957
1540	1961
1540	1973
1540	1983
1540	1995
1590	1615
1590	1663
1590	1669
1590	1697
1590	1734
1590	1744
1590	1801
1590	1812
1590	1839
1590	1846
1590	1865
1590	1902
1590	1915
1590	1916
1590	1925
1590	1931
1590	1934
1590	1963
1590	1977
1590	1983
1590	1987
1590	1988
1590	1995
1597	1615
1597	1617
1597	1663
1597	1674
1597	1725
1597	1726
1597	1765
1597	1783
1597	1794
1597	1820
1597	1843
1597	1844
1597	1862
1597	1878
1597	1888
1597	1925
1597	1931
1597	1932
1597	1944
1597	1965
1597	1971
1597	1982
1597	1985
1597	1989
1597	1998
1612	1623
1612	1657
1612	1663
1612	1667
1612	1697
1612	1705
1612	1707
1612	1719
1612	1724
1612	1725
1612	1726
1612	1734
1612	1776
1612	1791
1612	1832
1612	1839
1612	1869
1612	1886
1612	1894
1612	1907
1612	1920
1612	1932
1612	1936
1612	1955
1612	1957
1612	1968
1612	1970
1612	1984
1612	1997
1640	1663
1640	1694
1640	1706
1640	1708
1640	1720
1640	1817
1640	1839
1640	1848
1640	1888
1640	1899
1640	1907
1640	1913
1640	1941
1640	1951
1640	1955
1640	1961
1640	1968
1640	1982
1640	1984
1640	1985
1640	1992
1640	1997
1667	1719
1667	1732
1667	1734
1667	1751
1667	1770
1667	1774
1667	1861
1667	1862
1667	1864
1667	1865
1667	1877
1667	1881
1667	1886
1667	1890
1667	1902
1667	1913
1667	1936
1667	1973
1667	1976
1667	1992
1667	1999
1672	1674
1672	1676
1672	1697
1672	1769
1672	1771
1672	1814
1672	1820
1672	1846
1672	1869
1672	1871
1672	1890
1672	1891
1672	1899
1672	1903
1672	1910
1672	1920
1672	1936
1672	1944
1672	1952
1672	1957
1672	1983
1720	1731
1720	1732
1720	1770
1720	1776
1720	1794
1720	1800
1720	1832
1720	1846
1720	1847
1720	1860
1720	1862
1720	1906
1720	1910
1720	1930
1720	1943
1720	1963
1720	1968
1720	1977
1720	1992
1720	1998
1725	1749
1725	1769
1725	1771
1725	1824
1725	1834
1725	1843
1725	1850
1725	1862
1725	1888
1725	1890
1725	1894
1725	1897
1725	1902
1725	1926
1725	1936
1725	1941
1725	1945
1725	1966
1725	1971
1725	1992
1820	1834
1820	1850
1820	1864
1820	1869
1820	1885
1820	1894
1820	1910
1820	1915
1820	1961
1820	1966
1820	1986
1820	1987
1820	1997
1824	1832
1824	1843
1824	1871
1824	1880
1824	1891
1824	1901
1824	1931
1824	1936
1824	1945
1824	1952
1824	1964
1832	1835
1832	1848
1832	1877
1832	1893
1832	1894
1832	1897
1832	1901
1832	1906
1832	1910
1832	1952
1832	1961
1832	1999
1843	1844
1843	1845
1843	1864
1843	1921
1843	1925
1843	1963
1843	1970
1843	1976
1843	1984
1843	1997
1862	1865
1862	1880
1862	1894
1862	1903
1862	1936
1862	1941
1862	1962
1862	1976
1869	1881
1869	1932
1869	1934
1869	1955
1869	1963
1869	1987
1869	1993
1871	1877
1871	1878
1871	1891
1871	1902
1871	1915
1871	1926
1871	1944
1871	1952
1871	1955
1871	1962
1871	1995
1903	1907
1903	1920
1903	1936
1903	1951
1903	1952
1903	1960
1903	1962
1903	1971
1903	1973
1903	1982
1903	1984
1915	1921
1915	1963
1915	1975
1915	1985
1915	1986
1915	1988
1915	1999
1930	1952
1930	1959
1930	1966
1930	1970
1930	1975
1930	1999
1942	1964
1942	1965
1942	1984
1942	1986
1943	1963
1943	1968
1943	1975
1943	1982
1943	1983
1962	1966
1962	1968
1962	1970
1962	1992
1963	1964
1963	1977
1963	1985
1963	1992
1701	1724
1701	1725
1701	1732
1701	1735
1701	1801
1701	1824
1701	1850
1701	1855
1701	1864
1701	1899
1701	1939
1701	1971
1701	1984
1701	1989
1701	1993
1701	1996
1701	1999
1806	1832
1806	1847
1806	1855
1806	1876
1806	1893
1806	1925
1806	1941
1806	1942
1806	1959
1806	1965
1806	1975
1847	1869
1847	1906
1847	1939
1847	1958
1847	1959
1847	1977
1847	1985
1619	1655
1619	1705
1619	1732
1619	1751
1619	1769
1619	1791
1619	1806
1619	1814
1619	1877
1619	1890
1619	1891
1619	1910
1619	1926
1619	1931
1619	1941
1619	1952
1619	1992
1619	1997
1619	1999
1646	1663
1646	1724
1646	1727
1646	1729
1646	1749
1646	1771
1646	1806
1646	1812
1646	1832
1646	1860
1646	1880
1646	1890
1646	1893
1646	1915
1646	1916
1646	1920
1646	1944
1646	1958
1646	1966
1646	1971
1646	1986
1646	1995
1694	1697
1694	1707
1694	1724
1694	1732
1694	1749
1694	1770
1694	1806
1694	1841
1694	1846
1694	1847
1694	1855
1694	1878
1694	1880
1694	1886
1694	1891
1694	1942
1694	1944
1694	1952
1694	1970
1694	1975
1694	1976
1694	1995
1877	1888
1877	1890
1877	1902
1877	1925
1877	1943
1877	1959
1877	1960
1877	1976
1877	1989
1877	1995
1881	1894
1881	1901
1881	1957
1881	1958
1881	1962
1881	1964
1881	1984
1881	1989
1955	1977
1955	1992
1860	1876
1860	1891
1860	1901
1860	1916
1860	1931
1860	1942
1860	1952
1860	1957
1860	1961
1860	1973
1860	1982
1860	1989
1860	1992
1973	1993
1705	1726
1705	1731
1705	1733
1705	1734
1705	1753
1705	1812
1705	1814
1705	1817
1705	1841
1705	1843
1705	1848
1705	1876
1705	1880
1705	1888
1705	1906
1705	1913
1705	1931
1705	1943
1705	1970
1705	1977
1705	1992
1834	1842
1834	1848
1834	1877
1834	1881
1834	1890
1834	1925
1834	1931
1834	1941
1834	1962
1834	1977
1834	1983
1834	1992
1846	1847
1846	1865
1846	1885
1846	1893
1846	1897
1846	1913
1846	1934
1846	1958
1846	1962
1846	1966
1846	1975
1846	1985
1846	1995
1936	1975
1936	1986
1936	1995
1936	1998
1814	1824
1814	1840
1814	1847
1814	1955
1814	1958
1814	1961
1814	1973
1814	1977
1814	1987
1814	1993
1893	1899
1893	1900
1893	1903
1893	1931
1893	1939
1893	1941
1893	1942
1893	1952
1893	1989
1893	1997
1588	1618
1588	1623
1588	1646
1588	1655
1588	1667
1588	1671
1588	1681
1588	1707
1588	1724
1588	1731
1588	1732
1588	1765
1588	1814
1588	1832
1588	1841
1588	1842
1588	1847
1588	1910
1588	1951
1588	1959
1588	1962
1588	1965
1588	1988
1588	1995
1588	1996
1885	1888
1885	1890
1885	1916
1885	1945
1885	1957
1885	1959
1885	1960
1885	1975
1885	1984
1885	1992
1916	1920
1916	1955
1916	1963
1916	1968
1916	1976
1916	1982
1916	1989
1798	1801
1798	1847
1798	1861
1798	1865
1798	1900
1798	1906
1798	1925
1798	1930
1798	1931
1798	1945
1798	1952
1798	1955
1798	1959
1798	1961
1798	1971
1798	1976
1798	1993
