# Undirected graph (each unordered pair of nodes is saved once): output/networks/ScaleFree100removeCentrality-75percent.txt
# Nodes: 500 Edges: 2997
# NodeId	NodeId
745	767
745	1167
745	1417
745	1458
745	1471
745	1560
745	1570
745	1705
745	1767
745	1809
745	1868
745	1891
745	1914
745	1931
745	1985
745	1995
767	1057
767	1137
767	1448
767	1476
767	1630
767	1687
767	1740
767	1745
767	1784
767	1803
767	1858
767	1892
767	1942
865	1069
865	1385
865	1587
865	1592
865	1605
865	1652
865	1780
865	1792
865	1815
865	1856
865	1864
865	1892
865	1981
865	1992
980	1208
980	1516
980	1524
980	1595
980	1616
980	1664
980	1751
980	1763
980	1843
1040	1171
1040	1250
1040	1270
1040	1454
1040	1555
1040	1705
1040	1766
1040	1781
1040	1859
1040	1920
1040	1942
1040	1955
1040	1974
1040	1975
1069	1145
1069	1207
1069	1281
1069	1488
1069	1528
1069	1545
1069	1593
1069	1596
1069	1739
1069	1745
1069	1756
1069	1960
1137	1255
1137	1446
1137	1558
1137	1610
1137	1632
1137	1671
1137	1697
1137	1846
1137	1872
1137	1969
1145	1279
1145	1317
1145	1469
1145	1614
1145	1668
1145	1746
1145	1764
1145	1862
1145	1901
1145	1951
1185	1446
1185	1457
1185	1474
1185	1506
1185	1540
1185	1623
1185	1650
1185	1724
1185	1864
1185	1867
1192	1254
1192	1316
1192	1518
1192	1587
1192	1592
1192	1600
1192	1729
1192	1820
1192	1848
1192	1947
1194	1346
1194	1368
1194	1380
1194	1542
1194	1574
1194	1645
1194	1725
1194	1735
1194	1763
1194	1765
1194	1946
1194	1998
1245	1284
1245	1376
1245	1476
1245	1507
1245	1584
1245	1662
1245	1681
1245	1764
1245	1792
1245	1798
1245	1918
1245	1952
1245	1956
1262	1616
1262	1676
1262	1720
1262	1763
1262	1856
1262	1858
1262	1972
1262	1985
1291	1390
1291	1398
1291	1533
1291	1548
1291	1607
1291	1630
1291	1685
1291	1697
1291	1819
1291	1866
1291	1929
1291	1980
1321	1396
1321	1507
1321	1515
1321	1684
1321	1685
1321	1769
1321	1897
1380	1434
1380	1726
1380	1780
1380	1805
1434	1558
1434	1680
1434	1690
1434	1804
1434	1990
1435	1500
1435	1517
1435	1533
1435	1738
1435	1775
1435	1826
1435	1827
1435	1837
1435	1873
1435	1911
1435	1925
1435	1994
1436	1458
1436	1639
1436	1698
1436	1848
1436	1891
1436	1895
1443	1504
1443	1656
1443	1726
1443	1761
1443	1807
1443	1830
1443	1852
1443	1925
1443	1978
1443	1995
1448	1517
1448	1526
1448	1539
1448	1607
1448	1763
1448	1765
1448	1797
1448	1828
1448	1859
1466	1520
1466	1521
1466	1533
1466	1560
1466	1616
1466	1628
1466	1825
1469	1524
1469	1590
1469	1667
1469	1733
1469	1741
1469	1798
1469	1879
1469	1901
1469	1978
1469	1988
1474	1574
1474	1609
1474	1621
1474	1716
1474	1719
1474	1746
1474	1795
1474	1862
1474	1909
1474	1995
1490	1570
1490	1643
1490	1836
1490	1870
1490	1906
1490	1909
1526	1625
1526	1685
1526	1690
1526	1713
1526	1726
1526	1868
1526	1893
1526	1939
1526	1947
1526	1975
1545	1596
1545	1681
1545	1684
1545	1720
1545	1886
1545	1936
1545	1960
1574	1604
1574	1686
1574	1697
1574	1813
1574	1826
1574	1859
1574	1915
1574	1928
1590	1593
1590	1602
1590	1852
1590	1858
1590	1889
1590	1909
1590	1982
1590	1988
1623	1662
1623	1705
1623	1804
1623	1856
1623	1976
1627	1685
1627	1692
1627	1761
1627	1818
1627	1819
1627	1856
1627	1865
1627	1920
1627	1951
1627	1968
1627	1994
1633	1915
1633	1994
1643	1662
1643	1781
1643	1784
1643	1841
1643	1911
1664	1724
1664	1793
1664	1851
1664	1861
1664	1872
1664	1890
1664	1897
1664	1939
1664	1994
1699	1747
1699	1847
1699	1946
1699	1973
1699	1988
1727	1739
1727	1770
1727	1822
1727	1825
1727	1860
1729	1764
1729	1770
1729	1976
1729	1979
1754	1766
1754	1778
1754	1825
1754	1845
1754	1864
1754	1921
1754	1976
1761	1764
1761	1788
1761	1881
1761	1902
1761	1904
1761	1931
1761	1997
1764	1873
1764	1938
1764	1982
1767	1870
1767	1874
1767	1887
1767	1915
1767	1940
1767	1955
1778	1818
1778	1854
1778	1923
1778	1946
1778	1961
1781	1808
1781	1846
1781	1874
1801	1978
1801	1997
1808	1856
1808	1872
1808	1891
1808	1962
1827	1864
1836	1908
1836	1915
1836	1923
1836	1927
1862	1911
1867	1870
1867	1875
1867	1952
1870	1909
1870	1931
1870	1960
1896	1911
1896	1953
1896	1995
1901	1915
1901	1981
1917	1928
1917	1998
1937	1962
1955	1962
1965	1999
862	1207
862	1279
862	1308
862	1319
862	1385
862	1429
862	1524
862	1619
862	1621
862	1630
862	1879
862	1925
862	1962
925	1055
925	1138
925	1264
925	1288
925	1330
925	1708
925	1720
925	1793
925	1795
925	1801
925	1809
925	1870
925	1923
925	1967
929	1207
929	1393
929	1474
929	1723
929	1813
929	1847
929	1915
929	1928
929	1951
929	1974
941	1055
941	1152
941	1167
941	1230
941	1380
941	1465
941	1517
941	1561
941	1563
941	1600
941	1614
941	1799
941	1848
941	1890
941	1929
941	1931
941	1979
949	1288
949	1448
949	1454
949	1467
949	1488
949	1490
949	1514
949	1603
949	1605
949	1692
949	1973
949	1974
975	1139
975	1250
975	1262
975	1380
975	1386
975	1387
975	1466
975	1712
975	1741
975	1854
1057	1084
1057	1540
1057	1609
1057	1656
1057	1676
1057	1723
1057	1828
1057	1854
1057	1983
1105	1262
1105	1323
1105	1491
1105	1497
1105	1678
1105	1776
1105	1850
1105	1857
1105	1858
1105	1861
1105	1930
1167	1185
1167	1320
1167	1580
1167	1605
1167	1678
1167	1752
1167	1851
1167	1914
1167	1918
1167	1946
1178	1539
1178	1558
1178	1652
1178	1669
1178	1684
1178	1738
1178	1792
1178	1861
1178	1896
1218	1386
1218	1448
1218	1507
1218	1804
1218	1870
1219	1230
1219	1521
1219	1548
1219	1680
1219	1720
1219	1741
1219	1782
1219	1837
1219	1861
1219	1874
1219	1937
1219	1968
1219	1972
1233	1306
1233	1382
1233	1410
1233	1645
1233	1650
1233	1676
1233	1775
1233	1806
1233	1855
1233	1920
1233	1947
1251	1264
1251	1366
1251	1387
1251	1388
1251	1398
1251	1429
1251	1435
1251	1574
1251	1607
1251	1697
1251	1761
1251	1782
1251	1847
1251	1850
1251	1891
1251	1930
1251	1954
1251	1981
1264	1284
1264	1285
1264	1524
1264	1533
1264	1540
1264	1652
1264	1710
1264	1893
1264	1906
1264	1928
1264	1931
1264	1974
1377	1497
1377	1568
1377	1627
1377	1652
1377	1679
1377	1684
1377	1718
1377	1740
1377	1800
1377	1832
1377	1909
1377	1965
1377	1988
1385	1463
1385	1475
1385	1528
1385	1563
1385	1716
1385	1730
1385	1788
1385	1809
1385	1866
1385	1915
1385	1971
1385	1982
1393	1398
1393	1462
1393	1605
1393	1702
1393	1724
1393	1739
1393	1858
1393	1908
1393	1925
1398	1409
1398	1602
1398	1707
1398	1745
1398	1792
1398	1832
1398	1866
1398	1910
1398	1914
1398	1975
1398	1992
1416	1597
1416	1629
1416	1763
1416	1855
1416	1910
1416	1951
1467	1662
1467	1690
1467	1702
1467	1718
1467	1726
1467	1751
1467	1775
1467	1805
1467	1861
1467	1906
1467	1927
1488	1510
1488	1664
1488	1735
1488	1893
1488	1913
1488	1930
1488	1931
1488	1966
1491	1678
1491	1740
1491	1802
1491	1946
1491	1950
1491	1956
1491	1962
1491	1965
1520	1549
1520	1555
1520	1623
1520	1666
1520	1679
1520	1684
1520	1800
1520	1847
1520	1882
1520	1913
1537	1590
1537	1716
1537	1735
1537	1742
1537	1859
1537	1962
1551	1604
1551	1626
1551	1718
1551	1769
1551	1797
1551	1803
1551	1936
1551	1974
1564	1591
1564	1628
1564	1664
1564	1689
1564	1723
1577	1708
1577	1715
1577	1880
1577	1950
1587	1660
1587	1662
1587	1701
1587	1756
1587	1990
1591	1684
1591	1778
1591	1808
1591	1906
1591	1915
1592	1634
1592	1669
1592	1723
1592	1773
1592	1795
1595	1692
1595	1746
1595	1765
1595	1808
1595	1953
1595	1960
1625	1645
1625	1772
1625	1846
1625	1855
1625	1902
1625	1999
1646	1656
1646	1778
1646	1852
1646	1857
1646	1972
1646	1995
1650	1678
1650	1792
1650	1873
1650	1950
1650	1978
1650	1980
1650	1997
1652	1681
1652	1784
1652	1857
1652	1895
1652	1990
1657	1793
1657	1845
1671	1713
1671	1755
1671	1799
1671	1815
1671	1862
1671	1894
1671	1905
1671	1937
1680	1710
1680	1755
1680	1800
1680	1865
1680	1996
1681	1743
1681	1795
1683	1718
1683	1739
1683	1809
1683	1816
1683	1931
1683	1942
1683	1990
1683	1992
1684	1772
1684	1897
1684	1979
1686	1718
1686	1745
1686	1867
1686	1894
1686	1904
1686	1910
1686	1969
1686	1988
1694	1698
1694	1719
1694	1758
1694	1765
1702	1716
1702	1729
1702	1803
1702	1847
1702	1891
1702	1923
1716	1780
1716	1817
1739	1740
1739	1758
1739	1806
1739	1915
1745	1923
1751	1764
1751	1802
1751	1881
1751	1945
1763	1849
1763	1875
1775	1800
1775	1879
1775	1995
1792	1816
1792	1886
1792	1983
1797	1841
1797	1846
1797	1856
1797	1860
1797	1913
1797	1931
1797	1942
1797	1943
1804	1843
1804	1939
1817	1863
1817	1899
1817	1982
1819	1969
1826	1897
1826	1927
1826	1928
1826	1937
1831	1879
1831	1896
1831	1937
1831	1950
1832	1862
1832	1997
1837	1913
1837	1960
1837	1985
1860	1890
1860	1982
1861	1988
1874	1975
1899	1902
1899	1999
1923	1942
1923	1943
1923	1947
1923	1954
1927	1983
1927	1985
1931	1968
1931	1976
1939	1981
1971	1974
1971	1976
680	862
680	1071
680	1145
680	1218
680	1251
680	1375
680	1376
680	1452
680	1469
680	1560
680	1664
680	1707
680	1716
680	1875
680	1914
712	929
712	1117
712	1171
712	1254
712	1281
712	1316
712	1488
712	1609
712	1879
712	1897
712	1938
712	1967
712	1975
712	1982
736	925
736	1192
736	1316
736	1446
736	1475
736	1702
736	1747
736	1782
736	1793
736	1807
736	1813
799	1261
799	1409
799	1435
799	1521
799	1577
799	1660
799	1740
830	1069
830	1514
830	1554
830	1660
830	1801
830	1805
830	1827
830	1862
830	1879
830	1910
830	1914
1022	1074
1022	1105
1022	1192
1022	1378
1022	1626
1022	1804
1022	1893
1022	1918
1022	1965
1022	1974
1041	1210
1041	1423
1041	1497
1041	1521
1041	1665
1041	1671
1041	1685
1041	1729
1041	1735
1041	1852
1041	1870
1041	1905
1041	1925
1041	1930
1074	1167
1074	1233
1074	1472
1074	1491
1074	1542
1074	1623
1074	1710
1074	1843
1118	1245
1118	1274
1118	1390
1118	1513
1118	1657
1118	1724
1118	1749
1118	1828
1118	1928
1118	1936
1118	1943
1171	1278
1171	1387
1171	1466
1171	1488
1171	1555
1171	1598
1171	1633
1171	1660
1171	1683
1171	1733
1171	1803
1171	1908
1174	1274
1174	1291
1174	1386
1174	1388
1174	1405
1174	1639
1174	1646
1174	1742
1174	1769
1174	1830
1174	1936
1174	1951
1210	1255
1210	1323
1210	1358
1210	1429
1210	1500
1210	1660
1210	1731
1210	1740
1210	1811
1210	1846
1210	1897
1210	1912
1210	1999
1261	1463
1261	1555
1261	1623
1261	1808
1274	1342
1274	1452
1274	1488
1274	1555
1274	1584
1274	1592
1274	1623
1274	1775
1274	1827
1274	1855
1274	1868
1274	1980
1308	1429
1308	1554
1308	1560
1308	1609
1308	1657
1308	1911
1342	1352
1342	1506
1342	1533
1342	1587
1342	1603
1342	1616
1342	1665
1342	1730
1342	1827
1342	1855
1342	1976
1342	1978
1358	1548
1358	1596
1358	1617
1358	1690
1358	1763
1358	1772
1358	1873
1358	1905
1373	1387
1373	1462
1373	1516
1373	1551
1373	1565
1373	1617
1373	1681
1373	1713
1373	1748
1373	1813
1373	1825
1373	1828
1373	1837
1373	1847
1373	1908
1373	1952
1379	1596
1379	1600
1379	1626
1379	1643
1379	1674
1379	1832
1379	1863
1379	1901
1379	1918
1379	1930
1379	1937
1382	1452
1382	1549
1382	1560
1382	1632
1382	1669
1382	1689
1382	1868
1382	1890
1386	1388
1386	1396
1386	1521
1386	1561
1386	1602
1386	1707
1386	1725
1386	1823
1386	1827
1386	1901
1386	1956
1389	1463
1389	1472
1389	1497
1389	1521
1389	1551
1389	1570
1389	1623
1389	1633
1389	1634
1389	1698
1389	1713
1389	1764
1389	1918
1396	1727
1396	1817
1396	1851
1396	1918
1396	1945
1396	1972
1410	1417
1410	1605
1410	1639
1410	1679
1410	1803
1410	1835
1417	1564
1417	1729
1417	1782
1417	1808
1417	1850
1417	1857
1417	1914
1417	1940
1452	1567
1452	1701
1452	1752
1452	1758
1452	1767
1452	1805
1452	1858
1452	1912
1452	1956
1476	1491
1476	1539
1476	1575
1476	1603
1476	1698
1476	1725
1476	1745
1476	1907
1476	1960
1476	1981
1514	1518
1514	1580
1514	1731
1514	1798
1514	1819
1514	1861
1514	1981
1514	1985
1563	1652
1563	1676
1563	1754
1563	1837
1563	1880
1563	1956
1563	1981
1607	1616
1607	1619
1607	1671
1607	1683
1607	1764
1607	1808
1607	1852
1616	1652
1616	1798
1616	1935
1616	1974
1616	1978
1616	1993
1619	1689
1619	1710
1619	1719
1619	1766
1619	1923
1619	1951
1628	1684
1628	1706
1628	1773
1628	1840
1628	1875
1628	1953
1628	1981
1628	1988
1669	1747
1669	1826
1669	1864
1669	1867
1669	1893
1669	1947
1676	1852
1676	1863
1676	1889
1676	1905
1689	1725
1689	1738
1689	1745
1689	1790
1689	1994
1701	1805
1701	1863
1701	1864
1701	1947
1701	1966
1707	1769
1707	1775
1707	1793
1707	1859
1707	1981
1712	1792
1712	1902
1712	1975
1712	1999
1713	1969
1713	1994
1715	1726
1715	1756
1715	1805
1715	1815
1715	1908
1715	1978
1718	1742
1718	1967
1733	1736
1733	1819
1733	1837
1733	1992
1733	1998
1740	1741
1740	1947
1740	1950
1740	1993
1748	1770
1748	1772
1748	1811
1748	1817
1748	1819
1748	1830
1748	1901
1748	1912
1748	1921
1748	1980
1755	1822
1755	1839
1755	1845
1755	1880
1755	1985
1765	1912
1765	1955
1765	1971
1773	1816
1773	1831
1773	1855
1773	1938
1773	1990
1784	1828
1784	1860
1784	1927
1793	1846
1793	1893
1793	1953
1793	1966
1793	1967
1793	1997
1803	1815
1803	1825
1803	1911
1815	1872
1815	1880
1815	1961
1815	1966
1815	1976
1818	1831
1818	1889
1818	1925
1830	1880
1830	1896
1830	1971
1835	1849
1835	1969
1839	1960
1839	1973
1839	1998
1840	1852
1840	1865
1840	1915
1875	1889
1875	1976
1877	1886
1877	1906
1877	1907
1891	1923
1891	1935
902	931
902	1457
902	1514
902	1518
902	1560
902	1782
912	1108
912	1128
912	1275
912	1475
912	1577
912	1628
912	1634
912	1781
912	1788
912	1906
912	1973
998	1139
998	1264
998	1373
998	1454
998	1735
998	1741
998	1756
998	1826
1071	1278
1071	1308
1071	1375
1071	1708
1071	1752
1071	1758
1071	1773
1071	1872
1071	1951
1071	1954
1071	1972
1108	1342
1108	1539
1108	1629
1108	1683
1108	1699
1108	1802
1108	1823
1108	1893
1121	1210
1121	1254
1121	1320
1121	1342
1121	1393
1121	1409
1121	1687
1121	1719
1121	1804
1121	1894
1121	1953
1121	1983
1140	1192
1140	1396
1140	1462
1140	1510
1140	1575
1140	1683
1140	1720
1140	1790
1140	1792
1140	1823
1140	1886
1140	1920
1140	1947
1222	1386
1222	1718
1222	1723
1222	1800
1222	1811
1222	1820
1222	1859
1222	1872
1222	1896
1222	1913
1222	1973
1254	1284
1254	1517
1254	1564
1254	1626
1254	1712
1254	1724
1254	1782
1254	1820
1254	1850
1254	1861
1254	1877
1254	1927
1254	1960
1323	1356
1323	1435
1323	1625
1323	1626
1323	1643
1323	1648
1323	1736
1323	1776
1323	1874
1323	1936
1330	1390
1330	1763
1330	1773
1330	1817
1330	1891
1352	1366
1352	1377
1352	1471
1352	1614
1352	1776
1352	1921
1352	1939
1378	1385
1378	1415
1378	1417
1378	1443
1378	1660
1378	1681
1378	1692
1378	1716
1378	1786
1459	1476
1459	1549
1459	1596
1459	1604
1459	1621
1459	1820
1459	1825
1459	1849
1459	1860
1459	1887
1459	1910
1459	1929
1465	1713
1465	1769
1465	1778
1465	1863
1465	1865
1465	1910
1465	1914
1465	1938
1504	1555
1504	1565
1504	1604
1504	1756
1504	1761
1504	1806
1504	1835
1504	1861
1504	1874
1504	1875
1504	1935
1504	1936
1504	1994
1516	1545
1516	1733
1516	1752
1516	1778
1516	1962
1533	1614
1533	1623
1533	1738
1533	1775
1533	1873
1568	1666
1568	1669
1568	1679
1568	1740
1632	1633
1632	1731
1632	1747
1632	1766
1632	1793
1632	1816
1632	1839
1632	1952
1632	1967
1632	1998
1662	1832
1662	1872
1662	1877
1662	1879
1662	1928
1674	1678
1674	1851
1674	1859
1674	1887
1732	1741
1732	1767
1732	1769
1732	1996
1738	1843
1738	1857
1738	1881
1738	1930
1738	1956
1738	1998
1743	1766
1743	1907
1743	1909
1743	1917
1743	1918
1749	1770
1749	1816
1749	1836
1749	1848
1749	1855
1749	1907
1749	1968
1782	1830
1782	1904
1782	1982
1790	1816
1790	1840
1790	1849
1790	1850
1790	1856
1790	1861
1790	1942
1790	1975
1790	1982
1795	1848
1795	1850
1795	1923
1795	1967
1799	1840
1799	1908
1799	1980
1802	1923
1802	1962
1805	1808
1805	1817
1805	1881
1805	1902
1805	1905
1805	1938
1825	1935
1846	1874
1846	1917
1846	1945
1848	1863
1848	1907
1848	1945
1848	1951
1848	1966
1851	1911
1851	1967
1851	1975
1851	1979
1851	1999
1866	1943
1866	1954
1866	1966
1866	1999
1868	1912
1868	1965
1868	1995
1887	1931
1887	1969
1889	1929
1889	1961
1909	1995
931	1192
931	1320
931	1416
931	1516
931	1541
931	1669
931	1723
931	1726
931	1801
931	1815
931	1872
931	1945
931	1983
958	975
958	1330
958	1393
958	1604
958	1623
958	1668
958	1671
958	1743
958	1795
958	1877
958	1937
958	1974
977	1139
977	1208
977	1218
977	1279
977	1568
977	1595
977	1607
977	1639
977	1742
977	1849
977	1866
977	1913
977	1929
977	1981
1053	1128
1053	1138
1053	1250
1053	1278
1053	1567
1053	1592
1053	1633
1053	1694
1053	1817
1053	1819
1053	1835
1053	1983
1053	1992
1053	1997
1128	1152
1128	1218
1128	1264
1128	1504
1128	1563
1128	1565
1128	1645
1128	1801
1128	1835
1128	1875
1128	1882
1128	1945
1128	1968
1128	1999
1173	1178
1173	1207
1173	1255
1173	1275
1173	1281
1173	1319
1173	1464
1173	1603
1173	1667
1173	1778
1173	1805
1279	1291
1279	1440
1279	1469
1279	1548
1279	1678
1279	1763
1279	1868
1279	1911
1306	1316
1306	1387
1306	1436
1306	1475
1306	1708
1306	1730
1306	1776
1306	1786
1306	1799
1306	1804
1306	1901
1306	1975
1320	1368
1320	1390
1320	1459
1320	1516
1320	1584
1320	1674
1320	1775
1320	1868
1320	1952
1356	1555
1356	1596
1356	1633
1356	1639
1356	1648
1356	1671
1356	1741
1356	1828
1356	1835
1356	1859
1356	1867
1356	1902
1366	1409
1366	1485
1366	1506
1366	1533
1366	1587
1366	1662
1366	1674
1366	1781
1366	1813
1366	1828
1366	1998
1440	1491
1440	1565
1440	1584
1440	1603
1440	1627
1440	1645
1440	1764
1440	1804
1440	1865
1440	1895
1440	1938
1446	1523
1446	1605
1446	1862
1458	1549
1458	1715
1458	1733
1458	1738
1458	1841
1458	1897
1458	1935
1458	1997
1462	1488
1462	1561
1462	1598
1462	1679
1462	1687
1462	1738
1462	1798
1462	1873
1462	1904
1475	1476
1475	1603
1475	1634
1475	1773
1475	1893
1475	1938
1475	1967
1475	1990
1510	1541
1510	1600
1510	1609
1510	1657
1510	1674
1510	1690
1510	1818
1510	1894
1510	1921
1513	1592
1513	1632
1513	1806
1513	1818
1513	1839
1513	1910
1513	1936
1522	1545
1522	1548
1522	1603
1522	1626
1522	1668
1522	1822
1522	1905
1529	1625
1529	1645
1529	1859
1529	1940
1529	1954
1529	1974
1529	1988
1558	1607
1558	1664
1558	1792
1558	1847
1558	1857
1558	1895
1558	1908
1558	1942
1584	1716
1584	1731
1584	1769
1584	1817
1584	1843
1584	1907
1584	1946
1584	1951
1621	1699
1621	1705
1621	1723
1621	1765
1621	1803
1621	1904
1621	1993
1634	1843
1634	1845
1634	1937
1648	1702
1648	1727
1648	1755
1656	1689
1656	1717
1656	1857
1656	1979
1679	1808
1708	1729
1708	1763
1708	1827
1708	1872
1708	1917
1708	1945
1724	1776
1724	1881
1724	1965
1724	1979
1731	1804
1731	1850
1731	1908
1752	1856
1752	1890
1752	1923
1752	1942
1752	1982
1752	1993
1811	1827
1828	1850
1828	1870
1828	1994
1879	1892
1879	1951
1929	1945
1942	1951
1953	1967
1967	1973
1055	1057
1055	1281
1055	1330
1055	1382
1055	1488
1055	1701
1055	1713
1055	1716
1055	1778
1055	1863
1055	1880
1055	1905
1055	1918
1055	1937
1084	1262
1084	1358
1084	1626
1084	1633
1084	1749
1084	1754
1084	1772
1084	1798
1084	1880
1084	1913
1084	1930
1084	1939
1084	1946
1084	1947
1084	1954
1084	1960
1157	1261
1157	1290
1157	1575
1157	1634
1157	1650
1157	1764
1157	1770
1157	1879
1157	1904
1157	1907
1157	1935
1157	1975
1157	1990
1207	1230
1207	1281
1207	1674
1207	1754
1207	1841
1207	1985
1213	1275
1213	1436
1213	1475
1213	1518
1213	1564
1213	1568
1213	1650
1213	1660
1213	1755
1213	1815
1213	1907
1229	1230
1229	1440
1229	1632
1229	1707
1229	1708
1229	1718
1229	1739
1229	1748
1229	1979
1239	1291
1239	1316
1239	1366
1239	1376
1239	1410
1239	1417
1239	1565
1239	1602
1239	1643
1239	1724
1239	1729
1239	1801
1239	1809
1239	1819
1239	1875
1239	1895
1239	1921
1316	1526
1316	1614
1316	1664
1316	1732
1316	1775
1316	1895
1316	1920
1415	1510
1415	1529
1415	1712
1415	1723
1415	1780
1415	1782
1415	1802
1415	1813
1415	1879
1415	1935
1415	1968
1423	1561
1423	1592
1423	1598
1423	1720
1423	1773
1423	1857
1423	1870
1423	1875
1423	1912
1454	1507
1454	1725
1454	1766
1454	1778
1454	1979
1454	1995
1463	1476
1463	1548
1463	1567
1463	1575
1463	1723
1463	1745
1463	1973
1463	1996
1472	1523
1472	1554
1472	1591
1472	1592
1472	1718
1472	1730
1472	1739
1472	1782
1472	1822
1472	1828
1472	1864
1472	1927
1472	1942
1485	1516
1485	1542
1485	1563
1485	1723
1485	1726
1485	1732
1485	1770
1485	1775
1485	1799
1485	1863
1485	1890
1485	1943
1485	1988
1517	1526
1517	1591
1517	1602
1517	1634
1517	1684
1517	1850
1517	1918
1517	1950
1517	1981
1554	1679
1554	1708
1554	1720
1554	1811
1554	1827
1554	1874
1554	1897
1560	1563
1560	1591
1560	1697
1560	1732
1560	1786
1560	1890
1560	1990
1561	1597
1561	1683
1561	1716
1561	1754
1561	1786
1561	1808
1561	1811
1561	1843
1561	1872
1561	1962
1610	1623
1610	1633
1610	1751
1610	1754
1610	1802
1610	1809
1610	1929
1667	1715
1667	1781
1667	1877
1705	1772
1705	1870
1705	1889
1705	1907
1705	1910
1705	1943
1710	1769
1710	1770
1710	1914
1710	1993
1726	1807
1726	1840
1726	1866
1726	1880
1726	1953
1735	1756
1735	1788
1735	1795
1735	1813
1735	1862
1735	1870
1735	1880
1735	1886
1758	1763
1758	1811
1758	1859
1758	1897
1758	1955
1776	1859
1776	1921
1776	1945
1820	1910
1820	1911
1820	1929
1820	1971
1845	1847
1845	1881
1845	1889
1845	1910
1845	1920
1845	1927
1845	1935
1845	1980
1863	1894
1892	1902
1892	1918
1892	1928
1892	1981
1894	1901
1894	1909
1894	1968
1894	1995
1894	1998
1895	1935
1895	1962
1895	1980
1895	1992
1895	1994
1902	1942
1906	1993
1915	1939
1915	1990
1950	1981
1117	1545
1117	1595
1117	1742
1117	1761
1117	1776
1117	1839
1117	1887
1117	1954
1117	1965
1117	1997
1429	1528
1429	1603
1429	1619
1429	1656
1429	1725
1429	1766
1429	1942
1464	1542
1464	1545
1464	1563
1464	1813
1464	1861
1464	1954
1464	1993
1539	1749
1539	1763
1539	1809
1539	1831
1539	1891
1539	1899
1539	1923
1539	1936
1539	1952
1540	1567
1540	1587
1540	1643
1540	1698
1540	1751
1540	1775
1540	1928
1580	1596
1580	1674
1580	1724
1580	1732
1580	1782
1580	1798
1580	1896
1600	1604
1600	1732
1600	1781
1600	1848
1629	1687
1629	1756
1629	1802
1629	1830
1629	1867
1629	1893
1692	1801
1692	1850
1692	1855
1692	1980
1719	1801
1719	1820
1719	1937
1719	1968
1723	1736
1723	1769
1723	1938
1723	1981
1786	1797
1786	1832
1786	1978
1822	1863
1822	1908
1822	1945
1822	1981
1857	1988
1886	1912
1886	1953
1886	1961
1886	1985
1910	1931
1914	1928
1914	1972
1914	1976
1925	1939
1925	1988
1935	1947
1935	1992
1978	1998
858	1022
858	1157
858	1233
858	1323
858	1513
858	1524
858	1630
858	1646
858	1671
858	1882
858	1997
1278	1485
1278	1497
1278	1577
1278	1616
1278	1694
1278	1746
1278	1755
1278	1776
1278	1807
1278	1861
1278	1882
1278	1930
1285	1506
1285	1575
1285	1639
1285	1775
1285	1872
1285	1874
1285	1896
1285	1920
1285	1951
1317	1452
1317	1457
1317	1490
1317	1668
1317	1674
1317	1692
1317	1698
1317	1909
1317	1912
1317	1950
1317	1965
1317	1993
1387	1391
1387	1458
1387	1605
1387	1665
1387	1793
1387	1802
1387	1861
1387	1939
1390	1528
1390	1591
1390	1602
1390	1725
1390	1730
1390	1818
1390	1855
1390	1956
1390	1969
1390	1980
1409	1454
1409	1689
1409	1705
1409	1739
1409	1801
1409	1818
1409	1852
1492	1600
1492	1720
1492	1767
1492	1929
1492	1962
1492	1981
1492	1990
1500	1517
1500	1609
1500	1705
1500	1726
1500	1843
1500	1881
1500	1882
1500	1917
1515	1564
1515	1679
1515	1715
1515	1741
1515	1836
1515	1873
1515	1904
1521	1541
1521	1603
1521	1605
1521	1712
1521	1745
1521	1839
1521	1879
1521	1901
1521	1979
1521	1985
1565	1617
1565	1680
1565	1797
1565	1894
1614	1741
1614	1756
1614	1843
1614	1951
1666	1679
1666	1713
1666	1715
1666	1807
1666	1817
1666	1839
1666	1960
1666	1997
1678	1680
1678	1681
1678	1712
1678	1790
1678	1865
1678	1887
1678	1904
1678	1908
1678	1925
1678	1945
1685	1765
1685	1854
1685	1864
1685	1877
1690	1733
1690	1859
1690	1953
1690	1983
1690	1993
1690	1996
1697	1717
1697	1746
1697	1836
1697	1850
1697	1861
1697	1968
1697	1996
1706	1818
1706	1851
1706	1877
1706	1965
1717	1778
1717	1815
1717	1890
1717	1927
1717	1953
1717	1994
1766	1854
1766	1910
1911	1990
1912	1931
1920	1969
1921	1945
1921	1978
1928	1990
1080	1167
1080	1382
1080	1541
1080	1551
1080	1674
1080	1767
1080	1788
1080	1808
1080	1867
1080	1921
1080	1939
1080	1943
1230	1261
1230	1316
1230	1567
1230	1639
1230	1701
1230	1732
1230	1923
1230	1936
1230	1938
1230	1943
1230	1945
1230	1954
1230	1971
1250	1288
1250	1491
1250	1570
1250	1686
1250	1707
1250	1715
1250	1727
1250	1795
1250	1802
1250	1807
1250	1860
1250	1891
1250	1942
1255	1476
1255	1570
1255	1591
1255	1657
1255	1669
1255	1724
1255	1752
1255	1754
1255	1882
1255	1921
1255	1961
1296	1388
1296	1456
1296	1473
1296	1520
1296	1528
1296	1555
1296	1849
1296	1859
1296	1956
1296	1993
1506	1528
1506	1607
1506	1694
1506	1766
1506	1886
1506	1909
1506	1920
1518	1626
1518	1692
1518	1743
1518	1782
1518	1831
1518	1847
1518	1854
1518	1868
1518	1877
1518	1882
1518	1905
1518	1915
1593	1749
1593	1765
1593	1772
1593	1806
1593	1879
1593	1918
1593	1978
1626	1668
1626	1865
1626	1902
1626	1946
1639	1685
1639	1710
1639	1752
1639	1804
1639	1935
1639	1967
1720	1723
1720	1852
1720	1928
1730	1803
1730	1942
1747	1752
1747	1837
1747	1967
1747	1969
1747	1996
1800	1875
1800	1891
1800	1920
1800	1939
1800	1982
1880	1893
1880	1901
1880	1905
1897	1925
1897	1955
1913	1917
1270	1323
1270	1388
1270	1458
1270	1610
1270	1629
1270	1684
1270	1687
1270	1717
1270	1727
1270	1740
1270	1747
1270	1813
1270	1896
1270	1899
1281	1377
1281	1516
1281	1539
1281	1686
1281	1689
1281	1725
1281	1756
1281	1851
1281	1938
1281	1943
1281	1988
1290	1319
1290	1373
1290	1423
1290	1456
1290	1554
1290	1699
1290	1724
1290	1756
1290	1832
1290	1855
1290	1856
1290	1997
1319	1436
1319	1528
1319	1669
1319	1797
1319	1798
1319	1808
1319	1836
1319	1847
1319	1861
1319	1999
1375	1529
1375	1554
1375	1593
1375	1690
1375	1699
1375	1733
1375	1745
1375	1921
1376	1540
1376	1570
1376	1727
1376	1746
1376	1784
1376	1929
1376	1947
1456	1529
1456	1533
1456	1643
1456	1656
1456	1666
1456	1716
1456	1758
1456	1769
1456	1795
1456	1860
1456	1985
1471	1540
1471	1567
1471	1687
1471	1756
1471	1784
1471	1908
1471	1968
1497	1560
1497	1678
1497	1699
1497	1707
1497	1717
1497	1758
1497	1894
1497	1968
1523	1692
1523	1701
1523	1730
1523	1733
1523	1767
1523	1798
1523	1832
1523	1929
1523	1935
1523	1962
1523	1972
1523	1998
1548	1665
1548	1751
1548	1813
1548	1823
1548	1860
1548	1862
1548	1867
1549	1674
1549	1679
1549	1729
1549	1749
1549	1782
1549	1820
1549	1879
1549	1913
1549	1930
1570	1592
1570	1669
1570	1685
1570	1788
1570	1852
1570	1925
1570	1978
1570	1994
1598	1699
1598	1705
1598	1751
1598	1947
1598	1953
1687	1710
1687	1725
1687	1790
1687	1803
1687	1817
1687	1830
1687	1863
1687	1915
1687	1923
1698	1735
1698	1775
1698	1845
1698	1891
1698	1940
1698	1952
1736	1769
1736	1773
1736	1780
1736	1800
1736	1841
1736	1877
1736	1891
1736	1918
1736	1976
1746	1806
1746	1837
1769	1797
1769	1835
1769	1901
1770	1798
1770	1892
1770	1943
1770	1946
1770	1955
1772	1811
1772	1909
1772	1914
1772	1936
1772	1969
1788	1822
1788	1840
1788	1860
1788	1877
1788	1931
1788	1982
1806	1851
1806	1879
1806	1928
1841	1891
1841	1896
1850	1864
1850	1931
1854	1863
1854	1868
1854	1952
1938	1972
1961	1998
1294	1296
1294	1382
1294	1504
1294	1506
1294	1529
1294	1665
1294	1782
1294	1820
1294	1955
1294	1976
1294	1985
1368	1452
1368	1454
1368	1457
1368	1463
1368	1471
1368	1540
1368	1564
1368	1604
1368	1667
1368	1683
1368	1761
1368	1873
1391	1440
1391	1630
1391	1720
1391	1758
1391	1836
1391	1837
1391	1891
1391	1961
1391	1978
1405	1429
1405	1467
1405	1542
1405	1652
1405	1666
1405	1701
1405	1832
1405	1902
1405	1907
1405	1953
1405	1973
1457	1554
1457	1626
1457	1740
1457	1830
1457	1860
1457	1961
1457	1976
1575	1822
1575	1891
1575	1946
1575	1990
1575	1997
1597	1705
1597	1708
1597	1862
1597	1913
1597	1974
1597	1985
1597	1996
1602	1614
1602	1629
1602	1751
1602	1819
1602	1840
1602	1936
1604	1623
1604	1676
1604	1692
1604	1712
1604	1831
1604	1866
1604	1966
1604	1995
1668	1683
1668	1702
1668	1767
1668	1790
1668	1823
1668	1938
1813	1886
1813	1992
1852	1914
1852	1968
1852	1983
1852	1985
1936	1943
1154	1194
1154	1376
1154	1443
1154	1456
1154	1523
1154	1605
1154	1708
1154	1752
1154	1827
1154	1927
1154	1950
1154	1955
1275	1278
1275	1319
1275	1393
1275	1596
1275	1597
1275	1808
1275	1857
1275	1971
1275	1981
1288	1541
1288	1652
1288	1723
1288	1733
1288	1754
1288	1755
1288	1766
1288	1822
1288	1836
1288	1862
1288	1947
1288	1976
1346	1386
1346	1446
1346	1465
1346	1475
1346	1542
1346	1782
1346	1819
1346	1825
1346	1841
1346	1921
1596	1710
1596	1742
1596	1748
1596	1849
1596	1863
1596	1960
1596	1999
1630	1667
1630	1685
1630	1743
1630	1803
1630	1806
1630	1920
1756	1809
1756	1843
1756	1892
1756	1906
1780	1788
1798	1862
1798	1961
1284	1380
1284	1405
1284	1507
1284	1681
1284	1698
1284	1742
1284	1889
1388	1634
1388	1681
1388	1697
1388	1717
1388	1745
1388	1782
1388	1831
1555	1570
1555	1712
1555	1758
1555	1767
1555	1872
1605	1706
1605	1730
1605	1778
1605	1809
1605	1839
1605	1973
1645	1646
1645	1656
1645	1761
1645	1908
1645	1910
1645	1943
1645	1952
1645	1996
1807	1858
1807	1863
1807	1952
1816	1866
1816	1928
783	862
783	1071
783	1145
783	1154
783	1192
783	1445
783	1473
783	1497
783	1500
783	1520
783	1603
783	1671
783	1736
783	1990
1138	1229
1138	1233
1138	1278
1138	1285
1138	1415
1138	1423
1138	1452
1138	1454
1138	1882
1138	1961
1139	1294
1139	1464
1139	1515
1139	1577
1139	1643
1139	1707
1139	1811
1139	1928
1139	1966
1567	1602
1567	1660
1567	1736
1567	1866
1567	1887
1660	1716
1660	1865
1660	1875
1660	1988
1881	1929
1881	1978
1208	1230
1208	1580
1208	1614
1208	1623
1208	1633
1208	1713
1208	1741
1208	1752
1208	1856
1208	1905
1208	1972
1208	1973
1208	1994
1473	1522
1473	1549
1473	1602
1473	1701
1473	1860
1473	1899
1473	1915
1473	1950
1473	1961
1473	1993
1528	1718
1528	1755
1528	1756
1528	1907
1528	1938
1528	1974
1725	1752
1725	1758
1725	1872
1725	1882
1725	1913
1741	1788
1741	1852
1741	1914
1741	1971
1741	1973
1741	1985
1741	1996
1847	1858
1847	1881
1847	1973
1152	1320
1152	1390
1152	1592
1152	1646
1152	1687
1152	1742
1152	1748
1152	1847
1152	1848
1152	1856
1152	1863
1152	1974
1542	1619
1542	1684
1542	1740
1542	1795
1542	1806
1542	1868
1542	1911
1542	1940
1542	1980
1609	1629
1609	1699
1609	1736
1609	1854
1609	1921
1609	1962
1849	1864
1541	1671
1541	1716
1541	1754
1541	1891
1541	1893
1541	1909
1541	1950
1541	1971
1617	1650
1617	1671
1617	1678
1617	1705
1617	1761
1617	1801
1617	1815
1843	1851
1843	1874
1843	1887
1843	1925
1843	1966
1843	1983
1843	1996
709	941
709	1117
709	1218
709	1308
709	1317
709	1352
709	1358
709	1376
709	1377
709	1405
709	1517
709	1681
709	1743
709	1851
709	1882
709	1956
1507	1591
1507	1630
1507	1786
1507	1835
1507	1960
1665	1686
1665	1706
1665	1874
1665	1936
1665	1999
1823	1855
1823	1873
1823	1953
1823	1972
1873	1921
1873	1983
1445	1490
1445	1497
1445	1504
1445	1542
1445	1669
1445	1690
1445	1747
1445	1805
1445	1837
1445	1874
1445	1907
1445	1955
1859	1875
1859	1907
1859	1908
1859	1943
1603	1894
1603	1927
1742	1747
1742	1800
1742	1863
1742	1880
1742	1945
1742	1947
1742	1982
1855	1892
1855	1951
1904	1909
1904	1985
1524	1574
1524	1584
1524	1727
1524	1817
1524	1874
1524	1899
1524	1951
1809	1828
1809	1846
1809	1867
1809	1897
1809	1925
1809	1930
