# Undirected graph (each unordered pair of nodes is saved once): output/networks/ScaleFree20removeRandom-65percent.txt
# Nodes: 700 Edges: 5181
# NodeId	NodeId
0	3
0	10
0	11
0	12
0	17
0	18
0	20
0	21
0	22
0	27
0	30
0	32
0	33
0	36
0	45
0	47
0	48
0	53
0	58
0	62
0	69
0	71
0	75
0	83
0	85
0	94
0	98
0	100
0	108
0	123
0	125
0	139
0	144
0	146
0	158
0	183
0	215
0	219
0	238
0	241
0	257
0	261
0	295
0	304
0	319
0	399
0	451
0	454
0	478
0	479
0	508
0	512
0	579
0	589
0	590
0	619
0	636
0	676
0	725
0	726
0	736
0	760
0	773
0	797
0	803
0	818
0	824
0	836
0	966
0	999
0	1050
0	1055
0	1056
0	1092
0	1154
0	1171
0	1179
0	1202
0	1216
0	1225
0	1247
0	1281
0	1296
0	1335
0	1366
0	1367
0	1370
0	1406
0	1418
0	1431
0	1457
0	1476
0	1481
0	1576
0	1587
0	1606
0	1652
0	1812
0	1828
0	1834
0	1837
0	1871
0	1873
0	1902
0	1917
0	1959
0	1995
0	1998
3	10
3	11
3	12
3	17
3	18
3	20
3	21
3	22
3	27
3	30
3	32
3	33
3	36
3	38
3	45
3	49
3	50
3	53
3	83
3	94
3	105
3	146
3	149
3	161
3	179
3	183
3	204
3	219
3	222
3	232
3	242
3	252
3	253
3	257
3	261
3	269
3	272
3	277
3	290
3	292
3	304
3	318
3	319
3	365
3	367
3	408
3	438
3	457
3	460
3	490
3	545
3	556
3	577
3	579
3	611
3	619
3	640
3	660
3	667
3	673
3	726
3	731
3	746
3	749
3	760
3	768
3	819
3	833
3	840
3	881
3	906
3	966
3	967
3	997
3	999
3	1008
3	1034
3	1055
3	1181
3	1183
3	1202
3	1230
3	1386
3	1396
3	1425
3	1445
3	1495
3	1499
3	1607
3	1612
3	1688
3	1689
3	1754
3	1769
3	1933
3	1978
10	11
10	12
10	17
10	18
10	20
10	21
10	22
10	27
10	29
10	30
10	33
10	48
10	49
10	50
10	56
10	58
10	69
10	75
10	76
10	94
10	98
10	105
10	108
10	124
10	129
10	131
10	143
10	146
10	149
10	150
10	158
10	222
10	236
10	249
10	254
10	255
10	261
10	279
10	288
10	295
10	297
10	299
10	322
10	330
10	344
10	375
10	394
10	406
10	410
10	411
10	432
10	512
10	525
10	557
10	568
10	573
10	592
10	608
10	638
10	639
10	653
10	746
10	773
10	817
10	842
10	843
10	854
10	1066
10	1092
10	1105
10	1159
10	1173
10	1197
10	1232
10	1273
10	1275
10	1284
10	1312
10	1313
10	1332
10	1355
10	1359
10	1370
10	1377
10	1401
10	1586
10	1588
10	1598
10	1608
10	1620
10	1632
10	1643
10	1657
10	1684
10	1686
10	1763
10	1779
10	1850
10	1860
10	1877
10	1879
10	1887
10	1892
11	12
11	17
11	18
11	20
11	21
11	22
11	27
11	29
11	30
11	32
11	36
11	38
11	48
11	49
11	50
11	53
11	55
11	58
11	62
11	71
11	72
11	74
11	112
11	122
11	123
11	146
11	175
11	177
11	187
11	226
11	242
11	250
11	254
11	279
11	297
11	304
11	316
11	326
11	330
11	376
11	394
11	452
11	462
11	470
11	478
11	492
11	506
11	508
11	525
11	575
11	576
11	577
11	579
11	633
11	697
11	700
11	746
11	794
11	840
11	913
11	935
11	939
11	977
11	1055
11	1151
11	1158
11	1159
11	1173
11	1174
11	1183
11	1185
11	1197
11	1199
11	1258
11	1261
11	1289
11	1291
11	1367
11	1377
11	1427
11	1487
11	1499
11	1553
11	1591
11	1652
11	1655
11	1658
11	1676
11	1677
11	1736
11	1754
11	1760
11	1822
11	1829
11	1862
11	1904
11	1972
12	17
12	18
12	20
12	21
12	22
12	27
12	30
12	32
12	36
12	47
12	48
12	56
12	62
12	69
12	74
12	104
12	105
12	110
12	112
12	119
12	123
12	124
12	139
12	140
12	144
12	149
12	161
12	204
12	207
12	221
12	232
12	238
12	242
12	249
12	250
12	269
12	272
12	288
12	297
12	326
12	344
12	350
12	385
12	474
12	498
12	505
12	589
12	611
12	647
12	652
12	683
12	686
12	712
12	743
12	762
12	764
12	773
12	794
12	840
12	898
12	913
12	951
12	979
12	1008
12	1031
12	1044
12	1050
12	1054
12	1055
12	1084
12	1119
12	1142
12	1154
12	1171
12	1181
12	1220
12	1236
12	1276
12	1291
12	1332
12	1348
12	1448
12	1491
12	1495
12	1496
12	1501
12	1512
12	1559
12	1608
12	1613
12	1683
12	1702
12	1717
12	1728
12	1743
12	1770
12	1850
12	1862
12	1946
12	1950
12	1958
17	18
17	20
17	21
17	22
17	27
17	32
17	33
17	36
17	38
17	49
17	50
17	55
17	58
17	72
17	74
17	75
17	79
17	83
17	100
17	104
17	123
17	125
17	131
17	144
17	146
17	177
17	183
17	187
17	218
17	222
17	231
17	238
17	250
17	260
17	261
17	272
17	277
17	288
17	294
17	306
17	319
17	330
17	350
17	376
17	385
17	406
17	454
17	470
17	497
17	505
17	508
17	545
17	551
17	567
17	570
17	577
17	589
17	606
17	615
17	653
17	697
17	746
17	757
17	763
17	764
17	779
17	881
17	966
17	967
17	997
17	1006
17	1035
17	1104
17	1105
17	1150
17	1173
17	1241
17	1302
17	1313
17	1322
17	1448
17	1457
17	1461
17	1476
17	1516
17	1524
17	1564
17	1655
17	1677
17	1724
17	1871
17	1872
17	1901
17	1904
17	1988
18	20
18	21
18	22
18	27
18	29
18	32
18	36
18	38
18	47
18	48
18	50
18	53
18	62
18	71
18	72
18	76
18	79
18	94
18	103
18	110
18	131
18	143
18	157
18	161
18	187
18	191
18	215
18	232
18	239
18	241
18	253
18	269
18	272
18	274
18	277
18	288
18	291
18	350
18	361
18	385
18	408
18	410
18	451
18	482
18	506
18	531
18	568
18	576
18	587
18	589
18	612
18	700
18	736
18	760
18	779
18	796
18	803
18	805
18	854
18	939
18	964
18	969
18	1174
18	1183
18	1225
18	1258
18	1296
18	1302
18	1330
18	1367
18	1485
18	1620
18	1687
18	1689
18	1707
18	1791
18	1810
18	1847
18	1860
18	1870
18	1875
18	1901
18	1914
18	1938
18	1958
18	1988
20	21
20	22
20	29
20	30
20	32
20	38
20	45
20	50
20	55
20	56
20	68
20	69
20	71
20	75
20	85
20	93
20	100
20	104
20	105
20	124
20	129
20	131
20	145
20	161
20	215
20	222
20	238
20	257
20	261
20	316
20	319
20	322
20	411
20	418
20	421
20	474
20	478
20	488
20	498
20	609
20	633
20	650
20	718
20	803
20	805
20	835
20	843
20	847
20	917
20	1066
20	1084
20	1085
20	1103
20	1119
20	1142
20	1202
20	1276
20	1330
20	1332
20	1348
20	1355
20	1369
20	1584
20	1586
20	1680
20	1725
20	1763
20	1775
20	1855
20	1887
20	1924
21	29
21	30
21	32
21	33
21	38
21	48
21	53
21	56
21	62
21	69
21	74
21	85
21	98
21	103
21	105
21	112
21	122
21	139
21	140
21	149
21	167
21	177
21	215
21	218
21	236
21	238
21	249
21	253
21	257
21	277
21	288
21	295
21	299
21	303
21	332
21	376
21	385
21	408
21	454
21	498
21	505
21	551
21	568
21	615
21	809
21	888
21	964
21	1034
21	1083
21	1092
21	1120
21	1150
21	1164
21	1174
21	1212
21	1232
21	1247
21	1248
21	1302
21	1345
21	1348
21	1416
21	1445
21	1474
21	1481
21	1497
21	1608
21	1617
21	1637
21	1675
21	1677
21	1690
21	1738
21	1753
21	1754
21	1848
21	1872
22	29
22	30
22	33
22	36
22	45
22	47
22	50
22	55
22	69
22	94
22	105
22	122
22	124
22	139
22	145
22	158
22	161
22	175
22	187
22	191
22	221
22	226
22	230
22	236
22	239
22	249
22	255
22	260
22	269
22	280
22	311
22	344
22	361
22	367
22	432
22	452
22	462
22	473
22	478
22	488
22	530
22	545
22	601
22	652
22	667
22	736
22	747
22	750
22	760
22	772
22	777
22	847
22	937
22	1008
22	1030
22	1039
22	1056
22	1065
22	1084
22	1133
22	1159
22	1261
22	1295
22	1322
22	1352
22	1379
22	1397
22	1462
22	1474
22	1487
22	1499
22	1513
22	1607
22	1688
22	1709
22	1714
22	1763
22	1837
22	1865
22	1919
27	29
27	30
27	32
27	33
27	45
27	47
27	49
27	50
27	56
27	58
27	72
27	100
27	103
27	112
27	119
27	158
27	179
27	230
27	232
27	241
27	288
27	298
27	303
27	304
27	323
27	332
27	367
27	446
27	492
27	530
27	550
27	575
27	609
27	623
27	667
27	683
27	718
27	744
27	747
27	840
27	843
27	854
27	966
27	972
27	1290
27	1446
27	1462
27	1472
27	1712
27	1811
27	1870
30	32
30	38
30	45
30	49
30	75
30	79
30	92
30	98
30	100
30	124
30	129
30	139
30	145
30	149
30	157
30	175
30	177
30	242
30	277
30	288
30	291
30	294
30	303
30	350
30	389
30	394
30	477
30	497
30	502
30	557
30	609
30	612
30	653
30	680
30	688
30	743
30	750
30	763
30	818
30	835
30	840
30	884
30	997
30	1009
30	1031
30	1035
30	1119
30	1124
30	1132
30	1168
30	1170
30	1239
30	1359
30	1385
30	1472
30	1487
30	1597
30	1688
30	1723
30	1775
30	1848
30	1875
30	1925
30	1958
32	33
32	36
32	62
32	68
32	74
32	75
32	76
32	93
32	124
32	149
32	157
32	274
32	280
32	298
32	299
32	367
32	418
32	432
32	434
32	468
32	482
32	488
32	570
32	576
32	612
32	619
32	733
32	789
32	792
32	805
32	833
32	836
32	890
32	972
32	996
32	1030
32	1054
32	1212
32	1234
32	1282
32	1335
32	1379
32	1396
32	1404
32	1431
32	1499
32	1512
32	1532
32	1547
32	1590
32	1598
32	1620
32	1637
32	1702
32	1721
32	1756
32	1758
32	1801
32	1806
32	1810
32	1830
32	1914
33	36
33	49
33	53
33	68
33	71
33	75
33	83
33	92
33	93
33	94
33	104
33	108
33	112
33	119
33	125
33	129
33	139
33	161
33	164
33	175
33	187
33	204
33	207
33	254
33	274
33	278
33	279
33	290
33	299
33	304
33	306
33	366
33	394
33	406
33	432
33	446
33	497
33	508
33	550
33	570
33	586
33	588
33	590
33	609
33	611
33	688
33	697
33	760
33	772
33	903
33	963
33	975
33	998
33	1039
33	1272
33	1277
33	1294
33	1345
33	1369
33	1385
33	1406
33	1488
33	1495
33	1536
33	1567
33	1588
33	1604
33	1689
33	1711
33	1716
33	1806
33	1819
33	1972
36	38
36	45
36	48
36	49
36	50
36	58
36	62
36	72
36	74
36	76
36	79
36	92
36	98
36	108
36	124
36	145
36	158
36	164
36	167
36	230
36	238
36	253
36	278
36	280
36	284
36	292
36	304
36	319
36	330
36	331
36	344
36	367
36	399
36	403
36	457
36	487
36	508
36	513
36	568
36	639
36	737
36	749
36	757
36	803
36	881
36	906
36	964
36	999
36	1021
36	1065
36	1179
36	1191
36	1433
36	1524
36	1564
36	1567
36	1597
36	1687
36	1689
36	1816
36	1818
36	1820
36	1860
36	1938
45	50
45	53
45	56
45	69
45	94
45	104
45	123
45	124
45	140
45	144
45	149
45	215
45	245
45	408
45	498
45	888
45	927
45	967
45	998
45	1173
45	1275
45	1290
45	1476
45	1525
45	1668
45	1771
47	62
47	75
47	108
47	131
47	144
47	146
47	177
47	179
47	204
47	231
47	332
47	496
47	508
47	510
47	577
47	636
47	638
47	640
47	935
47	952
47	1038
47	1101
47	1335
47	1355
47	1525
47	1721
47	1743
47	1763
47	1771
47	1783
47	1904
47	1924
47	1948
48	58
48	69
48	79
48	92
48	93
48	100
48	144
48	145
48	149
48	255
48	275
48	290
48	297
48	311
48	332
48	336
48	409
48	462
48	484
48	488
48	525
48	587
48	640
48	673
48	683
48	685
48	692
48	779
48	824
48	881
48	882
48	896
48	917
48	972
48	1056
48	1199
48	1266
48	1277
48	1377
48	1385
48	1401
48	1416
48	1461
48	1512
48	1596
48	1604
48	1763
48	1769
48	1774
48	1785
48	1830
48	1834
48	1848
48	1860
48	1872
48	1934
53	56
53	72
53	74
53	83
53	105
53	108
53	110
53	157
53	239
53	252
53	279
53	365
53	376
53	391
53	434
53	470
53	492
53	495
53	498
53	556
53	573
53	586
53	601
53	650
53	654
53	673
53	692
53	819
53	840
53	896
53	955
53	1079
53	1104
53	1216
53	1220
53	1232
53	1352
53	1385
53	1785
53	1919
53	1924
53	1942
53	1958
53	1967
53	1992
53	1994
58	68
58	71
58	74
58	76
58	83
58	93
58	110
58	124
58	146
58	187
58	252
58	253
58	505
58	576
58	744
58	838
58	999
58	1348
58	1476
58	1497
58	1618
58	1702
58	1812
58	1896
58	1978
62	85
62	131
62	218
62	230
62	245
62	434
62	479
62	495
62	660
62	763
62	818
62	833
62	979
62	1620
62	1887
69	71
69	75
69	83
69	105
69	112
69	125
69	139
69	157
69	158
69	204
69	221
69	226
69	232
69	260
69	269
69	278
69	284
69	294
69	304
69	326
69	331
69	373
69	383
69	473
69	478
69	531
69	686
69	809
69	817
69	824
69	884
69	935
69	937
69	977
69	1031
69	1065
69	1085
69	1168
69	1272
69	1302
69	1345
69	1359
69	1547
69	1566
69	1584
69	1617
69	1676
69	1689
69	1786
69	1838
69	1916
69	1958
71	75
71	85
71	161
71	219
71	257
71	261
71	279
71	295
71	330
71	391
71	432
71	454
71	530
71	583
71	612
71	639
71	744
71	842
71	884
71	1054
71	1065
71	1090
71	1169
71	1170
71	1276
71	1281
71	1295
71	1416
71	1439
71	1457
71	1613
71	1617
71	1629
71	1755
71	1847
71	1948
71	1994
71	1995
75	103
75	104
75	108
75	226
75	255
75	278
75	292
75	367
75	373
75	446
75	497
75	498
75	550
75	551
75	583
75	725
75	762
75	963
75	1021
75	1185
75	1308
75	1425
75	1684
75	1829
75	1914
83	108
83	112
83	119
83	167
83	232
83	238
83	254
83	277
83	280
83	316
83	408
83	438
83	502
83	556
83	557
83	589
83	708
83	743
83	746
83	757
83	824
83	1030
83	1039
83	1044
83	1085
83	1133
83	1191
83	1266
83	1272
83	1275
83	1367
83	1474
83	1707
83	1774
83	1801
85	98
85	122
85	129
85	144
85	158
85	161
85	175
85	177
85	238
85	239
85	242
85	295
85	331
85	512
85	611
85	686
85	728
85	749
85	760
85	793
85	1079
85	1080
85	1104
85	1168
85	1239
85	1483
85	1604
94	122
94	218
94	239
94	280
94	316
94	429
94	451
94	468
94	576
94	654
94	772
94	1050
94	1083
94	1393
94	1433
94	1485
94	1567
94	1612
94	1652
94	1657
94	1683
94	1786
94	1862
98	158
98	191
98	204
98	230
98	242
98	332
98	452
98	470
98	487
98	589
98	636
98	749
98	762
98	809
98	966
98	1035
98	1173
98	1282
98	1401
98	1631
98	1688
98	1702
98	1736
98	1855
98	1905
100	158
100	236
100	254
100	288
100	294
100	311
100	316
100	406
100	475
100	478
100	490
100	498
100	499
100	508
100	568
100	680
100	777
100	825
100	842
100	952
100	1008
100	1168
100	1403
100	1499
100	1566
100	1591
100	1602
100	1631
100	1725
100	1891
100	1938
100	1973
108	112
108	131
108	219
108	249
108	344
108	377
108	457
108	468
108	474
108	508
108	611
108	650
108	652
108	676
108	685
108	736
108	737
108	888
108	967
108	1159
108	1173
108	1185
108	1276
108	1281
108	1295
108	1353
108	1462
108	1485
108	1586
108	1602
108	1629
108	1785
108	1872
108	1904
108	1932
123	167
123	204
123	290
123	406
123	530
123	708
123	728
123	746
123	1133
123	1255
123	1345
123	1397
123	1574
123	1892
123	1992
125	131
125	183
125	291
125	365
125	367
125	474
125	497
125	608
125	612
125	796
125	1065
125	1120
125	1347
125	1427
125	1587
125	1606
125	1728
125	1736
125	1837
139	145
139	207
139	231
139	242
139	274
139	291
139	322
139	399
139	470
139	601
139	650
139	657
139	792
139	1107
139	1386
139	1483
139	1588
139	1607
139	1686
139	1723
139	1760
139	1829
144	150
144	157
144	191
144	241
144	242
144	306
144	373
144	377
144	438
144	451
144	586
144	634
144	649
144	793
144	977
144	1039
144	1232
144	1322
144	1335
144	1446
144	1474
144	1586
144	1606
144	1613
144	1702
146	161
146	183
146	241
146	295
146	323
146	414
146	445
146	454
146	475
146	697
146	1170
146	1216
146	1234
146	1263
146	1290
146	1366
146	1629
146	1652
146	1806
146	1865
146	1994
158	161
158	183
158	238
158	280
158	336
158	408
158	550
158	588
158	611
158	718
158	825
158	903
158	1159
158	1199
158	1239
158	1241
158	1276
158	1277
158	1302
158	1418
158	1644
158	1726
158	1892
158	1972
183	260
183	275
183	303
183	332
183	488
183	498
183	522
183	652
183	676
183	712
183	809
183	997
183	1197
183	1263
183	1359
183	1379
183	1427
183	1769
183	1822
183	1830
183	1865
183	1904
215	299
215	812
215	1133
215	1232
215	1652
215	1769
215	1850
215	1889
219	294
219	299
219	367
219	403
219	475
219	490
219	570
219	636
219	838
219	903
219	1049
219	1367
219	1535
219	1677
238	284
238	587
238	649
238	779
238	1461
238	1485
238	1497
238	1512
238	1608
238	1738
238	1860
241	284
241	406
241	492
241	502
241	512
241	513
241	545
241	570
241	794
241	1030
241	1038
241	1101
241	1171
241	1239
241	1353
241	1416
241	1425
241	1688
241	1711
241	1916
257	322
257	330
257	779
257	1920
261	275
261	277
261	280
261	316
261	366
261	429
261	473
261	477
261	478
261	505
261	512
261	1156
261	1247
261	1588
261	1725
295	376
295	609
295	1035
295	1049
295	1290
295	1294
295	1495
295	1606
295	1902
295	1956
304	438
304	478
304	510
304	525
304	613
304	772
304	825
304	1258
304	1418
304	1780
319	330
319	451
319	545
319	794
319	963
319	1774
319	1896
319	1914
399	1258
399	1281
399	1335
451	497
451	579
451	797
451	833
451	963
451	1174
451	1285
451	1618
451	1771
451	1924
454	601
454	836
454	872
454	1810
478	685
478	890
478	1038
478	1056
478	1332
478	1658
478	1726
479	683
479	768
479	797
479	1872
508	888
508	937
508	963
508	1084
508	1169
508	1225
512	683
512	1041
512	1103
512	1173
512	1368
512	1516
512	1598
512	1686
512	1689
512	1833
579	680
579	835
579	896
579	1055
579	1255
579	1277
579	1284
579	1367
579	1510
579	1755
589	964
589	1103
589	1132
589	1236
589	1591
590	917
590	935
590	966
590	1009
590	1461
590	1702
590	1738
590	1891
590	1973
619	1054
619	1282
619	1322
619	1992
636	1034
636	1457
636	1599
636	1981
676	725
676	996
676	999
676	1261
676	1289
676	1554
725	797
725	884
725	1889
726	838
726	1009
726	1080
726	1403
726	1495
726	1560
726	1631
726	1830
726	1988
736	1105
736	1509
736	1770
773	1132
773	1613
797	1090
797	1168
803	1101
803	1158
803	1159
803	1174
803	1236
803	1369
803	1476
803	1532
803	1723
818	1284
818	1368
818	1456
818	1547
818	1604
818	1683
818	1905
824	1085
824	1241
824	1554
836	1418
836	1512
836	1688
836	1920
836	1933
836	1958
966	1239
966	1467
966	1683
966	1811
966	1877
999	1092
999	1859
999	1879
1050	1084
1050	1159
1050	1347
1050	1604
1050	1783
1055	1169
1055	1174
1055	1535
1055	1554
1055	1559
1055	1811
1056	1083
1056	1156
1092	1197
1092	1319
1092	1590
1092	1668
1154	1352
1171	1873
1179	1599
1216	1695
1216	1848
1225	1864
1247	1406
1247	1483
1247	1686
1247	1975
1281	1613
1296	1632
1296	1745
1296	1758
1296	1812
1335	1497
1335	1558
1366	1657
1366	1690
1367	1629
1367	1643
1367	1844
1370	1485
1370	1535
1370	1755
1370	1934
1370	1974
1406	1552
1406	1599
1418	1657
1418	1712
1418	1834
1457	1567
1457	1932
1476	1488
1476	1501
1476	1779
1587	1925
1606	1676
1606	1812
1652	1716
1812	1917
1828	1833
1828	1948
1871	1973
1917	1994
29	33
29	38
29	49
29	50
29	55
29	56
29	58
29	62
29	68
29	69
29	76
29	94
29	103
29	140
29	145
29	219
29	311
29	323
29	332
29	365
29	367
29	375
29	383
29	399
29	445
29	508
29	512
29	513
29	522
29	573
29	608
29	619
29	657
29	676
29	731
29	743
29	747
29	805
29	818
29	836
29	838
29	840
29	935
29	937
29	964
29	1009
29	1041
29	1050
29	1059
29	1065
29	1101
29	1120
29	1171
29	1239
29	1261
29	1396
29	1403
29	1474
29	1483
29	1513
29	1614
29	1675
29	1680
29	1714
29	1819
29	1840
29	1844
29	1872
29	1975
38	45
38	47
38	49
38	58
38	69
38	74
38	119
38	123
38	139
38	157
38	158
38	183
38	239
38	250
38	252
38	257
38	295
38	331
38	385
38	403
38	411
38	438
38	454
38	506
38	510
38	557
38	583
38	592
38	608
38	692
38	842
38	963
38	996
38	1008
38	1055
38	1150
38	1199
38	1236
38	1377
38	1404
38	1444
38	1472
38	1476
38	1483
38	1524
38	1552
38	1637
38	1738
38	1803
38	1891
38	1988
49	50
49	55
49	62
49	108
49	140
49	143
49	149
49	215
49	226
49	254
49	260
49	269
49	291
49	306
49	319
49	322
49	344
49	408
49	505
49	577
49	615
49	633
49	760
49	825
49	843
49	979
49	1121
49	1173
49	1179
49	1236
49	1285
49	1295
49	1319
49	1345
49	1369
49	1403
49	1554
49	1591
49	1597
49	1714
49	1728
49	1779
49	1816
49	1958
49	1995
50	55
50	68
50	71
50	93
50	94
50	104
50	145
50	164
50	175
50	183
50	242
50	294
50	311
50	445
50	446
50	490
50	505
50	545
50	588
50	608
50	615
50	639
50	654
50	676
50	700
50	763
50	1127
50	1173
50	1241
50	1282
50	1307
50	1369
50	1385
50	1860
50	1940
55	58
55	75
55	143
55	167
55	219
55	226
55	253
55	255
55	260
55	322
55	326
55	344
55	367
55	383
55	474
55	497
55	567
55	660
55	680
55	939
55	951
55	967
55	1055
55	1104
55	1273
55	1826
68	92
68	103
68	129
68	157
68	218
68	236
68	245
68	322
68	460
68	589
68	608
68	636
68	700
68	764
68	843
68	896
68	1008
68	1030
68	1080
68	1119
68	1124
68	1232
68	1258
68	1367
68	1837
68	1873
68	1998
74	76
74	85
74	94
74	100
74	103
74	104
74	150
74	158
74	164
74	219
74	238
74	297
74	298
74	332
74	350
74	367
74	376
74	409
74	438
74	452
74	470
74	545
74	577
74	592
74	638
74	737
74	746
74	830
74	906
74	969
74	999
74	1008
74	1113
74	1133
74	1284
74	1352
74	1386
74	1445
74	1527
74	1643
74	1658
74	1716
74	1904
74	1920
74	1959
79	83
79	112
79	119
79	125
79	149
79	167
79	183
79	232
79	257
79	275
79	277
79	365
79	468
79	482
79	484
79	506
79	568
79	579
79	667
79	673
79	762
79	797
79	817
79	838
79	1039
79	1103
79	1230
79	1266
79	1276
79	1379
79	1386
79	1728
79	1872
79	1974
93	100
93	103
93	122
93	129
93	177
93	204
93	239
93	292
93	297
93	332
93	344
93	409
93	410
93	429
93	438
93	492
93	531
93	588
93	673
93	728
93	884
93	888
93	1105
93	1107
93	1142
93	1171
93	1276
93	1370
93	1558
93	1567
93	1582
93	1724
93	1879
93	1892
93	1942
104	157
104	230
104	350
104	409
104	414
104	451
104	502
104	503
104	531
104	680
104	847
104	1066
104	1085
104	1101
104	1709
104	1801
105	110
105	112
105	150
105	222
105	238
105	377
105	468
105	479
105	482
105	495
105	550
105	573
105	768
105	796
105	935
105	1006
105	1008
105	1054
105	1294
105	1527
105	1924
105	1988
105	1998
110	167
110	187
110	218
110	222
110	242
110	252
110	257
110	316
110	318
110	718
110	750
110	777
110	838
110	1083
110	1512
110	1564
110	1988
112	204
112	219
112	236
112	272
112	284
112	298
112	550
112	683
112	728
112	731
112	779
112	789
112	963
112	1272
112	1290
112	1379
112	1456
112	1668
112	1707
112	1769
112	1870
119	175
119	255
119	373
119	391
119	406
119	579
119	685
119	830
119	1059
119	1284
119	1353
119	1444
119	1597
119	1716
119	1721
119	1758
119	1838
157	204
157	226
157	261
157	297
157	366
157	686
157	772
157	996
157	999
157	1431
157	1472
157	1496
157	1904
164	207
164	221
164	257
164	260
164	278
164	323
164	488
164	503
164	510
164	576
164	613
164	647
164	726
164	1044
164	1247
164	1588
164	1690
164	1801
164	1816
164	1826
179	391
179	589
179	657
179	683
179	700
179	1072
179	1090
179	1445
179	1467
179	1553
179	1677
179	1760
187	226
187	241
187	406
187	451
187	733
187	757
187	835
187	1754
191	236
191	760
191	794
191	1332
191	1723
191	1860
218	231
218	241
218	252
218	253
218	269
218	406
218	482
218	503
218	508
218	634
218	636
218	718
218	1107
218	1368
218	1397
218	1416
218	1631
218	1695
218	1771
218	1956
226	497
226	505
226	836
226	1041
226	1127
226	1655
226	1981
236	249
236	389
236	403
236	451
236	488
236	579
236	997
236	1083
236	1527
236	1631
236	1920
236	1948
278	589
278	649
278	803
278	840
278	996
278	1069
278	1151
278	1675
278	1850
279	330
279	391
279	525
279	531
279	601
279	676
279	712
279	796
279	835
279	927
279	1031
279	1039
279	1072
279	1212
279	1306
279	1427
279	1472
279	1501
279	1524
279	1711
279	1770
279	1829
284	303
284	311
284	373
284	377
284	522
284	652
284	692
284	743
284	763
284	1059
284	1385
284	1474
284	1483
284	1604
284	1707
284	1760
284	1819
284	1826
292	419
292	475
292	586
292	606
292	917
292	997
292	1031
292	1092
292	1746
299	326
299	496
299	577
299	653
299	805
299	1041
299	1220
299	1685
299	1783
299	1887
306	344
306	350
306	376
306	385
306	510
306	1121
306	1230
306	1261
306	1307
306	1488
306	1509
306	1725
306	1887
306	1958
311	446
311	498
311	567
311	575
311	657
311	888
311	1049
311	1151
311	1159
311	1536
311	1785
311	1902
311	1992
316	326
316	403
316	411
316	419
316	434
316	592
316	613
316	640
316	768
316	825
316	840
316	890
316	1168
316	1345
316	1535
316	1879
323	389
323	608
323	654
323	657
323	731
323	777
323	1273
323	1295
323	1403
323	1779
323	1942
323	1983
350	470
350	473
350	482
350	1179
350	1353
350	1684
350	1959
361	365
361	419
361	508
361	1072
361	1332
361	1404
361	1456
361	1552
361	1914
361	1950
377	508
377	628
377	836
377	909
377	1035
377	1080
377	1510
377	1834
409	830
409	952
409	997
409	1289
409	1294
409	1312
409	1487
409	1564
409	1566
409	1590
418	760
418	1039
418	1158
418	1216
418	1711
432	567
432	623
432	854
432	903
432	1124
432	1189
432	1564
438	470
438	513
438	657
438	825
438	952
438	1291
438	1306
438	1510
438	1564
438	1631
438	1655
438	1828
452	454
452	1330
452	1887
457	477
457	495
457	592
457	609
457	654
457	749
457	939
457	1448
457	1978
484	551
484	700
484	952
484	979
484	1370
484	1919
484	1942
484	1994
487	497
487	634
487	966
487	1090
487	1211
487	1307
487	1347
487	1404
487	1442
487	1524
487	1553
488	728
488	731
488	779
488	882
488	1174
488	1513
488	1612
488	1680
488	1687
488	1703
488	1738
488	1756
490	736
490	830
490	951
490	1442
490	1474
490	1488
490	1676
490	1992
495	573
495	583
495	612
495	615
495	803
495	1104
495	1189
495	1461
495	1724
496	880
496	1290
506	1079
506	1202
506	1277
506	1492
506	1547
506	1587
506	1663
506	1877
531	615
531	744
531	1142
531	1516
556	573
556	577
556	634
556	1120
556	1401
556	1673
556	1974
557	896
557	1041
557	1306
557	1586
557	1695
557	1714
557	1974
586	955
586	1454
586	1590
586	1818
633	683
633	763
633	789
633	817
633	896
633	1113
633	1442
633	1771
692	819
692	1290
692	1644
692	1825
731	903
731	1379
731	1686
757	763
757	1263
757	1916
757	1948
757	1981
847	1079
847	1119
847	1285
847	1355
847	1613
847	1721
847	1753
847	1769
880	896
880	1044
880	1202
880	1496
880	1801
880	1873
898	1041
898	1105
898	1225
898	1294
898	1501
927	1302
927	1433
972	1396
1006	1385
1006	1454
1006	1516
1006	1702
1021	1038
1021	1547
1021	1709
1021	1850
1038	1275
1083	1104
1083	1775
1127	1248
1127	1904
1151	1319
1151	1558
1151	1608
1239	1276
1239	1291
1239	1352
1239	1560
1239	1816
1258	1726
1258	1844
1258	1973
1276	1676
1276	1721
1276	1806
1277	1313
1277	1446
1277	1587
1277	1847
1282	1485
1295	1590
1359	1608
1379	1840
1379	1933
1445	1687
1483	1958
1487	1779
1512	1612
1554	1811
1554	1848
1574	1848
1712	1848
1769	1771
1774	1932
76	112
76	129
76	183
76	245
76	249
76	261
76	290
76	295
76	306
76	330
76	350
76	725
76	819
76	872
76	888
76	952
76	1049
76	1169
76	1179
76	1225
76	1289
76	1290
76	1296
76	1348
76	1385
76	1386
76	1510
76	1587
76	1668
76	1685
76	1723
76	1825
76	1840
76	1879
76	1932
76	1973
143	179
143	204
143	215
143	219
143	236
143	249
143	279
143	292
143	294
143	322
143	408
143	438
143	460
143	479
143	503
143	975
143	1080
143	1085
143	1273
143	1461
143	1791
143	1938
207	215
207	222
207	290
207	318
207	429
207	451
207	474
207	567
207	733
207	757
207	1154
207	1159
207	1308
207	1554
207	1560
207	1612
207	1643
207	1901
207	1950
221	222
221	230
221	294
221	452
221	503
221	692
221	737
221	746
221	768
221	817
221	1092
221	1124
221	1491
221	1513
221	1726
221	1967
255	324
255	377
255	513
255	586
255	592
255	764
255	803
255	836
255	1230
255	1255
255	1687
255	1786
255	1919
255	1924
272	297
272	304
272	680
272	744
272	977
272	1021
272	1059
272	1197
272	1353
272	1393
274	280
274	331
274	418
274	477
274	499
274	657
274	736
274	1367
274	1916
274	1956
275	318
275	474
275	506
275	508
275	551
275	556
275	583
275	657
275	712
275	966
275	1069
275	1107
275	1511
275	1608
288	385
288	418
288	1302
290	330
290	385
290	410
290	503
290	522
290	573
290	606
290	633
290	667
290	906
290	1306
290	1386
290	1582
290	1829
290	1847
322	492
322	854
322	1056
322	1319
322	1406
322	1454
322	1775
322	1924
330	414
330	522
330	575
330	998
330	1276
330	1599
330	1604
330	1978
403	446
403	492
403	638
403	964
403	969
403	1009
403	1041
403	1104
403	1307
403	1637
403	1676
403	1833
403	1848
411	421
411	473
411	510
411	609
411	737
411	762
411	913
411	1059
411	1150
411	1230
411	1427
411	1492
419	432
419	452
419	640
419	650
419	657
419	1084
419	1150
419	1516
419	1756
419	1855
429	588
429	935
429	996
429	1039
429	1467
429	1599
429	1702
429	1707
473	502
473	506
473	579
473	903
473	951
473	1251
473	1901
475	583
475	623
475	764
475	835
475	1044
475	1406
475	1745
510	550
510	1439
510	1738
510	1892
551	623
551	633
551	712
551	763
551	966
551	1234
551	1758
551	1812
551	1859
551	1998
570	939
570	955
570	1296
570	1302
570	1686
570	1703
576	819
576	1083
576	1510
587	797
587	1107
587	1355
587	1492
587	1950
587	1981
639	653
639	1255
654	750
654	1239
654	1501
654	1564
654	1702
654	1712
654	1721
686	1844
686	1940
737	768
737	884
737	1527
872	1041
872	1263
872	1281
872	1875
882	1084
882	1290
882	1457
882	1755
882	1889
882	1925
909	998
909	1319
909	1492
909	1825
937	1021
937	1602
937	1956
969	1658
1197	1199
1197	1467
1251	1461
1255	1461
1255	1865
1266	1513
1266	1607
1266	1684
1266	1709
1266	1847
1294	1403
1552	1606
1552	1689
1552	1779
1552	1938
1553	1584
1553	1686
1703	1806
1703	1840
149	255
149	275
149	843
149	898
149	1066
149	1248
149	1745
149	1847
161	164
161	167
161	331
161	373
161	725
161	1009
161	1113
161	1348
161	1393
161	1445
161	1448
161	1685
161	1770
161	1901
204	218
204	254
204	399
204	473
204	587
204	890
204	898
204	1038
204	1041
204	1156
204	1306
204	1353
204	1403
204	1481
204	1775
204	1791
204	1828
204	1862
204	1981
222	261
222	290
222	319
222	410
222	587
222	589
222	726
222	833
222	935
222	1083
222	1433
222	1629
222	1702
222	1760
222	1855
222	1940
232	257
232	288
232	324
232	375
232	418
232	452
232	492
232	588
232	612
232	649
232	686
232	1164
232	1335
232	1366
232	1474
232	1512
232	1560
232	1632
232	1801
232	1812
232	1992
242	322
242	365
242	366
242	796
242	951
242	1120
242	1442
242	1560
242	1618
242	1689
242	1716
242	1892
242	1975
252	272
252	303
252	311
252	411
252	432
252	452
252	482
252	673
252	688
252	760
252	763
252	764
252	835
252	836
252	898
252	955
252	1156
252	1159
252	1273
252	1377
252	1386
252	1445
252	1487
252	1501
252	1657
252	1711
252	1779
252	1803
252	1870
252	1973
252	1988
253	274
253	292
253	295
253	406
253	499
253	744
253	763
253	999
253	1065
253	1169
253	1255
253	1725
253	1726
253	1902
253	1916
269	445
269	502
269	890
269	906
269	963
269	999
269	1171
269	1576
269	1637
277	279
277	350
277	429
277	462
277	512
277	964
277	996
277	1151
277	1488
277	1728
277	1879
318	319
318	322
318	468
318	551
318	840
318	1035
318	1185
318	1770
318	1834
365	445
365	477
365	490
365	606
365	628
365	657
365	1124
365	1220
365	1275
365	1427
365	1513
365	1553
367	432
367	495
367	499
367	588
367	793
367	843
367	1404
367	1510
367	1586
367	1590
367	1806
408	470
408	487
408	508
408	530
408	570
408	587
408	726
408	733
408	906
408	966
408	1039
408	1121
408	1554
408	1566
408	1631
408	1712
460	1352
460	1676
460	1725
545	996
545	1251
545	1620
545	1717
545	1925
577	639
577	1084
577	1230
577	1675
577	1873
577	1940
611	653
611	680
611	772
611	777
611	979
611	1103
611	1416
611	1783
611	1840
640	728
640	1084
640	1726
640	1828
640	1932
660	1185
660	1454
660	1680
660	1864
667	744
667	1216
667	1366
667	1396
667	1558
673	824
673	847
673	1171
746	913
746	1525
746	1582
746	1587
746	1597
746	1658
749	964
749	1608
749	1770
749	1771
749	1896
749	1925
749	1983
768	797
768	1085
768	1168
768	1499
768	1743
819	1319
819	1783
833	1467
833	1499
840	896
840	1239
840	1294
840	1462
840	1483
840	1525
840	1536
840	1567
840	1606
881	952
881	1728
906	1080
906	1404
906	1655
906	1919
967	998
967	1348
967	1938
997	999
997	1527
997	1889
1008	1684
1008	1738
1008	1810
1008	1830
1034	1181
1034	1294
1034	1295
1034	1335
1181	1202
1181	1335
1183	1511
1183	1686
1183	1816
1230	1527
1230	1875
1230	1920
1386	1753
1386	1837
1396	1818
1495	1746
1495	1760
1612	1644
1612	1688
1612	1783
1612	1786
1612	1992
1688	1829
1688	1942
1689	1754
72	76
72	93
72	110
72	125
72	187
72	204
72	239
72	254
72	257
72	298
72	383
72	406
72	576
72	601
72	882
72	1041
72	1044
72	1049
72	1132
72	1404
72	1644
72	1673
72	1677
72	1685
72	1754
72	1774
72	1892
103	124
103	125
103	230
103	394
103	503
103	588
103	592
103	601
103	685
103	746
103	750
103	882
103	1054
103	1107
103	1587
103	1620
103	1785
103	1865
124	204
124	316
124	615
124	884
124	896
124	1403
124	1850
124	1864
124	1914
231	304
231	306
231	367
231	414
231	418
231	492
231	502
231	601
231	963
231	967
231	1124
231	1164
231	1281
231	1686
231	1688
231	1774
231	1779
298	366
298	490
298	498
298	589
298	792
298	854
298	969
298	977
298	1173
298	1291
298	1527
298	1536
298	1690
326	457
326	495
326	513
326	746
326	789
326	1055
326	1158
326	1454
326	1532
326	1695
375	376
375	454
375	513
375	587
375	779
375	997
375	1083
375	1816
375	1877
375	1920
375	1978
421	652
421	927
421	979
421	1335
421	1369
421	1535
421	1746
434	490
434	712
434	762
434	797
434	835
434	903
434	1277
434	1444
434	1467
434	1558
434	1721
434	1728
434	1763
434	1873
434	1938
434	1959
445	1059
445	1181
445	1283
445	1319
445	1359
445	1457
445	1467
445	1527
445	1703
445	1760
492	1171
492	1406
492	1467
492	1510
492	1598
499	1714
499	1723
499	1806
499	1974
525	601
525	1079
525	1164
525	1614
525	1840
525	1904
652	890
652	1084
652	1092
652	1355
652	1917
685	686
685	700
685	898
685	1197
685	1283
685	1330
685	1643
685	1686
685	1728
685	1892
708	1272
708	1608
733	872
733	1059
733	1107
733	1488
733	1553
733	1567
733	1586
733	1712
733	1998
835	1158
835	1606
835	1783
884	939
884	979
884	1872
917	1009
917	1212
917	1322
917	1724
917	1948
935	1158
935	1712
935	1901
935	1974
964	1418
964	1604
998	1034
998	1433
998	1483
1352	1717
1353	1763
1353	1801
1353	1879
1446	1655
1446	1676
1446	1862
1525	1658
1525	1816
1525	1871
1684	1934
1820	1829
1840	1992
56	58
56	69
56	72
56	74
56	85
56	92
56	104
56	146
56	158
56	183
56	215
56	226
56	288
56	292
56	332
56	419
56	445
56	462
56	477
56	487
56	496
56	502
56	510
56	512
56	570
56	613
56	649
56	650
56	737
56	764
56	882
56	898
56	935
56	1065
56	1104
56	1154
56	1276
56	1296
56	1397
56	1637
56	1676
56	1716
56	1721
56	1780
56	1829
56	1934
92	124
92	131
92	164
92	177
92	245
92	278
92	279
92	294
92	303
92	409
92	551
92	556
92	634
92	657
92	700
92	725
92	731
92	749
92	764
92	963
92	998
92	1031
92	1034
92	1055
92	1101
92	1104
92	1179
92	1294
92	1313
92	1397
92	1406
92	1525
92	1582
92	1596
92	1606
92	1677
92	1978
145	157
145	242
145	254
145	275
145	350
145	451
145	492
145	576
145	606
145	633
145	773
145	793
145	951
145	952
145	1055
145	1104
145	1120
145	1121
145	1150
145	1171
145	1183
145	1554
145	1567
145	1582
145	1602
145	1834
175	253
175	277
175	280
175	470
175	522
175	680
175	736
175	794
175	882
175	890
175	969
175	1065
175	1307
175	1368
175	1668
175	1723
175	1743
175	1801
389	619
389	692
389	812
389	1030
389	1189
389	1401
389	1754
470	492
470	749
470	796
470	854
470	1079
470	1404
470	1783
470	1958
628	747
628	1142
628	1348
628	1974
638	1168
638	1284
638	1444
638	1576
638	1838
638	1904
888	1284
888	1553
975	1169
1054	1092
1054	1104
1054	1248
1054	1829
1066	1864
1212	1307
1467	1612
1467	1743
1547	1775
1547	1924
1608	1818
1608	1820
1608	1838
1716	1916
1726	1891
122	149
122	274
122	288
122	385
122	421
122	434
122	492
122	700
122	1030
122	1113
122	1197
122	1285
122	1302
122	1596
122	1613
122	1837
230	291
230	292
230	299
230	473
230	488
230	611
230	708
230	749
230	764
230	1230
230	1276
230	1495
230	1532
230	1590
230	1629
230	1785
230	1830
230	1837
230	1901
239	298
239	332
239	434
239	488
239	496
239	619
239	660
239	1191
239	1499
239	1745
239	1887
249	278
249	284
249	298
249	460
249	583
249	685
249	805
249	1181
249	1746
249	1865
303	366
303	419
303	676
303	1092
303	1104
303	1151
303	1158
303	1189
303	1285
303	1289
303	1290
303	1306
303	1599
303	1657
344	409
344	410
344	468
344	475
344	525
344	611
344	789
344	793
344	896
344	999
344	1049
344	1085
344	1826
376	383
376	488
376	522
376	731
376	979
376	1059
376	1084
376	1289
376	1332
376	1690
503	588
503	615
503	640
503	1216
522	977
522	1442
601	997
601	1101
601	1170
601	1202
601	1291
601	1322
601	1535
680	757
680	1104
680	1582
680	1826
688	836
688	1446
688	1644
842	927
842	963
842	1454
842	1607
842	1673
842	1786
842	1816
1079	1173
1079	1491
1079	1940
1107	1121
1107	1352
1107	1512
1142	1272
1142	1290
1142	1457
1142	1637
1142	1942
1273	1433
1273	1511
1369	1597
1433	1497
1433	1629
1433	1917
1491	1875
1620	1643
1620	1663
140	149
140	219
140	221
140	230
140	291
140	297
140	376
140	403
140	451
140	477
140	484
140	510
140	531
140	744
140	819
140	1712
140	1914
331	344
331	468
331	497
331	498
331	503
331	749
331	1312
331	1396
331	1446
331	1637
331	1756
331	1862
331	1896
331	1998
336	377
336	408
336	1107
336	1241
336	1355
336	1491
336	1497
336	1786
336	1810
462	508
462	1185
462	1488
462	1663
462	1806
462	1925
530	567
530	638
530	667
530	683
530	906
530	1158
530	1191
530	1211
530	1285
530	1322
530	1491
530	1602
530	1687
530	1758
530	1770
608	623
608	773
608	1041
608	1079
608	1275
608	1294
608	1307
608	1516
608	1535
728	763
728	952
728	969
728	1236
728	1525
728	1591
728	1695
809	1281
809	1535
812	917
812	1439
817	1296
817	1702
817	1816
817	1924
825	1247
913	1294
1031	1312
1031	1676
1031	1687
1072	1554
1072	1604
1072	1973
1113	1558
1124	1488
1124	1491
1124	1728
1168	1938
1220	1491
1220	1859
1220	1942
1559	1862
1631	1769
254	292
254	294
254	306
254	375
254	477
254	505
254	573
254	608
254	639
254	764
254	838
254	1472
254	1606
254	1663
254	1901
260	288
260	318
260	513
260	583
260	743
260	773
260	847
260	872
260	1030
260	1056
260	1103
260	1181
260	1248
260	1275
260	1602
260	1614
260	1652
260	1690
260	1712
260	1723
294	391
294	792
294	805
294	818
294	1487
294	1501
294	1673
294	1714
294	1850
468	506
468	601
468	623
468	640
468	725
468	772
468	789
468	1049
468	1085
468	1509
468	1607
468	1891
573	725
573	1179
573	1211
573	1312
573	1632
615	673
615	884
615	1657
615	1838
615	1864
623	1008
623	1171
623	1680
623	1753
623	1914
712	964
712	969
712	975
712	1084
712	1216
712	1322
712	1393
712	1496
712	1532
843	909
843	1197
843	1302
843	1396
843	1576
843	1721
843	1862
1069	1181
1069	1527
1069	1933
1090	1164
1090	1510
1120	1179
1120	1393
1120	1755
1120	1786
1120	1956
1132	1307
1132	1717
1132	1904
1132	1942
1241	1643
1330	1377
1330	1657
1330	1934
1456	1467
1456	1474
1456	1564
1456	1587
1456	1632
1485	1566
1485	1873
1655	1917
1655	1940
1725	1983
131	157
131	280
131	330
131	336
131	389
131	502
131	525
131	612
131	650
131	660
131	792
131	963
131	1352
131	1431
131	1524
131	1709
131	1803
131	1838
131	1848
131	1916
385	429
385	890
385	1159
385	1277
385	1367
385	1567
385	1684
385	1771
482	589
482	731
482	824
482	884
482	1066
482	1156
482	1724
482	1837
482	1873
482	1994
575	824
575	1291
575	1367
575	1396
575	1684
575	1956
647	746
647	906
647	1816
647	1896
653	708
653	963
653	1066
653	1119
653	1574
653	1771
653	1850
653	1905
838	842
838	909
838	917
838	1248
838	1677
838	1703
838	1940
896	1202
896	1212
896	1266
939	1159
939	1602
1030	1158
1030	1379
1174	1308
1174	1313
1174	1771
1319	1847
1472	1588
1472	1769
1536	1758
1683	1709
129	161
129	187
129	219
129	292
129	454
129	612
129	686
129	796
129	835
129	966
129	1009
129	1056
129	1104
129	1151
129	1319
129	1658
129	1707
129	1756
129	1780
129	1829
129	1865
150	164
150	177
150	222
150	252
150	275
150	490
150	636
150	731
150	824
150	825
150	872
150	913
150	951
150	967
150	1034
150	1083
150	1220
150	1248
150	1312
150	1330
150	1483
150	1509
150	1574
150	1597
150	1932
297	306
297	399
297	406
297	556
297	744
297	998
297	1485
297	1683
394	499
394	592
394	747
394	1059
394	1439
394	1547
394	1658
394	1683
394	1725
394	1837
394	1959
406	460
406	579
406	628
406	636
406	854
406	872
406	1643
406	1690
406	1859
410	510
410	1183
568	836
568	996
568	998
568	1785
568	1956
592	708
592	1584
592	1680
592	1786
592	1829
854	882
854	1597
1105	1107
1105	1174
1159	1875
1173	1509
1173	1668
1173	1711
1173	1763
1232	1247
1232	1560
1232	1614
1232	1775
1232	1864
1232	1920
1232	1975
1275	1547
1275	1637
1275	1675
1284	1285
1284	1607
1284	1760
1284	1860
1312	1753
1377	1427
1377	1668
1377	1675
1643	1758
1657	1755
1657	1826
1686	1756
1877	1948
177	231
177	278
177	311
177	487
177	512
177	531
177	575
177	836
177	872
177	951
177	975
177	1050
177	1234
177	1248
177	1273
177	1396
177	1445
177	1688
177	1690
177	1724
177	1736
177	1825
177	1830
177	1838
177	1914
250	361
250	366
250	391
250	505
250	575
250	692
250	749
250	809
250	1170
250	1306
250	1687
250	1725
250	1770
250	1774
250	1822
697	872
697	1285
697	1474
700	1263
700	1308
700	1576
794	996
794	1183
794	1236
794	1783
794	1942
977	997
977	1348
977	1552
977	1779
977	1837
1158	1655
1158	1896
1185	1275
1185	1308
1199	1703
1199	1758
1291	1377
1291	1668
1291	1716
1427	1492
1427	1872
1676	1948
474	653
474	747
474	817
474	917
474	1771
498	530
498	619
498	888
498	1056
498	1277
498	1703
505	587
505	733
505	736
505	909
505	1586
505	1606
505	1834
683	805
683	1377
683	1859
743	793
743	1107
743	1416
743	1481
743	1932
743	1998
762	1179
762	1584
762	1607
764	884
764	1446
764	1967
951	1370
951	1481
951	1728
951	1934
979	1059
979	1369
1044	1454
1044	1644
1084	1101
1084	1439
1084	1754
1084	1822
1119	1535
1236	1263
1236	1584
1236	1769
1236	1828
1448	1712
1448	1717
1448	1786
1613	1680
1717	1914
1946	1995
373	477
373	550
373	792
373	803
373	979
373	1425
373	1924
373	1973
513	697
513	1009
513	1263
513	1819
513	1892
513	1932
583	608
583	1031
583	1418
583	1680
583	1820
583	1959
606	1127
606	1312
606	1397
606	1558
606	1591
606	1879
657	880
657	1132
657	1308
657	1366
657	1496
805	830
805	1559
805	1688
805	1919
1080	1675
1234	1345
1234	1828
1283	1322
1283	1369
1283	1576
1283	1902
1617	1859
366	446
366	487
366	634
366	794
366	999
366	1261
366	1462
366	1516
550	1159
550	1370
550	1474
550	1774
550	1882
634	676
634	726
634	772
634	1006
650	718
650	809
650	817
650	1355
650	1559
772	796
772	819
772	1377
772	1810
1302	1525
1302	1606
1302	1711
1602	1614
1602	1774
280	291
280	324
280	805
280	1191
280	1513
280	1535
280	1847
280	1870
280	1882
324	421
324	432
324	470
324	496
324	633
324	647
324	700
324	718
324	777
324	939
324	1107
324	1179
324	1241
324	1368
324	1370
324	1385
324	1736
324	1871
414	477
414	487
414	525
414	763
414	779
414	1439
414	1481
414	1652
609	611
609	909
609	997
609	1150
793	812
793	1248
793	1785
793	1948
955	1234
955	1319
955	1553
1041	1386
1049	1416
1156	1345
1156	1643
1156	1758
1721	1786
167	221
167	250
167	326
167	411
167	421
167	590
167	609
167	639
167	762
167	1120
167	1283
167	1284
167	1290
167	1446
167	1511
167	1724
167	1864
588	733
588	1079
588	1445
588	1472
588	1871
588	1967
763	1819
890	1069
890	1277
890	1685
1039	1431
1462	1532
1462	1547
1532	1763
1532	1872
1564	1830
1604	1819
1723	1905
497	502
497	567
497	636
497	733
497	1021
497	1104
497	1396
497	1689
497	1882
567	576
567	636
567	906
567	1330
567	1456
567	1536
567	1711
567	1834
779	903
779	937
779	1038
779	1083
779	1164
779	1385
779	1491
779	1564
779	1695
779	1812
1035	1620
1104	1261
1104	1677
1150	1825
1322	1418
1322	1745
1322	1754
1516	1587
1516	1819
291	361
291	502
291	557
291	969
291	1597
291	1755
291	1775
291	1826
291	1932
612	836
612	890
612	1488
612	1566
796	1355
796	1433
796	1509
796	1574
796	1847
1707	1770
718	812
718	818
718	1069
718	1234
718	1510
718	1614
718	1811
952	1199
952	1263
952	1272
952	1587
952	1862
1059	1261
1059	1332
1059	1497
1059	1590
1133	1806
1189	1770
1307	1509
1307	1588
1454	1488
1454	1783
1454	1902
1474	1618
1474	1905
1566	1933
1085	1211
1103	1442
1103	1587
1103	1816
332	399
332	479
332	482
332	499
332	531
332	589
332	608
332	686
332	726
332	737
332	797
332	1491
332	1510
332	1738
1345	1838
1497	1820
747	1614
750	818
750	1444
750	1862
777	964
777	1083
777	1746
1065	1385
1065	1755
1397	1462
1513	1844
1714	1919
245	373
245	454
245	757
245	903
245	1142
245	1170
245	1418
245	1780
245	1826
245	1933
383	513
383	747
383	842
383	937
383	969
383	1276
383	1702
383	1855
477	545
477	573
477	718
477	750
477	819
477	1154
477	1442
477	1938
1644	1819
391	394
391	410
391	647
391	812
391	1121
391	1359
391	1462
391	1620
391	1875
391	1877
391	1995
792	825
792	906
792	1439
792	1558
792	1695
792	1716
792	1723
792	1864
792	1948
830	966
830	1220
830	1406
830	1485
830	1714
830	1779
1169	1632
1169	1948
1596	1974
1673	1743
1101	1103
1101	1427
1101	1617
1101	1889
1285	1397
1285	1695
1285	1738
1191	1258
1290	1367
1290	1368
1290	1476
1290	1586
1290	1607
1290	1780
446	611
446	640
446	657
446	818
446	1092
446	1133
446	1825
446	1882
446	1981
744	824
789	979
789	1031
789	1462
789	1770
1629	1668
1755	1844
1009	1397
1009	1820
502	568
502	640
502	840
502	843
502	1072
502	1492
502	1606
502	1680
502	1758
502	1860
1974	1988
1758	1967
963	1179
963	1445
963	1855
963	1917
1567	1591
1368	1454
1368	1536
1818	1855
1818	1956
1833	1916
1308	1614
1308	1683
1308	1745
1263	1590
1263	1629
1263	1932
1393	1828
1685	1914
613	1127
613	1276
613	1643
613	1975
1786	1855
1347	1491
1347	1844
1347	1933
1510	1532
1442	1612
1442	1673
1442	1826
