# Undirected graph (each unordered pair of nodes is saved once): output/networks/ScaleFree200removeDegree-80percent.txt
# Nodes: 400 Edges: 3879
# NodeId	NodeId
921	1084
921	1181
921	1368
921	1461
921	1524
921	1538
921	1582
921	1598
921	1619
921	1758
921	1792
921	1807
921	1836
921	1840
921	1862
921	1872
921	1880
921	1884
921	1902
921	1970
921	1974
947	1088
947	1176
947	1255
947	1286
947	1336
947	1362
947	1393
947	1467
947	1585
947	1614
947	1629
947	1634
947	1760
947	1800
947	1852
947	1875
947	1977
947	1984
947	1993
1003	1106
1003	1204
1003	1266
1003	1312
1003	1354
1003	1415
1003	1453
1003	1478
1003	1492
1003	1665
1003	1695
1003	1818
1003	1822
1003	1901
1003	1941
1003	1957
1084	1220
1084	1247
1084	1296
1084	1307
1084	1309
1084	1386
1084	1412
1084	1499
1084	1532
1084	1559
1084	1568
1084	1604
1084	1641
1084	1661
1084	1730
1084	1747
1084	1769
1084	1772
1084	1774
1084	1827
1084	1871
1084	1919
1084	1954
1106	1127
1106	1169
1106	1220
1106	1295
1106	1318
1106	1408
1106	1501
1106	1541
1106	1563
1106	1598
1106	1619
1106	1693
1106	1800
1106	1847
1106	1850
1106	1877
1106	1909
1106	1955
1106	1965
1106	1975
1106	1994
1172	1182
1172	1347
1172	1412
1172	1434
1172	1494
1172	1515
1172	1543
1172	1557
1172	1638
1172	1651
1172	1680
1172	1710
1172	1717
1172	1739
1172	1778
1172	1795
1172	1853
1172	1868
1172	1940
1172	1973
1172	1977
1185	1219
1185	1292
1185	1501
1185	1598
1185	1661
1185	1705
1185	1723
1185	1733
1185	1739
1185	1811
1185	1856
1185	1873
1185	1874
1185	1890
1185	1900
1185	1912
1185	1962
1185	1963
1215	1318
1215	1402
1215	1412
1215	1557
1215	1581
1215	1619
1215	1641
1215	1664
1215	1727
1215	1730
1215	1744
1215	1747
1215	1792
1215	1828
1215	1854
1215	1886
1215	1906
1215	1909
1215	1916
1215	1962
1215	1968
1219	1222
1219	1248
1219	1514
1219	1551
1219	1563
1219	1666
1219	1732
1219	1758
1219	1783
1219	1837
1219	1916
1219	1922
1219	1929
1307	1399
1307	1629
1307	1637
1307	1640
1307	1677
1307	1695
1307	1714
1307	1722
1307	1727
1307	1812
1307	1823
1307	1851
1307	1867
1307	1921
1307	1947
1318	1385
1318	1402
1318	1454
1318	1492
1318	1556
1318	1618
1318	1620
1318	1688
1318	1748
1318	1776
1318	1781
1318	1841
1318	1857
1318	1861
1318	1866
1318	1870
1318	1886
1318	1911
1318	1962
1318	1966
1352	1371
1352	1393
1352	1501
1352	1543
1352	1587
1352	1645
1352	1646
1352	1689
1352	1707
1352	1708
1352	1714
1352	1720
1352	1740
1352	1791
1352	1806
1352	1918
1352	1972
1352	1986
1354	1376
1354	1479
1354	1544
1354	1556
1354	1734
1354	1795
1354	1796
1354	1876
1354	1928
1354	1931
1354	1954
1354	1986
1393	1554
1393	1640
1393	1650
1393	1661
1393	1699
1393	1761
1393	1766
1393	1769
1393	1874
1393	1883
1393	1897
1393	1902
1393	1905
1393	1912
1393	1935
1398	1638
1398	1641
1398	1714
1398	1717
1398	1762
1398	1772
1398	1781
1398	1793
1398	1795
1398	1858
1398	1923
1398	1975
1402	1467
1402	1478
1402	1530
1402	1604
1402	1722
1402	1776
1402	1791
1402	1828
1402	1841
1402	1887
1402	1921
1402	1963
1402	1983
1402	1986
1412	1461
1412	1491
1412	1495
1412	1630
1412	1651
1412	1710
1412	1790
1412	1800
1412	1807
1412	1811
1412	1885
1412	1920
1412	1931
1412	1935
1412	1938
1412	1965
1415	1453
1415	1497
1415	1528
1415	1538
1415	1557
1415	1671
1415	1677
1415	1698
1415	1762
1415	1815
1415	1876
1415	1897
1415	1926
1415	1959
1415	1989
1423	1536
1423	1551
1423	1588
1423	1620
1423	1650
1423	1668
1423	1728
1423	1757
1423	1775
1423	1790
1423	1835
1423	1848
1423	1852
1423	1897
1423	1901
1423	1924
1423	1961
1423	1962
1423	1983
1488	1529
1488	1587
1488	1707
1488	1727
1488	1749
1488	1769
1488	1822
1488	1846
1488	1949
1488	1958
1488	1978
1488	1981
1488	1999
1494	1503
1494	1565
1494	1630
1494	1639
1494	1674
1494	1693
1494	1714
1494	1761
1494	1796
1494	1803
1494	1838
1494	1844
1494	1858
1494	1867
1494	1933
1494	1975
1494	1977
1501	1559
1501	1604
1501	1671
1501	1772
1501	1803
1501	1841
1501	1858
1501	1880
1501	1884
1501	1928
1501	1947
1501	1986
1501	1996
1514	1538
1514	1632
1514	1641
1514	1707
1514	1712
1514	1731
1514	1775
1514	1811
1514	1869
1514	1963
1524	1530
1524	1556
1524	1562
1524	1650
1524	1664
1524	1680
1524	1688
1524	1695
1524	1698
1524	1748
1524	1827
1524	1846
1524	1856
1524	1927
1524	1947
1524	1949
1524	1973
1524	1974
1524	1998
1524	1999
1525	1543
1525	1557
1525	1566
1525	1632
1525	1646
1525	1693
1525	1739
1525	1765
1525	1779
1525	1815
1525	1843
1525	1880
1525	1917
1525	1947
1525	1999
1532	1559
1532	1620
1532	1630
1532	1632
1532	1649
1532	1685
1532	1705
1532	1720
1532	1727
1532	1733
1532	1761
1532	1764
1532	1895
1532	1921
1532	1931
1532	1969
1556	1559
1556	1637
1556	1649
1556	1660
1556	1739
1556	1750
1556	1792
1556	1823
1556	1826
1556	1838
1556	1873
1556	1883
1556	1971
1559	1661
1559	1693
1559	1749
1559	1776
1559	1847
1559	1857
1559	1873
1559	1908
1559	1911
1559	1969
1559	1973
1559	1975
1565	1609
1565	1622
1565	1666
1565	1685
1565	1728
1565	1733
1565	1769
1565	1779
1565	1791
1565	1836
1565	1847
1565	1861
1565	1875
1565	1991
1565	1993
1569	1588
1569	1598
1569	1660
1569	1664
1569	1721
1569	1734
1569	1762
1569	1843
1569	1865
1569	1890
1569	1934
1569	1974
1569	1998
1581	1596
1581	1630
1581	1637
1581	1731
1581	1859
1581	1997
1598	1660
1598	1665
1598	1737
1598	1752
1598	1783
1598	1841
1598	1858
1598	1905
1598	1911
1598	1924
1598	1963
1598	1980
1615	1649
1615	1671
1615	1677
1615	1793
1615	1825
1615	1949
1615	1969
1615	1971
1615	1990
1618	1619
1618	1632
1618	1651
1618	1689
1618	1710
1618	1728
1618	1732
1618	1745
1618	1758
1618	1799
1618	1823
1618	1872
1618	1897
1618	1908
1618	1918
1622	1641
1622	1738
1622	1815
1622	1870
1622	1895
1622	1947
1622	1968
1622	1983
1622	1989
1622	1991
1636	1717
1636	1752
1636	1790
1636	1791
1636	1875
1636	1898
1636	1911
1636	1941
1636	1945
1636	1966
1636	1987
1636	1990
1636	1995
1636	1997
1640	1665
1640	1758
1640	1783
1640	1829
1640	1865
1640	1874
1640	1912
1640	1915
1641	1645
1641	1740
1641	1781
1641	1817
1641	1850
1641	1886
1641	1910
1641	1932
1641	1960
1641	1990
1674	1738
1674	1739
1674	1781
1674	1796
1674	1799
1674	1861
1674	1876
1674	1958
1674	1968
1680	1730
1680	1747
1680	1764
1680	1811
1680	1876
1680	1908
1680	1918
1680	1922
1680	1990
1680	1998
1685	1689
1685	1745
1685	1787
1685	1800
1685	1811
1685	1815
1685	1826
1685	1886
1685	1906
1685	1973
1689	1690
1689	1698
1689	1776
1689	1779
1689	1852
1689	1928
1689	1961
1689	1963
1689	1997
1698	1710
1698	1731
1698	1762
1698	1765
1698	1877
1698	1990
1705	1752
1705	1840
1705	1847
1705	1865
1705	1908
1705	1921
1705	1938
1705	1962
1712	1714
1712	1738
1712	1748
1712	1793
1712	1796
1712	1806
1712	1812
1712	1874
1712	1885
1712	1994
1717	1719
1717	1761
1717	1778
1717	1815
1717	1844
1717	1880
1717	1902
1717	1941
1717	1958
1717	1960
1717	1962
1717	1990
1744	1747
1744	1778
1744	1822
1744	1832
1744	1848
1744	1857
1744	1859
1744	1911
1744	1939
1747	1822
1747	1843
1747	1877
1747	1924
1765	1774
1765	1795
1765	1865
1765	1877
1765	1880
1765	1904
1765	1912
1765	1927
1765	1947
1765	1971
1772	1775
1772	1827
1772	1850
1772	1884
1772	1906
1772	1918
1772	1973
1772	1981
1772	1982
1774	1787
1774	1805
1774	1899
1774	1962
1774	1990
1779	1827
1779	1843
1779	1871
1779	1899
1779	1922
1779	1930
1779	1958
1779	1998
1781	1819
1781	1827
1781	1847
1781	1871
1781	1965
1781	1994
1783	1825
1783	1835
1783	1870
1783	1883
1783	1899
1783	1912
1783	1945
1783	1970
1799	1807
1799	1823
1799	1876
1799	1921
1799	1934
1799	1948
1799	1999
1805	1820
1805	1829
1805	1847
1805	1853
1805	1886
1805	1900
1805	1901
1805	1908
1805	1957
1805	1962
1805	1966
1805	1971
1805	1982
1806	1846
1806	1885
1806	1910
1806	1917
1806	1963
1806	1975
1826	1827
1826	1865
1826	1885
1826	1899
1826	1933
1826	1970
1826	1979
1829	1843
1829	1886
1829	1905
1829	1978
1829	1993
1837	1857
1837	1870
1837	1900
1837	1918
1837	1922
1837	1946
1837	1954
1837	1970
1840	1858
1840	1936
1840	1938
1840	1966
1840	1981
1840	1990
1840	1994
1841	1908
1843	1850
1843	1895
1843	1964
1843	1969
1843	1982
1846	1850
1846	1852
1846	1854
1846	1875
1846	1936
1846	1964
1846	1997
1856	1886
1856	1904
1856	1935
1856	1970
1857	1883
1857	1965
1857	1971
1857	1996
1857	1998
1865	1909
1865	1922
1865	1929
1865	1931
1865	1932
1865	1969
1868	1917
1868	1919
1868	1936
1868	1954
1868	1958
1868	1974
1868	1993
1884	1909
1884	1918
1884	1949
1884	1955
1884	1967
1884	1995
1885	1939
1885	1960
1885	1964
1885	1970
1885	1977
1885	1979
1885	1997
1899	1912
1899	1948
1899	1977
1899	1984
1900	1939
1900	1955
1900	1970
1900	1975
1912	1918
1912	1986
1936	1957
1936	1964
1936	1981
1945	1946
1947	1949
1948	1949
1948	1958
1948	1997
1109	1211
1109	1276
1109	1292
1109	1423
1109	1532
1109	1615
1109	1641
1109	1660
1109	1668
1109	1688
1109	1698
1109	1701
1109	1722
1109	1776
1109	1862
1109	1868
1109	1885
1109	1936
1109	1973
1109	1998
1109	1999
1120	1181
1120	1185
1120	1211
1120	1517
1120	1524
1120	1541
1120	1596
1120	1614
1120	1636
1120	1781
1120	1867
1120	1873
1120	1908
1120	1912
1120	1938
1120	1939
1120	1959
1120	1973
1120	1983
1120	1997
1169	1247
1169	1292
1169	1444
1169	1503
1169	1528
1169	1720
1169	1722
1169	1757
1169	1778
1169	1799
1169	1838
1169	1905
1169	1974
1169	1979
1169	1996
1181	1348
1181	1396
1181	1415
1181	1467
1181	1491
1181	1529
1181	1544
1181	1559
1181	1787
1181	1825
1181	1826
1181	1829
1181	1843
1181	1871
1181	1872
1181	1904
1181	1930
1181	1986
1181	1994
1181	1995
1211	1215
1211	1309
1211	1386
1211	1425
1211	1472
1211	1486
1211	1499
1211	1510
1211	1514
1211	1528
1211	1532
1211	1632
1211	1720
1211	1730
1211	1803
1211	1836
1211	1910
1211	1916
1211	1920
1211	1995
1211	1998
1222	1390
1222	1393
1222	1448
1222	1452
1222	1479
1222	1515
1222	1572
1222	1634
1222	1641
1222	1750
1222	1826
1222	1846
1222	1866
1222	1872
1222	1874
1222	1887
1222	1948
1222	1984
1222	1987
1247	1336
1247	1412
1247	1431
1247	1501
1247	1534
1247	1588
1247	1615
1247	1616
1247	1651
1247	1745
1247	1764
1247	1793
1247	1822
1247	1825
1247	1846
1247	1862
1247	1866
1247	1897
1247	1980
1247	1982
1247	1996
1264	1266
1264	1276
1264	1309
1264	1404
1264	1492
1264	1557
1264	1618
1264	1660
1264	1752
1264	1774
1264	1779
1264	1818
1264	1843
1264	1897
1264	1915
1264	1916
1264	1924
1264	1957
1264	1963
1264	1981
1264	1991
1264	1998
1281	1312
1281	1408
1281	1449
1281	1453
1281	1514
1281	1581
1281	1588
1281	1688
1281	1698
1281	1705
1281	1720
1281	1752
1281	1769
1281	1795
1281	1828
1281	1875
1281	1910
1281	1936
1295	1354
1295	1525
1295	1538
1295	1539
1295	1588
1295	1593
1295	1615
1295	1646
1295	1677
1295	1708
1295	1747
1295	1772
1295	1825
1295	1828
1295	1929
1295	1933
1295	1977
1295	1996
1296	1390
1296	1404
1296	1488
1296	1510
1296	1538
1296	1598
1296	1673
1296	1674
1296	1717
1296	1730
1296	1731
1296	1799
1296	1807
1296	1923
1296	1927
1296	1936
1296	1938
1296	1940
1296	1977
1296	1978
1296	1991
1296	1996
1309	1491
1309	1497
1309	1722
1309	1737
1309	1774
1309	1791
1309	1819
1309	1851
1309	1963
1309	1965
1368	1386
1368	1402
1368	1488
1368	1494
1368	1608
1368	1666
1368	1673
1368	1720
1368	1795
1368	1805
1368	1812
1368	1841
1368	1850
1368	1851
1368	1949
1368	1967
1368	1968
1408	1450
1408	1451
1408	1517
1408	1536
1408	1677
1408	1752
1408	1764
1408	1779
1408	1790
1408	1823
1408	1832
1408	1870
1408	1940
1408	1960
1408	1973
1448	1450
1448	1491
1448	1525
1448	1581
1448	1646
1448	1669
1448	1712
1448	1728
1448	1737
1448	1765
1448	1774
1448	1781
1448	1880
1448	1909
1448	1941
1450	1451
1450	1467
1450	1479
1450	1484
1450	1501
1450	1544
1450	1566
1450	1615
1450	1622
1450	1638
1450	1660
1450	1690
1450	1790
1450	1796
1450	1800
1450	1805
1450	1874
1450	1880
1450	1932
1450	1972
1467	1488
1467	1534
1467	1609
1467	1722
1467	1745
1467	1779
1467	1802
1467	1806
1467	1807
1467	1825
1467	1869
1467	1895
1467	1962
1491	1492
1491	1539
1491	1544
1491	1554
1491	1619
1491	1661
1491	1688
1491	1698
1491	1719
1491	1764
1491	1811
1491	1847
1491	1848
1491	1961
1491	1989
1497	1499
1497	1532
1497	1614
1497	1685
1497	1721
1497	1791
1497	1806
1497	1820
1497	1885
1497	1904
1497	1905
1497	1932
1497	1983
1499	1536
1499	1569
1499	1642
1499	1646
1499	1693
1499	1730
1499	1765
1499	1918
1499	1927
1499	1945
1499	1960
1499	1968
1499	1982
1530	1539
1530	1629
1530	1717
1530	1732
1530	1760
1530	1866
1530	1872
1530	1873
1530	1899
1530	1968
1530	1998
1530	1999
1538	1598
1538	1665
1538	1708
1538	1738
1538	1778
1538	1779
1538	1803
1538	1844
1538	1933
1538	1943
1538	1970
1538	1975
1538	1982
1541	1604
1541	1637
1541	1660
1541	1728
1541	1732
1541	1778
1541	1799
1541	1837
1541	1858
1541	1868
1541	1874
1544	1596
1544	1685
1544	1738
1544	1764
1544	1811
1544	1817
1544	1871
1544	1898
1544	1941
1544	1947
1544	1965
1544	1973
1544	1990
1554	1783
1554	1795
1554	1806
1554	1864
1554	1870
1554	1902
1554	1929
1554	1934
1554	1967
1554	1994
1557	1572
1557	1587
1557	1637
1557	1688
1557	1739
1557	1748
1557	1822
1557	1859
1557	1912
1557	1922
1557	1948
1557	1949
1557	1955
1557	1989
1563	1637
1563	1638
1563	1708
1563	1745
1563	1791
1563	1799
1563	1832
1563	1897
1563	1908
1563	1920
1563	1964
1630	1649
1630	1673
1630	1677
1630	1707
1630	1710
1630	1788
1630	1823
1630	1829
1630	1877
1630	1927
1630	1949
1630	1981
1630	1986
1638	1677
1638	1779
1638	1799
1638	1822
1638	1844
1638	1862
1638	1899
1638	1900
1638	1997
1644	1650
1644	1664
1644	1688
1644	1744
1644	1762
1644	1800
1644	1856
1644	1862
1644	1877
1644	1883
1644	1902
1644	1911
1644	1920
1644	1958
1645	1719
1645	1744
1645	1749
1645	1779
1645	1791
1645	1793
1645	1815
1645	1829
1645	1883
1645	1908
1645	1981
1650	1792
1650	1856
1650	1864
1650	1877
1650	1883
1650	1917
1650	1931
1650	1973
1650	1977
1661	1668
1661	1671
1661	1719
1661	1734
1661	1799
1661	1837
1661	1905
1661	1909
1661	1962
1661	1971
1661	1990
1669	1701
1669	1721
1669	1737
1669	1744
1669	1757
1669	1828
1669	1835
1669	1837
1669	1895
1669	1908
1669	1917
1669	1929
1669	1940
1671	1680
1671	1723
1671	1744
1671	1775
1671	1796
1671	1854
1671	1905
1671	1922
1671	1957
1671	1965
1708	1719
1708	1722
1708	1732
1708	1818
1708	1820
1708	1871
1708	1895
1708	1960
1708	1966
1714	1788
1714	1801
1714	1803
1714	1840
1714	1852
1714	1946
1714	1991
1714	1998
1720	1740
1720	1792
1720	1793
1720	1819
1720	1847
1720	1933
1720	1993
1721	1752
1721	1772
1721	1778
1721	1795
1721	1807
1721	1858
1721	1872
1721	1909
1721	1927
1721	1946
1721	1986
1721	1996
1727	1728
1727	1747
1727	1764
1727	1772
1727	1776
1727	1866
1727	1876
1727	1904
1727	1965
1727	1979
1730	1747
1730	1750
1730	1790
1730	1843
1730	1852
1730	1854
1730	1868
1730	1895
1730	1959
1730	1960
1731	1776
1731	1783
1731	1867
1731	1886
1731	1945
1731	1983
1733	1750
1733	1801
1733	1805
1733	1838
1733	1856
1733	1857
1733	1923
1733	1948
1733	1955
1733	1979
1739	1766
1739	1788
1739	1803
1739	1817
1739	1837
1739	1853
1739	1947
1739	1962
1739	1983
1739	1989
1739	1996
1739	1999
1748	1781
1748	1818
1748	1829
1748	1856
1748	1880
1748	1898
1748	1923
1748	1927
1748	1978
1748	1991
1749	1757
1749	1761
1749	1792
1749	1801
1749	1802
1749	1832
1749	1850
1749	1853
1749	1864
1749	1927
1749	1984
1749	1998
1752	1802
1752	1817
1752	1829
1752	1848
1752	1876
1752	1900
1752	1931
1758	1781
1758	1850
1758	1851
1758	1923
1758	1955
1758	1959
1758	1978
1758	1986
1758	1998
1769	1800
1769	1923
1769	1933
1769	1973
1775	1781
1775	1788
1775	1825
1775	1840
1775	1869
1775	1917
1775	1983
1775	1986
1790	1817
1790	1820
1790	1826
1790	1851
1790	1859
1790	1864
1790	1875
1790	1876
1790	1886
1790	1918
1825	1857
1825	1861
1825	1872
1825	1880
1825	1915
1825	1955
1825	1971
1825	1990
1825	1993
1825	1998
1828	1844
1828	1967
1828	1974
1836	1848
1836	1861
1836	1870
1836	1962
1858	1885
1858	1897
1858	1910
1858	1938
1858	1943
1858	1947
1858	1948
1858	1955
1858	1984
1858	1986
1858	1987
1866	1873
1866	1883
1866	1906
1866	1960
1866	1970
1866	1986
1866	1990
1875	1887
1875	1999
1890	1910
1890	1966
1890	1972
1890	1977
1890	1984
1890	1996
1911	1917
1911	1932
1911	1955
1911	1959
1922	1993
1927	1930
1927	1998
1927	1999
1931	1935
1931	1969
1939	1947
1939	1970
1939	1975
1954	1965
1954	1980
1961	1978
1961	1998
1971	1986
862	1169
862	1219
862	1307
862	1448
862	1472
862	1480
862	1568
862	1598
862	1677
862	1698
862	1727
862	1732
862	1737
862	1757
862	1787
862	1825
862	1838
862	1846
862	1847
862	1876
862	1966
862	1977
1052	1088
1052	1127
1052	1248
1052	1292
1052	1347
1052	1415
1052	1488
1052	1562
1052	1616
1052	1642
1052	1699
1052	1723
1052	1730
1052	1740
1052	1895
1052	1911
1052	1994
1087	1169
1087	1318
1087	1362
1087	1371
1087	1501
1087	1529
1087	1538
1087	1544
1087	1556
1087	1664
1087	1674
1087	1719
1087	1820
1087	1883
1087	1885
1087	1939
1087	1969
1087	1974
1087	1975
1087	1987
1087	1993
1127	1211
1127	1336
1127	1484
1127	1525
1127	1614
1127	1632
1127	1734
1127	1760
1127	1778
1127	1851
1127	1899
1127	1902
1127	1905
1127	1906
1127	1924
1127	1930
1127	1938
1127	1945
1127	1960
1141	1169
1141	1176
1141	1352
1141	1422
1141	1425
1141	1510
1141	1541
1141	1551
1141	1556
1141	1568
1141	1673
1141	1748
1141	1762
1141	1766
1141	1865
1141	1910
1141	1912
1141	1915
1141	1921
1141	1924
1141	1936
1141	1968
1220	1248
1220	1449
1220	1461
1220	1472
1220	1619
1220	1634
1220	1651
1220	1769
1220	1778
1220	1837
1220	1867
1220	1875
1220	1880
1220	1898
1220	1906
1220	1979
1286	1362
1286	1497
1286	1530
1286	1569
1286	1646
1286	1701
1286	1707
1286	1730
1286	1747
1286	1769
1286	1805
1286	1819
1286	1836
1286	1869
1286	1874
1286	1911
1286	1934
1286	1939
1286	1947
1286	1965
1298	1396
1298	1495
1298	1563
1298	1641
1298	1642
1298	1669
1298	1823
1298	1912
1298	1921
1298	1929
1298	1938
1298	1954
1298	1969
1298	1977
1298	1981
1298	1983
1298	1984
1305	1514
1305	1536
1305	1543
1305	1572
1305	1622
1305	1671
1305	1685
1305	1688
1305	1695
1305	1803
1305	1819
1305	1926
1305	1990
1338	1347
1338	1422
1338	1453
1338	1463
1338	1491
1338	1494
1338	1499
1338	1528
1338	1669
1338	1737
1338	1745
1338	1787
1338	1803
1338	1825
1338	1866
1338	1883
1338	1885
1338	1912
1338	1948
1338	1981
1338	1986
1347	1423
1347	1425
1347	1480
1347	1488
1347	1495
1347	1510
1347	1651
1347	1660
1347	1723
1347	1731
1347	1776
1347	1818
1347	1880
1347	1898
1347	1910
1385	1387
1385	1423
1385	1514
1385	1629
1385	1630
1385	1666
1385	1790
1385	1838
1385	1846
1385	1885
1385	1890
1385	1901
1385	1905
1385	1928
1385	1936
1385	1940
1385	1963
1385	1971
1399	1448
1399	1486
1399	1525
1399	1541
1399	1556
1399	1615
1399	1655
1399	1707
1399	1783
1399	1846
1399	1868
1399	1915
1399	1921
1399	1943
1399	1989
1431	1451
1431	1454
1431	1588
1431	1614
1431	1630
1431	1664
1431	1685
1431	1799
1431	1823
1431	1847
1431	1859
1431	1877
1431	1886
1431	1941
1431	1990
1436	1488
1436	1503
1436	1515
1436	1563
1436	1616
1436	1646
1436	1666
1436	1669
1436	1738
1436	1739
1436	1748
1436	1793
1436	1827
1436	1875
1436	1911
1436	1929
1436	1972
1436	1983
1436	1990
1436	1995
1464	1467
1464	1492
1464	1514
1464	1566
1464	1598
1464	1661
1464	1688
1464	1802
1464	1858
1464	1898
1464	1960
1464	1972
1464	1986
1464	1999
1479	1530
1479	1581
1479	1608
1479	1730
1479	1764
1479	1787
1479	1803
1479	1817
1479	1866
1479	1871
1479	1915
1479	1945
1479	1977
1479	1989
1484	1491
1484	1501
1484	1515
1484	1530
1484	1569
1484	1638
1484	1644
1484	1655
1484	1660
1484	1758
1484	1793
1484	1852
1484	1866
1484	1867
1484	1915
1484	1923
1484	1962
1495	1501
1495	1538
1495	1556
1495	1566
1495	1620
1495	1636
1495	1671
1495	1695
1495	1719
1495	1852
1495	1859
1495	1917
1495	1966
1495	1989
1495	1991
1503	1562
1503	1572
1503	1604
1503	1608
1503	1637
1503	1646
1503	1762
1503	1765
1503	1799
1503	1856
1503	1866
1503	1932
1503	1959
1551	1609
1551	1615
1551	1641
1551	1649
1551	1677
1551	1698
1551	1728
1551	1748
1551	1806
1551	1823
1551	1846
1551	1874
1551	1908
1551	1918
1551	1928
1551	1983
1562	1566
1562	1708
1562	1721
1562	1734
1562	1769
1562	1783
1562	1793
1562	1923
1562	1935
1562	1965
1562	1971
1568	1582
1568	1587
1568	1744
1568	1774
1568	1792
1568	1801
1568	1867
1568	1912
1568	1923
1568	1964
1568	1965
1568	1991
1585	1587
1585	1608
1585	1609
1585	1661
1585	1714
1585	1727
1585	1829
1585	1838
1585	1852
1585	1859
1585	1877
1585	1883
1585	1898
1585	1901
1585	1912
1585	1940
1585	1975
1585	1979
1608	1673
1608	1708
1608	1758
1608	1868
1608	1869
1608	1876
1608	1901
1608	1912
1608	1919
1608	1921
1608	1928
1608	1934
1608	1981
1637	1639
1637	1674
1637	1710
1637	1719
1637	1764
1637	1799
1637	1837
1637	1868
1637	1906
1637	1968
1637	1997
1660	1689
1660	1707
1660	1766
1660	1817
1660	1862
1660	1886
1660	1908
1660	1917
1660	1980
1668	1685
1668	1701
1668	1757
1668	1787
1668	1826
1668	1884
1668	1904
1668	1912
1668	1935
1668	1954
1668	1998
1673	1689
1673	1705
1673	1792
1673	1973
1673	1991
1677	1732
1677	1844
1677	1852
1677	1924
1677	1927
1677	1972
1693	1714
1693	1722
1693	1776
1693	1812
1693	1819
1693	1835
1693	1859
1693	1866
1693	1868
1693	1926
1693	1958
1693	1971
1693	1982
1699	1717
1699	1803
1699	1846
1699	1847
1699	1851
1699	1864
1699	1874
1699	1964
1699	1978
1699	1994
1701	1731
1701	1825
1701	1840
1701	1843
1701	1901
1701	1912
1701	1919
1701	1941
1701	1989
1722	1745
1722	1905
1722	1960
1722	1981
1722	1997
1734	1843
1734	1900
1734	1959
1764	1765
1764	1800
1764	1867
1764	1871
1764	1919
1764	1924
1764	1982
1764	1984
1764	1995
1766	1774
1766	1775
1766	1820
1766	1840
1766	1869
1766	1872
1766	1895
1766	1900
1766	1949
1766	1970
1766	1995
1788	1791
1788	1822
1788	1825
1788	1885
1788	1890
1788	1909
1788	1919
1788	1975
1788	1997
1792	1829
1792	1865
1792	1927
1792	1964
1792	1967
1792	1977
1792	1999
1796	1799
1796	1916
1796	1928
1796	1943
1796	1949
1796	1961
1796	1977
1823	1835
1823	1902
1823	1935
1823	1962
1823	1963
1823	1982
1827	1857
1827	1911
1827	1938
1827	1979
1867	1883
1867	1905
1867	1929
1869	1880
1869	1895
1869	1912
1869	1933
1869	1949
1869	1958
1869	1966
1869	1973
1877	1965
1877	1968
1877	1984
1887	1900
1887	1916
1887	1918
1887	1924
1887	1928
1919	1920
1919	1936
1919	1963
1919	1980
1919	1998
1920	1928
1929	1943
1929	1958
1929	1960
1929	1971
1941	1946
1941	1955
1941	1968
1941	1972
1946	1955
1946	1984
1964	1966
1966	1970
1966	1987
1966	1997
1138	1181
1138	1219
1138	1338
1138	1404
1138	1425
1138	1492
1138	1614
1138	1615
1138	1701
1138	1708
1138	1765
1138	1795
1138	1850
1138	1856
1138	1857
1138	1864
1138	1868
1138	1958
1138	1981
1176	1248
1176	1412
1176	1434
1176	1530
1176	1620
1176	1639
1176	1645
1176	1720
1176	1734
1176	1772
1176	1790
1176	1803
1176	1851
1176	1877
1176	1899
1176	1916
1176	1940
1176	1963
1182	1193
1182	1201
1182	1215
1182	1305
1182	1352
1182	1368
1182	1494
1182	1495
1182	1563
1182	1587
1182	1619
1182	1698
1182	1745
1182	1760
1182	1818
1182	1819
1182	1822
1182	1857
1182	1886
1182	1931
1182	1997
1204	1219
1204	1347
1204	1404
1204	1562
1204	1677
1204	1693
1204	1698
1204	1705
1204	1732
1204	1757
1204	1760
1204	1819
1204	1826
1204	1832
1204	1836
1204	1870
1204	1929
1204	1970
1255	1327
1255	1352
1255	1494
1255	1581
1255	1582
1255	1598
1255	1630
1255	1641
1255	1730
1255	1734
1255	1748
1255	1801
1255	1844
1255	1871
1255	1872
1255	1917
1255	1934
1255	1948
1255	1965
1266	1286
1266	1393
1266	1444
1266	1563
1266	1655
1266	1698
1266	1762
1266	1764
1266	1765
1266	1803
1266	1853
1266	1859
1266	1866
1266	1927
1266	1940
1266	1966
1266	1989
1339	1434
1339	1484
1339	1510
1339	1554
1339	1636
1339	1671
1339	1720
1339	1721
1339	1750
1339	1774
1339	1827
1339	1866
1339	1875
1339	1877
1339	1917
1339	1931
1339	1967
1339	1981
1339	1983
1339	1994
1362	1434
1362	1514
1362	1529
1362	1566
1362	1614
1362	1641
1362	1671
1362	1775
1362	1781
1362	1812
1362	1883
1362	1955
1362	1966
1362	1971
1362	1982
1362	1987
1449	1451
1449	1499
1449	1556
1449	1645
1449	1688
1449	1732
1449	1760
1449	1779
1449	1805
1449	1835
1449	1868
1449	1910
1449	1932
1449	1989
1453	1639
1453	1644
1453	1685
1453	1707
1453	1760
1453	1795
1453	1832
1453	1876
1453	1898
1453	1902
1453	1905
1453	1909
1453	1924
1453	1927
1453	1933
1453	1960
1453	1977
1453	1981
1454	1528
1454	1529
1454	1532
1454	1614
1454	1646
1454	1714
1454	1722
1454	1738
1454	1801
1454	1811
1454	1823
1454	1840
1454	1875
1454	1880
1454	1909
1454	1934
1454	1946
1454	1954
1454	1983
1461	1499
1461	1503
1461	1551
1461	1690
1461	1710
1461	1739
1461	1748
1461	1749
1461	1765
1461	1818
1461	1910
1461	1996
1478	1479
1478	1488
1478	1492
1478	1538
1478	1562
1478	1593
1478	1651
1478	1708
1478	1740
1478	1806
1478	1807
1478	1846
1478	1854
1478	1884
1478	1930
1478	1939
1478	1963
1515	1538
1515	1608
1515	1630
1515	1638
1515	1690
1515	1705
1515	1727
1515	1749
1515	1772
1515	1820
1515	1843
1515	1856
1515	1926
1515	1938
1515	1948
1515	1993
1534	1541
1534	1619
1534	1666
1534	1677
1534	1698
1534	1841
1534	1883
1534	1885
1534	1948
1534	1964
1534	1968
1534	1975
1534	1991
1582	1698
1582	1710
1582	1757
1582	1811
1582	1817
1582	1850
1582	1885
1582	1897
1582	1922
1582	1931
1582	1932
1582	1941
1582	1955
1587	1640
1587	1721
1587	1728
1587	1733
1587	1737
1587	1775
1587	1828
1587	1835
1587	1858
1587	1861
1587	1873
1587	1901
1587	1921
1587	1927
1587	1997
1649	1666
1649	1705
1649	1712
1649	1731
1649	1787
1649	1919
1649	1923
1649	1975
1655	1689
1655	1843
1655	1868
1655	1931
1655	1938
1655	1947
1655	1977
1655	1979
1655	1991
1665	1727
1665	1731
1665	1734
1665	1744
1665	1752
1665	1787
1665	1811
1665	1866
1665	1869
1665	1872
1665	1875
1665	1902
1665	1910
1665	1920
1665	1926
1665	1949
1665	1977
1665	1991
1745	1787
1745	1812
1745	1844
1745	1853
1745	1917
1745	1948
1745	1996
1787	1788
1787	1811
1787	1864
1787	1877
1787	1938
1787	1978
1795	1835
1795	1859
1795	1872
1795	1928
1795	1929
1817	1828
1817	1844
1817	1848
1817	1859
1817	1895
1847	1862
1847	1924
1847	1929
1847	1959
1864	1869
1864	1897
1864	1961
1864	1970
1864	1997
1870	1906
1870	1916
1871	1910
1871	1954
1871	1959
1871	1963
1871	1974
1873	1909
1873	1919
1873	1967
1873	1995
1873	1996
1883	1919
1883	1991
1904	1973
1910	1921
1910	1967
1910	1995
1915	1926
1915	1931
1915	1958
1915	1987
1915	1994
1926	1989
1926	1995
1932	1940
1932	1949
1932	1954
1932	1955
1932	1969
1932	1982
1932	1984
1932	1990
1935	1983
1940	1943
1940	1980
1940	1997
1943	1962
1943	1968
1943	1991
1943	1996
1955	1964
1955	1987
1955	1991
1955	1996
1958	1965
1958	1970
1962	1993
1962	1995
1963	1994
1974	1979
1974	1983
1974	1989
1088	1141
1088	1182
1088	1201
1088	1264
1088	1277
1088	1298
1088	1402
1088	1444
1088	1529
1088	1563
1088	1640
1088	1800
1088	1826
1088	1832
1088	1901
1088	1927
1088	1936
1088	1996
1348	1368
1348	1393
1348	1501
1348	1510
1348	1710
1348	1739
1348	1774
1348	1796
1348	1806
1348	1818
1348	1857
1348	1866
1348	1874
1348	1877
1348	1908
1348	1969
1371	1515
1371	1598
1371	1649
1371	1674
1371	1685
1371	1727
1371	1793
1371	1807
1371	1872
1371	1916
1371	1922
1371	1929
1371	1935
1371	1943
1371	1975
1371	1998
1387	1398
1387	1402
1387	1461
1387	1569
1387	1581
1387	1616
1387	1637
1387	1673
1387	1677
1387	1720
1387	1752
1387	1761
1387	1779
1387	1819
1387	1820
1387	1890
1387	1918
1387	1921
1387	1924
1387	1958
1387	1964
1387	1971
1387	1991
1404	1479
1404	1497
1404	1510
1404	1524
1404	1534
1404	1544
1404	1562
1404	1587
1404	1604
1404	1638
1404	1661
1404	1819
1404	1869
1404	1884
1404	1887
1404	1931
1404	1987
1425	1451
1425	1461
1425	1557
1425	1559
1425	1649
1425	1673
1425	1750
1425	1752
1425	1822
1425	1840
1425	1902
1425	1915
1425	1920
1425	1984
1444	1472
1444	1559
1444	1566
1444	1569
1444	1645
1444	1699
1444	1705
1444	1712
1444	1731
1444	1738
1444	1745
1444	1762
1444	1783
1444	1890
1444	1919
1444	1926
1452	1479
1452	1525
1452	1530
1452	1559
1452	1568
1452	1569
1452	1608
1452	1636
1452	1685
1452	1727
1452	1731
1452	1791
1452	1793
1452	1795
1452	1851
1452	1871
1452	1969
1452	1973
1452	1977
1452	1978
1463	1467
1463	1488
1463	1525
1463	1629
1463	1690
1463	1728
1463	1733
1463	1772
1463	1778
1463	1795
1463	1805
1463	1874
1463	1880
1463	1884
1463	1922
1463	1989
1646	1688
1646	1705
1646	1720
1646	1775
1646	1841
1646	1853
1646	1898
1646	1902
1646	1941
1646	1958
1646	1979
1719	1720
1719	1738
1719	1761
1719	1774
1719	1815
1719	1861
1719	1899
1719	1916
1719	1936
1719	1984
1728	1730
1728	1738
1728	1760
1728	1761
1728	1776
1728	1817
1728	1859
1728	1870
1728	1917
1728	1954
1728	1983
1740	1744
1740	1745
1740	1748
1740	1778
1740	1790
1740	1843
1740	1856
1740	1884
1740	1940
1740	1945
1740	1947
1740	1977
1740	1979
1791	1825
1791	1838
1791	1843
1791	1853
1791	1871
1791	1923
1791	1964
1793	1867
1793	1912
1793	1917
1793	1919
1793	1927
1793	1948
1793	1961
1793	1962
1793	1978
1793	1995
1803	1823
1803	1861
1803	1901
1803	1926
1803	1936
1822	1838
1822	1898
1822	1941
1822	1943
1838	1856
1838	1901
1838	1935
1838	1946
1838	1948
1838	1954
1838	1970
1838	1999
1861	1868
1861	1876
1861	1897
1861	1911
1861	1915
1861	1972
1861	1986
1861	1997
1872	1876
1872	1967
1872	1968
1872	1982
1874	1922
1874	1945
1876	1883
1876	1915
1876	1941
1876	1984
1895	1964
1895	1970
1895	1973
1908	1935
1908	1947
1908	1949
1908	1960
1908	1986
1909	1934
1909	1940
1909	1967
1909	1971
1918	1954
1918	1969
1918	1978
1921	1972
1928	1973
1957	1962
1957	1977
1957	1996
1967	1972
1967	1978
1967	1979
1967	1996
1968	1970
1968	1979
1975	1978
1975	1986
1991	1996
1248	1298
1248	1386
1248	1390
1248	1495
1248	1528
1248	1544
1248	1554
1248	1562
1248	1685
1248	1796
1248	1870
1248	1872
1248	1899
1248	1971
1472	1479
1472	1494
1472	1495
1472	1510
1472	1541
1472	1688
1472	1708
1472	1740
1472	1752
1472	1861
1472	1924
1472	1928
1472	1989
1472	1990
1472	1996
1510	1554
1510	1559
1510	1651
1510	1665
1510	1688
1510	1710
1510	1791
1510	1800
1510	1823
1510	1883
1510	1895
1510	1923
1510	1929
1510	1958
1510	1960
1536	1568
1536	1629
1536	1642
1536	1708
1536	1723
1536	1730
1536	1757
1536	1812
1536	1841
1536	1887
1536	1919
1536	1922
1536	1930
1536	1972
1536	1974
1572	1636
1572	1650
1572	1668
1572	1733
1572	1745
1572	1765
1572	1772
1572	1805
1572	1851
1572	1904
1572	1919
1572	1941
1572	1979
1572	1989
1572	1993
1588	1668
1588	1671
1588	1720
1588	1761
1588	1857
1588	1864
1588	1870
1588	1873
1588	1883
1588	1905
1588	1931
1588	1941
1588	1993
1620	1634
1620	1705
1620	1757
1620	1778
1620	1783
1620	1828
1620	1869
1620	1880
1620	1906
1620	1918
1620	1920
1620	1954
1690	1699
1690	1710
1690	1728
1690	1733
1690	1783
1690	1811
1690	1826
1690	1840
1690	1864
1690	1900
1690	1919
1690	1931
1690	1934
1690	1957
1690	1969
1690	1987
1710	1752
1710	1835
1710	1851
1710	1870
1710	1931
1710	1933
1710	1934
1710	1964
1710	1991
1737	1766
1737	1851
1737	1924
1737	1943
1737	1986
1737	1987
1738	1778
1738	1795
1738	1817
1738	1829
1738	1836
1738	1916
1738	1918
1738	1941
1738	1969
1738	1980
1802	1812
1802	1869
1802	1885
1802	1900
1802	1930
1802	1970
1802	1987
1802	1998
1811	1848
1811	1884
1811	1921
1811	1931
1811	1954
1811	1965
1818	1828
1818	1841
1818	1916
1818	1920
1818	1921
1818	1954
1820	1854
1820	1862
1820	1873
1820	1875
1820	1915
1820	1954
1848	1862
1848	1895
1848	1930
1848	1945
1848	1963
1848	1972
1850	1856
1850	1857
1850	1859
1850	1926
1851	1859
1851	1870
1851	1923
1851	1926
1851	1960
1852	1853
1852	1875
1852	1957
1852	1964
1852	1996
1897	1901
1897	1918
1897	1997
1901	1918
1901	1922
1901	1936
1901	1984
1924	1954
1924	1974
1924	1981
1965	1978
1965	1999
1277	1305
1277	1307
1277	1309
1277	1434
1277	1503
1277	1517
1277	1525
1277	1551
1277	1588
1277	1708
1277	1765
1277	1802
1277	1826
1277	1847
1277	1854
1277	1927
1277	1941
1277	1947
1277	1999
1292	1295
1292	1467
1292	1515
1292	1536
1292	1616
1292	1710
1292	1738
1292	1769
1292	1774
1292	1781
1292	1791
1292	1837
1292	1838
1292	1846
1292	1862
1292	1928
1292	1935
1292	1993
1312	1398
1312	1541
1312	1569
1312	1593
1312	1596
1312	1634
1312	1685
1312	1699
1312	1710
1312	1764
1312	1769
1312	1805
1312	1806
1312	1875
1312	1895
1312	1906
1312	1946
1312	1961
1312	1977
1376	1436
1376	1486
1376	1503
1376	1566
1376	1669
1376	1673
1376	1737
1376	1774
1376	1783
1376	1790
1376	1854
1376	1857
1376	1871
1376	1876
1376	1897
1376	1915
1376	1920
1376	1931
1376	1969
1376	1990
1376	1991
1422	1451
1422	1467
1422	1491
1422	1563
1422	1566
1422	1634
1422	1639
1422	1705
1422	1712
1422	1747
1422	1843
1422	1869
1422	1876
1422	1904
1422	1919
1422	1926
1422	1962
1422	1972
1422	1993
1492	1529
1492	1565
1492	1572
1492	1701
1492	1838
1492	1850
1492	1868
1492	1873
1492	1884
1492	1902
1492	1911
1492	1954
1492	1960
1492	1971
1517	1562
1517	1688
1517	1727
1517	1760
1517	1791
1517	1812
1517	1838
1517	1840
1517	1858
1517	1912
1517	1927
1517	1946
1517	1948
1517	1973
1543	1634
1543	1693
1543	1714
1543	1720
1543	1791
1543	1801
1543	1852
1543	1884
1543	1901
1543	1906
1543	1984
1543	1987
1543	1995
1566	1618
1566	1666
1566	1722
1566	1748
1566	1791
1566	1801
1566	1835
1566	1911
1566	1921
1566	1935
1566	1997
1614	1636
1614	1642
1614	1671
1614	1843
1614	1851
1614	1883
1614	1974
1707	1733
1707	1739
1707	1758
1707	1801
1707	1820
1707	1846
1707	1922
1707	1946
1707	1983
1819	1840
1819	1857
1819	1923
1819	1955
1819	1977
1819	1993
1819	1999
1832	1852
1832	1871
1832	1904
1832	1945
1832	1960
1832	1966
1832	1967
1832	1971
1832	1975
1905	1911
1905	1947
1905	1974
1905	1980
1027	1352
1027	1376
1027	1423
1027	1431
1027	1461
1027	1528
1027	1638
1027	1660
1027	1731
1027	1734
1027	1788
1027	1790
1027	1815
1027	1899
1027	1901
1027	1906
1027	1930
1027	1949
1027	1984
1193	1220
1193	1398
1193	1404
1193	1454
1193	1464
1193	1472
1193	1486
1193	1534
1193	1541
1193	1557
1193	1618
1193	1673
1193	1680
1193	1723
1193	1733
1193	1744
1193	1815
1193	1820
1193	1848
1193	1933
1193	1959
1327	1386
1327	1408
1327	1415
1327	1464
1327	1528
1327	1563
1327	1572
1327	1651
1327	1680
1327	1689
1327	1705
1327	1750
1327	1761
1327	1800
1327	1840
1327	1841
1327	1857
1327	1904
1327	1927
1327	1933
1327	1966
1327	1987
1336	1352
1336	1362
1336	1371
1336	1398
1336	1557
1336	1649
1336	1693
1336	1701
1336	1749
1336	1761
1336	1775
1336	1820
1336	1827
1336	1840
1336	1923
1336	1928
1336	1971
1434	1448
1434	1452
1434	1463
1434	1479
1434	1486
1434	1638
1434	1728
1434	1738
1434	1744
1434	1776
1434	1869
1434	1895
1434	1922
1434	1934
1434	1938
1434	1962
1434	1974
1529	1582
1529	1634
1529	1688
1529	1748
1529	1776
1529	1856
1529	1865
1529	1920
1529	1933
1529	1936
1529	1987
1529	1989
1529	1994
1609	1674
1609	1721
1609	1791
1609	1807
1609	1819
1609	1870
1609	1880
1609	1898
1609	1901
1609	1918
1609	1939
1609	1959
1609	1973
1666	1701
1666	1772
1666	1822
1666	1840
1666	1872
1666	1874
1666	1919
1666	1957
1666	1961
1666	1981
1807	1848
1807	1851
1807	1858
1807	1864
1807	1887
1807	1909
1812	1827
1812	1828
1812	1829
1812	1870
1812	1877
1812	1895
1812	1897
1812	1905
1812	1915
1812	1930
1812	1970
1812	1983
1835	1847
1835	1900
1835	1931
1835	1959
1835	1966
1835	1972
1835	1986
1902	1921
1902	1943
1902	1945
1902	1962
1902	1975
1902	1980
1923	1924
1923	1931
1923	1946
1923	1999
1938	1945
1938	1967
1938	1975
1938	1999
1528	1562
1528	1585
1528	1615
1528	1642
1528	1707
1528	1739
1528	1801
1528	1847
1528	1850
1528	1852
1528	1899
1528	1929
1528	1932
1528	1990
1528	1991
1539	1619
1539	1638
1539	1673
1539	1707
1539	1727
1539	1728
1539	1747
1539	1776
1539	1850
1539	1854
1539	1858
1539	1901
1539	1930
1539	1932
1539	1955
1539	1959
1539	1961
1639	1674
1639	1747
1639	1769
1639	1800
1639	1815
1639	1826
1639	1847
1639	1885
1639	1971
1695	1705
1695	1838
1695	1857
1695	1862
1695	1870
1695	1875
1695	1883
1695	1886
1695	1908
1695	1918
1695	1923
1695	1928
1695	1929
1695	1930
1695	1968
1695	1979
1762	1805
1762	1812
1762	1818
1762	1820
1762	1848
1762	1875
1762	1897
1762	1939
1762	1958
1778	1779
1778	1818
1778	1837
1778	1850
1778	1858
1778	1916
1778	1943
1778	1978
1800	1861
1800	1870
1800	1871
1800	1886
1800	1910
1800	1961
1854	1857
1854	1867
1854	1887
1854	1899
1854	1905
1854	1920
1854	1926
1854	1929
1854	1943
1880	1945
1880	1971
1886	1899
1886	1905
1886	1927
1886	1972
1886	1979
1886	1989
1917	1966
1917	1991
1978	1979
1979	1998
1093	1312
1093	1385
1093	1393
1093	1399
1093	1422
1093	1450
1093	1528
1093	1593
1093	1616
1093	1727
1093	1734
1093	1752
1093	1766
1093	1818
1093	1841
1093	1854
1093	1924
1093	1927
1486	1532
1486	1541
1486	1559
1486	1622
1486	1655
1486	1660
1486	1688
1486	1775
1486	1823
1486	1871
1486	1900
1486	1929
1486	1993
1593	1598
1593	1616
1593	1618
1593	1651
1593	1666
1593	1685
1593	1766
1593	1779
1593	1825
1593	1853
1593	1862
1593	1872
1593	1939
1593	1947
1593	1974
1616	1655
1616	1721
1616	1758
1616	1766
1616	1793
1616	1868
1616	1875
1616	1916
1616	1923
1616	1935
1616	1936
1616	1961
1750	1779
1750	1800
1750	1826
1750	1837
1750	1871
1750	1897
1750	1899
1750	1905
1750	1911
1750	1959
1750	1972
1750	1975
1750	1991
1757	1837
1757	1859
1757	1871
1757	1874
1757	1886
1757	1909
1757	1932
1757	1959
1757	1961
1757	1967
1757	1974
1898	1901
1898	1905
1898	1982
1898	1983
1916	1934
1916	1961
1930	1933
1930	1978
1972	1999
1386	1448
1386	1554
1386	1566
1386	1581
1386	1609
1386	1774
1386	1781
1386	1788
1386	1790
1386	1905
1386	1910
1386	1934
1386	1982
1386	1987
1386	1995
1386	1998
1451	1491
1451	1514
1451	1604
1451	1608
1451	1616
1451	1636
1451	1639
1451	1661
1451	1802
1451	1819
1451	1827
1451	1851
1451	1995
1604	1615
1604	1674
1604	1693
1604	1714
1604	1790
1604	1799
1604	1867
1604	1874
1604	1886
1604	1887
1604	1949
1604	1954
1629	1636
1629	1644
1629	1668
1629	1701
1629	1790
1629	1806
1629	1832
1629	1837
1629	1846
1629	1869
1629	1870
1629	1880
1629	1890
1629	1947
1629	1971
1629	1986
1634	1638
1634	1641
1634	1714
1634	1826
1634	1835
1634	1836
1634	1857
1634	1865
1634	1900
1634	1906
1723	1745
1723	1844
1723	1905
1723	1986
1862	1886
1862	1912
1862	1921
1862	1930
1862	1997
1933	1938
1973	1989
1981	1996
1390	1398
1390	1431
1390	1451
1390	1464
1390	1510
1390	1609
1390	1622
1390	1639
1390	1644
1390	1650
1390	1695
1390	1730
1390	1803
1390	1806
1390	1826
1390	1859
1390	1874
1390	1880
1632	1644
1632	1645
1632	1811
1632	1854
1632	1866
1632	1872
1632	1890
1632	1916
1632	1923
1632	1941
1632	1943
1632	1949
1632	1981
1632	1993
1776	1801
1776	1895
1776	1908
1776	1959
1776	1962
1801	1857
1801	1883
1801	1938
1801	1945
1801	1960
1801	1971
1801	1974
1801	1975
1801	1980
1801	1989
1853	1875
1853	1924
1853	1930
1853	1949
1853	1955
1853	1980
1960	1991
1960	1997
1859	1929
1859	1940
1859	1961
1859	1980
1201	1248
1201	1286
1201	1292
1201	1434
1201	1501
1201	1532
1201	1562
1201	1649
1201	1699
1201	1708
1201	1740
1201	1749
1201	1807
1201	1812
1201	1899
1201	1911
1201	1916
1201	1918
1201	1948
1201	1954
1619	1641
1619	1712
1619	1733
1619	1748
1619	1758
1619	1765
1619	1787
1619	1792
1619	1836
1619	1919
1619	1932
1619	1940
1619	1973
1651	1723
1651	1750
1651	1846
1651	1847
1651	1870
1651	1880
1651	1895
1651	1915
1651	1922
1651	1999
1688	1836
1688	1869
1688	1902
1688	1991
1815	1844
1815	1900
1815	1912
1815	1938
1815	1968
1906	1918
1906	1924
1906	1926
1906	1994
1959	1980
1959	1983
1480	1585
1480	1587
1480	1637
1480	1642
1480	1714
1480	1796
1480	1799
1480	1819
1480	1844
1480	1876
1480	1902
1480	1906
1480	1993
1761	1819
1761	1848
1761	1861
1761	1996
1996	1998
1396	1448
1396	1479
1396	1514
1396	1655
1396	1669
1396	1689
1396	1722
1396	1787
1396	1792
1396	1807
1396	1818
1396	1945
1396	1949
1396	1981
1396	1994
1664	1689
1664	1707
1664	1737
1664	1764
1664	1776
1664	1847
1664	1854
1664	1884
1664	1910
1664	1928
1664	1955
1664	1977
1664	1995
1276	1312
1276	1336
1276	1368
1276	1408
1276	1444
1276	1639
1276	1640
1276	1674
1276	1772
1276	1774
1276	1802
1276	1815
1276	1862
1276	1906
1276	1909
1276	1964
1276	1970
1276	1972
1596	1615
1596	1719
1596	1727
1596	1732
1596	1819
1596	1826
1596	1829
1596	1875
1596	1876
1596	1884
1596	1918
1596	1920
1596	1955
1596	1972
1732	1761
1732	1859
1732	1862
1732	1880
1732	1899
1732	1902
1732	1943
1732	1945
1732	1980
1732	1987
1732	1995
1732	1998
1642	1750
1642	1752
1642	1769
1642	1795
1642	1875
1642	1876
1642	1971
1642	1997
1760	1769
1760	1776
1760	1867
1760	1872
1760	1880
1760	1965
1760	1979
1760	1987
1760	1993
1844	1895
1844	1915
1844	1922
1844	1924
1844	1936
1844	1967
1844	1974
