# Undirected graph (each unordered pair of nodes is saved once): output/networks/ScaleFree200removeRandom-85percent.txt
# Nodes: 300 Edges: 7953
# NodeId	NodeId
4	6
4	13
4	17
4	18
4	30
4	33
4	34
4	38
4	40
4	46
4	51
4	55
4	56
4	85
4	89
4	91
4	92
4	96
4	140
4	171
4	175
4	183
4	203
4	215
4	225
4	234
4	247
4	261
4	281
4	307
4	316
4	329
4	350
4	359
4	360
4	364
4	379
4	382
4	395
4	406
4	410
4	427
4	428
4	460
4	463
4	484
4	500
4	511
4	529
4	533
4	580
4	585
4	586
4	603
4	662
4	694
4	700
4	712
4	736
4	752
4	753
4	772
4	795
4	809
4	824
4	840
4	846
4	847
4	864
4	884
4	892
4	896
4	901
4	906
4	918
4	1007
4	1040
4	1056
4	1070
4	1071
4	1089
4	1110
4	1112
4	1162
4	1176
4	1242
4	1251
4	1256
4	1257
4	1290
4	1303
4	1355
4	1377
4	1404
4	1526
4	1545
4	1600
4	1605
4	1653
4	1693
4	1699
4	1726
4	1728
4	1740
4	1769
4	1775
4	1793
4	1838
4	1895
4	1896
4	1910
4	1913
4	1931
4	1935
4	1951
4	1961
4	1968
4	1986
6	13
6	17
6	18
6	30
6	33
6	34
6	38
6	40
6	46
6	51
6	55
6	56
6	85
6	89
6	91
6	92
6	96
6	140
6	171
6	175
6	183
6	203
6	215
6	225
6	234
6	247
6	261
6	270
6	273
6	277
6	278
6	280
6	316
6	329
6	344
6	354
6	360
6	372
6	374
6	382
6	395
6	410
6	424
6	428
6	445
6	452
6	453
6	455
6	460
6	463
6	476
6	486
6	494
6	497
6	499
6	511
6	513
6	518
6	529
6	565
6	586
6	603
6	613
6	645
6	694
6	739
6	749
6	752
6	753
6	768
6	798
6	805
6	829
6	840
6	846
6	847
6	870
6	884
6	894
6	921
6	937
6	938
6	940
6	956
6	981
6	995
6	1007
6	1041
6	1046
6	1098
6	1176
6	1189
6	1203
6	1256
6	1303
6	1316
6	1411
6	1458
6	1492
6	1536
6	1545
6	1566
6	1569
6	1665
6	1675
6	1691
6	1715
6	1755
6	1765
6	1775
6	1788
6	1805
6	1810
6	1832
6	1905
6	1910
6	1915
6	1919
6	1920
6	1946
13	17
13	18
13	30
13	33
13	34
13	38
13	40
13	46
13	51
13	55
13	56
13	85
13	89
13	91
13	92
13	96
13	140
13	171
13	175
13	183
13	203
13	215
13	225
13	234
13	247
13	270
13	273
13	277
13	278
13	280
13	281
13	307
13	316
13	329
13	350
13	364
13	382
13	395
13	418
13	424
13	445
13	446
13	452
13	455
13	456
13	460
13	484
13	486
13	497
13	505
13	518
13	529
13	533
13	565
13	570
13	586
13	591
13	613
13	644
13	662
13	700
13	702
13	736
13	753
13	757
13	768
13	776
13	794
13	795
13	800
13	805
13	811
13	866
13	888
13	898
13	921
13	937
13	940
13	1007
13	1023
13	1035
13	1041
13	1060
13	1071
13	1072
13	1102
13	1112
13	1189
13	1242
13	1244
13	1267
13	1303
13	1304
13	1327
13	1411
13	1414
13	1454
13	1458
13	1513
13	1621
13	1660
13	1666
13	1699
13	1750
13	1754
13	1788
13	1804
13	1805
13	1818
13	1832
13	1924
13	1935
13	1946
13	1959
13	1978
13	1985
13	1986
17	18
17	30
17	33
17	34
17	38
17	40
17	46
17	51
17	55
17	56
17	85
17	89
17	91
17	92
17	96
17	140
17	171
17	175
17	183
17	203
17	215
17	225
17	232
17	234
17	261
17	273
17	277
17	278
17	280
17	281
17	307
17	310
17	316
17	329
17	344
17	354
17	359
17	364
17	372
17	374
17	405
17	406
17	446
17	452
17	455
17	456
17	459
17	471
17	486
17	494
17	499
17	500
17	505
17	533
17	586
17	591
17	603
17	636
17	640
17	644
17	648
17	694
17	700
17	752
17	757
17	772
17	776
17	795
17	800
17	811
17	829
17	840
17	848
17	881
17	887
17	888
17	898
17	901
17	921
17	937
17	977
17	1023
17	1040
17	1071
17	1089
17	1112
17	1203
17	1244
17	1256
17	1257
17	1267
17	1310
17	1335
17	1356
17	1362
17	1377
17	1442
17	1492
17	1513
17	1600
17	1621
17	1699
17	1726
17	1740
17	1765
17	1788
17	1818
17	1871
17	1892
17	1896
17	1919
17	1959
17	1966
17	1968
17	1986
18	30
18	33
18	34
18	38
18	40
18	46
18	51
18	55
18	56
18	85
18	89
18	91
18	92
18	96
18	140
18	171
18	175
18	183
18	203
18	215
18	225
18	232
18	234
18	247
18	261
18	270
18	273
18	278
18	280
18	281
18	307
18	310
18	316
18	329
18	344
18	350
18	359
18	360
18	364
18	372
18	379
18	395
18	406
18	410
18	418
18	427
18	428
18	445
18	452
18	453
18	460
18	463
18	471
18	484
18	486
18	494
18	497
18	499
18	513
18	518
18	529
18	591
18	644
18	684
18	694
18	700
18	702
18	712
18	739
18	754
18	757
18	794
18	798
18	800
18	811
18	866
18	870
18	881
18	888
18	894
18	918
18	921
18	1046
18	1060
18	1070
18	1072
18	1089
18	1132
18	1242
18	1244
18	1256
18	1303
18	1310
18	1316
18	1356
18	1411
18	1545
18	1566
18	1569
18	1655
18	1660
18	1666
18	1693
18	1699
18	1754
18	1769
18	1793
18	1799
18	1818
18	1838
18	1851
18	1871
18	1875
18	1946
18	1948
18	1959
18	1961
18	1966
18	1968
30	33
30	34
30	38
30	40
30	46
30	51
30	55
30	56
30	85
30	89
30	91
30	92
30	96
30	140
30	171
30	175
30	183
30	203
30	215
30	225
30	232
30	234
30	247
30	261
30	270
30	273
30	280
30	281
30	316
30	329
30	354
30	360
30	372
30	395
30	405
30	406
30	427
30	445
30	452
30	455
30	459
30	460
30	484
30	494
30	499
30	518
30	580
30	603
30	620
30	644
30	684
30	712
30	736
30	749
30	752
30	753
30	754
30	757
30	762
30	768
30	776
30	794
30	805
30	824
30	846
30	866
30	870
30	884
30	888
30	894
30	898
30	906
30	918
30	935
30	938
30	940
30	956
30	981
30	986
30	989
30	1027
30	1040
30	1041
30	1054
30	1060
30	1089
30	1132
30	1162
30	1203
30	1303
30	1310
30	1316
30	1386
30	1404
30	1643
30	1666
30	1713
30	1765
30	1804
30	1810
30	1905
30	1931
30	1946
33	34
33	38
33	40
33	46
33	51
33	55
33	56
33	85
33	89
33	91
33	92
33	96
33	140
33	171
33	175
33	183
33	203
33	215
33	225
33	232
33	234
33	247
33	270
33	273
33	277
33	278
33	280
33	281
33	307
33	310
33	316
33	329
33	350
33	354
33	360
33	364
33	372
33	374
33	405
33	406
33	424
33	427
33	428
33	445
33	453
33	456
33	476
33	484
33	486
33	497
33	513
33	518
33	529
33	533
33	580
33	585
33	586
33	644
33	662
33	684
33	768
33	795
33	824
33	840
33	846
33	847
33	881
33	884
33	888
33	918
33	921
33	956
33	973
33	977
33	986
33	989
33	1023
33	1040
33	1046
33	1056
33	1060
33	1097
33	1098
33	1181
33	1189
33	1203
33	1240
33	1244
33	1256
33	1267
33	1290
33	1294
33	1377
33	1397
33	1458
33	1513
33	1548
33	1600
33	1644
33	1653
33	1703
33	1775
33	1788
33	1832
33	1851
33	1919
33	1951
33	1978
34	38
34	40
34	46
34	51
34	55
34	56
34	85
34	89
34	91
34	92
34	96
34	140
34	171
34	175
34	183
34	203
34	215
34	225
34	234
34	247
34	261
34	270
34	273
34	277
34	278
34	280
34	281
34	310
34	316
34	329
34	344
34	350
34	354
34	359
34	360
34	364
34	374
34	379
34	395
34	405
34	406
34	410
34	418
34	424
34	427
34	446
34	459
34	471
34	494
34	499
34	505
34	513
34	518
34	533
34	565
34	570
34	586
34	613
34	636
34	645
34	648
34	662
34	700
34	712
34	757
34	776
34	794
34	798
34	800
34	809
34	829
34	846
34	864
34	884
34	888
34	892
34	896
34	918
34	973
34	981
34	995
34	1007
34	1050
34	1056
34	1060
34	1071
34	1098
34	1181
34	1189
34	1203
34	1217
34	1244
34	1267
34	1290
34	1303
34	1310
34	1335
34	1362
34	1404
34	1411
34	1414
34	1474
34	1492
34	1513
34	1514
34	1616
34	1623
34	1631
34	1655
34	1678
34	1686
34	1713
34	1728
34	1750
34	1799
34	1805
34	1838
34	1851
34	1896
34	1900
34	1901
34	1915
34	1924
34	1931
34	1946
34	1966
34	1985
38	40
38	46
38	51
38	55
38	56
38	85
38	89
38	91
38	92
38	96
38	140
38	171
38	175
38	183
38	203
38	215
38	225
38	234
38	247
38	261
38	270
38	278
38	280
38	281
38	307
38	329
38	359
38	360
38	364
38	372
38	374
38	379
38	382
38	405
38	406
38	410
38	418
38	445
38	446
38	452
38	453
38	455
38	456
38	459
38	471
38	476
38	484
38	486
38	499
38	500
38	505
38	511
38	529
38	565
38	570
38	585
38	591
38	620
38	648
38	684
38	700
38	736
38	754
38	757
38	794
38	798
38	829
38	840
38	846
38	848
38	881
38	884
38	888
38	889
38	892
38	894
38	898
38	921
38	935
38	937
38	938
38	1027
38	1041
38	1054
38	1070
38	1072
38	1089
38	1102
38	1112
38	1251
38	1290
38	1308
38	1310
38	1377
38	1412
38	1414
38	1492
38	1514
38	1536
38	1547
38	1548
38	1582
38	1621
38	1665
38	1666
38	1675
38	1686
38	1769
38	1788
38	1805
38	1895
38	1910
38	1931
38	1951
38	1959
38	1966
38	1985
40	46
40	51
40	55
40	56
40	85
40	89
40	91
40	92
40	96
40	140
40	171
40	175
40	183
40	203
40	215
40	225
40	232
40	234
40	247
40	270
40	273
40	277
40	280
40	307
40	329
40	360
40	374
40	379
40	382
40	395
40	406
40	410
40	424
40	445
40	452
40	453
40	455
40	456
40	460
40	476
40	484
40	486
40	494
40	497
40	500
40	511
40	529
40	580
40	613
40	620
40	636
40	640
40	644
40	648
40	662
40	684
40	702
40	739
40	749
40	753
40	754
40	762
40	776
40	794
40	798
40	824
40	848
40	864
40	881
40	889
40	906
40	921
40	940
40	956
40	1027
40	1050
40	1056
40	1060
40	1071
40	1072
40	1102
40	1203
40	1290
40	1411
40	1414
40	1442
40	1513
40	1536
40	1548
40	1558
40	1616
40	1641
40	1644
40	1666
40	1691
40	1728
40	1810
40	1832
40	1851
40	1855
40	1890
40	1913
40	1948
40	1978
46	51
46	55
46	56
46	85
46	89
46	91
46	92
46	96
46	140
46	171
46	175
46	183
46	203
46	215
46	232
46	234
46	247
46	261
46	278
46	280
46	281
46	316
46	329
46	350
46	354
46	359
46	374
46	382
46	406
46	410
46	418
46	428
46	445
46	446
46	453
46	459
46	463
46	476
46	486
46	494
46	497
46	511
46	518
46	533
46	565
46	570
46	580
46	585
46	603
46	613
46	620
46	636
46	640
46	644
46	648
46	694
46	700
46	749
46	752
46	753
46	768
46	772
46	776
46	794
46	795
46	805
46	887
46	892
46	896
46	901
46	921
46	940
46	956
46	977
46	981
46	986
46	1035
46	1085
46	1097
46	1102
46	1112
46	1162
46	1203
46	1251
46	1256
46	1356
46	1404
46	1412
46	1558
46	1605
46	1623
46	1653
46	1666
46	1686
46	1715
46	1726
46	1750
46	1769
46	1775
46	1788
46	1910
46	1919
46	1996
51	55
51	56
51	85
51	89
51	91
51	92
51	96
51	140
51	171
51	175
51	183
51	203
51	215
51	225
51	232
51	234
51	261
51	270
51	277
51	278
51	281
51	310
51	329
51	344
51	350
51	354
51	359
51	360
51	364
51	372
51	379
51	382
51	395
51	405
51	406
51	418
51	424
51	428
51	445
51	446
51	452
51	453
51	455
51	463
51	471
51	484
51	486
51	494
51	500
51	505
51	529
51	580
51	586
51	613
51	644
51	739
51	749
51	762
51	805
51	811
51	829
51	840
51	896
51	898
51	937
51	940
51	955
51	973
51	986
51	989
51	1027
51	1050
51	1054
51	1072
51	1256
51	1290
51	1303
51	1304
51	1355
51	1356
51	1377
51	1396
51	1414
51	1442
51	1514
51	1526
51	1582
51	1641
51	1643
51	1653
51	1660
51	1666
51	1691
51	1703
51	1728
51	1740
51	1754
51	1810
51	1816
51	1855
51	1900
51	1915
51	1986
51	1996
55	56
55	85
55	89
55	91
55	92
55	96
55	140
55	171
55	175
55	183
55	203
55	215
55	225
55	232
55	234
55	247
55	261
55	270
55	278
55	280
55	281
55	310
55	316
55	350
55	354
55	359
55	379
55	395
55	410
55	418
55	424
55	427
55	445
55	446
55	452
55	460
55	463
55	476
55	484
55	486
55	529
55	580
55	585
55	586
55	591
55	645
55	662
55	694
55	702
55	736
55	749
55	754
55	768
55	800
55	864
55	889
55	892
55	894
55	935
55	940
55	989
55	1007
55	1027
55	1028
55	1054
55	1056
55	1072
55	1085
55	1162
55	1244
55	1303
55	1304
55	1362
55	1474
55	1526
55	1536
55	1547
55	1643
55	1655
55	1665
55	1666
55	1726
55	1728
55	1754
55	1793
55	1844
55	1890
55	1892
55	1896
55	1900
55	1905
55	1910
55	1913
55	1966
55	1986
55	1996
56	85
56	89
56	91
56	92
56	96
56	140
56	171
56	175
56	183
56	203
56	225
56	232
56	247
56	261
56	270
56	277
56	281
56	307
56	310
56	329
56	354
56	360
56	364
56	374
56	379
56	382
56	405
56	418
56	424
56	427
56	446
56	452
56	455
56	456
56	463
56	486
56	497
56	499
56	529
56	570
56	640
56	645
56	712
56	736
56	739
56	749
56	752
56	754
56	762
56	772
56	776
56	794
56	795
56	798
56	809
56	840
56	846
56	848
56	881
56	890
56	918
56	940
56	955
56	956
56	989
56	1041
56	1050
56	1054
56	1056
56	1098
56	1112
56	1162
56	1181
56	1203
56	1217
56	1256
56	1290
56	1355
56	1386
56	1396
56	1397
56	1404
56	1411
56	1414
56	1513
56	1526
56	1545
56	1558
56	1569
56	1621
56	1644
56	1653
56	1715
56	1728
56	1750
56	1755
56	1799
56	1810
56	1851
56	1871
56	1895
56	1910
56	1966
85	89
85	91
85	92
85	96
85	140
85	171
85	175
85	183
85	203
85	215
85	225
85	232
85	234
85	247
85	270
85	278
85	280
85	281
85	307
85	310
85	316
85	329
85	350
85	359
85	360
85	374
85	395
85	406
85	410
85	418
85	424
85	428
85	445
85	452
85	456
85	463
85	471
85	476
85	486
85	497
85	499
85	511
85	513
85	518
85	570
85	591
85	603
85	640
85	648
85	684
85	700
85	702
85	736
85	749
85	752
85	754
85	768
85	800
85	846
85	889
85	890
85	898
85	906
85	921
85	940
85	977
85	986
85	1007
85	1028
85	1056
85	1070
85	1071
85	1085
85	1097
85	1110
85	1132
85	1156
85	1181
85	1217
85	1304
85	1310
85	1355
85	1356
85	1377
85	1454
85	1536
85	1545
85	1582
85	1728
85	1765
85	1805
85	1832
85	1838
85	1855
85	1875
85	1910
85	1924
85	1959
85	1961
85	1978
89	91
89	92
89	96
89	140
89	171
89	175
89	183
89	203
89	225
89	232
89	234
89	261
89	270
89	277
89	278
89	307
89	344
89	350
89	354
89	359
89	360
89	364
89	372
89	395
89	405
89	406
89	410
89	424
89	427
89	459
89	460
89	463
89	484
89	486
89	497
89	499
89	500
89	511
89	513
89	518
89	529
89	533
89	580
89	585
89	586
89	620
89	644
89	684
89	736
89	772
89	794
89	805
89	809
89	811
89	840
89	846
89	847
89	864
89	870
89	887
89	892
89	894
89	896
89	898
89	901
89	937
89	940
89	989
89	1035
89	1046
89	1070
89	1110
89	1156
89	1203
89	1251
89	1256
89	1267
89	1304
89	1362
89	1492
89	1513
89	1558
89	1641
89	1643
89	1644
89	1686
89	1703
89	1750
89	1769
89	1775
89	1793
89	1838
89	1875
89	1901
89	1915
89	1920
89	1951
89	1961
89	1986
91	92
91	96
91	140
91	171
91	175
91	183
91	203
91	215
91	225
91	232
91	234
91	247
91	261
91	270
91	277
91	278
91	280
91	281
91	307
91	310
91	316
91	329
91	344
91	354
91	360
91	364
91	374
91	379
91	382
91	406
91	418
91	424
91	427
91	445
91	455
91	456
91	459
91	460
91	463
91	471
91	476
91	494
91	497
91	500
91	580
91	585
91	603
91	620
91	636
91	640
91	645
91	662
91	684
91	694
91	752
91	753
91	768
91	772
91	776
91	795
91	800
91	805
91	846
91	847
91	884
91	892
91	894
91	896
91	973
91	989
91	995
91	1027
91	1028
91	1035
91	1040
91	1046
91	1056
91	1072
91	1110
91	1162
91	1176
91	1203
91	1217
91	1242
91	1251
91	1256
91	1294
91	1377
91	1397
91	1404
91	1412
91	1414
91	1442
91	1454
91	1474
91	1526
91	1545
91	1548
91	1569
91	1653
91	1655
91	1665
91	1666
91	1769
91	1799
91	1838
91	1890
91	1896
91	1900
91	1901
91	1913
91	1931
91	1935
91	1951
91	1966
91	1986
92	96
92	140
92	171
92	175
92	183
92	203
92	225
92	232
92	234
92	247
92	261
92	270
92	273
92	277
92	280
92	307
92	310
92	316
92	350
92	354
92	359
92	364
92	372
92	374
92	379
92	382
92	406
92	418
92	424
92	428
92	445
92	446
92	452
92	456
92	459
92	460
92	471
92	476
92	484
92	494
92	499
92	505
92	511
92	513
92	529
92	533
92	570
92	640
92	645
92	694
92	736
92	749
92	753
92	762
92	768
92	795
92	809
92	811
92	824
92	840
92	847
92	866
92	888
92	896
92	901
92	906
92	918
92	940
92	973
92	1007
92	1023
92	1027
92	1071
92	1089
92	1102
92	1132
92	1162
92	1242
92	1257
92	1267
92	1290
92	1303
92	1310
92	1327
92	1377
92	1396
92	1442
92	1454
92	1458
92	1526
92	1536
92	1547
92	1623
92	1655
92	1665
92	1675
92	1693
92	1765
92	1788
92	1816
92	1818
92	1844
92	1851
92	1871
92	1896
92	1901
92	1910
92	1915
92	1935
92	1948
92	1951
92	1996
96	140
96	171
96	175
96	183
96	215
96	234
96	270
96	273
96	278
96	280
96	307
96	310
96	316
96	329
96	344
96	354
96	359
96	374
96	379
96	382
96	395
96	405
96	418
96	427
96	428
96	452
96	459
96	471
96	484
96	494
96	500
96	518
96	533
96	565
96	570
96	580
96	585
96	636
96	640
96	648
96	694
96	700
96	736
96	739
96	749
96	754
96	768
96	772
96	776
96	805
96	811
96	840
96	848
96	892
96	938
96	955
96	977
96	989
96	1040
96	1054
96	1056
96	1085
96	1098
96	1112
96	1132
96	1156
96	1162
96	1176
96	1203
96	1242
96	1251
96	1294
96	1308
96	1316
96	1412
96	1414
96	1492
96	1514
96	1558
96	1582
96	1600
96	1621
96	1686
96	1703
96	1754
96	1765
96	1769
96	1788
96	1799
96	1816
96	1818
96	1890
96	1895
96	1910
96	1915
96	1946
96	1961
140	171
140	175
140	183
140	203
140	215
140	225
140	232
140	247
140	261
140	270
140	280
140	281
140	307
140	310
140	316
140	354
140	360
140	364
140	382
140	405
140	410
140	428
140	446
140	456
140	460
140	499
140	500
140	518
140	529
140	565
140	570
140	580
140	585
140	586
140	591
140	613
140	636
140	644
140	662
140	684
140	702
140	712
140	752
140	757
140	768
140	795
140	840
140	847
140	848
140	881
140	884
140	887
140	889
140	892
140	896
140	935
140	973
140	981
140	1023
140	1027
140	1041
140	1060
140	1071
140	1089
140	1112
140	1132
140	1156
140	1162
140	1240
140	1244
140	1251
140	1267
140	1294
140	1308
140	1396
140	1474
140	1513
140	1569
140	1582
140	1665
140	1666
140	1693
140	1726
140	1740
140	1799
140	1804
140	1805
140	1810
140	1832
140	1844
140	1855
140	1875
140	1901
140	1919
140	1986
171	175
171	183
171	203
171	215
171	225
171	232
171	234
171	247
171	273
171	277
171	278
171	281
171	329
171	344
171	350
171	359
171	360
171	364
171	374
171	379
171	405
171	406
171	410
171	424
171	427
171	428
171	445
171	446
171	452
171	455
171	459
171	463
171	500
171	511
171	513
171	529
171	570
171	580
171	586
171	591
171	620
171	636
171	644
171	662
171	684
171	694
171	700
171	736
171	753
171	757
171	776
171	805
171	809
171	829
171	840
171	847
171	887
171	888
171	890
171	937
171	938
171	940
171	973
171	977
171	1027
171	1035
171	1040
171	1046
171	1056
171	1060
171	1070
171	1110
171	1156
171	1267
171	1294
171	1304
171	1310
171	1316
171	1335
171	1397
171	1404
171	1458
171	1545
171	1547
171	1566
171	1600
171	1713
171	1740
171	1755
171	1765
171	1775
171	1799
171	1810
171	1832
171	1838
171	1851
171	1892
171	1913
171	1915
171	1924
171	1935
171	1946
171	1948
171	1966
171	1985
171	1986
171	1996
175	183
175	203
175	215
175	225
175	232
175	247
175	270
175	273
175	278
175	281
175	307
175	310
175	316
175	329
175	344
175	350
175	354
175	359
175	360
175	364
175	372
175	382
175	395
175	405
175	410
175	428
175	452
175	455
175	463
175	476
175	484
175	486
175	494
175	497
175	499
175	500
175	505
175	513
175	518
175	565
175	585
175	591
175	613
175	620
175	640
175	644
175	662
175	684
175	700
175	749
175	753
175	757
175	776
175	798
175	800
175	811
175	824
175	846
175	847
175	848
175	864
175	866
175	870
175	884
175	890
175	892
175	896
175	898
175	906
175	921
175	940
175	956
175	973
175	995
175	1023
175	1027
175	1089
175	1097
175	1098
175	1110
175	1112
175	1156
175	1189
175	1217
175	1267
175	1290
175	1304
175	1327
175	1362
175	1397
175	1442
175	1454
175	1547
175	1605
175	1621
175	1644
175	1678
175	1686
175	1713
175	1755
175	1793
175	1818
175	1892
175	1905
175	1913
175	1931
175	1961
183	203
183	215
183	225
183	232
183	234
183	247
183	270
183	273
183	278
183	280
183	281
183	310
183	316
183	354
183	359
183	360
183	364
183	382
183	395
183	406
183	424
183	427
183	445
183	453
183	471
183	499
183	500
183	518
183	529
183	580
183	585
183	586
183	591
183	603
183	636
183	645
183	662
183	694
183	736
183	749
183	752
183	753
183	754
183	794
183	798
183	805
183	824
183	829
183	866
183	887
183	888
183	901
183	937
183	938
183	977
183	981
183	986
183	1040
183	1046
183	1050
183	1060
183	1110
183	1162
183	1217
183	1256
183	1290
183	1356
183	1404
183	1411
183	1412
183	1454
183	1536
183	1566
183	1605
183	1623
183	1655
183	1699
183	1726
183	1765
183	1788
183	1805
183	1832
183	1844
183	1851
183	1875
183	1910
183	1946
183	1968
183	1996
203	215
203	225
203	232
203	234
203	247
203	270
203	273
203	277
203	278
203	280
203	281
203	310
203	316
203	350
203	354
203	364
203	372
203	374
203	379
203	382
203	395
203	405
203	410
203	427
203	452
203	453
203	455
203	460
203	463
203	494
203	511
203	513
203	529
203	533
203	586
203	620
203	636
203	640
203	645
203	662
203	684
203	702
203	712
203	736
203	768
203	798
203	870
203	884
203	888
203	956
203	973
203	977
203	995
203	1041
203	1060
203	1071
203	1102
203	1110
203	1112
203	1156
203	1176
203	1242
203	1251
203	1257
203	1267
203	1303
203	1308
203	1377
203	1386
203	1442
203	1458
203	1558
203	1653
203	1660
203	1665
203	1715
203	1788
203	1810
203	1838
203	1905
203	1920
203	1986
215	225
215	234
215	247
215	261
215	270
215	277
215	280
215	310
215	316
215	344
215	360
215	364
215	372
215	374
215	379
215	382
215	406
215	424
215	427
215	428
215	445
215	452
215	456
215	463
215	471
215	476
215	486
215	494
215	505
215	518
215	529
215	586
215	613
215	640
215	648
215	712
215	736
215	752
215	753
215	754
215	768
215	772
215	776
215	794
215	824
215	840
215	846
215	848
215	866
215	888
215	894
215	898
215	901
215	906
215	937
215	938
215	955
215	977
215	986
215	1028
215	1089
215	1098
215	1112
215	1156
215	1162
215	1176
215	1189
215	1203
215	1251
215	1257
215	1304
215	1310
215	1386
215	1412
215	1474
215	1536
215	1665
215	1666
215	1678
215	1693
215	1713
215	1715
215	1750
215	1810
215	1895
215	1915
215	1920
215	1924
215	1935
215	1951
215	1961
225	232
225	247
225	261
225	270
225	273
225	277
225	278
225	280
225	281
225	307
225	310
225	316
225	344
225	360
225	364
225	372
225	374
225	379
225	382
225	395
225	406
225	418
225	428
225	445
225	452
225	453
225	455
225	459
225	460
225	463
225	471
225	476
225	497
225	500
225	505
225	511
225	518
225	529
225	580
225	591
225	636
225	644
225	648
225	702
225	753
225	762
225	772
225	776
225	794
225	798
225	800
225	809
225	846
225	870
225	888
225	890
225	892
225	918
225	921
225	940
225	956
225	989
225	1023
225	1028
225	1041
225	1050
225	1056
225	1070
225	1097
225	1267
225	1308
225	1316
225	1327
225	1356
225	1386
225	1396
225	1404
225	1411
225	1545
225	1605
225	1631
225	1643
225	1655
225	1666
225	1678
225	1693
225	1728
225	1754
225	1755
225	1788
225	1793
225	1799
225	1851
225	1896
225	1905
225	1919
225	1924
225	1968
232	234
232	261
232	273
232	277
232	278
232	280
232	281
232	307
232	310
232	316
232	329
232	344
232	354
232	359
232	372
232	374
232	379
232	382
232	395
232	405
232	410
232	418
232	424
232	428
232	446
232	455
232	459
232	484
232	486
232	494
232	497
232	499
232	505
232	648
232	662
232	684
232	694
232	702
232	736
232	752
232	754
232	757
232	768
232	776
232	794
232	800
232	809
232	824
232	840
232	846
232	864
232	884
232	889
232	901
232	937
232	940
232	956
232	977
232	986
232	995
232	1023
232	1056
232	1097
232	1189
232	1203
232	1267
232	1303
232	1377
232	1454
232	1513
232	1514
232	1600
232	1621
232	1623
232	1643
232	1653
232	1675
232	1678
232	1703
232	1726
232	1728
232	1765
232	1805
232	1851
232	1855
232	1895
232	1913
232	1946
234	247
234	261
234	270
234	273
234	277
234	278
234	280
234	281
234	307
234	310
234	316
234	329
234	350
234	354
234	360
234	374
234	382
234	405
234	410
234	427
234	428
234	452
234	455
234	460
234	463
234	476
234	497
234	513
234	533
234	591
234	644
234	645
234	648
234	684
234	700
234	736
234	739
234	762
234	768
234	772
234	794
234	795
234	829
234	846
234	847
234	866
234	888
234	889
234	896
234	955
234	956
234	995
234	1023
234	1040
234	1181
234	1244
234	1267
234	1304
234	1316
234	1404
234	1411
234	1458
234	1514
234	1526
234	1545
234	1600
234	1616
234	1631
234	1699
234	1715
234	1728
234	1799
234	1871
234	1875
234	1890
234	1910
234	1996
247	261
247	270
247	280
247	281
247	307
247	310
247	359
247	360
247	379
247	382
247	406
247	410
247	427
247	428
247	445
247	446
247	453
247	456
247	459
247	484
247	497
247	499
247	511
247	518
247	533
247	570
247	585
247	586
247	603
247	613
247	636
247	645
247	662
247	712
247	736
247	749
247	772
247	824
247	846
247	848
247	870
247	894
247	896
247	935
247	937
247	938
247	973
247	977
247	981
247	1007
247	1028
247	1041
247	1056
247	1070
247	1072
247	1097
247	1156
247	1181
247	1189
247	1203
247	1217
247	1251
247	1294
247	1304
247	1356
247	1362
247	1397
247	1600
247	1678
247	1686
247	1769
247	1851
247	1895
247	1919
247	1924
247	1946
247	1948
247	1959
261	270
261	273
261	277
261	278
261	310
261	344
261	359
261	364
261	372
261	374
261	410
261	427
261	459
261	460
261	471
261	484
261	486
261	533
261	565
261	640
261	648
261	662
261	702
261	739
261	752
261	757
261	794
261	795
261	798
261	846
261	864
261	866
261	870
261	881
261	888
261	889
261	898
261	940
261	986
261	995
261	1035
261	1085
261	1089
261	1110
261	1112
261	1162
261	1189
261	1203
261	1267
261	1294
261	1303
261	1335
261	1362
261	1386
261	1412
261	1414
261	1458
261	1513
261	1514
261	1558
261	1569
261	1631
261	1691
261	1740
261	1754
261	1793
261	1810
261	1851
261	1890
261	1892
261	1896
261	1900
261	1935
261	1968
270	273
270	278
270	280
270	307
270	310
270	316
270	350
270	354
270	372
270	374
270	379
270	395
270	405
270	410
270	428
270	445
270	446
270	456
270	471
270	484
270	486
270	511
270	570
270	586
270	613
270	636
270	640
270	648
270	684
270	694
270	736
270	754
270	800
270	846
270	887
270	901
270	918
270	989
270	1028
270	1046
270	1085
270	1098
270	1181
270	1257
270	1267
270	1294
270	1412
270	1458
270	1492
270	1526
270	1566
270	1569
270	1643
270	1644
270	1655
270	1715
270	1726
270	1769
270	1816
270	1832
270	1871
270	1935
270	1961
270	1986
273	278
273	280
273	281
273	307
273	310
273	316
273	329
273	350
273	354
273	364
273	374
273	382
273	406
273	418
273	424
273	427
273	445
273	446
273	453
273	456
273	460
273	471
273	484
273	499
273	500
273	505
273	529
273	570
273	580
273	585
273	662
273	700
273	712
273	776
273	794
273	811
273	870
273	887
273	889
273	890
273	894
273	940
273	995
273	1070
273	1085
273	1089
273	1098
273	1102
273	1162
273	1176
273	1189
273	1203
273	1217
273	1267
273	1304
273	1396
273	1404
273	1411
273	1600
273	1621
273	1623
273	1641
273	1678
273	1750
273	1755
273	1765
273	1805
273	1816
273	1818
273	1851
273	1895
273	1900
273	1924
273	1931
273	1978
281	307
281	316
281	344
281	350
281	359
281	405
281	428
281	455
281	456
281	459
281	476
281	484
281	500
281	533
281	565
281	580
281	644
281	645
281	684
281	694
281	700
281	752
281	753
281	757
281	805
281	811
281	846
281	847
281	848
281	881
281	884
281	887
281	894
281	901
281	906
281	921
281	938
281	955
281	977
281	1023
281	1028
281	1035
281	1050
281	1102
281	1132
281	1181
281	1217
281	1244
281	1256
281	1267
281	1294
281	1304
281	1335
281	1355
281	1377
281	1386
281	1397
281	1414
281	1558
281	1569
281	1605
281	1616
281	1641
281	1644
281	1693
281	1713
281	1728
281	1754
281	1788
281	1875
281	1892
281	1910
281	1913
281	1946
281	1948
281	1951
281	1961
281	1968
307	316
307	344
307	359
307	360
307	374
307	379
307	382
307	395
307	405
307	452
307	453
307	456
307	459
307	471
307	484
307	486
307	500
307	518
307	529
307	580
307	585
307	636
307	640
307	645
307	648
307	662
307	712
307	752
307	757
307	798
307	800
307	848
307	866
307	870
307	881
307	890
307	981
307	989
307	1054
307	1060
307	1070
307	1110
307	1112
307	1217
307	1267
307	1290
307	1308
307	1327
307	1355
307	1414
307	1458
307	1536
307	1558
307	1600
307	1623
307	1660
307	1665
307	1666
307	1691
307	1715
307	1726
307	1728
307	1750
307	1754
307	1765
307	1769
307	1788
307	1838
307	1844
307	1892
307	1966
307	1968
310	354
310	359
310	360
310	374
310	382
310	395
310	406
310	410
310	424
310	428
310	445
310	446
310	459
310	460
310	476
310	494
310	497
310	505
310	511
310	580
310	585
310	586
310	620
310	644
310	645
310	702
310	739
310	754
310	757
310	794
310	864
310	866
310	884
310	887
310	889
310	894
310	921
310	935
310	977
310	981
310	986
310	1040
310	1056
310	1089
310	1097
310	1102
310	1110
310	1244
310	1251
310	1303
310	1310
310	1377
310	1411
310	1442
310	1474
310	1526
310	1536
310	1621
310	1623
310	1631
310	1686
310	1693
310	1816
310	1871
310	1901
310	1905
310	1948
310	1966
316	350
316	354
316	359
316	372
316	374
316	382
316	395
316	405
316	410
316	418
316	424
316	446
316	453
316	455
316	456
316	463
316	499
316	580
316	586
316	636
316	645
316	648
316	712
316	749
316	757
316	772
316	811
316	824
316	846
316	864
316	866
316	888
316	890
316	896
316	901
316	935
316	1041
316	1056
316	1060
316	1071
316	1085
316	1098
316	1102
316	1181
316	1203
316	1257
316	1294
316	1335
316	1362
316	1396
316	1404
316	1454
316	1600
316	1616
316	1691
316	1726
316	1740
316	1788
316	1855
316	1892
316	1913
316	1924
316	1961
316	1986
316	1996
329	350
329	354
329	372
329	382
329	406
329	424
329	427
329	452
329	453
329	455
329	456
329	463
329	471
329	486
329	494
329	497
329	533
329	565
329	580
329	636
329	648
329	694
329	702
329	736
329	739
329	749
329	752
329	754
329	762
329	798
329	805
329	829
329	840
329	884
329	888
329	892
329	894
329	896
329	898
329	901
329	938
329	981
329	995
329	1027
329	1028
329	1040
329	1041
329	1054
329	1056
329	1060
329	1070
329	1181
329	1217
329	1244
329	1257
329	1294
329	1308
329	1414
329	1492
329	1536
329	1548
329	1558
329	1569
329	1623
329	1643
329	1678
329	1691
329	1693
329	1699
329	1726
329	1740
329	1754
329	1755
329	1818
329	1832
329	1844
329	1855
329	1871
329	1913
329	1919
329	1959
329	1986
344	350
344	354
344	364
344	372
344	374
344	410
344	455
344	518
344	533
344	591
344	603
344	684
344	694
344	752
344	753
344	754
344	772
344	776
344	795
344	800
344	805
344	809
344	847
344	870
344	901
344	935
344	956
344	989
344	995
344	1050
344	1070
344	1112
344	1203
344	1256
344	1303
344	1386
344	1513
344	1526
344	1569
344	1582
344	1703
344	1728
344	1844
344	1892
344	1901
344	1905
344	1966
344	1978
359	372
359	374
359	379
359	395
359	405
359	410
359	446
359	452
359	453
359	456
359	459
359	471
359	499
359	511
359	586
359	620
359	644
359	648
359	694
359	739
359	749
359	752
359	768
359	776
359	795
359	809
359	829
359	848
359	896
359	898
359	901
359	906
359	918
359	921
359	955
359	989
359	1040
359	1041
359	1046
359	1056
359	1060
359	1070
359	1089
359	1097
359	1132
359	1181
359	1242
359	1304
359	1386
359	1396
359	1397
359	1412
359	1442
359	1514
359	1547
359	1548
359	1558
359	1641
359	1678
359	1686
359	1699
359	1715
359	1818
359	1851
359	1875
360	364
360	372
360	379
360	382
360	424
360	427
360	446
360	463
360	476
360	497
360	518
360	565
360	591
360	620
360	636
360	640
360	644
360	645
360	684
360	712
360	753
360	768
360	772
360	776
360	795
360	798
360	805
360	824
360	840
360	870
360	881
360	884
360	892
360	894
360	896
360	935
360	940
360	956
360	981
360	1046
360	1071
360	1102
360	1176
360	1217
360	1242
360	1244
360	1256
360	1290
360	1362
360	1396
360	1412
360	1454
360	1616
360	1631
360	1641
360	1655
360	1660
360	1665
360	1693
360	1726
360	1740
360	1769
360	1799
360	1810
360	1855
360	1896
360	1910
360	1915
360	1948
360	1961
360	1968
379	405
379	406
379	428
379	445
379	455
379	456
379	460
379	463
379	484
379	494
379	533
379	565
379	586
379	739
379	840
379	848
379	881
379	887
379	901
379	918
379	995
379	1007
379	1027
379	1035
379	1050
379	1071
379	1156
379	1251
379	1257
379	1294
379	1327
379	1356
379	1396
379	1566
379	1644
379	1653
379	1699
379	1935
379	1951
405	424
405	428
405	455
405	459
405	494
405	511
405	580
405	620
405	684
405	694
405	700
405	712
405	736
405	753
405	762
405	809
405	847
405	894
405	938
405	973
405	977
405	981
405	995
405	1097
405	1110
405	1156
405	1217
405	1242
405	1294
405	1454
405	1474
405	1536
405	1660
405	1775
405	1793
405	1810
405	1855
405	1901
405	1919
405	1920
405	1931
405	1946
405	1985
410	424
410	446
410	456
410	459
410	460
410	463
410	471
410	476
410	484
410	513
410	591
410	613
410	794
410	795
410	805
410	848
410	881
410	887
410	892
410	894
410	896
410	956
410	977
410	989
410	1007
410	1035
410	1054
410	1070
410	1072
410	1112
410	1162
410	1189
410	1303
410	1386
410	1605
410	1616
410	1621
410	1675
410	1678
410	1699
410	1703
410	1715
410	1726
410	1740
410	1750
410	1788
410	1793
410	1818
410	1832
410	1892
410	1895
410	1931
410	1948
410	1951
410	1959
410	1961
428	453
428	505
428	513
428	570
428	580
428	620
428	644
428	648
428	712
428	736
428	753
428	811
428	840
428	846
428	887
428	889
428	918
428	935
428	973
428	981
428	986
428	1071
428	1176
428	1240
428	1377
428	1396
428	1442
428	1623
428	1655
428	1665
428	1666
428	1740
428	1750
428	1765
428	1769
428	1805
428	1875
428	1905
428	1913
445	453
445	455
445	463
445	484
445	486
445	499
445	500
445	529
445	570
445	640
445	645
445	702
445	739
445	753
445	884
445	918
445	986
445	989
445	1041
445	1316
445	1396
445	1442
445	1653
445	1675
445	1715
445	1750
445	1769
445	1793
445	1805
445	1996
452	453
452	476
452	499
452	500
452	511
452	533
452	580
452	585
452	662
452	684
452	700
452	739
452	754
452	768
452	798
452	811
452	881
452	887
452	888
452	921
452	935
452	1040
452	1085
452	1102
452	1110
452	1294
452	1304
452	1310
452	1316
452	1327
452	1335
452	1355
452	1356
452	1414
452	1600
452	1605
452	1691
452	1693
452	1832
452	1931
452	1946
452	1966
452	1978
455	456
455	463
455	476
455	513
455	533
455	580
455	586
455	640
455	768
455	772
455	776
455	829
455	888
455	898
455	906
455	935
455	940
455	981
455	1070
455	1071
455	1072
455	1085
455	1132
455	1176
455	1203
455	1396
455	1474
455	1536
455	1623
455	1713
455	1765
455	1924
459	460
459	484
459	500
459	511
459	565
459	570
459	591
459	603
459	640
459	645
459	754
459	762
459	768
459	776
459	829
459	847
459	870
459	890
459	892
459	935
459	973
459	995
459	1035
459	1046
459	1056
459	1097
459	1156
459	1242
459	1290
459	1294
459	1327
459	1377
459	1412
459	1514
459	1582
459	1623
459	1655
459	1775
459	1799
459	1844
459	1892
459	1901
459	1913
459	1978
463	476
463	494
463	513
463	518
463	533
463	636
463	648
463	702
463	757
463	762
463	798
463	809
463	847
463	866
463	884
463	887
463	935
463	940
463	986
463	1070
463	1071
463	1097
463	1203
463	1257
463	1304
463	1404
463	1412
463	1454
463	1474
463	1545
463	1600
463	1643
463	1660
463	1693
463	1726
463	1754
463	1775
463	1793
463	1816
463	1901
463	1920
463	1951
484	497
484	511
484	513
484	529
484	533
484	585
484	603
484	702
484	736
484	753
484	754
484	762
484	768
484	795
484	800
484	846
484	848
484	892
484	906
484	918
484	935
484	938
484	955
484	1027
484	1028
484	1071
484	1072
484	1089
484	1097
484	1102
484	1189
484	1251
484	1303
484	1356
484	1377
484	1566
484	1631
484	1653
484	1655
484	1675
484	1699
484	1703
484	1755
484	1892
484	1905
484	1924
484	1948
484	1966
484	1986
486	494
486	497
486	511
486	565
486	585
486	586
486	591
486	603
486	620
486	662
486	749
486	752
486	768
486	795
486	847
486	870
486	889
486	896
486	921
486	935
486	937
486	981
486	1217
486	1251
486	1256
486	1492
486	1514
486	1526
486	1665
486	1691
486	1740
486	1769
486	1855
494	497
494	518
494	613
494	640
494	644
494	712
494	757
494	798
494	805
494	809
494	888
494	892
494	898
494	973
494	977
494	1035
494	1070
494	1071
494	1098
494	1132
494	1294
494	1397
494	1404
494	1558
494	1641
494	1691
494	1788
494	1793
494	1838
494	1871
494	1915
494	1924
494	1951
494	1996
497	499
497	500
497	505
497	511
497	533
497	565
497	603
497	648
497	739
497	749
497	772
497	805
497	847
497	870
497	918
497	938
497	940
497	989
497	1007
497	1027
497	1054
497	1060
497	1097
497	1156
497	1217
497	1240
497	1327
497	1377
497	1454
497	1474
497	1547
497	1621
497	1678
497	1818
497	1855
497	1910
497	1935
497	1946
497	1978
497	1985
505	511
505	513
505	518
505	533
505	570
505	591
505	700
505	712
505	757
505	776
505	794
505	805
505	811
505	884
505	887
505	894
505	906
505	921
505	937
505	1041
505	1046
505	1054
505	1060
505	1072
505	1085
505	1097
505	1181
505	1203
505	1240
505	1242
505	1244
505	1256
505	1458
505	1545
505	1643
505	1666
505	1693
505	1755
505	1875
505	1890
505	1935
505	1951
505	1968
511	513
511	518
511	570
511	644
511	645
511	684
511	754
511	768
511	805
511	809
511	811
511	847
511	889
511	890
511	901
511	938
511	973
511	1007
511	1102
511	1110
511	1156
511	1217
511	1355
511	1404
511	1414
511	1458
511	1526
511	1558
511	1566
511	1582
511	1653
511	1666
511	1675
511	1754
511	1855
511	1948
511	1959
511	1986
518	529
518	585
518	644
518	648
518	712
518	752
518	794
518	800
518	824
518	956
518	1060
518	1244
518	1294
518	1303
518	1616
518	1750
518	1755
518	1832
518	1896
518	1901
518	1959
529	585
529	636
529	645
529	749
529	757
529	762
529	772
529	795
529	805
529	829
529	846
529	864
529	870
529	884
529	896
529	921
529	937
529	1007
529	1027
529	1050
529	1056
529	1071
529	1097
529	1102
529	1176
529	1189
529	1251
529	1257
529	1304
529	1327
529	1411
529	1414
529	1536
529	1547
529	1621
529	1715
529	1726
529	1832
529	1855
529	1910
529	1913
529	1946
533	570
533	586
533	591
533	736
533	752
533	794
533	798
533	800
533	840
533	847
533	864
533	889
533	890
533	896
533	955
533	981
533	1027
533	1070
533	1110
533	1203
533	1256
533	1257
533	1303
533	1310
533	1397
533	1569
533	1600
533	1643
533	1660
533	1740
533	1765
533	1799
533	1832
533	1844
533	1896
533	1901
533	1919
533	1920
533	1978
565	570
565	586
565	591
565	636
565	644
565	662
565	702
565	712
565	768
565	809
565	829
565	889
565	955
565	1023
565	1027
565	1041
565	1054
565	1089
565	1181
565	1242
565	1308
565	1454
565	1514
565	1623
565	1655
565	1713
565	1728
565	1750
565	1892
580	640
580	662
580	754
580	768
580	847
580	884
580	898
580	906
580	956
580	1027
580	1035
580	1132
580	1244
580	1308
580	1310
580	1355
580	1412
580	1414
580	1458
580	1474
580	1513
580	1514
580	1548
580	1660
580	1900
580	1913
580	1924
580	1951
580	1966
591	645
591	749
591	753
591	757
591	768
591	870
591	884
591	1156
591	1240
591	1244
591	1251
591	1310
591	1386
591	1454
591	1458
591	1492
591	1616
591	1678
591	1726
591	1875
591	1901
591	1915
591	1919
591	1924
591	1931
591	1959
591	1986
620	712
620	752
620	794
620	809
620	829
620	866
620	870
620	918
620	955
620	973
620	986
620	995
620	1028
620	1035
620	1056
620	1071
620	1181
620	1240
620	1256
620	1304
620	1327
620	1442
620	1474
620	1514
620	1536
620	1621
620	1644
620	1755
620	1851
620	1890
620	1959
620	1961
684	712
684	772
684	794
684	847
684	884
684	890
684	896
684	906
684	938
684	955
684	956
684	977
684	981
684	1027
684	1040
684	1097
684	1102
684	1110
684	1132
684	1217
684	1294
684	1386
684	1411
684	1454
684	1492
684	1513
684	1582
684	1616
684	1643
684	1660
684	1665
684	1666
684	1675
684	1678
684	1755
684	1900
684	1910
712	752
712	847
712	889
712	906
712	977
712	1035
712	1290
712	1356
712	1788
712	1818
712	1931
739	749
739	772
739	776
739	795
739	798
739	809
739	811
739	864
739	921
739	956
739	1027
739	1071
739	1156
739	1176
739	1242
739	1411
739	1442
739	1513
739	1547
739	1548
739	1582
739	1600
739	1616
739	1631
739	1693
739	1844
757	768
757	798
757	840
757	884
757	887
757	896
757	973
757	1027
757	1060
757	1085
757	1110
757	1132
757	1203
757	1303
757	1545
757	1547
757	1623
757	1655
757	1675
757	1693
757	1750
757	1804
757	1851
757	1966
762	798
762	848
762	870
762	898
762	938
762	995
762	1023
762	1035
762	1060
762	1097
762	1251
762	1303
762	1310
762	1362
762	1377
762	1545
762	1665
762	1675
762	1728
762	1740
762	1810
762	1844
762	1910
762	1931
772	776
772	798
772	829
772	840
772	884
772	955
772	1027
772	1040
772	1050
772	1070
772	1110
772	1251
772	1303
772	1327
772	1362
772	1526
772	1545
772	1623
772	1788
772	1818
772	1838
772	1935
772	1961
794	866
794	887
794	890
794	1070
794	1071
794	1097
794	1102
794	1110
794	1356
794	1397
794	1454
794	1458
794	1600
794	1665
794	1740
794	1799
794	1855
794	1935
795	884
795	887
795	888
795	892
795	901
795	918
795	955
795	956
795	981
795	1007
795	1023
795	1035
795	1070
795	1085
795	1089
795	1132
795	1203
795	1217
795	1303
795	1308
795	1327
795	1335
795	1454
795	1547
795	1699
795	1986
809	811
809	866
809	898
809	956
809	973
809	1007
809	1028
809	1040
809	1054
809	1616
809	1655
809	1726
809	1832
809	1890
811	824
811	881
811	892
811	937
811	995
811	1056
811	1097
811	1110
811	1217
811	1251
811	1304
811	1397
811	1643
811	1678
811	1686
811	1754
811	1838
811	1855
811	1875
811	1935
811	1951
829	848
829	870
829	884
829	888
829	896
829	940
829	956
829	977
829	1102
829	1110
829	1308
829	1356
829	1362
829	1454
829	1548
829	1621
829	1631
829	1641
829	1660
829	1678
829	1875
829	1910
829	1996
840	896
840	918
840	1007
840	1071
840	1097
840	1098
840	1251
840	1267
840	1386
840	1558
840	1621
840	1755
840	1810
848	866
848	894
848	896
848	898
848	935
848	977
848	1028
848	1035
848	1041
848	1046
848	1060
848	1162
848	1189
848	1294
848	1386
848	1492
848	1548
848	1616
848	1693
848	1765
848	1816
848	1818
848	1832
848	1920
848	1931
848	1935
864	892
864	955
864	989
864	1035
864	1060
864	1098
864	1189
864	1257
864	1303
864	1310
864	1442
864	1513
864	1616
864	1699
864	1703
864	1715
864	1726
864	1754
864	1900
864	1951
887	921
887	956
887	981
887	1023
887	1035
887	1054
887	1071
887	1072
887	1251
887	1397
887	1454
887	1665
887	1699
887	1713
887	1740
887	1765
887	1895
887	1901
887	1913
887	1948
887	1968
887	1986
887	1996
888	956
888	981
888	986
888	1041
888	1046
888	1050
888	1327
888	1458
888	1513
888	1545
888	1547
888	1558
888	1715
888	1728
888	1844
888	1855
888	1871
888	1901
890	935
890	973
890	1035
890	1056
890	1097
890	1098
890	1176
890	1189
890	1290
890	1412
890	1514
890	1728
890	1754
890	1769
890	1775
890	1818
894	898
894	1035
894	1040
894	1050
894	1054
894	1070
894	1112
894	1132
894	1176
894	1242
894	1327
894	1397
894	1582
894	1600
894	1653
894	1765
894	1875
894	1890
894	1895
894	1901
894	1959
921	1070
921	1181
921	1244
921	1356
921	1582
921	1643
921	1703
921	1713
955	973
955	1028
955	1040
955	1050
955	1054
955	1072
955	1132
955	1203
955	1377
955	1536
955	1582
955	1621
955	1660
955	1755
955	1788
955	1905
955	1919
956	973
956	1102
956	1267
956	1303
956	1327
956	1526
956	1643
956	1703
956	1713
956	1715
956	1805
956	1810
956	1871
956	1875
956	1935
956	1946
977	1046
977	1056
977	1110
977	1156
977	1203
977	1492
977	1665
977	1675
977	1713
977	1715
977	1996
981	1156
981	1256
981	1411
981	1414
981	1513
981	1514
981	1569
981	1686
981	1740
981	1901
981	1915
981	1919
981	1935
981	1959
981	1968
981	1986
995	1102
995	1217
995	1355
995	1356
995	1411
995	1442
995	1678
995	1765
995	1910
995	1968
995	1978
1007	1035
1007	1040
1007	1041
1007	1112
1007	1176
1007	1303
1007	1335
1007	1412
1007	1474
1007	1514
1007	1666
1007	1985
1040	1217
1040	1242
1040	1244
1040	1294
1040	1304
1040	1442
1040	1526
1040	1644
1040	1765
1040	1816
1040	1890
1040	1900
1040	1920
1040	1931
1040	1935
1041	1097
1041	1102
1041	1112
1041	1156
1041	1176
1041	1290
1041	1304
1041	1362
1041	1474
1041	1844
1046	1189
1046	1240
1046	1257
1046	1267
1046	1310
1046	1377
1046	1396
1046	1404
1046	1412
1046	1442
1046	1458
1046	1536
1046	1616
1046	1728
1046	1765
1046	1816
1046	1838
1046	1890
1046	1892
1046	1901
1046	1920
1056	1070
1056	1071
1056	1132
1056	1203
1056	1267
1056	1303
1056	1316
1056	1335
1056	1513
1056	1755
1056	1775
1056	1924
1056	1985
1060	1097
1060	1257
1060	1290
1060	1454
1060	1513
1060	1686
1060	1703
1060	1726
1060	1740
1060	1805
1060	1892
1060	1966
1060	1985
1072	1097
1072	1110
1072	1181
1072	1303
1072	1514
1072	1536
1072	1547
1072	1582
1072	1660
1072	1678
1072	1946
1072	1968
1085	1240
1085	1404
1085	1558
1085	1660
1085	1666
1085	1750
1085	1793
1085	1905
1085	1915
1156	1162
1156	1181
1156	1240
1156	1303
1156	1396
1156	1411
1156	1660
1156	1765
1156	1804
1156	1905
1156	1978
1156	1996
1203	1244
1203	1335
1203	1412
1203	1548
1203	1582
1203	1616
1203	1728
1203	1769
1203	1871
1203	1892
1203	1931
1256	1386
1256	1536
1256	1644
1256	1686
1256	1913
1256	1935
1256	1948
1256	1961
1267	1308
1267	1362
1267	1404
1267	1412
1267	1666
1267	1910
1267	1961
1294	1355
1294	1458
1294	1566
1294	1643
1294	1675
1294	1691
1294	1755
1294	1775
1294	1913
1294	1915
1294	1920
1335	1356
1335	1397
1335	1454
1335	1492
1335	1660
1335	1678
1335	1838
1335	1844
1335	1890
1335	1946
1335	1986
1411	1414
1411	1686
1411	1699
1412	1703
1412	1804
1412	1913
1412	1920
1412	1931
1412	1935
1414	1547
1414	1558
1414	1655
1414	1660
1414	1693
1414	1775
1414	1810
1414	1855
1458	1605
1458	1621
1458	1655
1458	1666
1458	1799
1458	1816
1458	1895
1474	1715
1474	1832
1474	1948
1514	1545
1514	1641
1514	1643
1514	1715
1514	1775
1514	1804
1514	1892
1547	1644
1547	1678
1547	1959
1569	1660
1569	1691
1569	1890
1641	1740
1641	1910
1715	1726
1715	1769
1715	1901
1726	1740
1726	1799
1765	1810
1799	1804
1799	1948
1805	1900
1805	1901
1805	1966
1892	1946
1892	1986
1900	1951
278	280
278	281
278	307
278	310
278	329
278	350
278	360
278	364
278	379
278	382
278	395
278	405
278	410
278	418
278	428
278	445
278	446
278	452
278	471
278	476
278	494
278	497
278	500
278	518
278	580
278	585
278	591
278	613
278	620
278	636
278	640
278	645
278	684
278	700
278	702
278	712
278	739
278	754
278	757
278	795
278	809
278	840
278	846
278	864
278	889
278	890
278	896
278	901
278	906
278	955
278	1007
278	1028
278	1035
278	1070
278	1085
278	1089
278	1097
278	1156
278	1203
278	1240
278	1242
278	1267
278	1356
278	1377
278	1404
278	1411
278	1454
278	1526
278	1616
278	1644
278	1691
278	1726
278	1728
278	1775
278	1799
278	1810
278	1832
278	1838
278	1890
278	1896
278	1913
280	307
280	310
280	374
280	379
280	382
280	395
280	410
280	427
280	428
280	445
280	446
280	453
280	455
280	456
280	459
280	460
280	463
280	486
280	513
280	518
280	565
280	570
280	580
280	585
280	586
280	603
280	702
280	736
280	749
280	762
280	768
280	776
280	805
280	848
280	887
280	889
280	892
280	894
280	918
280	921
280	935
280	940
280	956
280	977
280	989
280	1007
280	1071
280	1162
280	1217
280	1267
280	1290
280	1304
280	1404
280	1414
280	1454
280	1492
280	1545
280	1569
280	1631
280	1641
280	1655
280	1703
280	1740
280	1750
280	1810
280	1855
280	1871
280	1895
280	1910
280	1924
280	1966
280	1978
350	359
350	382
350	410
350	418
350	428
350	456
350	471
350	476
350	484
350	497
350	499
350	505
350	533
350	570
350	603
350	636
350	640
350	645
350	700
350	739
350	864
350	866
350	884
350	890
350	892
350	896
350	906
350	918
350	986
350	1007
350	1060
350	1071
350	1244
350	1355
350	1356
350	1492
350	1514
350	1536
350	1558
350	1643
350	1644
350	1728
350	1754
350	1765
350	1818
350	1875
350	1901
350	1910
364	372
364	379
364	395
364	428
364	446
364	456
364	459
364	460
364	463
364	484
364	494
364	500
364	511
364	513
364	585
364	613
364	662
364	684
364	736
364	754
364	757
364	772
364	866
364	870
364	935
364	937
364	986
364	1023
364	1040
364	1071
364	1162
364	1242
364	1251
364	1356
364	1377
364	1412
364	1458
364	1492
364	1566
364	1675
364	1703
364	1788
364	1804
364	1818
364	1871
364	1896
374	379
374	395
374	406
374	424
374	428
374	446
374	453
374	455
374	460
374	471
374	476
374	486
374	499
374	500
374	511
374	513
374	533
374	586
374	591
374	640
374	684
374	702
374	762
374	776
374	794
374	848
374	864
374	881
374	889
374	892
374	906
374	918
374	977
374	981
374	986
374	1027
374	1071
374	1072
374	1217
374	1251
374	1308
374	1327
374	1362
374	1396
374	1412
374	1414
374	1526
374	1582
374	1600
374	1605
374	1623
374	1660
374	1686
374	1799
374	1818
374	1875
374	1890
374	1892
374	1919
374	1946
374	1968
382	427
382	445
382	446
382	452
382	459
382	460
382	471
382	476
382	500
382	505
382	533
382	586
382	591
382	620
382	736
382	739
382	762
382	794
382	795
382	798
382	840
382	887
382	896
382	918
382	935
382	938
382	940
382	955
382	973
382	981
382	995
382	1028
382	1071
382	1072
382	1085
382	1110
382	1217
382	1310
382	1316
382	1335
382	1396
382	1454
382	1492
382	1582
382	1621
382	1623
382	1631
382	1693
382	1699
382	1703
382	1804
382	1816
382	1871
382	1968
382	1986
424	427
424	455
424	456
424	476
424	486
424	494
424	497
424	500
424	518
424	533
424	620
424	640
424	684
424	702
424	736
424	753
424	754
424	768
424	794
424	795
424	798
424	809
424	811
424	870
424	896
424	935
424	940
424	956
424	995
424	1023
424	1028
424	1050
424	1054
424	1056
424	1072
424	1132
424	1217
424	1240
424	1244
424	1256
424	1257
424	1290
424	1308
424	1335
424	1536
424	1548
424	1582
424	1605
424	1621
424	1653
424	1750
424	1765
424	1818
424	1838
424	1895
424	1961
424	1986
427	445
427	453
427	455
427	494
427	500
427	505
427	533
427	565
427	645
427	739
427	749
427	754
427	757
427	795
427	805
427	840
427	884
427	887
427	892
427	896
427	906
427	918
427	921
427	937
427	986
427	1023
427	1072
427	1085
427	1156
427	1189
427	1303
427	1526
427	1569
427	1616
427	1665
427	1678
427	1703
427	1750
427	1765
427	1775
427	1810
427	1816
427	1855
427	1890
427	1900
427	1946
427	1959
427	1968
427	1978
427	1986
446	471
446	476
446	484
446	513
446	518
446	570
446	640
446	648
446	694
446	700
446	712
446	739
446	749
446	754
446	809
446	824
446	864
446	870
446	888
446	921
446	955
446	1023
446	1046
446	1217
446	1251
446	1304
446	1377
446	1386
446	1412
446	1442
446	1458
446	1566
446	1582
446	1600
446	1728
446	1793
446	1804
446	1919
446	1924
446	1961
453	460
453	494
453	533
453	565
453	603
453	684
453	702
453	739
453	753
453	757
453	798
453	800
453	811
453	846
453	848
453	937
453	977
453	1054
453	1070
453	1071
453	1097
453	1110
453	1112
453	1303
453	1362
453	1412
453	1458
453	1547
453	1631
453	1699
453	1788
453	1793
453	1838
453	1890
453	1910
453	1959
456	460
456	484
456	500
456	533
456	565
456	570
456	620
456	644
456	648
456	694
456	739
456	752
456	864
456	881
456	921
456	940
456	989
456	1027
456	1028
456	1040
456	1060
456	1097
456	1098
456	1176
456	1189
456	1244
456	1335
456	1397
456	1412
456	1414
456	1547
456	1582
456	1655
456	1804
456	1805
456	1816
456	1832
456	1913
456	1948
456	1951
476	494
476	497
476	500
476	513
476	565
476	613
476	636
476	662
476	736
476	811
476	848
476	887
476	906
476	989
476	995
476	1023
476	1028
476	1035
476	1040
476	1046
476	1050
476	1070
476	1089
476	1132
476	1176
476	1256
476	1303
476	1327
476	1355
476	1377
476	1397
476	1412
476	1492
476	1514
476	1569
476	1582
476	1665
476	1699
476	1703
476	1851
476	1855
476	1890
476	1896
476	1910
476	1959
499	500
499	533
499	565
499	591
499	613
499	620
499	636
499	644
499	662
499	739
499	757
499	762
499	768
499	798
499	811
499	846
499	887
499	890
499	892
499	906
499	921
499	1035
499	1040
499	1041
499	1056
499	1085
499	1132
499	1256
499	1377
499	1411
499	1605
499	1623
499	1644
499	1666
499	1678
499	1855
499	1890
499	1951
499	1966
499	1968
500	529
500	580
500	591
500	736
500	754
500	794
500	809
500	829
500	864
500	884
500	898
500	901
500	955
500	956
500	981
500	1007
500	1027
500	1040
500	1041
500	1110
500	1251
500	1267
500	1304
500	1526
500	1665
500	1691
500	1713
500	1788
500	1793
500	1816
500	1890
500	1895
500	1924
500	1985
585	645
585	749
585	753
585	762
585	794
585	824
585	847
585	866
585	870
585	890
585	938
585	986
585	1007
585	1028
585	1110
585	1217
585	1240
585	1257
585	1294
585	1327
585	1474
585	1513
585	1600
585	1715
585	1750
585	1754
585	1775
585	1788
585	1832
585	1855
585	1905
585	1910
585	1948
586	640
586	648
586	662
586	694
586	749
586	754
586	772
586	798
586	805
586	829
586	986
586	1023
586	1089
586	1256
586	1257
586	1396
586	1621
586	1750
586	1913
586	1946
586	1966
586	1968
613	620
613	645
613	702
613	753
613	754
613	762
613	800
613	847
613	848
613	870
613	973
613	989
613	1070
613	1071
613	1097
613	1112
613	1310
613	1355
613	1356
613	1396
613	1558
613	1660
613	1678
613	1693
613	1740
613	1765
613	1871
613	1931
613	1946
636	662
636	772
636	884
636	896
636	901
636	940
636	956
636	977
636	1050
636	1110
636	1189
636	1242
636	1244
636	1267
636	1397
636	1414
636	1442
636	1492
636	1545
636	1548
636	1665
636	1666
636	1686
636	1703
636	1728
636	1818
636	1896
636	1900
636	1920
636	1935
636	1985
736	794
736	795
736	800
736	824
736	829
736	847
736	887
736	892
736	955
736	989
736	1023
736	1028
736	1054
736	1156
736	1176
736	1514
736	1641
736	1643
736	1686
736	1699
736	1788
736	1804
736	1871
736	1890
736	1895
736	1900
736	1919
736	1978
768	794
768	805
768	809
768	848
768	995
768	1027
768	1041
768	1072
768	1098
768	1110
768	1290
768	1355
768	1377
768	1442
768	1536
768	1547
768	1569
768	1678
768	1691
768	1750
768	1805
768	1810
768	1985
798	829
798	847
798	889
798	901
798	937
798	1007
798	1070
798	1156
798	1176
798	1217
798	1304
798	1335
798	1396
798	1454
798	1458
798	1492
798	1605
798	1643
798	1838
798	1875
798	1910
805	847
805	848
805	870
805	881
805	888
805	977
805	1035
805	1050
805	1203
805	1242
805	1404
805	1414
805	1458
805	1492
805	1548
805	1631
805	1660
805	1665
805	1666
805	1691
805	1713
805	1890
805	1896
805	1913
805	1948
805	1951
805	1966
824	840
824	870
824	892
824	898
824	973
824	977
824	1041
824	1072
824	1251
824	1303
824	1304
824	1310
824	1396
824	1458
824	1513
824	1536
824	1775
824	1844
824	1851
824	1855
892	898
892	940
892	989
892	1060
892	1089
892	1189
892	1217
892	1244
892	1691
892	1754
892	1816
892	1855
892	1890
892	1895
892	1900
898	956
898	981
898	989
898	1023
898	1027
898	1040
898	1050
898	1085
898	1377
898	1386
898	1474
898	1616
898	1641
898	1959
938	973
938	977
938	1040
938	1085
938	1102
938	1156
938	1242
938	1526
938	1566
938	1653
938	1910
940	995
940	1007
940	1132
940	1251
940	1256
940	1386
940	1454
940	1665
940	1686
940	1693
940	1765
940	1896
940	1966
973	989
973	1203
973	1242
973	1256
973	1290
973	1327
973	1492
973	1514
973	1582
973	1693
973	1750
973	1754
973	1818
973	1890
973	1946
973	1978
973	1996
986	1054
986	1112
986	1156
986	1162
986	1189
986	1240
986	1304
986	1327
986	1412
986	1582
986	1678
986	1713
986	1816
986	1901
986	1931
1035	1041
1035	1050
1035	1089
1035	1290
1035	1442
1035	1492
1035	1605
1035	1666
1035	1715
1035	1896
1054	1071
1054	1132
1054	1162
1054	1176
1054	1327
1054	1335
1054	1396
1054	1404
1054	1411
1054	1412
1054	1644
1054	1693
1054	1769
1054	1793
1054	1810
1098	1242
1098	1244
1098	1396
1098	1458
1098	1548
1098	1616
1098	1631
1098	1660
1098	1678
1098	1818
1098	1871
1098	1890
1098	1892
1098	1978
1102	1112
1102	1244
1102	1267
1102	1294
1102	1558
1102	1675
1102	1816
1102	1875
1112	1189
1112	1316
1112	1327
1112	1362
1112	1454
1112	1641
1112	1655
1112	1678
1112	1726
1112	1788
1112	1804
1181	1256
1181	1335
1181	1396
1181	1678
1181	1871
1181	1986
1217	1256
1217	1304
1217	1308
1217	1356
1217	1492
1217	1566
1217	1616
1217	1769
1217	1900
1217	1910
1217	1913
1217	1920
1242	1244
1242	1386
1242	1616
1242	1623
1242	1631
1242	1643
1242	1644
1242	1740
1242	1804
1242	1924
1242	1968
1244	1582
1244	1655
1244	1678
1244	1693
1244	1726
1244	1905
1244	1966
1290	1386
1290	1536
1290	1605
1290	1678
1290	1691
1290	1799
1290	1855
1290	1871
1308	1474
1308	1545
1308	1616
1308	1631
1308	1775
1308	1788
1308	1805
1308	1810
1308	1832
1308	1892
1316	1362
1316	1547
1316	1566
1316	1582
1316	1631
1316	1715
1513	1548
1513	1728
1513	1818
1513	1875
1513	1920
1644	1678
1644	1713
1644	1816
1644	1896
1644	1920
1653	1678
1653	1793
1653	1818
1653	1920
1653	1935
1653	1986
1703	1726
1703	1951
1703	1996
1769	1855
1769	1913
1775	1788
1775	1804
1775	1986
1804	1875
1804	1896
1855	1915
1855	1948
1855	1959
1875	1913
1890	1910
1890	1966
1890	1996
1913	1931
1913	1985
1931	1935
1961	1978
395	410
395	445
395	452
395	453
395	460
395	476
395	486
395	497
395	500
395	511
395	518
395	585
395	586
395	636
395	662
395	684
395	702
395	752
395	795
395	824
395	846
395	864
395	887
395	896
395	918
395	938
395	1007
395	1054
395	1304
395	1310
395	1397
395	1404
395	1412
395	1547
395	1605
395	1655
395	1660
395	1699
395	1755
395	1769
395	1788
395	1810
395	1816
395	1855
395	1871
395	1890
395	1931
395	1968
406	418
406	427
406	446
406	456
406	460
406	463
406	494
406	497
406	513
406	518
406	586
406	591
406	613
406	640
406	739
406	768
406	794
406	805
406	846
406	888
406	890
406	956
406	973
406	977
406	981
406	986
406	1041
406	1054
406	1085
406	1176
406	1203
406	1308
406	1335
406	1492
406	1605
406	1616
406	1643
406	1653
406	1678
406	1691
406	1740
406	1754
406	1769
406	1915
406	1920
406	1959
406	1968
406	1986
460	471
460	476
460	484
460	497
460	500
460	511
460	518
460	640
460	645
460	662
460	736
460	754
460	768
460	794
460	795
460	800
460	811
460	829
460	864
460	866
460	938
460	1046
460	1050
460	1097
460	1098
460	1181
460	1251
460	1303
460	1304
460	1316
460	1362
460	1458
460	1474
460	1492
460	1558
460	1569
460	1641
460	1653
460	1686
460	1699
460	1703
460	1715
460	1726
460	1805
460	1810
460	1890
460	1901
460	1913
460	1959
460	1985
513	529
513	533
513	585
513	591
513	636
513	644
513	702
513	736
513	881
513	890
513	940
513	1007
513	1054
513	1098
513	1240
513	1316
513	1362
513	1404
513	1474
513	1492
513	1513
513	1548
513	1569
513	1665
513	1686
513	1713
513	1750
513	1775
513	1804
513	1871
513	1875
513	1919
513	1920
513	1951
513	1996
603	662
603	776
603	870
603	892
603	918
603	935
603	977
603	1027
603	1035
603	1060
603	1072
603	1102
603	1256
603	1355
603	1377
603	1386
603	1397
603	1404
603	1545
603	1660
603	1665
603	1740
603	1755
603	1769
603	1775
603	1818
603	1896
603	1910
648	739
648	749
648	795
648	798
648	800
648	829
648	846
648	881
648	981
648	1040
648	1060
648	1071
648	1072
648	1089
648	1294
648	1356
648	1545
648	1547
648	1754
648	1755
648	1915
648	1948
700	712
700	754
700	805
700	809
700	881
700	884
700	896
700	1027
700	1035
700	1041
700	1046
700	1132
700	1310
700	1396
700	1414
700	1454
700	1548
700	1655
700	1660
700	1666
700	1699
700	1951
753	795
753	881
753	884
753	1023
753	1028
753	1056
753	1070
753	1156
753	1162
753	1294
753	1308
753	1377
753	1458
753	1545
753	1558
753	1666
753	1775
753	1788
753	1793
753	1805
753	1855
753	1985
776	805
776	840
776	896
776	898
776	901
776	918
776	977
776	995
776	1027
776	1046
776	1110
776	1162
776	1181
776	1294
776	1362
776	1397
776	1514
776	1536
776	1582
776	1600
776	1605
776	1665
776	1699
776	1799
776	1896
776	1905
776	1919
776	1935
776	1961
776	1986
847	866
847	888
847	940
847	981
847	989
847	995
847	1007
847	1056
847	1156
847	1256
847	1377
847	1386
847	1397
847	1631
847	1641
847	1666
847	1754
847	1788
847	1804
847	1986
870	890
870	906
870	935
870	1054
870	1056
870	1085
870	1240
870	1404
870	1414
870	1514
870	1526
870	1693
870	1728
870	1810
870	1919
870	1920
870	1931
870	1948
881	888
881	889
881	901
881	1054
881	1071
881	1240
881	1256
881	1267
881	1290
881	1386
881	1536
881	1653
881	1703
881	1750
881	1832
881	1895
881	1900
881	1935
881	1961
906	935
906	938
906	995
906	1070
906	1203
906	1244
906	1303
906	1356
906	1377
906	1548
906	1600
906	1838
906	1901
906	1951
1023	1054
1023	1098
1023	1290
1023	1442
1023	1653
1023	1728
1023	1740
1023	1754
1023	1793
1023	1855
1023	1986
1070	1097
1070	1102
1070	1251
1070	1548
1070	1566
1070	1799
1070	1816
1070	1871
1070	1875
1110	1217
1110	1257
1110	1335
1110	1600
1110	1755
1110	1832
1110	1844
1110	1961
1110	1996
1304	1386
1304	1621
1304	1765
1304	1793
1304	1910
1304	1986
1397	1566
1397	1623
1397	1643
1397	1660
1397	1788
1397	1838
1397	1951
1660	1691
1675	1703
1675	1851
1675	1924
1691	1900
1693	1726
1693	1754
1693	1804
1699	1851
1699	1978
1713	1788
1713	1844
1713	1948
1713	1986
1755	1805
1755	1900
1788	1890
1788	1919
1788	1951
1919	1920
277	280
277	281
277	307
277	310
277	329
277	344
277	350
277	354
277	360
277	374
277	395
277	405
277	410
277	424
277	452
277	455
277	459
277	484
277	486
277	497
277	499
277	500
277	505
277	511
277	565
277	570
277	580
277	585
277	591
277	603
277	636
277	640
277	644
277	645
277	702
277	739
277	754
277	768
277	776
277	794
277	795
277	798
277	800
277	809
277	864
277	881
277	888
277	889
277	921
277	935
277	938
277	940
277	955
277	977
277	1028
277	1046
277	1056
277	1070
277	1089
277	1162
277	1181
277	1242
277	1244
277	1256
277	1294
277	1304
277	1356
277	1605
277	1616
277	1621
277	1653
277	1660
277	1665
277	1666
277	1754
277	1755
277	1816
277	1818
277	1905
277	1924
277	1961
354	379
354	382
354	424
354	427
354	446
354	459
354	484
354	486
354	500
354	505
354	586
354	613
354	694
354	700
354	702
354	736
354	739
354	754
354	757
354	762
354	776
354	795
354	800
354	805
354	809
354	847
354	884
354	889
354	894
354	935
354	938
354	989
354	995
354	1007
354	1028
354	1046
354	1050
354	1085
354	1097
354	1098
354	1102
354	1156
354	1257
354	1267
354	1304
354	1458
354	1566
354	1600
354	1644
354	1666
354	1678
354	1686
354	1728
354	1754
354	1775
354	1788
354	1799
354	1805
354	1890
354	1895
354	1919
354	1931
354	1948
354	1959
372	379
372	395
372	406
372	418
372	424
372	427
372	446
372	455
372	460
372	463
372	471
372	476
372	484
372	494
372	497
372	505
372	570
372	580
372	613
372	645
372	648
372	752
372	762
372	811
372	829
372	848
372	864
372	866
372	888
372	921
372	1035
372	1054
372	1070
372	1072
372	1085
372	1098
372	1110
372	1176
372	1189
372	1251
372	1267
372	1294
372	1514
372	1631
372	1678
372	1740
372	1769
372	1788
372	1793
372	1816
372	1875
372	1896
372	1915
372	1935
372	1946
372	1978
471	499
471	505
471	513
471	529
471	565
471	754
471	772
471	800
471	846
471	866
471	870
471	887
471	918
471	938
471	940
471	956
471	986
471	995
471	1027
471	1050
471	1060
471	1085
471	1098
471	1132
471	1217
471	1251
471	1257
471	1355
471	1386
471	1396
471	1414
471	1514
471	1558
471	1566
471	1600
471	1623
471	1631
471	1653
471	1799
471	1900
471	1905
471	1910
471	1920
471	1931
570	636
570	762
570	795
570	811
570	847
570	887
570	888
570	889
570	894
570	918
570	955
570	977
570	981
570	1007
570	1041
570	1054
570	1132
570	1294
570	1303
570	1308
570	1377
570	1412
570	1545
570	1600
570	1621
570	1675
570	1699
570	1713
570	1754
570	1805
570	1905
570	1915
644	712
644	762
644	798
644	800
644	809
644	829
644	864
644	884
644	890
644	901
644	1040
644	1050
644	1102
644	1112
644	1162
644	1240
644	1316
644	1362
644	1414
644	1514
644	1699
644	1754
644	1788
644	1985
645	700
645	776
645	794
645	829
645	846
645	887
645	940
645	981
645	995
645	1203
645	1217
645	1335
645	1356
645	1396
645	1526
645	1558
645	1582
645	1605
645	1641
645	1655
645	1666
645	1740
645	1799
645	1838
645	1931
645	1951
645	1968
645	1996
754	772
754	805
754	847
754	888
754	889
754	938
754	1027
754	1102
754	1110
754	1244
754	1251
754	1267
754	1290
754	1396
754	1411
754	1414
754	1442
754	1458
754	1513
754	1536
754	1582
754	1605
754	1655
754	1666
754	1740
754	1788
754	1905
754	1935
800	829
800	881
800	887
800	889
800	906
800	1007
800	1041
800	1060
800	1112
800	1176
800	1310
800	1412
800	1513
800	1569
800	1582
800	1686
800	1810
800	1871
800	1913
800	1985
884	890
884	906
884	955
884	1028
884	1072
884	1097
884	1110
884	1514
884	1566
884	1569
884	1818
884	1875
884	1905
918	937
918	973
918	1054
918	1070
918	1176
918	1217
918	1267
918	1316
918	1514
918	1660
918	1691
918	1740
918	1900
935	1035
935	1060
935	1072
935	1112
935	1132
935	1240
935	1267
935	1310
935	1386
935	1397
935	1623
935	1844
935	1895
935	1919
935	1924
1028	1070
1028	1176
1028	1203
1028	1251
1028	1290
1028	1308
1028	1355
1028	1442
1028	1536
1028	1548
1028	1600
1028	1665
1028	1691
1028	1699
1028	1788
1028	1805
1028	1838
1028	1871
1028	1959
1162	1240
1162	1377
1162	1404
1162	1547
1162	1871
1162	1892
1162	1905
1162	1946
1162	1961
1162	1968
1162	1985
1162	1986
1162	1996
1176	1203
1176	1412
1176	1547
1176	1631
1176	1851
1176	1892
1240	1267
1240	1644
1240	1675
1240	1728
1240	1740
1240	1875
1240	1920
1240	1959
1240	1968
1310	1412
1310	1703
1310	1816
1362	1377
1362	1514
1362	1545
1362	1566
1362	1621
1362	1641
1362	1775
1362	1896
1362	1913
1362	1966
1377	1396
1377	1691
1377	1703
1377	1951
1377	1996
1454	1474
1454	1558
1454	1875
1454	1946
1582	1605
1582	1715
1582	1726
1582	1855
1582	1896
1582	1931
1621	1653
1621	1754
1621	1799
1621	1818
1621	1931
1623	1653
1623	1799
1623	1805
1623	1920
1643	1653
1643	1855
1643	1948
1643	1961
1655	1715
1655	1726
1655	1931
1665	1703
1665	1816
1665	1875
1665	1910
1665	1920
1665	1951
1810	1900
1810	1901
1810	1905
1810	1910
1816	1895
1816	1946
1871	1910
1871	1959
1915	1931
662	700
662	736
662	739
662	752
662	757
662	846
662	847
662	918
662	935
662	981
662	1056
662	1112
662	1244
662	1257
662	1290
662	1335
662	1362
662	1404
662	1442
662	1474
662	1600
662	1605
662	1616
662	1713
662	1740
662	1769
662	1900
662	1924
694	757
694	795
694	798
694	840
694	888
694	955
694	986
694	1007
694	1041
694	1050
694	1054
694	1071
694	1098
694	1102
694	1176
694	1203
694	1242
694	1356
694	1458
694	1536
694	1623
694	1675
694	1693
694	1755
694	1832
694	1875
694	1959
694	1996
752	757
752	762
752	798
752	809
752	888
752	955
752	989
752	1041
752	1097
752	1112
752	1251
752	1362
752	1414
752	1442
752	1474
752	1545
752	1558
752	1582
752	1699
752	1715
752	1754
752	1810
752	1919
752	1951
752	1959
752	1968
846	887
846	896
846	955
846	981
846	989
846	1072
846	1089
846	1098
846	1156
846	1189
846	1327
846	1442
846	1558
846	1569
846	1621
846	1665
846	1816
846	1896
846	1900
846	1915
896	973
896	1035
896	1056
896	1060
896	1071
896	1085
896	1089
896	1098
896	1112
896	1132
896	1242
896	1327
896	1655
896	1775
901	918
901	955
901	956
901	1027
901	1035
901	1089
901	1304
901	1327
901	1355
901	1362
901	1514
901	1631
901	1686
901	1728
901	1754
901	1804
1071	1072
1071	1097
1071	1098
1071	1569
1071	1621
1071	1644
1071	1740
1071	1946
1071	1959
1071	1978
1071	1996
1089	1132
1089	1156
1089	1189
1089	1242
1089	1316
1089	1404
1089	1412
1089	1474
1089	1545
1089	1644
1089	1799
1251	1267
1251	1377
1251	1616
1251	1740
1251	1755
1251	1769
1251	1910
1251	1915
1251	1920
1251	1968
1251	1985
1257	1327
1257	1356
1257	1386
1257	1548
1257	1703
1257	1871
1303	1327
1303	1355
1303	1514
1303	1526
1303	1547
1303	1631
1303	1686
1303	1775
1303	1818
1303	1892
1303	1910
1303	1920
1303	1931
1355	1356
1355	1386
1355	1404
1355	1660
1355	1726
1355	1844
1355	1855
1355	1946
1355	1986
1404	1653
1404	1931
1526	1655
1526	1832
1526	1838
1526	1844
1526	1890
1526	1920
1545	1623
1545	1631
1545	1728
1545	1755
1545	1844
1545	1892
1545	1924
1600	1616
1600	1805
1605	1660
1605	1740
1728	1754
1728	1804
1740	1754
1793	1919
1793	1948
1793	1961
1793	1978
1838	1901
1838	1935
1838	1946
1838	1948
1838	1951
1895	1951
1968	1985
418	427
418	428
418	445
418	453
418	459
418	460
418	463
418	476
418	494
418	500
418	518
418	565
418	580
418	640
418	648
418	694
418	739
418	753
418	776
418	800
418	840
418	848
418	866
418	884
418	887
418	888
418	890
418	918
418	1028
418	1054
418	1132
418	1377
418	1566
418	1605
418	1623
418	1653
418	1678
418	1691
418	1703
418	1765
418	1948
418	1961
866	887
866	918
866	921
866	940
866	1089
866	1112
866	1156
866	1257
866	1616
866	1641
866	1750
866	1799
866	1832
866	1900
889	901
889	921
889	1028
889	1132
889	1242
889	1257
889	1316
889	1327
889	1655
889	1665
889	1703
889	1901
889	1961
1356	1362
1356	1442
1356	1513
1356	1558
1356	1600
1356	1621
1356	1666
1356	1699
1356	1713
1536	1545
1536	1653
1536	1913
1536	1919
1548	1740
1818	1920
1818	1951
749	754
749	762
749	805
749	809
749	811
749	881
749	935
749	986
749	1028
749	1040
749	1070
749	1085
749	1102
749	1189
749	1304
749	1335
749	1547
749	1740
749	1805
749	1875
749	1900
937	938
937	989
937	1028
937	1181
937	1304
937	1316
937	1355
937	1454
937	1605
937	1678
937	1805
937	1924
1189	1217
1189	1251
1189	1267
1189	1294
1189	1308
1189	1404
1189	1536
1189	1644
1189	1660
1189	1686
1189	1805
1189	1875
1492	1547
1492	1631
1492	1755
1492	1816
1492	1838
1492	1892
1566	1666
1566	1754
1566	1816
1566	1935
1832	1871
1832	1966
1027	1035
1027	1056
1027	1070
1027	1102
1027	1397
1027	1458
1027	1545
1027	1660
1027	1675
1027	1715
1027	1788
1027	1804
1027	1901
1027	1985
1097	1110
1097	1176
1097	1256
1097	1631
1097	1788
1097	1915
1097	1919
1327	1386
1327	1414
1327	1750
1327	1966
1327	1985
1442	1458
1442	1653
1442	1665
1442	1678
1442	1871
1442	1875
1442	1978
1442	1985
1631	1675
1631	1740
1631	1793
1631	1818
1631	1851
1631	1875
1631	1919
1631	1946
1666	1675
1666	1686
1666	1816
1666	1919
1666	1961
1678	1915
1678	1919
1678	1959
1754	1769
1754	1900
1754	1920
1754	1985
1050	1070
1050	1089
1050	1355
1050	1474
1050	1513
1050	1765
1050	1901
1616	1655
1616	1793
1616	1816
1616	1875
1616	1892
1616	1896
1616	1935
1616	1961
1750	1855
1750	1871
1750	1905
1750	1959
640	645
640	648
640	752
640	753
640	762
640	795
640	800
640	870
640	887
640	888
640	894
640	901
640	906
640	938
640	940
640	955
640	1028
640	1050
640	1217
640	1251
640	1257
640	1290
640	1294
640	1304
640	1414
640	1458
640	1666
640	1715
640	1726
640	1875
640	1905
640	1968
702	712
702	739
702	809
702	866
702	890
702	906
702	973
702	981
702	989
702	1007
702	1097
702	1112
702	1327
702	1355
702	1386
702	1526
702	1548
702	1558
702	1569
702	1582
702	1623
702	1631
702	1653
702	1678
702	1728
702	1816
702	1844
702	1855
702	1948
1386	1566
1386	1643
1386	1788
1386	1804
1386	1896
1386	1905
1386	1910
1686	1895
1132	1176
1132	1267
1132	1308
1132	1362
1132	1643
1132	1644
1132	1810
1132	1931
1132	1959
989	1089
989	1181
989	1217
989	1308
989	1327
989	1377
989	1442
989	1547
989	1582
989	1643
989	1665
989	1754
989	1804
989	1818
989	1838
989	1851
989	1905
989	1959
1396	1514
1396	1655
1396	1686
1396	1726
1396	1818
1396	1892
1558	1754
1558	1805
1558	1832
1558	1924
1558	1961
1558	1986
1844	1895
1844	1915
1844	1924
