# Undirected graph (each unordered pair of nodes is saved once): output/networks/ScaleFree20removeCentrality-70percent.txt
# Nodes: 600 Edges: 652
# NodeId	NodeId
257	330
257	1086
257	1195
257	1682
257	1920
400	820
400	1085
400	1114
400	1524
439	1093
439	1165
439	1699
439	1900
493	1175
493	1330
619	1260
636	1166
636	1648
636	1981
676	938
676	1289
676	1609
729	1799
797	1735
797	1741
1025	1078
1025	1318
1025	1600
1056	1310
1056	1696
1078	1544
1078	1751
1165	1413
1202	1310
1225	1864
1257	1742
1281	1613
1281	1733
1335	1926
1366	1690
1366	1923
1398	1551
1398	1787
1399	1544
1399	1620
1476	1501
1476	1779
1528	1538
1587	1734
1652	1716
1666	1722
1761	1915
1761	1954
1773	1793
1813	1837
1813	1931
1821	1994
1837	1969
1951	1954
1959	1997
226	1603
226	1981
341	1958
347	473
347	649
347	1225
347	1489
347	1574
404	1462
442	1684
442	1706
442	1896
452	982
452	1330
452	1651
452	1887
621	1260
621	1566
649	1231
651	691
651	1304
710	1401
710	1773
769	1788
769	1805
769	1844
783	1580
783	1889
783	1897
783	1947
878	894
878	1366
878	1792
914	1242
927	1666
930	1603
930	1985
972	1396
972	1473
972	1523
972	1915
1053	1148
1053	1404
1053	1664
1053	1829
1098	1401
1098	1679
1182	1874
1201	1237
1201	1498
1201	1537
1201	1624
1224	1375
1224	1596
1271	1432
1271	1808
1277	1313
1277	1587
1277	1847
1324	1445
1328	1580
1328	1781
1328	1844
1351	1761
1357	1407
1357	1487
1357	1560
1411	1735
1420	1504
1430	1684
1430	1702
1445	1452
1473	1653
1473	1906
1483	1958
1487	1542
1487	1779
1521	1974
1537	1575
1624	1706
1626	1870
1634	1791
1691	1832
1699	1908
1700	1902
1781	1823
1781	1981
1785	1985
1815	1860
1869	1938
1875	1937
1908	1977
1919	1991
288	1720
288	1895
334	1421
334	1596
334	1664
334	1901
465	1020
465	1056
465	1306
473	903
473	1901
538	1837
538	1969
578	799
578	1934
614	729
614	799
614	1225
614	1692
686	1844
686	1940
702	1159
702	1613
705	799
705	1220
800	1706
827	1134
827	1318
827	1629
850	1396
850	1691
850	1709
851	1499
851	1731
909	1465
909	1807
911	1813
919	1576
919	1857
969	1321
1020	1148
1020	1850
1020	1852
1020	1935
1073	1345
1073	1691
1210	1231
1210	1323
1210	1683
1210	1994
1294	1327
1294	1363
1313	1405
1313	1647
1332	1908
1354	1639
1426	1440
1426	1532
1461	1486
1733	1962
1940	1993
719	1671
819	1507
819	1952
819	1969
894	939
894	1610
894	1736
997	1201
997	1527
997	1889
1075	1810
1086	1190
1086	1489
1340	1805
1371	1618
1396	1479
1438	1626
1438	1832
1471	1897
1489	1512
1489	1791
1499	1911
1538	1865
1539	1849
1557	1570
1639	1713
1639	1831
1689	1754
1857	1961
363	975
499	1723
499	1806
499	1974
544	621
544	650
544	1907
682	1257
682	1618
682	1665
682	1924
820	1436
820	1467
820	1792
835	1782
870	1476
877	1544
877	1805
916	1412
916	1667
964	1176
980	1332
980	1679
995	1066
995	1301
1016	1576
1190	1390
1248	1557
1248	1899
1256	1501
1256	1512
1301	1966
1444	1621
1589	1847
1669	1912
1684	1934
1702	1939
268	1788
628	747
628	945
628	1348
628	1974
841	1499
841	1690
962	1617
962	1877
975	1209
975	1647
975	1735
1066	1864
1184	1764
1212	1802
1212	1953
1223	1937
1298	1802
1363	1365
1363	1873
1452	1510
1452	1863
1479	1502
1479	1878
1490	1564
1490	1811
1490	1882
1582	1802
1582	1831
1713	1746
1726	1891
1808	1863
503	1114
503	1216
503	1635
503	1787
691	1349
691	1597
691	1773
815	1550
815	1897
1327	1611
1327	1877
1349	1597
1349	1648
1491	1742
1491	1875
1493	1544
1504	1761
1620	1643
1775	1878
1852	1909
523	1139
523	1865
580	1508
825	1715
913	1294
913	1523
933	1073
933	1363
933	1923
958	1284
958	1321
958	1371
1017	1476
1023	1610
1023	1690
1023	1962
1027	1108
1027	1864
1097	1300
1097	1421
1097	1784
1121	1460
1121	1931
1220	1405
1220	1491
1231	1413
1325	1424
1325	1689
1501	1898
1508	1869
1616	1792
1616	1935
1842	1966
727	1380
727	1653
727	1902
947	982
983	1568
983	1871
1166	1425
1166	1897
1166	1991
1167	1518
1167	1654
1167	1849
1167	1950
1167	1981
1178	1667
1320	1677
1330	1856
1330	1934
1361	1661
1407	1518
1407	1520
1440	1809
1447	1827
1541	1939
1674	1799
1674	1902
1739	1895
1832	1891
401	1586
401	1858
401	1869
416	985
416	1390
687	934
687	1244
687	1499
687	1877
735	1587
885	927
885	1773
896	1202
896	1212
896	1217
896	1438
896	1494
939	1159
939	1460
1174	1313
1243	1567
1472	1588
1518	1634
1683	1709
1751	1814
1751	1887
1945	1980
410	735
410	1654
410	1792
511	1444
568	719
568	945
568	1785
738	1738
738	1950
854	1340
854	1438
854	1597
883	1139
883	1299
883	1321
883	1611
915	1569
1061	1174
1061	1514
1061	1574
1061	1966
1159	1568
1159	1742
1159	1875
1284	1320
1284	1601
1284	1607
1284	1705
1284	1760
1284	1860
1334	1616
1334	1647
1586	1621
1586	1858
1586	1900
1635	1962
1651	1814
1887	1921
1887	1952
697	1474
794	1135
794	1193
992	1011
1014	1164
1014	1460
1014	1513
1551	1619
1551	1691
1759	1915
1862	1937
596	696
596	1401
683	727
683	919
683	1550
762	1179
762	1607
762	1895
1084	1754
1106	1347
1119	1190
1119	1923
1287	1336
1287	1562
1348	1494
1448	1712
1569	1739
1613	1645
1613	1939
1645	1842
1645	1953
1782	1920
1782	1989
1915	1926
516	1345
713	908
713	1672
938	1472
938	1738
986	1754
986	1793
986	1834
1344	1799
1617	1666
1817	1873
650	870
650	1355
772	819
772	1131
772	1270
772	1768
772	1810
1114	1333
1237	1401
1405	1467
1432	1459
1575	1619
1575	1666
1049	1416
1049	1654
1093	1751
1244	1830
1244	1879
1270	1700
1270	1799
1494	1857
1498	1826
1618	1993
1851	1899
561	1172
1015	1593
1015	1746
1423	1560
1423	1950
1462	1532
1532	1763
1532	1872
1564	1830
1570	1799
1621	1780
1621	1997
1679	1735
695	1413
695	1444
695	1960
799	1943
942	1178
942	1649
942	1666
942	1984
1035	1620
1104	1677
1336	1764
612	1257
612	1566
1310	1700
1647	1715
1647	1841
1647	1860
1647	1912
1707	1770
1059	1332
1164	1611
1164	1985
1189	1770
1449	1674
1449	1756
1474	1618
1474	1720
1566	1933
1566	1941
834	1538
834	1870
893	1621
893	1807
953	1056
953	1871
1011	1324
1011	1692
1046	1538
1046	1980
1085	1211
1085	1544
771	1015
771	1281
771	1289
771	1808
908	1089
908	1826
1321	1801
1704	1874
1704	1954
747	1106
747	1985
1143	1407
1143	1459
1143	1938
1513	1844
1610	1961
1139	1504
1139	1586
1404	1572
1596	1974
1514	1945
1705	1921
1705	1982
744	1139
987	1310
1413	1447
1413	1938
1600	1793
1600	1914
1629	1706
1486	1677
1941	1954
1315	1570
1315	1933
1944	1959
1864	1985
1974	1988
1974	1993
810	1582
810	1645
1567	1591
1089	1578
1741	1945
945	994
945	1720
1414	1802
1395	1472
1424	1493
1424	1707
1642	1723
1642	1974
1333	1490
934	1332
1129	1981
1722	1751
613	850
613	1643
613	1764
613	1787
1347	1491
1347	1844
1347	1933
1527	1827
1510	1532
1510	1557
1510	1731
1807	1904
1807	1958
1523	1870
