# Undirected graph (each unordered pair of nodes is saved once): output/networks/ScaleFree200removeCentrality-85percent.txt
# Nodes: 300 Edges: 2084
# NodeId	NodeId
921	1181
921	1326
921	1333
921	1524
921	1598
921	1619
921	1643
921	1758
921	1770
921	1792
921	1807
921	1836
921	1840
921	1862
921	1872
921	1884
921	1902
921	1970
1003	1354
1003	1382
1003	1389
1003	1415
1003	1504
1003	1676
1003	1695
1003	1818
1003	1822
1003	1824
1003	1878
1003	1937
1003	1941
1003	1957
1082	1138
1082	1219
1082	1298
1082	1422
1082	1449
1082	1472
1082	1641
1082	1815
1082	1836
1082	1837
1082	1905
1082	1933
1082	1947
1082	1970
1082	1989
1172	1347
1172	1434
1172	1543
1172	1638
1172	1651
1172	1680
1172	1710
1172	1717
1172	1739
1172	1778
1172	1780
1172	1795
1172	1853
1172	1940
1172	1985
1185	1219
1185	1598
1185	1723
1185	1733
1185	1739
1185	1756
1185	1811
1185	1856
1185	1873
1185	1874
1185	1890
1185	1900
1185	1912
1185	1963
1219	1324
1219	1548
1219	1563
1219	1654
1219	1758
1219	1837
1219	1916
1219	1922
1219	1929
1223	1362
1223	1390
1223	1480
1223	1530
1223	1534
1223	1642
1223	1654
1223	1761
1223	1805
1223	1820
1223	1826
1223	1931
1223	1969
1318	1324
1318	1402
1318	1454
1318	1618
1318	1688
1318	1841
1318	1857
1318	1861
1318	1866
1318	1966
1318	1985
1324	1480
1324	1598
1324	1614
1324	1651
1324	1674
1324	1730
1324	1802
1324	1832
1324	1864
1324	1871
1324	1883
1324	1900
1324	1920
1324	1927
1324	1985
1354	1544
1354	1734
1354	1795
1354	1796
1354	1876
1354	1928
1354	1931
1354	1954
1354	1986
1402	1530
1402	1604
1402	1722
1402	1791
1402	1828
1402	1831
1402	1841
1402	1887
1402	1921
1402	1963
1402	1983
1402	1986
1415	1677
1415	1698
1415	1724
1415	1762
1415	1815
1415	1876
1415	1897
1415	1926
1415	1989
1488	1529
1488	1547
1488	1587
1488	1611
1488	1707
1488	1727
1488	1769
1488	1822
1488	1846
1488	1958
1488	1978
1488	1981
1524	1530
1524	1562
1524	1594
1524	1680
1524	1683
1524	1688
1524	1695
1524	1698
1524	1827
1524	1846
1524	1856
1524	1927
1524	1947
1525	1543
1525	1547
1525	1566
1525	1646
1525	1739
1525	1815
1525	1917
1525	1947
1547	1619
1547	1644
1547	1731
1547	1792
1547	1800
1547	1859
1547	1867
1547	1939
1547	1965
1547	1983
1547	1984
1560	1586
1560	1619
1560	1677
1560	1747
1560	1795
1560	1796
1560	1897
1560	1900
1560	1904
1560	1928
1560	1955
1560	1981
1560	1983
1560	1985
1561	1563
1561	1588
1561	1643
1561	1731
1561	1739
1561	1819
1561	1836
1561	1850
1561	1852
1561	1867
1561	1875
1561	1970
1561	1990
1565	1609
1565	1622
1565	1692
1565	1733
1565	1769
1565	1791
1565	1836
1565	1847
1565	1861
1565	1875
1565	1993
1581	1596
1581	1611
1581	1637
1581	1731
1581	1859
1598	1660
1598	1737
1598	1752
1598	1841
1598	1905
1598	1963
1598	1980
1615	1649
1615	1677
1615	1686
1615	1825
1615	1969
1615	1971
1615	1990
1618	1619
1618	1651
1618	1654
1618	1689
1618	1710
1618	1745
1618	1756
1618	1758
1618	1799
1618	1823
1618	1872
1618	1897
1622	1641
1622	1692
1622	1697
1622	1815
1622	1947
1622	1968
1622	1983
1622	1989
1640	1758
1640	1865
1640	1874
1640	1912
1641	1645
1641	1740
1641	1817
1641	1850
1641	1910
1641	1932
1641	1960
1641	1990
1654	1668
1654	1822
1654	1841
1654	1921
1654	1930
1654	1931
1654	1936
1654	1946
1654	1979
1674	1739
1674	1796
1674	1799
1674	1861
1674	1876
1674	1958
1674	1968
1680	1730
1680	1747
1680	1811
1680	1876
1680	1922
1680	1942
1680	1990
1689	1690
1689	1698
1689	1824
1689	1852
1689	1928
1689	1961
1689	1963
1692	1721
1692	1744
1692	1802
1692	1847
1692	1861
1692	1866
1692	1938
1692	1993
1692	1996
1698	1710
1698	1731
1698	1762
1698	1877
1698	1942
1698	1990
1712	1796
1712	1806
1712	1874
1712	1885
1712	1937
1712	1994
1715	1719
1715	1745
1715	1769
1715	1778
1715	1800
1715	1934
1715	1943
1715	1976
1715	1993
1717	1719
1717	1742
1717	1761
1717	1778
1717	1815
1717	1844
1717	1902
1717	1941
1717	1958
1717	1960
1717	1990
1744	1747
1744	1778
1744	1822
1744	1832
1744	1848
1744	1857
1744	1859
1744	1939
1747	1822
1747	1877
1756	1761
1756	1826
1756	1878
1756	1921
1756	1987
1772	1775
1772	1827
1772	1849
1772	1850
1772	1884
1772	1906
1772	1981
1772	1982
1799	1807
1799	1823
1799	1876
1799	1921
1799	1934
1799	1948
1805	1820
1805	1847
1805	1853
1805	1878
1805	1900
1805	1957
1805	1966
1805	1971
1805	1982
1806	1846
1806	1885
1806	1910
1806	1917
1806	1963
1806	1976
1824	1827
1824	1866
1824	1873
1824	1877
1824	1898
1824	1922
1824	1936
1824	1939
1824	1954
1826	1827
1826	1865
1826	1885
1826	1899
1826	1933
1826	1970
1826	1976
1826	1979
1831	1832
1831	1836
1831	1838
1831	1841
1831	1899
1831	1927
1831	1939
1831	1948
1831	1961
1831	1988
1837	1857
1837	1900
1837	1922
1837	1946
1837	1954
1837	1970
1840	1936
1840	1938
1840	1966
1840	1981
1840	1990
1840	1994
1846	1850
1846	1852
1846	1875
1846	1936
1856	1904
1856	1970
1857	1883
1857	1965
1857	1971
1857	1996
1865	1909
1865	1922
1865	1929
1865	1931
1865	1932
1865	1969
1884	1909
1884	1955
1884	1967
1884	1995
1885	1939
1885	1960
1885	1970
1885	1979
1899	1912
1899	1948
1899	1984
1900	1939
1900	1955
1900	1970
1900	1976
1912	1913
1912	1986
1936	1957
1936	1981
1948	1958
1067	1082
1067	1281
1067	1544
1067	1615
1067	1642
1067	1740
1067	1750
1067	1787
1067	1826
1067	1872
1067	1883
1067	1898
1067	1929
1169	1333
1169	1720
1169	1722
1169	1757
1169	1778
1169	1799
1169	1838
1169	1849
1169	1905
1169	1979
1169	1996
1181	1396
1181	1415
1181	1529
1181	1544
1181	1787
1181	1825
1181	1826
1181	1871
1181	1872
1181	1904
1181	1930
1181	1986
1181	1994
1181	1995
1281	1408
1281	1449
1281	1548
1281	1581
1281	1588
1281	1643
1281	1688
1281	1698
1281	1720
1281	1752
1281	1769
1281	1770
1281	1795
1281	1828
1281	1875
1281	1910
1281	1936
1309	1382
1309	1389
1309	1504
1309	1697
1309	1722
1309	1737
1309	1791
1309	1819
1309	1963
1309	1965
1326	1464
1326	1529
1326	1544
1326	1562
1326	1717
1326	1719
1326	1720
1326	1769
1326	1802
1326	1806
1326	1811
1326	1887
1326	1928
1326	1955
1326	1969
1408	1451
1408	1517
1408	1586
1408	1611
1408	1677
1408	1742
1408	1752
1408	1823
1408	1832
1408	1940
1408	1960
1448	1525
1448	1581
1448	1646
1448	1669
1448	1712
1448	1737
1448	1742
1448	1756
1448	1909
1448	1941
1499	1642
1499	1646
1499	1730
1499	1927
1499	1960
1499	1968
1499	1982
1530	1629
1530	1643
1530	1717
1530	1724
1530	1760
1530	1831
1530	1866
1530	1872
1530	1873
1530	1899
1530	1968
1530	1988
1541	1547
1541	1604
1541	1637
1541	1660
1541	1778
1541	1799
1541	1837
1541	1874
1544	1561
1544	1596
1544	1715
1544	1811
1544	1817
1544	1871
1544	1898
1544	1941
1544	1947
1544	1965
1544	1990
1554	1676
1554	1795
1554	1806
1554	1864
1554	1902
1554	1929
1554	1934
1554	1967
1554	1994
1563	1637
1563	1638
1563	1708
1563	1745
1563	1791
1563	1799
1563	1832
1563	1897
1563	1920
1611	1734
1611	1811
1611	1826
1611	1832
1611	1864
1611	1988
1638	1677
1638	1742
1638	1799
1638	1822
1638	1844
1638	1862
1638	1899
1638	1900
1638	1913
1638	1937
1638	1942
1644	1688
1644	1744
1644	1762
1644	1770
1644	1800
1644	1831
1644	1856
1644	1862
1644	1877
1644	1883
1644	1902
1644	1920
1644	1958
1645	1697
1645	1719
1645	1744
1645	1791
1645	1815
1645	1883
1645	1981
1669	1721
1669	1737
1669	1744
1669	1757
1669	1780
1669	1828
1669	1837
1669	1913
1669	1917
1669	1929
1669	1940
1708	1719
1708	1722
1708	1818
1708	1820
1708	1871
1708	1960
1708	1966
1720	1740
1720	1792
1720	1819
1720	1847
1720	1933
1720	1988
1720	1993
1721	1752
1721	1772
1721	1778
1721	1795
1721	1807
1721	1872
1721	1909
1721	1927
1721	1946
1721	1986
1721	1996
1727	1747
1727	1772
1727	1866
1727	1876
1727	1904
1727	1937
1727	1965
1727	1979
1730	1747
1730	1750
1730	1780
1730	1824
1730	1852
1730	1960
1730	1976
1731	1867
1731	1983
1733	1750
1733	1801
1733	1805
1733	1838
1733	1856
1733	1857
1733	1923
1733	1937
1733	1948
1733	1955
1733	1979
1739	1788
1739	1803
1739	1817
1739	1837
1739	1853
1739	1947
1739	1983
1739	1989
1739	1996
1752	1802
1752	1817
1752	1848
1752	1876
1752	1900
1752	1931
1758	1850
1758	1923
1758	1955
1758	1978
1758	1986
1769	1800
1769	1831
1769	1913
1769	1923
1769	1933
1775	1788
1775	1825
1775	1840
1775	1917
1775	1983
1775	1986
1825	1857
1825	1861
1825	1872
1825	1955
1825	1971
1825	1990
1825	1993
1828	1844
1828	1878
1828	1967
1828	1988
1836	1848
1836	1861
1836	1878
1836	1942
1866	1873
1866	1883
1866	1906
1866	1960
1866	1970
1866	1986
1866	1990
1875	1887
1875	1913
1890	1910
1890	1966
1890	1972
1890	1984
1890	1996
1913	1916
1913	1917
1913	1921
1913	1930
1913	1931
1913	1985
1922	1993
1927	1930
1931	1969
1939	1947
1939	1970
1942	1989
1954	1965
1954	1980
1961	1978
1971	1986
1976	1980
815	1281
815	1408
815	1431
815	1449
815	1499
815	1543
815	1593
815	1596
815	1649
815	1683
815	1689
815	1699
815	1799
815	1837
815	1940
815	1968
1283	1347
1283	1676
1283	1817
1283	1837
1283	1852
1283	1898
1283	1904
1283	1943
1283	1958
1283	1961
1283	1966
1283	1969
1283	1978
1283	1981
1283	1995
1286	1362
1286	1530
1286	1547
1286	1646
1286	1707
1286	1730
1286	1747
1286	1769
1286	1805
1286	1819
1286	1836
1286	1874
1286	1934
1286	1939
1286	1947
1286	1965
1298	1396
1298	1495
1298	1563
1298	1641
1298	1642
1298	1669
1298	1676
1298	1823
1298	1912
1298	1921
1298	1929
1298	1938
1298	1954
1298	1969
1298	1981
1298	1983
1298	1984
1298	1988
1305	1543
1305	1586
1305	1622
1305	1683
1305	1688
1305	1695
1305	1697
1305	1756
1305	1803
1305	1819
1305	1926
1305	1990
1333	1389
1333	1434
1333	1530
1333	1548
1333	1588
1333	1611
1333	1761
1333	1796
1333	1841
1333	1844
1333	1850
1333	1867
1333	1871
1333	1965
1333	1968
1333	1982
1347	1480
1347	1488
1347	1495
1347	1651
1347	1660
1347	1715
1347	1723
1347	1731
1347	1780
1347	1818
1347	1898
1347	1910
1347	1976
1399	1448
1399	1486
1399	1525
1399	1541
1399	1615
1399	1683
1399	1707
1399	1846
1399	1921
1399	1943
1399	1989
1431	1451
1431	1454
1431	1588
1431	1614
1431	1654
1431	1799
1431	1823
1431	1847
1431	1859
1431	1877
1431	1941
1431	1990
1464	1548
1464	1566
1464	1598
1464	1688
1464	1802
1464	1831
1464	1898
1464	1960
1464	1972
1464	1986
1484	1530
1484	1638
1484	1644
1484	1660
1484	1758
1484	1852
1484	1866
1484	1867
1484	1923
1495	1566
1495	1586
1495	1654
1495	1695
1495	1719
1495	1742
1495	1852
1495	1859
1495	1917
1495	1966
1495	1989
1562	1566
1562	1708
1562	1721
1562	1724
1562	1734
1562	1769
1562	1923
1562	1965
1562	1971
1562	1988
1568	1587
1568	1744
1568	1792
1568	1801
1568	1849
1568	1867
1568	1912
1568	1923
1568	1965
1586	1642
1586	1669
1586	1760
1586	1769
1586	1772
1586	1807
1586	1822
1586	1828
1586	1904
1586	1909
1586	1929
1586	1986
1594	1604
1594	1609
1594	1611
1594	1698
1594	1750
1594	1838
1594	1877
1594	1897
1594	1932
1594	1978
1608	1673
1608	1708
1608	1715
1608	1758
1608	1876
1608	1912
1608	1919
1608	1921
1608	1928
1608	1934
1608	1981
1637	1674
1637	1710
1637	1719
1637	1724
1637	1799
1637	1837
1637	1906
1637	1942
1637	1968
1660	1689
1660	1707
1660	1817
1660	1862
1660	1878
1660	1917
1660	1980
1668	1676
1668	1692
1668	1757
1668	1787
1668	1826
1668	1884
1668	1904
1668	1912
1668	1954
1668	1976
1673	1676
1673	1689
1673	1724
1673	1792
1673	1824
1676	1715
1676	1772
1676	1828
1676	1838
1676	1840
1676	1841
1676	1865
1676	1866
1676	1929
1676	1979
1677	1844
1677	1849
1677	1852
1677	1927
1677	1937
1677	1972
1683	1712
1683	1717
1683	1734
1683	1758
1683	1885
1683	1905
1683	1909
1683	1912
1683	1928
1683	1983
1683	1994
1683	1995
1699	1717
1699	1780
1699	1803
1699	1846
1699	1847
1699	1864
1699	1874
1699	1978
1699	1994
1722	1745
1722	1780
1722	1905
1722	1960
1722	1981
1724	1820
1724	1848
1724	1928
1724	1941
1724	1987
1724	1993
1734	1770
1734	1831
1734	1900
1734	1976
1788	1791
1788	1822
1788	1825
1788	1878
1788	1885
1788	1890
1788	1909
1788	1919
1792	1824
1792	1865
1792	1927
1792	1942
1792	1967
1796	1799
1796	1916
1796	1928
1796	1943
1796	1961
1823	1902
1823	1963
1823	1982
1827	1857
1827	1878
1827	1938
1827	1979
1867	1883
1867	1905
1867	1929
1877	1913
1877	1965
1877	1968
1877	1984
1887	1900
1887	1916
1887	1928
1919	1920
1919	1936
1919	1963
1919	1980
1920	1928
1929	1943
1929	1958
1929	1960
1929	1971
1941	1946
1941	1955
1941	1968
1941	1972
1946	1955
1946	1984
1966	1970
1966	1987
1138	1181
1138	1219
1138	1404
1138	1548
1138	1614
1138	1615
1138	1708
1138	1795
1138	1831
1138	1850
1138	1856
1138	1857
1138	1864
1138	1958
1138	1981
1362	1434
1362	1529
1362	1566
1362	1614
1362	1641
1362	1756
1362	1775
1362	1780
1362	1883
1362	1913
1362	1955
1362	1966
1362	1971
1362	1982
1362	1987
1449	1451
1449	1499
1449	1645
1449	1686
1449	1688
1449	1692
1449	1760
1449	1805
1449	1910
1449	1932
1449	1985
1449	1989
1454	1529
1454	1614
1454	1646
1454	1654
1454	1697
1454	1722
1454	1801
1454	1811
1454	1823
1454	1840
1454	1875
1454	1909
1454	1934
1454	1946
1454	1954
1454	1983
1534	1541
1534	1619
1534	1677
1534	1698
1534	1841
1534	1883
1534	1885
1534	1948
1534	1968
1587	1640
1587	1721
1587	1733
1587	1737
1587	1775
1587	1828
1587	1861
1587	1873
1587	1921
1587	1927
1643	1669
1643	1707
1643	1721
1643	1737
1643	1791
1643	1847
1643	1862
1643	1902
1643	1933
1643	1948
1643	1961
1643	1995
1649	1712
1649	1731
1649	1770
1649	1787
1649	1849
1649	1919
1649	1923
1745	1780
1745	1787
1745	1844
1745	1853
1745	1917
1745	1948
1745	1996
1787	1788
1787	1811
1787	1864
1787	1877
1787	1938
1787	1942
1787	1978
1795	1859
1795	1872
1795	1928
1795	1929
1817	1824
1817	1828
1817	1844
1817	1848
1817	1859
1847	1862
1847	1929
1847	1988
1849	1887
1849	1890
1849	1910
1849	1940
1864	1897
1864	1961
1864	1970
1871	1910
1871	1954
1871	1963
1873	1878
1873	1909
1873	1919
1873	1967
1873	1995
1873	1996
1883	1919
1910	1921
1910	1967
1910	1995
1926	1942
1926	1989
1926	1995
1932	1940
1932	1954
1932	1955
1932	1969
1932	1982
1932	1984
1932	1990
1937	1943
1937	1947
1937	1957
1937	1978
1937	1982
1940	1942
1940	1943
1940	1980
1943	1968
1943	1976
1943	1996
1955	1987
1955	1996
1958	1965
1958	1970
1958	1988
1963	1988
1963	1994
1969	1985
1047	1201
1047	1525
1047	1565
1047	1629
1047	1640
1047	1641
1047	1730
1047	1747
1047	1769
1047	1788
1047	1800
1047	1850
1047	1857
1047	1861
1047	1913
1047	1932
1047	1938
1047	1946
1047	1986
1088	1201
1088	1277
1088	1298
1088	1389
1088	1402
1088	1529
1088	1563
1088	1640
1088	1724
1088	1800
1088	1826
1088	1832
1088	1927
1088	1936
1088	1996
1371	1561
1371	1598
1371	1649
1371	1674
1371	1727
1371	1807
1371	1872
1371	1916
1371	1922
1371	1929
1371	1943
1404	1524
1404	1534
1404	1544
1404	1562
1404	1587
1404	1604
1404	1638
1404	1654
1404	1819
1404	1884
1404	1887
1404	1931
1404	1987
1463	1488
1463	1525
1463	1629
1463	1690
1463	1733
1463	1772
1463	1778
1463	1795
1463	1805
1463	1831
1463	1874
1463	1884
1463	1922
1463	1985
1463	1989
1646	1688
1646	1720
1646	1775
1646	1841
1646	1853
1646	1898
1646	1902
1646	1941
1646	1958
1646	1979
1697	1698
1697	1803
1697	1820
1697	1853
1697	1874
1697	1875
1697	1946
1697	1972
1697	1990
1719	1720
1719	1761
1719	1815
1719	1861
1719	1899
1719	1916
1719	1936
1719	1984
1740	1744
1740	1745
1740	1770
1740	1778
1740	1856
1740	1884
1740	1940
1740	1947
1740	1979
1742	1799
1742	1811
1742	1815
1742	1823
1742	1841
1742	1897
1742	1933
1791	1825
1791	1838
1791	1853
1791	1871
1791	1878
1791	1923
1803	1823
1803	1861
1803	1926
1803	1936
1822	1838
1822	1898
1822	1941
1822	1943
1838	1856
1838	1946
1838	1948
1838	1954
1838	1970
1861	1876
1861	1897
1861	1972
1861	1986
1872	1876
1872	1967
1872	1968
1872	1982
1872	1988
1874	1922
1876	1883
1876	1941
1876	1984
1878	1884
1878	1933
1878	1978
1878	1985
1878	1987
1909	1934
1909	1940
1909	1967
1909	1971
1909	1976
1921	1972
1957	1996
1967	1972
1967	1978
1967	1979
1967	1996
1968	1970
1968	1979
1968	1985
1472	1495
1472	1541
1472	1594
1472	1683
1472	1688
1472	1697
1472	1708
1472	1740
1472	1752
1472	1780
1472	1861
1472	1928
1472	1989
1472	1990
1472	1996
1548	1581
1548	1637
1548	1677
1548	1719
1548	1721
1548	1740
1548	1841
1548	1859
1548	1866
1548	1874
1588	1668
1588	1676
1588	1720
1588	1761
1588	1857
1588	1864
1588	1873
1588	1883
1588	1905
1588	1931
1588	1941
1588	1993
1690	1699
1690	1710
1690	1733
1690	1811
1690	1826
1690	1840
1690	1864
1690	1900
1690	1919
1690	1931
1690	1934
1690	1957
1690	1969
1690	1987
1710	1752
1710	1770
1710	1931
1710	1933
1710	1934
1737	1943
1737	1986
1737	1987
1802	1885
1802	1900
1802	1930
1802	1970
1802	1987
1811	1848
1811	1884
1811	1921
1811	1931
1811	1954
1811	1965
1818	1828
1818	1841
1818	1916
1818	1920
1818	1921
1818	1937
1818	1954
1820	1862
1820	1873
1820	1875
1820	1954
1848	1849
1848	1862
1848	1913
1848	1930
1848	1942
1848	1963
1848	1972
1850	1856
1850	1857
1850	1859
1850	1913
1850	1926
1852	1853
1852	1875
1852	1957
1852	1996
1965	1978
1965	1988
1277	1283
1277	1305
1277	1309
1277	1434
1277	1517
1277	1525
1277	1548
1277	1588
1277	1708
1277	1802
1277	1826
1277	1847
1277	1927
1277	1937
1277	1941
1277	1947
1422	1451
1422	1563
1422	1566
1422	1586
1422	1712
1422	1747
1422	1876
1422	1904
1422	1919
1422	1926
1422	1972
1422	1993
1517	1561
1517	1562
1517	1688
1517	1727
1517	1760
1517	1791
1517	1838
1517	1840
1517	1849
1517	1912
1517	1927
1517	1946
1517	1948
1543	1720
1543	1742
1543	1791
1543	1801
1543	1831
1543	1852
1543	1884
1543	1906
1543	1937
1543	1984
1543	1987
1543	1995
1566	1618
1566	1722
1566	1791
1566	1801
1566	1849
1566	1921
1614	1642
1614	1883
1707	1733
1707	1739
1707	1758
1707	1801
1707	1820
1707	1846
1707	1878
1707	1922
1707	1942
1707	1946
1707	1983
1819	1840
1819	1857
1819	1923
1819	1955
1819	1993
1832	1852
1832	1871
1832	1904
1832	1960
1832	1966
1832	1967
1832	1971
1905	1947
1905	1980
1434	1448
1434	1463
1434	1486
1434	1586
1434	1638
1434	1744
1434	1770
1434	1849
1434	1922
1434	1934
1434	1938
1529	1688
1529	1856
1529	1865
1529	1920
1529	1933
1529	1936
1529	1987
1529	1989
1529	1994
1609	1674
1609	1721
1609	1756
1609	1791
1609	1807
1609	1819
1609	1898
1609	1939
1780	1806
1780	1844
1780	1857
1780	1859
1780	1876
1780	1899
1780	1970
1780	1980
1807	1848
1807	1864
1807	1887
1807	1909
1902	1921
1902	1943
1902	1980
1923	1931
1923	1946
1938	1967
1938	1985
1504	1517
1504	1554
1504	1598
1504	1699
1504	1710
1504	1712
1504	1734
1504	1824
1504	1844
1504	1859
1504	1865
1504	1926
1504	1930
1504	1966
1504	1989
1695	1838
1695	1857
1695	1862
1695	1875
1695	1883
1695	1923
1695	1928
1695	1929
1695	1930
1695	1968
1695	1979
1762	1805
1762	1818
1762	1820
1762	1848
1762	1875
1762	1897
1762	1939
1762	1958
1778	1818
1778	1837
1778	1850
1778	1878
1778	1916
1778	1943
1778	1978
1800	1861
1800	1871
1800	1910
1800	1961
1917	1966
1978	1979
1093	1399
1093	1422
1093	1560
1093	1561
1093	1593
1093	1611
1093	1616
1093	1727
1093	1734
1093	1752
1093	1818
1093	1841
1093	1927
1486	1541
1486	1560
1486	1622
1486	1660
1486	1688
1486	1715
1486	1775
1486	1823
1486	1871
1486	1900
1486	1929
1486	1993
1593	1598
1593	1616
1593	1618
1593	1651
1593	1825
1593	1853
1593	1862
1593	1872
1593	1939
1593	1947
1616	1721
1616	1758
1616	1875
1616	1916
1616	1923
1616	1936
1616	1942
1616	1961
1616	1988
1750	1800
1750	1826
1750	1837
1750	1871
1750	1897
1750	1899
1750	1905
1750	1972
1757	1837
1757	1859
1757	1871
1757	1874
1757	1909
1757	1932
1757	1961
1757	1967
1898	1905
1898	1937
1898	1982
1898	1983
1916	1934
1916	1961
1916	1976
1930	1933
1930	1978
1451	1604
1451	1608
1451	1611
1451	1616
1451	1654
1451	1802
1451	1819
1451	1824
1451	1827
1451	1995
1604	1615
1604	1674
1604	1724
1604	1799
1604	1831
1604	1867
1604	1874
1604	1887
1604	1954
1629	1644
1629	1668
1629	1806
1629	1832
1629	1837
1629	1846
1629	1890
1629	1947
1629	1971
1629	1986
1686	1724
1686	1727
1686	1796
1686	1800
1686	1887
1686	1898
1686	1938
1686	1954
1686	1970
1723	1745
1723	1844
1723	1905
1723	1986
1862	1878
1862	1912
1862	1921
1862	1930
1933	1938
1981	1996
1390	1431
1390	1451
1390	1464
1390	1609
1390	1622
1390	1644
1390	1695
1390	1730
1390	1756
1390	1803
1390	1806
1390	1826
1390	1859
1390	1874
1390	1988
1801	1857
1801	1883
1801	1938
1801	1942
1801	1960
1801	1971
1801	1980
1801	1988
1801	1989
1853	1875
1853	1913
1853	1930
1853	1937
1853	1955
1853	1980
1859	1929
1859	1940
1859	1961
1859	1980
1201	1286
1201	1434
1201	1562
1201	1611
1201	1649
1201	1683
1201	1699
1201	1708
1201	1740
1201	1807
1201	1899
1201	1916
1201	1948
1201	1954
1382	1622
1382	1629
1382	1733
1382	1745
1382	1760
1382	1762
1382	1792
1382	1836
1382	1846
1382	1920
1382	1938
1382	1946
1382	1994
1619	1641
1619	1654
1619	1712
1619	1733
1619	1758
1619	1787
1619	1792
1619	1836
1619	1919
1619	1932
1619	1940
1651	1683
1651	1723
1651	1750
1651	1756
1651	1846
1651	1847
1651	1922
1688	1780
1688	1836
1688	1902
1815	1824
1815	1844
1815	1900
1815	1912
1815	1913
1815	1938
1815	1968
1906	1913
1906	1926
1906	1994
1480	1587
1480	1637
1480	1642
1480	1796
1480	1799
1480	1819
1480	1844
1480	1876
1480	1902
1480	1906
1480	1993
1761	1819
1761	1848
1761	1861
1761	1942
1761	1996
1396	1448
1396	1594
1396	1669
1396	1686
1396	1689
1396	1722
1396	1787
1396	1792
1396	1807
1396	1818
1396	1976
1396	1981
1396	1994
1770	1772
1770	1802
1770	1885
1770	1916
1770	1939
1770	1961
1770	1980
1770	1984
1229	1277
1229	1404
1229	1488
1229	1534
1229	1596
1229	1660
1229	1731
1229	1742
1229	1757
1229	1820
1229	1853
1229	1931
1229	1941
1229	1965
1229	1967
1229	1968
1389	1499
1389	1530
1389	1554
1389	1651
1389	1690
1389	1737
1389	1747
1389	1775
1389	1800
1389	1844
1389	1902
1389	1917
1389	1934
1596	1615
1596	1719
1596	1724
1596	1727
1596	1742
1596	1756
1596	1819
1596	1824
1596	1826
1596	1875
1596	1876
1596	1884
1596	1920
1596	1937
1596	1955
1596	1972
1642	1750
1642	1752
1642	1756
1642	1769
1642	1795
1642	1875
1642	1876
1642	1971
1760	1769
1760	1867
1760	1872
1760	1965
1760	1979
1760	1987
1760	1993
1844	1922
1844	1936
1844	1967
