# Undirected graph (each unordered pair of nodes is saved once): output/networks/ScaleFree200removeCentrality-80percent.txt
# Nodes: 400 Edges: 4131
# NodeId	NodeId
921	1181
921	1326
921	1333
921	1368
921	1461
921	1509
921	1524
921	1598
921	1619
921	1643
921	1703
921	1736
921	1758
921	1770
921	1792
921	1807
921	1836
921	1840
921	1862
921	1872
921	1884
921	1902
921	1970
1003	1284
1003	1354
1003	1382
1003	1389
1003	1415
1003	1504
1003	1590
1003	1665
1003	1676
1003	1695
1003	1818
1003	1822
1003	1824
1003	1878
1003	1901
1003	1937
1003	1941
1003	1944
1003	1957
1007	1164
1007	1326
1007	1347
1007	1393
1007	1422
1007	1459
1007	1486
1007	1559
1007	1561
1007	1581
1007	1614
1007	1642
1007	1666
1007	1756
1007	1762
1007	1774
1007	1803
1007	1857
1007	1898
1007	1939
1007	1962
1007	1985
1007	1989
1007	1993
1082	1138
1082	1219
1082	1298
1082	1330
1082	1422
1082	1449
1082	1472
1082	1641
1082	1650
1082	1774
1082	1815
1082	1836
1082	1837
1082	1893
1082	1905
1082	1933
1082	1947
1082	1949
1082	1970
1082	1989
1164	1276
1164	1309
1164	1368
1164	1404
1164	1449
1164	1494
1164	1547
1164	1614
1164	1620
1164	1693
1164	1756
1164	1759
1164	1766
1164	1791
1164	1823
1164	1825
1164	1836
1164	1859
1164	1862
1164	1904
1164	1923
1164	1930
1164	1932
1164	1933
1164	1995
1172	1347
1172	1434
1172	1494
1172	1515
1172	1543
1172	1557
1172	1638
1172	1651
1172	1680
1172	1710
1172	1717
1172	1739
1172	1778
1172	1780
1172	1795
1172	1853
1172	1940
1172	1973
1172	1977
1172	1985
1185	1219
1185	1413
1185	1598
1185	1661
1185	1705
1185	1723
1185	1733
1185	1739
1185	1756
1185	1811
1185	1856
1185	1873
1185	1874
1185	1890
1185	1892
1185	1900
1185	1912
1185	1962
1185	1963
1219	1222
1219	1301
1219	1324
1219	1548
1219	1563
1219	1653
1219	1654
1219	1666
1219	1758
1219	1783
1219	1837
1219	1839
1219	1896
1219	1916
1219	1922
1219	1929
1223	1362
1223	1386
1223	1390
1223	1425
1223	1461
1223	1480
1223	1530
1223	1534
1223	1557
1223	1642
1223	1654
1223	1661
1223	1665
1223	1761
1223	1805
1223	1820
1223	1826
1223	1901
1223	1931
1223	1964
1223	1969
1318	1324
1318	1385
1318	1388
1318	1402
1318	1454
1318	1465
1318	1618
1318	1620
1318	1688
1318	1753
1318	1776
1318	1841
1318	1857
1318	1861
1318	1866
1318	1962
1318	1966
1318	1985
1322	1388
1322	1402
1322	1415
1322	1534
1322	1544
1322	1554
1322	1562
1322	1661
1322	1664
1322	1680
1322	1721
1322	1737
1322	1756
1322	1757
1322	1764
1322	1822
1322	1836
1322	1847
1322	1856
1322	1862
1322	1871
1322	1878
1322	1940
1322	1962
1322	1979
1322	1985
1324	1385
1324	1452
1324	1480
1324	1598
1324	1614
1324	1651
1324	1674
1324	1730
1324	1776
1324	1802
1324	1832
1324	1864
1324	1871
1324	1883
1324	1900
1324	1920
1324	1927
1324	1985
1330	1371
1330	1373
1330	1387
1330	1444
1330	1464
1330	1494
1330	1557
1330	1641
1330	1650
1330	1686
1330	1690
1330	1721
1330	1742
1330	1844
1330	1860
1330	1901
1330	1923
1330	1939
1330	1945
1330	1954
1330	1966
1330	1980
1330	1983
1352	1371
1352	1393
1352	1438
1352	1465
1352	1543
1352	1587
1352	1645
1352	1646
1352	1689
1352	1703
1352	1707
1352	1708
1352	1714
1352	1720
1352	1740
1352	1784
1352	1791
1352	1806
1352	1937
1352	1972
1352	1986
1354	1544
1354	1670
1354	1734
1354	1795
1354	1796
1354	1876
1354	1889
1354	1892
1354	1928
1354	1931
1354	1954
1354	1986
1388	1389
1388	1486
1388	1630
1388	1719
1388	1720
1388	1744
1388	1772
1388	1803
1388	1828
1388	1865
1388	1872
1388	1875
1388	1889
1388	1900
1388	1921
1388	1922
1388	1934
1388	1940
1388	1954
1393	1548
1393	1554
1393	1640
1393	1650
1393	1661
1393	1699
1393	1703
1393	1761
1393	1766
1393	1769
1393	1874
1393	1883
1393	1892
1393	1897
1393	1902
1393	1905
1393	1912
1393	1935
1402	1530
1402	1604
1402	1612
1402	1722
1402	1776
1402	1791
1402	1828
1402	1831
1402	1841
1402	1887
1402	1921
1402	1963
1402	1983
1402	1986
1415	1459
1415	1509
1415	1557
1415	1677
1415	1698
1415	1724
1415	1762
1415	1815
1415	1876
1415	1897
1415	1926
1415	1989
1423	1438
1423	1465
1423	1560
1423	1588
1423	1620
1423	1635
1423	1650
1423	1668
1423	1757
1423	1775
1423	1785
1423	1848
1423	1852
1423	1888
1423	1897
1423	1901
1423	1924
1423	1961
1423	1962
1423	1983
1441	1452
1441	1541
1441	1543
1441	1560
1441	1568
1441	1669
1441	1674
1441	1723
1441	1747
1441	1758
1441	1761
1441	1791
1441	1792
1441	1801
1441	1802
1441	1826
1441	1832
1441	1847
1441	1873
1441	1893
1441	1945
1441	1954
1441	1972
1441	1977
1441	1983
1459	1499
1459	1668
1459	1686
1459	1708
1459	1724
1459	1784
1459	1792
1459	1801
1459	1817
1459	1822
1459	1838
1459	1846
1459	1856
1459	1872
1459	1876
1459	1957
1459	1958
1459	1977
1459	1986
1488	1529
1488	1547
1488	1587
1488	1611
1488	1707
1488	1727
1488	1749
1488	1769
1488	1822
1488	1846
1488	1949
1488	1958
1488	1978
1488	1981
1489	1547
1489	1563
1489	1618
1489	1649
1489	1661
1489	1703
1489	1719
1489	1727
1489	1731
1489	1783
1489	1815
1489	1850
1489	1851
1489	1856
1489	1889
1489	1892
1489	1893
1489	1898
1489	1930
1489	1973
1494	1504
1494	1509
1494	1565
1494	1611
1494	1630
1494	1674
1494	1686
1494	1693
1494	1714
1494	1761
1494	1796
1494	1803
1494	1838
1494	1844
1494	1867
1494	1888
1494	1933
1494	1977
1509	1515
1509	1517
1509	1594
1509	1669
1509	1673
1509	1695
1509	1730
1509	1731
1509	1739
1509	1761
1509	1764
1509	1914
1509	1915
1509	1971
1509	1973
1509	1977
1524	1530
1524	1562
1524	1589
1524	1594
1524	1650
1524	1664
1524	1680
1524	1683
1524	1688
1524	1695
1524	1698
1524	1827
1524	1846
1524	1856
1524	1860
1524	1927
1524	1947
1524	1949
1524	1973
1524	1998
1525	1543
1525	1547
1525	1557
1525	1566
1525	1646
1525	1693
1525	1739
1525	1765
1525	1815
1525	1917
1525	1947
1532	1559
1532	1620
1532	1630
1532	1649
1532	1676
1532	1705
1532	1720
1532	1724
1532	1727
1532	1733
1532	1761
1532	1764
1532	1896
1532	1914
1532	1921
1532	1931
1532	1969
1547	1590
1547	1619
1547	1644
1547	1731
1547	1792
1547	1800
1547	1859
1547	1867
1547	1939
1547	1965
1547	1983
1547	1984
1559	1561
1559	1661
1559	1693
1559	1749
1559	1776
1559	1847
1559	1857
1559	1873
1559	1893
1559	1908
1559	1937
1559	1969
1559	1973
1559	1985
1560	1586
1560	1619
1560	1677
1560	1747
1560	1776
1560	1795
1560	1796
1560	1896
1560	1897
1560	1900
1560	1904
1560	1928
1560	1944
1560	1955
1560	1981
1560	1983
1560	1985
1560	1998
1561	1563
1561	1588
1561	1643
1561	1650
1561	1731
1561	1739
1561	1773
1561	1819
1561	1836
1561	1850
1561	1852
1561	1867
1561	1875
1561	1970
1561	1990
1565	1590
1565	1609
1565	1622
1565	1666
1565	1692
1565	1733
1565	1769
1565	1791
1565	1836
1565	1847
1565	1860
1565	1861
1565	1875
1565	1888
1565	1993
1569	1588
1569	1598
1569	1660
1569	1664
1569	1721
1569	1734
1569	1762
1569	1784
1569	1849
1569	1860
1569	1865
1569	1890
1569	1934
1569	1976
1569	1988
1569	1998
1581	1596
1581	1611
1581	1630
1581	1637
1581	1731
1581	1859
1598	1660
1598	1665
1598	1737
1598	1752
1598	1783
1598	1841
1598	1905
1598	1924
1598	1963
1598	1980
1612	1620
1612	1660
1612	1736
1612	1750
1612	1775
1612	1791
1612	1823
1612	1825
1612	1839
1612	1852
1612	1861
1612	1864
1612	1897
1612	1923
1612	1960
1612	1962
1612	1963
1612	1965
1612	1969
1612	1981
1612	1987
1612	1990
1615	1649
1615	1677
1615	1686
1615	1736
1615	1825
1615	1914
1615	1949
1615	1969
1615	1971
1615	1990
1618	1619
1618	1651
1618	1654
1618	1670
1618	1689
1618	1710
1618	1745
1618	1756
1618	1758
1618	1784
1618	1799
1618	1823
1618	1872
1618	1897
1618	1908
1622	1641
1622	1692
1622	1697
1622	1815
1622	1947
1622	1968
1622	1983
1622	1989
1635	1640
1635	1693
1635	1697
1635	1703
1635	1708
1635	1730
1635	1737
1635	1752
1635	1783
1635	1785
1635	1820
1635	1828
1635	1846
1635	1866
1635	1871
1635	1984
1640	1665
1640	1758
1640	1783
1640	1785
1640	1865
1640	1874
1640	1892
1640	1912
1640	1915
1641	1645
1641	1740
1641	1817
1641	1850
1641	1860
1641	1889
1641	1910
1641	1932
1641	1960
1641	1990
1654	1668
1654	1783
1654	1822
1654	1841
1654	1921
1654	1930
1654	1931
1654	1936
1654	1946
1654	1964
1654	1979
1674	1739
1674	1796
1674	1799
1674	1860
1674	1861
1674	1876
1674	1958
1674	1968
1680	1730
1680	1747
1680	1753
1680	1764
1680	1811
1680	1876
1680	1908
1680	1922
1680	1942
1680	1990
1680	1998
1689	1690
1689	1698
1689	1776
1689	1824
1689	1852
1689	1892
1689	1914
1689	1928
1689	1961
1689	1963
1692	1721
1692	1744
1692	1765
1692	1802
1692	1804
1692	1847
1692	1861
1692	1866
1692	1935
1692	1938
1692	1964
1692	1993
1692	1996
1698	1710
1698	1731
1698	1762
1698	1765
1698	1877
1698	1942
1698	1990
1705	1736
1705	1752
1705	1753
1705	1840
1705	1847
1705	1865
1705	1908
1705	1921
1705	1938
1705	1962
1712	1714
1712	1796
1712	1806
1712	1839
1712	1874
1712	1885
1712	1893
1712	1937
1712	1994
1715	1719
1715	1745
1715	1769
1715	1774
1715	1778
1715	1785
1715	1800
1715	1901
1715	1934
1715	1943
1715	1976
1715	1993
1717	1719
1717	1742
1717	1761
1717	1778
1717	1815
1717	1844
1717	1902
1717	1941
1717	1958
1717	1960
1717	1962
1717	1990
1744	1747
1744	1778
1744	1822
1744	1832
1744	1848
1744	1857
1744	1859
1744	1939
1747	1822
1747	1877
1747	1896
1747	1924
1756	1761
1756	1826
1756	1851
1756	1878
1756	1921
1756	1987
1765	1774
1765	1795
1765	1831
1765	1860
1765	1865
1765	1877
1765	1904
1765	1912
1765	1927
1765	1947
1765	1971
1772	1775
1772	1827
1772	1849
1772	1850
1772	1884
1772	1906
1772	1973
1772	1981
1772	1982
1774	1784
1774	1787
1774	1805
1774	1899
1774	1942
1774	1962
1774	1985
1774	1990
1783	1825
1783	1849
1783	1883
1783	1899
1783	1912
1783	1914
1783	1945
1783	1970
1799	1804
1799	1807
1799	1823
1799	1876
1799	1921
1799	1934
1799	1948
1805	1820
1805	1847
1805	1853
1805	1878
1805	1900
1805	1901
1805	1908
1805	1957
1805	1962
1805	1966
1805	1971
1805	1982
1806	1846
1806	1885
1806	1893
1806	1910
1806	1917
1806	1963
1806	1976
1824	1827
1824	1866
1824	1873
1824	1877
1824	1888
1824	1898
1824	1922
1824	1936
1824	1939
1824	1954
1824	1977
1826	1827
1826	1865
1826	1885
1826	1899
1826	1933
1826	1970
1826	1976
1826	1979
1831	1832
1831	1836
1831	1838
1831	1841
1831	1899
1831	1927
1831	1939
1831	1948
1831	1961
1831	1988
1837	1857
1837	1900
1837	1922
1837	1946
1837	1954
1837	1970
1840	1889
1840	1936
1840	1938
1840	1966
1840	1981
1840	1990
1840	1994
1841	1908
1846	1850
1846	1852
1846	1875
1846	1892
1846	1936
1846	1964
1856	1904
1856	1935
1856	1970
1857	1883
1857	1965
1857	1971
1857	1996
1857	1998
1860	1869
1860	1901
1860	1919
1860	1943
1860	1965
1860	1970
1865	1896
1865	1909
1865	1922
1865	1929
1865	1931
1865	1932
1865	1969
1884	1909
1884	1949
1884	1955
1884	1967
1884	1995
1885	1888
1885	1939
1885	1960
1885	1964
1885	1970
1885	1977
1885	1979
1888	1909
1888	1933
1888	1964
1888	1976
1888	1985
1892	1897
1892	1906
1892	1946
1892	1986
1892	1990
1899	1912
1899	1948
1899	1977
1899	1984
1900	1939
1900	1955
1900	1970
1900	1976
1912	1913
1912	1986
1936	1957
1936	1964
1936	1981
1945	1946
1947	1949
1948	1949
1948	1958
1067	1082
1067	1281
1067	1386
1067	1544
1067	1569
1067	1615
1067	1630
1067	1642
1067	1664
1067	1740
1067	1750
1067	1765
1067	1787
1067	1826
1067	1872
1067	1883
1067	1893
1067	1898
1067	1929
1109	1142
1109	1211
1109	1276
1109	1322
1109	1423
1109	1532
1109	1590
1109	1612
1109	1615
1109	1641
1109	1660
1109	1668
1109	1688
1109	1698
1109	1722
1109	1742
1109	1753
1109	1756
1109	1776
1109	1862
1109	1878
1109	1885
1109	1893
1109	1936
1109	1973
1109	1998
1169	1333
1169	1444
1169	1459
1169	1489
1169	1720
1169	1722
1169	1757
1169	1778
1169	1799
1169	1838
1169	1849
1169	1905
1169	1944
1169	1979
1169	1996
1181	1348
1181	1396
1181	1415
1181	1529
1181	1544
1181	1559
1181	1787
1181	1825
1181	1826
1181	1871
1181	1872
1181	1904
1181	1930
1181	1986
1181	1994
1181	1995
1211	1309
1211	1382
1211	1386
1211	1425
1211	1472
1211	1486
1211	1499
1211	1532
1211	1635
1211	1683
1211	1703
1211	1720
1211	1730
1211	1780
1211	1784
1211	1803
1211	1836
1211	1849
1211	1910
1211	1916
1211	1920
1211	1995
1211	1998
1222	1283
1222	1390
1222	1393
1222	1448
1222	1452
1222	1509
1222	1515
1222	1547
1222	1555
1222	1641
1222	1750
1222	1824
1222	1826
1222	1846
1222	1866
1222	1872
1222	1874
1222	1887
1222	1892
1222	1944
1222	1948
1222	1984
1222	1987
1264	1276
1264	1309
1264	1404
1264	1413
1264	1489
1264	1557
1264	1618
1264	1643
1264	1660
1264	1752
1264	1759
1264	1774
1264	1818
1264	1892
1264	1897
1264	1915
1264	1916
1264	1924
1264	1957
1264	1963
1264	1981
1264	1998
1281	1408
1281	1449
1281	1548
1281	1581
1281	1588
1281	1643
1281	1670
1281	1688
1281	1698
1281	1705
1281	1720
1281	1752
1281	1769
1281	1770
1281	1795
1281	1828
1281	1875
1281	1910
1281	1936
1295	1354
1295	1388
1295	1525
1295	1548
1295	1588
1295	1593
1295	1615
1295	1635
1295	1646
1295	1670
1295	1677
1295	1708
1295	1724
1295	1747
1295	1753
1295	1772
1295	1825
1295	1828
1295	1929
1295	1933
1295	1942
1295	1977
1295	1996
1309	1330
1309	1382
1309	1388
1309	1389
1309	1395
1309	1504
1309	1697
1309	1722
1309	1737
1309	1759
1309	1774
1309	1791
1309	1819
1309	1851
1309	1893
1309	1963
1309	1965
1326	1393
1326	1464
1326	1529
1326	1544
1326	1555
1326	1562
1326	1717
1326	1719
1326	1720
1326	1769
1326	1802
1326	1806
1326	1811
1326	1887
1326	1928
1326	1955
1326	1969
1368	1386
1368	1402
1368	1465
1368	1488
1368	1494
1368	1608
1368	1666
1368	1673
1368	1686
1368	1703
1368	1720
1368	1759
1368	1795
1368	1805
1368	1841
1368	1850
1368	1851
1368	1937
1368	1944
1368	1949
1368	1967
1368	1968
1408	1451
1408	1489
1408	1517
1408	1586
1408	1611
1408	1677
1408	1742
1408	1752
1408	1764
1408	1823
1408	1832
1408	1892
1408	1940
1408	1960
1408	1973
1448	1509
1448	1525
1448	1581
1448	1590
1448	1646
1448	1669
1448	1712
1448	1737
1448	1742
1448	1756
1448	1765
1448	1774
1448	1804
1448	1909
1448	1941
1465	1515
1465	1524
1465	1565
1465	1620
1465	1668
1465	1683
1465	1688
1465	1720
1465	1757
1465	1776
1465	1801
1465	1803
1465	1908
1465	1909
1465	1937
1465	1940
1465	1957
1465	1998
1499	1569
1499	1642
1499	1646
1499	1653
1499	1693
1499	1730
1499	1753
1499	1765
1499	1839
1499	1927
1499	1945
1499	1960
1499	1968
1499	1982
1530	1629
1530	1643
1530	1717
1530	1724
1530	1736
1530	1760
1530	1831
1530	1866
1530	1872
1530	1873
1530	1899
1530	1968
1530	1988
1530	1998
1541	1547
1541	1604
1541	1637
1541	1660
1541	1753
1541	1778
1541	1799
1541	1837
1541	1874
1544	1561
1544	1596
1544	1715
1544	1764
1544	1811
1544	1817
1544	1871
1544	1898
1544	1941
1544	1947
1544	1965
1544	1973
1544	1990
1554	1676
1554	1703
1554	1783
1554	1795
1554	1806
1554	1864
1554	1889
1554	1902
1554	1914
1554	1929
1554	1934
1554	1967
1554	1994
1557	1587
1557	1637
1557	1688
1557	1739
1557	1759
1557	1822
1557	1859
1557	1912
1557	1922
1557	1944
1557	1948
1557	1949
1557	1955
1557	1976
1557	1985
1557	1989
1563	1637
1563	1638
1563	1708
1563	1745
1563	1784
1563	1791
1563	1799
1563	1832
1563	1897
1563	1908
1563	1920
1563	1944
1563	1964
1589	1620
1589	1635
1589	1650
1589	1719
1589	1720
1589	1727
1589	1762
1589	1764
1589	1765
1589	1796
1589	1801
1589	1818
1589	1828
1589	1838
1589	1846
1589	1897
1589	1922
1589	1929
1589	1963
1589	1964
1589	1996
1611	1666
1611	1734
1611	1776
1611	1811
1611	1826
1611	1832
1611	1864
1611	1889
1611	1949
1611	1988
1630	1649
1630	1673
1630	1676
1630	1677
1630	1707
1630	1710
1630	1770
1630	1788
1630	1823
1630	1877
1630	1927
1630	1949
1630	1981
1630	1986
1638	1677
1638	1742
1638	1799
1638	1822
1638	1839
1638	1844
1638	1862
1638	1899
1638	1900
1638	1913
1638	1937
1638	1942
1644	1650
1644	1664
1644	1688
1644	1744
1644	1762
1644	1770
1644	1800
1644	1831
1644	1856
1644	1860
1644	1862
1644	1877
1644	1883
1644	1896
1644	1902
1644	1920
1644	1944
1644	1958
1645	1653
1645	1697
1645	1719
1645	1744
1645	1749
1645	1773
1645	1791
1645	1815
1645	1883
1645	1908
1645	1981
1650	1703
1650	1773
1650	1792
1650	1856
1650	1864
1650	1877
1650	1883
1650	1917
1650	1931
1650	1973
1650	1977
1653	1664
1653	1668
1653	1674
1653	1689
1653	1707
1653	1737
1653	1753
1653	1762
1653	1774
1653	1783
1653	1803
1653	1818
1653	1860
1653	1906
1653	1920
1653	1935
1653	1944
1653	1945
1653	1964
1653	1986
1661	1668
1661	1676
1661	1719
1661	1734
1661	1799
1661	1804
1661	1837
1661	1889
1661	1905
1661	1909
1661	1962
1661	1971
1661	1990
1669	1721
1669	1737
1669	1744
1669	1757
1669	1780
1669	1785
1669	1828
1669	1837
1669	1892
1669	1908
1669	1913
1669	1914
1669	1917
1669	1929
1669	1940
1703	1705
1703	1720
1703	1836
1703	1846
1703	1869
1703	1873
1703	1908
1703	1973
1703	1994
1703	1996
1708	1719
1708	1722
1708	1804
1708	1818
1708	1820
1708	1871
1708	1914
1708	1960
1708	1966
1714	1724
1714	1784
1714	1788
1714	1801
1714	1803
1714	1840
1714	1852
1714	1892
1714	1914
1714	1946
1714	1998
1720	1740
1720	1792
1720	1819
1720	1847
1720	1933
1720	1988
1720	1993
1721	1752
1721	1772
1721	1778
1721	1795
1721	1807
1721	1872
1721	1909
1721	1927
1721	1946
1721	1986
1721	1996
1727	1736
1727	1747
1727	1764
1727	1772
1727	1776
1727	1784
1727	1866
1727	1876
1727	1904
1727	1937
1727	1965
1727	1979
1730	1747
1730	1750
1730	1773
1730	1780
1730	1824
1730	1852
1730	1960
1730	1976
1731	1773
1731	1776
1731	1783
1731	1784
1731	1867
1731	1945
1731	1983
1733	1750
1733	1801
1733	1805
1733	1838
1733	1839
1733	1856
1733	1857
1733	1923
1733	1937
1733	1948
1733	1955
1733	1979
1739	1766
1739	1788
1739	1803
1739	1817
1739	1837
1739	1853
1739	1947
1739	1962
1739	1983
1739	1989
1739	1996
1749	1757
1749	1761
1749	1792
1749	1801
1749	1802
1749	1832
1749	1850
1749	1853
1749	1864
1749	1896
1749	1914
1749	1927
1749	1984
1749	1998
1752	1802
1752	1817
1752	1848
1752	1876
1752	1889
1752	1900
1752	1931
1758	1850
1758	1851
1758	1923
1758	1955
1758	1978
1758	1986
1758	1998
1769	1784
1769	1800
1769	1831
1769	1913
1769	1923
1769	1933
1769	1973
1775	1788
1775	1804
1775	1825
1775	1840
1775	1869
1775	1917
1775	1983
1775	1986
1785	1831
1785	1878
1785	1889
1785	1912
1785	1921
1785	1969
1785	1973
1785	1980
1785	1981
1804	1875
1804	1877
1804	1893
1804	1896
1804	1922
1804	1945
1804	1958
1825	1857
1825	1861
1825	1872
1825	1889
1825	1915
1825	1955
1825	1971
1825	1990
1825	1993
1825	1998
1828	1844
1828	1878
1828	1967
1828	1988
1836	1848
1836	1860
1836	1861
1836	1878
1836	1942
1836	1962
1866	1873
1866	1883
1866	1906
1866	1960
1866	1970
1866	1986
1866	1990
1875	1887
1875	1913
1889	1927
1889	1963
1889	1966
1889	1994
1890	1910
1890	1966
1890	1972
1890	1977
1890	1984
1890	1996
1913	1916
1913	1917
1913	1921
1913	1930
1913	1931
1913	1985
1922	1993
1927	1930
1927	1998
1931	1935
1931	1969
1939	1944
1939	1947
1939	1970
1942	1989
1954	1965
1954	1980
1961	1978
1961	1998
1971	1986
1976	1980
815	1281
815	1408
815	1431
815	1449
815	1499
815	1543
815	1569
815	1593
815	1596
815	1649
815	1683
815	1689
815	1699
815	1774
815	1799
815	1837
815	1869
815	1908
815	1940
815	1968
1127	1211
1127	1284
1127	1336
1127	1465
1127	1484
1127	1525
1127	1548
1127	1614
1127	1635
1127	1734
1127	1760
1127	1778
1127	1851
1127	1899
1127	1902
1127	1905
1127	1906
1127	1924
1127	1930
1127	1938
1127	1942
1127	1945
1127	1960
1141	1169
1141	1283
1141	1284
1141	1352
1141	1382
1141	1422
1141	1425
1141	1541
1141	1568
1141	1673
1141	1715
1141	1756
1141	1762
1141	1766
1141	1784
1141	1865
1141	1910
1141	1912
1141	1913
1141	1915
1141	1921
1141	1924
1141	1936
1141	1968
1283	1347
1283	1393
1283	1423
1283	1676
1283	1705
1283	1817
1283	1837
1283	1852
1283	1893
1283	1898
1283	1904
1283	1943
1283	1958
1283	1961
1283	1966
1283	1969
1283	1978
1283	1981
1283	1995
1284	1324
1284	1368
1284	1387
1284	1448
1284	1495
1284	1499
1284	1581
1284	1589
1284	1594
1284	1618
1284	1650
1284	1705
1284	1742
1284	1759
1284	1760
1284	1787
1284	1806
1284	1874
1284	1889
1284	1897
1284	1926
1284	1936
1284	1963
1284	1964
1284	1995
1286	1362
1286	1530
1286	1547
1286	1569
1286	1646
1286	1707
1286	1730
1286	1747
1286	1769
1286	1805
1286	1819
1286	1836
1286	1839
1286	1869
1286	1874
1286	1888
1286	1934
1286	1939
1286	1947
1286	1965
1298	1396
1298	1495
1298	1563
1298	1641
1298	1642
1298	1669
1298	1676
1298	1823
1298	1912
1298	1921
1298	1929
1298	1938
1298	1954
1298	1969
1298	1977
1298	1981
1298	1983
1298	1984
1298	1988
1301	1354
1301	1390
1301	1452
1301	1486
1301	1494
1301	1532
1301	1554
1301	1563
1301	1640
1301	1650
1301	1654
1301	1674
1301	1680
1301	1737
1301	1752
1301	1796
1301	1825
1301	1827
1301	1838
1301	1851
1301	1856
1301	1885
1301	1908
1301	1916
1301	1968
1301	1995
1305	1378
1305	1543
1305	1586
1305	1622
1305	1683
1305	1688
1305	1695
1305	1697
1305	1756
1305	1803
1305	1819
1305	1893
1305	1926
1305	1990
1333	1348
1333	1389
1333	1434
1333	1444
1333	1515
1333	1530
1333	1548
1333	1588
1333	1611
1333	1620
1333	1761
1333	1796
1333	1841
1333	1844
1333	1850
1333	1867
1333	1871
1333	1965
1333	1968
1333	1982
1347	1423
1347	1425
1347	1480
1347	1488
1347	1495
1347	1651
1347	1660
1347	1715
1347	1723
1347	1731
1347	1736
1347	1776
1347	1780
1347	1818
1347	1898
1347	1910
1347	1976
1385	1387
1385	1388
1385	1395
1385	1423
1385	1589
1385	1629
1385	1630
1385	1666
1385	1703
1385	1838
1385	1846
1385	1885
1385	1888
1385	1890
1385	1901
1385	1905
1385	1913
1385	1928
1385	1936
1385	1940
1385	1963
1385	1971
1399	1448
1399	1486
1399	1525
1399	1541
1399	1615
1399	1683
1399	1707
1399	1783
1399	1846
1399	1915
1399	1921
1399	1943
1399	1989
1431	1451
1431	1454
1431	1588
1431	1614
1431	1630
1431	1654
1431	1664
1431	1670
1431	1799
1431	1823
1431	1847
1431	1859
1431	1877
1431	1941
1431	1990
1464	1548
1464	1566
1464	1598
1464	1661
1464	1688
1464	1802
1464	1831
1464	1898
1464	1960
1464	1972
1464	1986
1484	1515
1484	1530
1484	1569
1484	1638
1484	1644
1484	1660
1484	1758
1484	1773
1484	1852
1484	1860
1484	1866
1484	1867
1484	1915
1484	1923
1484	1962
1495	1566
1495	1586
1495	1620
1495	1654
1495	1695
1495	1719
1495	1742
1495	1852
1495	1859
1495	1917
1495	1966
1495	1989
1562	1566
1562	1708
1562	1721
1562	1724
1562	1734
1562	1769
1562	1783
1562	1785
1562	1888
1562	1893
1562	1923
1562	1935
1562	1965
1562	1971
1562	1988
1568	1587
1568	1703
1568	1744
1568	1774
1568	1792
1568	1801
1568	1849
1568	1867
1568	1893
1568	1896
1568	1912
1568	1923
1568	1964
1568	1965
1586	1620
1586	1642
1586	1669
1586	1736
1586	1760
1586	1769
1586	1772
1586	1807
1586	1822
1586	1828
1586	1896
1586	1904
1586	1909
1586	1929
1586	1986
1594	1604
1594	1609
1594	1611
1594	1698
1594	1750
1594	1783
1594	1838
1594	1851
1594	1877
1594	1897
1594	1915
1594	1932
1594	1978
1594	1998
1608	1673
1608	1708
1608	1715
1608	1758
1608	1869
1608	1876
1608	1901
1608	1912
1608	1919
1608	1921
1608	1928
1608	1934
1608	1981
1637	1653
1637	1674
1637	1710
1637	1719
1637	1724
1637	1764
1637	1799
1637	1804
1637	1837
1637	1892
1637	1906
1637	1942
1637	1968
1660	1689
1660	1707
1660	1766
1660	1817
1660	1839
1660	1862
1660	1878
1660	1908
1660	1917
1660	1980
1668	1676
1668	1692
1668	1757
1668	1787
1668	1826
1668	1884
1668	1904
1668	1912
1668	1935
1668	1954
1668	1976
1668	1998
1673	1676
1673	1689
1673	1705
1673	1724
1673	1792
1673	1824
1673	1973
1676	1714
1676	1715
1676	1736
1676	1749
1676	1772
1676	1828
1676	1838
1676	1840
1676	1841
1676	1865
1676	1866
1676	1929
1676	1979
1677	1784
1677	1844
1677	1849
1677	1852
1677	1924
1677	1927
1677	1937
1677	1972
1683	1712
1683	1717
1683	1734
1683	1758
1683	1783
1683	1885
1683	1905
1683	1909
1683	1912
1683	1928
1683	1983
1683	1994
1683	1995
1693	1714
1693	1722
1693	1776
1693	1804
1693	1819
1693	1859
1693	1860
1693	1866
1693	1914
1693	1926
1693	1958
1693	1971
1693	1976
1693	1982
1699	1717
1699	1780
1699	1803
1699	1846
1699	1847
1699	1851
1699	1864
1699	1874
1699	1944
1699	1964
1699	1978
1699	1994
1722	1745
1722	1780
1722	1905
1722	1960
1722	1981
1724	1749
1724	1764
1724	1773
1724	1820
1724	1848
1724	1928
1724	1941
1724	1977
1724	1987
1724	1993
1734	1770
1734	1831
1734	1900
1734	1976
1764	1765
1764	1800
1764	1860
1764	1867
1764	1871
1764	1919
1764	1924
1764	1982
1764	1984
1764	1995
1766	1774
1766	1775
1766	1784
1766	1785
1766	1820
1766	1840
1766	1869
1766	1872
1766	1892
1766	1896
1766	1900
1766	1913
1766	1949
1766	1970
1766	1995
1788	1791
1788	1822
1788	1825
1788	1878
1788	1885
1788	1890
1788	1909
1788	1919
1792	1824
1792	1865
1792	1889
1792	1927
1792	1942
1792	1964
1792	1967
1792	1977
1796	1799
1796	1916
1796	1928
1796	1943
1796	1949
1796	1961
1796	1977
1823	1839
1823	1902
1823	1935
1823	1962
1823	1963
1823	1982
1827	1857
1827	1878
1827	1938
1827	1979
1867	1883
1867	1905
1867	1929
1869	1912
1869	1933
1869	1949
1869	1958
1869	1966
1869	1973
1869	1985
1877	1913
1877	1914
1877	1965
1877	1968
1877	1984
1887	1900
1887	1916
1887	1924
1887	1928
1887	1944
1919	1920
1919	1936
1919	1963
1919	1980
1919	1998
1920	1928
1920	1944
1929	1943
1929	1958
1929	1960
1929	1971
1941	1946
1941	1955
1941	1968
1941	1972
1946	1955
1946	1984
1964	1966
1966	1970
1966	1987
1138	1181
1138	1219
1138	1404
1138	1425
1138	1509
1138	1548
1138	1612
1138	1614
1138	1615
1138	1708
1138	1759
1138	1765
1138	1795
1138	1831
1138	1850
1138	1856
1138	1857
1138	1864
1138	1958
1138	1981
1142	1172
1142	1382
1142	1568
1142	1588
1142	1594
1142	1615
1142	1640
1142	1689
1142	1690
1142	1692
1142	1740
1142	1745
1142	1766
1142	1807
1142	1837
1142	1839
1142	1840
1142	1851
1142	1867
1142	1916
1142	1935
1142	1960
1142	1972
1362	1434
1362	1509
1362	1529
1362	1566
1362	1614
1362	1641
1362	1756
1362	1775
1362	1780
1362	1785
1362	1883
1362	1896
1362	1913
1362	1914
1362	1944
1362	1955
1362	1966
1362	1971
1362	1982
1362	1987
1373	1402
1373	1555
1373	1568
1373	1593
1373	1612
1373	1616
1373	1661
1373	1708
1373	1712
1373	1749
1373	1769
1373	1772
1373	1806
1373	1859
1373	1867
1373	1873
1373	1887
1373	1888
1373	1890
1373	1904
1373	1917
1373	1934
1373	1946
1373	1967
1378	1494
1378	1499
1378	1504
1378	1532
1378	1541
1378	1615
1378	1619
1378	1654
1378	1674
1378	1688
1378	1766
1378	1796
1378	1851
1378	1869
1378	1883
1378	1890
1378	1917
1378	1929
1378	1949
1378	1961
1378	1963
1378	1968
1378	1983
1438	1463
1438	1517
1438	1554
1438	1616
1438	1674
1438	1677
1438	1697
1438	1747
1438	1788
1438	1804
1438	1827
1438	1851
1438	1899
1438	1924
1438	1928
1438	1930
1438	1933
1438	1935
1438	1937
1438	1941
1438	1942
1438	1948
1438	1983
1438	1989
1449	1451
1449	1499
1449	1645
1449	1686
1449	1688
1449	1692
1449	1760
1449	1805
1449	1910
1449	1932
1449	1985
1449	1989
1454	1529
1454	1532
1454	1614
1454	1646
1454	1654
1454	1697
1454	1714
1454	1722
1454	1736
1454	1785
1454	1801
1454	1811
1454	1823
1454	1840
1454	1875
1454	1909
1454	1934
1454	1946
1454	1954
1454	1983
1461	1499
1461	1555
1461	1594
1461	1612
1461	1683
1461	1690
1461	1692
1461	1710
1461	1739
1461	1749
1461	1753
1461	1765
1461	1773
1461	1804
1461	1818
1461	1849
1461	1910
1461	1996
1515	1608
1515	1630
1515	1638
1515	1690
1515	1705
1515	1727
1515	1749
1515	1772
1515	1820
1515	1824
1515	1839
1515	1856
1515	1926
1515	1938
1515	1948
1515	1993
1534	1541
1534	1619
1534	1666
1534	1677
1534	1698
1534	1785
1534	1841
1534	1883
1534	1885
1534	1893
1534	1948
1534	1964
1534	1968
1555	1604
1555	1608
1555	1609
1555	1629
1555	1642
1555	1646
1555	1703
1555	1712
1555	1722
1555	1744
1555	1788
1555	1805
1555	1827
1555	1876
1555	1878
1555	1890
1555	1909
1555	1962
1555	1965
1555	1984
1555	1990
1587	1640
1587	1721
1587	1733
1587	1737
1587	1775
1587	1828
1587	1861
1587	1873
1587	1888
1587	1901
1587	1921
1587	1927
1643	1653
1643	1669
1643	1707
1643	1721
1643	1737
1643	1791
1643	1847
1643	1862
1643	1902
1643	1933
1643	1944
1643	1948
1643	1961
1643	1995
1649	1666
1649	1705
1649	1712
1649	1731
1649	1770
1649	1787
1649	1849
1649	1860
1649	1889
1649	1892
1649	1919
1649	1923
1665	1703
1665	1727
1665	1731
1665	1734
1665	1744
1665	1752
1665	1787
1665	1811
1665	1866
1665	1869
1665	1872
1665	1875
1665	1902
1665	1910
1665	1920
1665	1926
1665	1944
1665	1949
1665	1977
1670	1683
1670	1707
1670	1723
1670	1731
1670	1749
1670	1764
1670	1795
1670	1800
1670	1832
1670	1865
1670	1873
1670	1888
1670	1899
1670	1919
1670	1945
1670	1947
1670	1958
1670	1985
1670	1986
1745	1753
1745	1780
1745	1787
1745	1844
1745	1853
1745	1896
1745	1917
1745	1948
1745	1996
1759	1769
1759	1804
1759	1806
1759	1807
1759	1831
1759	1865
1759	1888
1759	1915
1759	1935
1759	1939
1759	1945
1759	1980
1787	1788
1787	1811
1787	1864
1787	1877
1787	1896
1787	1938
1787	1942
1787	1978
1795	1859
1795	1872
1795	1896
1795	1928
1795	1929
1795	1944
1817	1824
1817	1828
1817	1844
1817	1848
1817	1859
1817	1888
1839	1849
1839	1876
1839	1890
1839	1892
1839	1926
1839	1946
1839	1970
1847	1862
1847	1924
1847	1929
1847	1944
1847	1988
1849	1887
1849	1890
1849	1910
1849	1914
1849	1924
1849	1940
1864	1869
1864	1897
1864	1961
1864	1970
1871	1910
1871	1954
1871	1963
1873	1878
1873	1889
1873	1909
1873	1919
1873	1967
1873	1995
1873	1996
1883	1919
1893	1899
1893	1931
1893	1932
1893	1933
1893	1966
1893	1969
1893	1977
1904	1973
1910	1921
1910	1967
1910	1995
1915	1926
1915	1931
1915	1958
1915	1987
1915	1994
1926	1942
1926	1989
1926	1995
1932	1940
1932	1949
1932	1954
1932	1955
1932	1969
1932	1982
1932	1984
1932	1990
1935	1942
1935	1983
1937	1943
1937	1947
1937	1949
1937	1957
1937	1973
1937	1978
1937	1982
1940	1942
1940	1943
1940	1980
1943	1962
1943	1968
1943	1976
1943	1996
1955	1964
1955	1987
1955	1996
1958	1965
1958	1970
1958	1988
1962	1993
1962	1995
1963	1988
1963	1994
1969	1985
1047	1201
1047	1525
1047	1565
1047	1629
1047	1640
1047	1641
1047	1665
1047	1730
1047	1747
1047	1769
1047	1788
1047	1800
1047	1850
1047	1851
1047	1857
1047	1861
1047	1889
1047	1913
1047	1932
1047	1938
1047	1946
1047	1986
1088	1141
1088	1201
1088	1264
1088	1277
1088	1298
1088	1389
1088	1402
1088	1444
1088	1529
1088	1563
1088	1635
1088	1640
1088	1724
1088	1800
1088	1826
1088	1832
1088	1901
1088	1927
1088	1936
1088	1996
1348	1368
1348	1389
1348	1393
1348	1459
1348	1643
1348	1692
1348	1710
1348	1739
1348	1753
1348	1774
1348	1796
1348	1806
1348	1818
1348	1839
1348	1857
1348	1866
1348	1874
1348	1877
1348	1908
1348	1944
1348	1969
1371	1388
1371	1438
1371	1515
1371	1561
1371	1598
1371	1649
1371	1674
1371	1727
1371	1759
1371	1807
1371	1872
1371	1914
1371	1916
1371	1922
1371	1929
1371	1935
1371	1943
1371	1998
1387	1402
1387	1461
1387	1465
1387	1509
1387	1569
1387	1581
1387	1616
1387	1635
1387	1637
1387	1673
1387	1677
1387	1720
1387	1752
1387	1761
1387	1770
1387	1819
1387	1820
1387	1890
1387	1921
1387	1924
1387	1958
1387	1964
1387	1971
1404	1489
1404	1524
1404	1534
1404	1544
1404	1562
1404	1587
1404	1604
1404	1638
1404	1653
1404	1654
1404	1661
1404	1819
1404	1869
1404	1884
1404	1887
1404	1931
1404	1987
1413	1452
1413	1454
1413	1463
1413	1525
1413	1534
1413	1547
1413	1568
1413	1608
1413	1620
1413	1644
1413	1699
1413	1707
1413	1714
1413	1740
1413	1772
1413	1783
1413	1800
1413	1811
1413	1820
1413	1862
1413	1875
1413	1916
1413	1969
1413	1979
1413	1993
1425	1451
1425	1461
1425	1557
1425	1559
1425	1612
1425	1649
1425	1673
1425	1692
1425	1750
1425	1752
1425	1822
1425	1840
1425	1902
1425	1915
1425	1920
1425	1942
1425	1984
1444	1472
1444	1555
1444	1559
1444	1566
1444	1569
1444	1645
1444	1699
1444	1705
1444	1712
1444	1731
1444	1745
1444	1756
1444	1762
1444	1783
1444	1890
1444	1919
1444	1926
1452	1525
1452	1530
1452	1559
1452	1568
1452	1569
1452	1586
1452	1608
1452	1676
1452	1727
1452	1731
1452	1791
1452	1795
1452	1839
1452	1851
1452	1871
1452	1969
1452	1973
1452	1977
1452	1978
1463	1488
1463	1525
1463	1629
1463	1690
1463	1733
1463	1736
1463	1772
1463	1773
1463	1778
1463	1795
1463	1805
1463	1831
1463	1874
1463	1884
1463	1922
1463	1985
1463	1989
1590	1596
1590	1645
1590	1757
1590	1795
1590	1796
1590	1828
1590	1852
1590	1931
1590	1945
1590	1967
1590	1969
1590	1972
1590	1973
1590	1993
1590	1998
1646	1688
1646	1705
1646	1720
1646	1775
1646	1841
1646	1853
1646	1898
1646	1902
1646	1941
1646	1958
1646	1979
1697	1698
1697	1753
1697	1785
1697	1803
1697	1820
1697	1853
1697	1874
1697	1875
1697	1901
1697	1914
1697	1946
1697	1972
1697	1990
1719	1720
1719	1761
1719	1774
1719	1815
1719	1861
1719	1899
1719	1916
1719	1936
1719	1984
1740	1744
1740	1745
1740	1770
1740	1778
1740	1856
1740	1884
1740	1940
1740	1945
1740	1947
1740	1977
1740	1979
1742	1799
1742	1811
1742	1815
1742	1823
1742	1841
1742	1897
1742	1915
1742	1933
1753	1848
1753	1864
1753	1884
1753	1898
1753	1901
1753	1919
1753	1926
1753	1960
1753	1964
1791	1825
1791	1838
1791	1853
1791	1871
1791	1878
1791	1923
1791	1964
1803	1823
1803	1861
1803	1901
1803	1926
1803	1936
1822	1838
1822	1898
1822	1941
1822	1943
1838	1856
1838	1901
1838	1935
1838	1946
1838	1948
1838	1954
1838	1970
1861	1876
1861	1896
1861	1897
1861	1915
1861	1972
1861	1986
1872	1876
1872	1967
1872	1968
1872	1982
1872	1988
1874	1922
1874	1945
1876	1883
1876	1915
1876	1941
1876	1984
1878	1884
1878	1889
1878	1933
1878	1978
1878	1985
1878	1987
1896	1929
1896	1981
1908	1935
1908	1944
1908	1947
1908	1949
1908	1960
1908	1985
1908	1986
1909	1934
1909	1940
1909	1944
1909	1967
1909	1971
1909	1976
1921	1972
1928	1973
1944	1977
1957	1962
1957	1977
1957	1996
1967	1972
1967	1978
1967	1979
1967	1996
1968	1970
1968	1979
1968	1985
1472	1489
1472	1494
1472	1495
1472	1541
1472	1594
1472	1683
1472	1688
1472	1697
1472	1708
1472	1740
1472	1752
1472	1780
1472	1861
1472	1924
1472	1928
1472	1989
1472	1990
1472	1996
1548	1581
1548	1630
1548	1637
1548	1677
1548	1714
1548	1719
1548	1721
1548	1740
1548	1841
1548	1859
1548	1866
1548	1874
1548	1998
1588	1668
1588	1676
1588	1720
1588	1761
1588	1785
1588	1857
1588	1864
1588	1873
1588	1883
1588	1905
1588	1931
1588	1941
1588	1993
1620	1692
1620	1697
1620	1705
1620	1757
1620	1778
1620	1783
1620	1828
1620	1869
1620	1906
1620	1920
1620	1954
1690	1699
1690	1710
1690	1733
1690	1783
1690	1811
1690	1826
1690	1840
1690	1860
1690	1864
1690	1900
1690	1919
1690	1931
1690	1934
1690	1957
1690	1969
1690	1987
1710	1752
1710	1753
1710	1770
1710	1773
1710	1851
1710	1931
1710	1933
1710	1934
1710	1964
1737	1766
1737	1804
1737	1851
1737	1889
1737	1924
1737	1943
1737	1986
1737	1987
1784	1811
1784	1839
1784	1860
1784	1877
1784	1922
1784	1929
1784	1935
1784	1978
1784	1979
1784	1982
1784	1993
1802	1869
1802	1885
1802	1900
1802	1930
1802	1944
1802	1970
1802	1987
1802	1998
1811	1848
1811	1884
1811	1892
1811	1921
1811	1931
1811	1954
1811	1965
1818	1828
1818	1841
1818	1916
1818	1920
1818	1921
1818	1937
1818	1954
1820	1862
1820	1873
1820	1875
1820	1896
1820	1915
1820	1954
1848	1849
1848	1862
1848	1913
1848	1930
1848	1942
1848	1945
1848	1963
1848	1972
1850	1856
1850	1857
1850	1859
1850	1913
1850	1926
1851	1859
1851	1923
1851	1926
1851	1960
1852	1853
1852	1875
1852	1957
1852	1964
1852	1996
1897	1901
1901	1922
1901	1936
1901	1984
1924	1954
1924	1981
1965	1978
1965	1988
1277	1283
1277	1305
1277	1309
1277	1434
1277	1517
1277	1525
1277	1548
1277	1588
1277	1708
1277	1765
1277	1802
1277	1826
1277	1847
1277	1927
1277	1937
1277	1941
1277	1947
1422	1451
1422	1563
1422	1566
1422	1586
1422	1705
1422	1712
1422	1747
1422	1804
1422	1869
1422	1876
1422	1904
1422	1919
1422	1926
1422	1962
1422	1972
1422	1993
1517	1561
1517	1562
1517	1590
1517	1688
1517	1727
1517	1759
1517	1760
1517	1791
1517	1838
1517	1840
1517	1849
1517	1912
1517	1927
1517	1946
1517	1948
1517	1973
1543	1693
1543	1714
1543	1720
1543	1742
1543	1791
1543	1801
1543	1831
1543	1852
1543	1884
1543	1901
1543	1906
1543	1937
1543	1984
1543	1987
1543	1995
1566	1590
1566	1618
1566	1666
1566	1722
1566	1791
1566	1801
1566	1839
1566	1849
1566	1860
1566	1889
1566	1921
1566	1935
1614	1635
1614	1642
1614	1759
1614	1851
1614	1883
1614	1896
1707	1733
1707	1739
1707	1758
1707	1801
1707	1820
1707	1846
1707	1878
1707	1922
1707	1942
1707	1946
1707	1983
1736	1745
1736	1760
1736	1764
1736	1770
1736	1772
1736	1783
1736	1802
1736	1811
1736	1888
1736	1906
1736	1908
1736	1909
1736	1915
1736	1920
1736	1928
1736	1935
1736	1967
1773	1776
1773	1778
1773	1850
1773	1871
1773	1885
1773	1901
1773	1910
1773	1915
1773	1931
1773	1962
1773	1983
1773	1988
1819	1839
1819	1840
1819	1857
1819	1923
1819	1955
1819	1977
1819	1993
1832	1852
1832	1871
1832	1904
1832	1945
1832	1960
1832	1966
1832	1967
1832	1971
1905	1947
1905	1980
1914	1920
1914	1923
1914	1934
1914	1935
1914	1938
1914	1945
1336	1352
1336	1362
1336	1371
1336	1373
1336	1378
1336	1557
1336	1594
1336	1649
1336	1670
1336	1693
1336	1715
1336	1749
1336	1753
1336	1761
1336	1775
1336	1804
1336	1820
1336	1827
1336	1840
1336	1923
1336	1928
1336	1944
1336	1971
1395	1422
1395	1480
1395	1509
1395	1544
1395	1612
1395	1640
1395	1645
1395	1720
1395	1765
1395	1770
1395	1773
1395	1776
1395	1778
1395	1800
1395	1836
1395	1841
1395	1849
1395	1884
1395	1887
1395	1897
1395	1920
1395	1940
1395	1947
1395	1961
1434	1448
1434	1452
1434	1463
1434	1486
1434	1586
1434	1638
1434	1744
1434	1770
1434	1776
1434	1849
1434	1869
1434	1922
1434	1934
1434	1938
1434	1962
1529	1590
1529	1688
1529	1776
1529	1856
1529	1865
1529	1920
1529	1933
1529	1936
1529	1987
1529	1989
1529	1994
1609	1674
1609	1721
1609	1756
1609	1791
1609	1807
1609	1819
1609	1898
1609	1901
1609	1939
1609	1973
1666	1686
1666	1736
1666	1742
1666	1772
1666	1822
1666	1840
1666	1872
1666	1874
1666	1914
1666	1919
1666	1957
1666	1961
1666	1981
1780	1785
1780	1806
1780	1844
1780	1857
1780	1859
1780	1876
1780	1899
1780	1970
1780	1980
1807	1848
1807	1851
1807	1864
1807	1887
1807	1892
1807	1893
1807	1909
1902	1921
1902	1943
1902	1945
1902	1962
1902	1980
1923	1924
1923	1931
1923	1946
1938	1945
1938	1967
1938	1985
1504	1509
1504	1517
1504	1554
1504	1598
1504	1630
1504	1661
1504	1699
1504	1710
1504	1712
1504	1734
1504	1824
1504	1844
1504	1859
1504	1865
1504	1892
1504	1926
1504	1930
1504	1966
1504	1989
1695	1705
1695	1838
1695	1857
1695	1862
1695	1875
1695	1883
1695	1908
1695	1923
1695	1928
1695	1929
1695	1930
1695	1968
1695	1979
1762	1805
1762	1818
1762	1820
1762	1848
1762	1875
1762	1897
1762	1939
1762	1958
1778	1818
1778	1837
1778	1850
1778	1878
1778	1888
1778	1916
1778	1943
1778	1978
1800	1861
1800	1871
1800	1910
1800	1961
1917	1966
1978	1979
1979	1998
1093	1385
1093	1393
1093	1399
1093	1422
1093	1459
1093	1465
1093	1489
1093	1560
1093	1561
1093	1593
1093	1611
1093	1616
1093	1635
1093	1727
1093	1734
1093	1752
1093	1766
1093	1818
1093	1841
1093	1892
1093	1924
1093	1927
1486	1532
1486	1541
1486	1559
1486	1560
1486	1622
1486	1635
1486	1660
1486	1688
1486	1715
1486	1753
1486	1775
1486	1823
1486	1871
1486	1900
1486	1929
1486	1993
1593	1598
1593	1616
1593	1618
1593	1651
1593	1666
1593	1766
1593	1825
1593	1853
1593	1862
1593	1872
1593	1939
1593	1947
1616	1721
1616	1758
1616	1766
1616	1839
1616	1875
1616	1888
1616	1892
1616	1896
1616	1916
1616	1923
1616	1935
1616	1936
1616	1942
1616	1961
1616	1988
1750	1759
1750	1800
1750	1826
1750	1837
1750	1871
1750	1897
1750	1899
1750	1905
1750	1972
1757	1837
1757	1859
1757	1871
1757	1874
1757	1909
1757	1932
1757	1961
1757	1967
1898	1901
1898	1905
1898	1937
1898	1982
1898	1983
1916	1934
1916	1961
1916	1976
1930	1933
1930	1978
1386	1448
1386	1554
1386	1566
1386	1581
1386	1590
1386	1609
1386	1643
1386	1774
1386	1780
1386	1788
1386	1804
1386	1896
1386	1905
1386	1910
1386	1934
1386	1982
1386	1987
1386	1988
1386	1995
1386	1998
1451	1604
1451	1608
1451	1611
1451	1616
1451	1654
1451	1661
1451	1773
1451	1802
1451	1819
1451	1824
1451	1827
1451	1851
1451	1893
1451	1995
1604	1615
1604	1674
1604	1693
1604	1714
1604	1724
1604	1799
1604	1831
1604	1867
1604	1874
1604	1887
1604	1949
1604	1954
1629	1635
1629	1644
1629	1668
1629	1806
1629	1832
1629	1837
1629	1846
1629	1869
1629	1890
1629	1947
1629	1971
1629	1986
1686	1724
1686	1727
1686	1764
1686	1773
1686	1796
1686	1800
1686	1887
1686	1898
1686	1938
1686	1954
1686	1970
1723	1745
1723	1844
1723	1905
1723	1986
1862	1878
1862	1888
1862	1889
1862	1912
1862	1921
1862	1930
1933	1938
1973	1989
1981	1996
1390	1431
1390	1451
1390	1464
1390	1589
1390	1609
1390	1622
1390	1644
1390	1650
1390	1695
1390	1730
1390	1756
1390	1785
1390	1803
1390	1806
1390	1826
1390	1859
1390	1874
1390	1988
1776	1801
1776	1908
1776	1937
1776	1962
1776	1988
1801	1857
1801	1883
1801	1938
1801	1942
1801	1945
1801	1960
1801	1971
1801	1980
1801	1988
1801	1989
1853	1875
1853	1913
1853	1924
1853	1930
1853	1937
1853	1949
1853	1955
1853	1980
1859	1929
1859	1940
1859	1961
1859	1980
1201	1286
1201	1434
1201	1532
1201	1562
1201	1611
1201	1635
1201	1649
1201	1683
1201	1699
1201	1708
1201	1740
1201	1749
1201	1807
1201	1860
1201	1899
1201	1916
1201	1948
1201	1954
1382	1425
1382	1459
1382	1620
1382	1622
1382	1629
1382	1733
1382	1745
1382	1760
1382	1762
1382	1792
1382	1836
1382	1846
1382	1901
1382	1908
1382	1920
1382	1938
1382	1946
1382	1964
1382	1994
1619	1641
1619	1654
1619	1712
1619	1733
1619	1758
1619	1765
1619	1787
1619	1792
1619	1836
1619	1919
1619	1932
1619	1940
1619	1973
1651	1683
1651	1723
1651	1750
1651	1756
1651	1784
1651	1846
1651	1847
1651	1889
1651	1893
1651	1896
1651	1915
1651	1922
1688	1773
1688	1780
1688	1836
1688	1869
1688	1902
1815	1824
1815	1839
1815	1844
1815	1900
1815	1912
1815	1913
1815	1938
1815	1968
1906	1913
1906	1924
1906	1926
1906	1994
1480	1587
1480	1637
1480	1642
1480	1714
1480	1796
1480	1799
1480	1819
1480	1844
1480	1860
1480	1876
1480	1896
1480	1902
1480	1906
1480	1914
1480	1993
1761	1819
1761	1848
1761	1861
1761	1942
1761	1996
1996	1998
1396	1448
1396	1594
1396	1669
1396	1686
1396	1689
1396	1722
1396	1787
1396	1792
1396	1807
1396	1818
1396	1892
1396	1945
1396	1949
1396	1976
1396	1981
1396	1994
1664	1670
1664	1689
1664	1707
1664	1737
1664	1742
1664	1756
1664	1764
1664	1776
1664	1784
1664	1847
1664	1849
1664	1878
1664	1884
1664	1910
1664	1928
1664	1955
1664	1977
1664	1995
1770	1772
1770	1802
1770	1885
1770	1896
1770	1916
1770	1939
1770	1961
1770	1964
1770	1980
1770	1984
1229	1277
1229	1404
1229	1444
1229	1488
1229	1534
1229	1596
1229	1650
1229	1660
1229	1693
1229	1731
1229	1742
1229	1757
1229	1766
1229	1804
1229	1820
1229	1853
1229	1924
1229	1931
1229	1941
1229	1949
1229	1965
1229	1967
1229	1968
1276	1283
1276	1324
1276	1336
1276	1368
1276	1388
1276	1408
1276	1444
1276	1560
1276	1640
1276	1674
1276	1772
1276	1774
1276	1780
1276	1802
1276	1815
1276	1862
1276	1906
1276	1909
1276	1964
1276	1970
1276	1972
1389	1499
1389	1530
1389	1554
1389	1651
1389	1690
1389	1737
1389	1747
1389	1775
1389	1784
1389	1800
1389	1844
1389	1902
1389	1914
1389	1917
1389	1934
1596	1615
1596	1719
1596	1724
1596	1727
1596	1742
1596	1756
1596	1804
1596	1819
1596	1824
1596	1826
1596	1875
1596	1876
1596	1884
1596	1920
1596	1937
1596	1955
1596	1972
1642	1750
1642	1752
1642	1756
1642	1759
1642	1769
1642	1795
1642	1875
1642	1876
1642	1971
1760	1769
1760	1776
1760	1867
1760	1872
1760	1892
1760	1965
1760	1979
1760	1987
1760	1993
1844	1915
1844	1922
1844	1924
1844	1936
1844	1967
