# Undirected graph (each unordered pair of nodes is saved once): output/networks/SmallWorldRewire05removeRandom-95percent.txt
# Nodes: 100 Edges: 2419
# NodeId	NodeId
16	31
16	39
16	45
16	46
16	51
16	69
16	91
16	101
16	115
16	148
16	160
16	164
16	176
16	188
16	270
16	296
16	297
16	300
16	301
16	319
16	337
16	347
16	370
16	383
16	397
16	409
16	417
16	422
16	425
16	433
16	463
16	464
16	472
16	474
16	475
16	480
16	490
16	717
16	735
16	1460
16	1500
16	1524
16	1538
16	1546
16	1588
16	1628
16	1640
16	1675
16	1692
16	1720
16	1743
16	1772
16	1811
16	1819
16	1848
16	1900
16	1922
16	1925
16	1933
16	1989
31	39
31	45
31	46
31	51
31	69
31	101
31	115
31	148
31	160
31	164
31	176
31	188
31	270
31	296
31	297
31	300
31	301
31	319
31	337
31	347
31	370
31	383
31	397
31	409
31	417
31	422
31	425
31	433
31	463
31	464
31	472
31	474
31	475
31	480
31	490
31	1500
31	1538
31	1546
31	1588
31	1628
31	1640
31	1652
31	1675
31	1692
31	1743
31	1811
31	1848
31	1900
31	1922
31	1925
31	1933
31	1989
39	45
39	46
39	51
39	69
39	91
39	101
39	115
39	148
39	160
39	164
39	176
39	188
39	270
39	296
39	297
39	300
39	301
39	319
39	337
39	347
39	370
39	383
39	397
39	409
39	417
39	422
39	425
39	463
39	464
39	472
39	474
39	475
39	480
39	490
39	1169
39	1443
39	1546
39	1588
39	1628
39	1640
39	1652
39	1675
39	1692
39	1743
39	1772
39	1811
39	1819
39	1848
39	1900
39	1922
39	1925
39	1989
45	51
45	69
45	91
45	101
45	115
45	148
45	160
45	164
45	176
45	270
45	296
45	300
45	301
45	319
45	337
45	347
45	370
45	383
45	397
45	409
45	417
45	422
45	425
45	463
45	472
45	474
45	475
45	480
45	490
45	1328
45	1546
45	1588
45	1628
45	1640
45	1652
45	1675
45	1720
45	1743
45	1772
45	1819
45	1848
45	1900
45	1922
45	1925
45	1933
45	1989
46	51
46	69
46	91
46	101
46	115
46	148
46	160
46	176
46	188
46	270
46	296
46	297
46	300
46	301
46	319
46	337
46	347
46	370
46	383
46	397
46	409
46	417
46	422
46	425
46	433
46	464
46	472
46	474
46	475
46	480
46	490
46	755
46	773
46	1239
46	1546
46	1588
46	1628
46	1652
46	1675
46	1692
46	1720
46	1743
46	1811
46	1819
46	1848
46	1900
46	1922
46	1925
46	1933
46	1989
51	69
51	91
51	101
51	115
51	148
51	164
51	176
51	188
51	270
51	296
51	297
51	300
51	301
51	319
51	337
51	347
51	370
51	383
51	397
51	409
51	417
51	425
51	433
51	463
51	464
51	472
51	474
51	475
51	480
51	490
51	625
51	1219
51	1588
51	1628
51	1640
51	1652
51	1692
51	1720
51	1743
51	1772
51	1811
51	1848
51	1900
51	1922
51	1925
51	1933
51	1989
69	91
69	101
69	115
69	148
69	160
69	164
69	176
69	188
69	296
69	297
69	301
69	319
69	347
69	370
69	383
69	397
69	409
69	417
69	422
69	425
69	433
69	463
69	464
69	472
69	475
69	480
69	552
69	767
69	1500
69	1588
69	1628
69	1640
69	1652
69	1675
69	1692
69	1720
69	1743
69	1772
69	1811
69	1819
69	1848
69	1900
69	1922
69	1925
69	1933
69	1989
91	101
91	115
91	148
91	160
91	164
91	176
91	188
91	270
91	296
91	297
91	300
91	301
91	319
91	337
91	347
91	370
91	383
91	397
91	409
91	417
91	422
91	425
91	433
91	463
91	464
91	472
91	474
91	475
91	480
91	490
91	552
91	755
91	1169
91	1328
91	1628
91	1640
91	1652
91	1675
91	1692
91	1720
91	1743
91	1772
91	1811
91	1819
91	1848
91	1900
91	1922
91	1925
91	1933
91	1989
101	115
101	148
101	160
101	164
101	176
101	270
101	296
101	297
101	300
101	301
101	337
101	347
101	370
101	383
101	397
101	409
101	417
101	422
101	433
101	464
101	472
101	474
101	475
101	480
101	490
101	880
101	1239
101	1524
101	1628
101	1640
101	1652
101	1675
101	1692
101	1772
101	1811
101	1819
101	1900
101	1922
101	1925
101	1989
115	148
115	160
115	164
115	176
115	188
115	270
115	296
115	300
115	301
115	319
115	337
115	347
115	370
115	383
115	397
115	409
115	417
115	422
115	425
115	433
115	463
115	464
115	472
115	474
115	475
115	480
115	490
115	552
115	625
115	755
115	1210
115	1443
115	1475
115	1546
115	1628
115	1640
115	1652
115	1675
115	1692
115	1720
115	1743
115	1772
115	1811
115	1819
115	1848
115	1922
115	1925
115	1933
115	1989
148	160
148	176
148	188
148	270
148	296
148	297
148	300
148	301
148	319
148	337
148	370
148	383
148	397
148	409
148	417
148	422
148	425
148	433
148	463
148	464
148	474
148	475
148	490
148	552
148	619
148	625
148	635
148	641
148	642
148	1628
148	1652
148	1675
148	1720
148	1743
148	1811
148	1819
148	1848
148	1900
148	1922
148	1925
148	1933
148	1989
160	164
160	176
160	188
160	270
160	296
160	297
160	300
160	301
160	337
160	370
160	397
160	409
160	417
160	425
160	433
160	463
160	464
160	472
160	474
160	475
160	480
160	490
160	552
160	619
160	625
160	635
160	641
160	642
160	1156
160	1280
160	1675
160	1692
160	1772
160	1819
160	1848
160	1900
160	1922
160	1925
160	1933
160	1989
164	176
164	188
164	270
164	296
164	297
164	300
164	301
164	319
164	337
164	347
164	370
164	383
164	409
164	417
164	422
164	425
164	433
164	463
164	464
164	472
164	474
164	480
164	490
164	552
164	619
164	625
164	635
164	641
164	642
164	880
164	1675
164	1692
164	1720
164	1743
164	1772
164	1811
164	1819
164	1848
164	1900
164	1922
164	1925
164	1933
164	1989
176	188
176	270
176	296
176	297
176	300
176	301
176	319
176	337
176	347
176	370
176	383
176	397
176	409
176	417
176	422
176	425
176	433
176	463
176	464
176	472
176	474
176	475
176	480
176	490
176	552
176	625
176	635
176	642
176	1197
176	1280
176	1384
176	1692
176	1720
176	1743
176	1772
176	1819
176	1848
176	1900
176	1922
176	1925
176	1933
176	1989
188	270
188	296
188	297
188	300
188	301
188	319
188	337
188	347
188	370
188	383
188	397
188	409
188	417
188	422
188	433
188	463
188	464
188	472
188	474
188	475
188	480
188	490
188	619
188	625
188	635
188	641
188	642
188	717
188	1210
188	1692
188	1720
188	1772
188	1811
188	1819
188	1848
188	1900
188	1925
188	1933
188	1989
270	296
270	300
270	301
270	319
270	337
270	347
270	370
270	383
270	397
270	409
270	417
270	422
270	425
270	433
270	463
270	464
270	472
270	474
270	475
270	480
270	490
270	552
270	619
270	625
270	635
270	641
270	642
270	697
270	717
270	732
270	735
270	744
270	748
270	755
270	767
270	880
270	1772
270	1811
270	1819
270	1848
270	1900
270	1922
270	1925
270	1933
270	1989
296	297
296	301
296	319
296	337
296	347
296	370
296	383
296	397
296	409
296	417
296	422
296	425
296	433
296	463
296	464
296	472
296	474
296	475
296	480
296	490
296	552
296	619
296	625
296	635
296	641
296	677
296	697
296	717
296	732
296	735
296	744
296	748
296	755
296	767
296	773
296	1015
296	1811
296	1819
296	1848
296	1900
296	1922
296	1925
296	1933
296	1989
297	300
297	301
297	319
297	347
297	383
297	397
297	409
297	422
297	425
297	433
297	463
297	464
297	474
297	475
297	480
297	490
297	552
297	619
297	625
297	635
297	641
297	642
297	677
297	697
297	717
297	732
297	735
297	744
297	748
297	755
297	767
297	773
297	1328
297	1652
297	1811
297	1819
297	1848
297	1900
297	1922
297	1925
297	1933
300	319
300	337
300	347
300	370
300	383
300	397
300	409
300	417
300	422
300	425
300	433
300	463
300	464
300	472
300	474
300	475
300	480
300	490
300	552
300	619
300	635
300	641
300	677
300	697
300	717
300	732
300	735
300	744
300	748
300	755
300	767
300	773
300	1811
300	1819
300	1848
300	1900
300	1922
300	1925
300	1933
300	1989
301	319
301	337
301	370
301	383
301	397
301	409
301	417
301	422
301	425
301	433
301	463
301	464
301	472
301	474
301	475
301	480
301	490
301	635
301	641
301	642
301	677
301	697
301	717
301	732
301	735
301	744
301	748
301	755
301	767
301	773
301	986
301	1200
301	1270
301	1482
301	1811
301	1848
301	1900
301	1922
301	1925
301	1989
319	337
319	347
319	370
319	383
319	417
319	422
319	425
319	433
319	463
319	472
319	474
319	475
319	480
319	490
319	552
319	619
319	625
319	635
319	641
319	642
319	677
319	697
319	717
319	732
319	735
319	744
319	748
319	755
319	767
319	773
319	1210
319	1460
319	1819
319	1848
319	1900
319	1925
319	1933
319	1989
337	347
337	370
337	383
337	397
337	409
337	417
337	422
337	425
337	433
337	463
337	464
337	472
337	474
337	475
337	480
337	490
337	552
337	619
337	625
337	642
337	677
337	697
337	717
337	732
337	735
337	744
337	748
337	755
337	767
337	773
337	1007
337	1156
337	1169
337	1192
337	1848
337	1900
337	1922
337	1925
337	1933
337	1989
347	370
347	383
347	397
347	417
347	422
347	425
347	433
347	463
347	472
347	474
347	475
347	480
347	490
347	552
347	619
347	625
347	635
347	642
347	677
347	697
347	717
347	732
347	735
347	744
347	748
347	755
347	767
347	773
347	1156
347	1270
347	1500
347	1922
347	1925
347	1933
347	1989
370	383
370	397
370	409
370	417
370	422
370	425
370	433
370	463
370	464
370	474
370	475
370	480
370	490
370	619
370	625
370	635
370	641
370	642
370	677
370	717
370	735
370	744
370	748
370	755
370	767
370	773
370	1169
370	1460
370	1546
370	1772
370	1819
370	1848
370	1900
370	1922
370	1925
370	1933
370	1989
383	409
383	417
383	422
383	433
383	463
383	464
383	472
383	474
383	475
383	480
383	490
383	619
383	635
383	641
383	642
383	677
383	697
383	717
383	732
383	744
383	748
383	755
383	773
383	880
383	1475
383	1524
383	1900
383	1925
383	1989
397	409
397	417
397	422
397	425
397	433
397	463
397	464
397	472
397	474
397	475
397	480
397	490
397	552
397	619
397	625
397	635
397	641
397	642
397	677
397	697
397	717
397	732
397	735
397	748
397	755
397	767
397	773
397	880
397	1320
397	1900
397	1922
397	1925
397	1989
409	417
409	422
409	425
409	433
409	463
409	464
409	472
409	474
409	475
409	480
409	490
409	552
409	619
409	625
409	635
409	641
409	642
409	677
409	697
409	717
409	732
409	735
409	744
409	748
409	755
409	767
409	773
409	880
409	1156
409	1270
409	1384
409	1482
409	1524
409	1538
409	1922
409	1925
409	1933
409	1989
417	422
417	425
417	433
417	463
417	464
417	475
417	480
417	490
417	552
417	619
417	625
417	635
417	641
417	642
417	677
417	697
417	717
417	732
417	744
417	755
417	767
417	880
417	1186
417	1280
417	1443
417	1460
417	1720
417	1743
417	1925
417	1933
417	1989
422	425
422	433
422	463
422	464
422	472
422	474
422	475
422	480
422	490
422	552
422	619
422	635
422	641
422	642
422	677
422	697
422	717
422	732
422	735
422	744
422	748
422	755
422	767
422	773
422	880
422	1200
422	1398
422	1922
422	1925
422	1933
422	1989
425	433
425	463
425	464
425	472
425	474
425	475
425	480
425	490
425	552
425	619
425	625
425	635
425	641
425	677
425	697
425	717
425	732
425	744
425	748
425	755
425	767
425	773
425	880
425	1270
425	1482
425	1652
425	1811
425	1933
425	1989
433	463
433	464
433	472
433	474
433	475
433	480
433	490
433	552
433	625
433	635
433	641
433	642
433	677
433	697
433	717
433	732
433	735
433	744
433	748
433	755
433	767
433	773
433	880
433	1933
433	1989
463	464
463	474
463	475
463	480
463	490
463	552
463	619
463	635
463	641
463	642
463	677
463	697
463	717
463	732
463	735
463	744
463	767
463	773
463	880
463	1169
463	1320
463	1328
463	1640
463	1652
463	1989
464	472
464	474
464	475
464	480
464	490
464	552
464	619
464	625
464	635
464	641
464	642
464	677
464	697
464	717
464	732
464	735
464	744
464	748
464	755
464	767
464	773
464	1482
464	1546
464	1720
464	1811
464	1848
464	1989
472	474
472	475
472	480
472	490
472	552
472	619
472	625
472	635
472	641
472	642
472	677
472	697
472	717
472	732
472	735
472	744
472	748
472	755
472	767
472	773
472	880
472	1546
472	1811
472	1819
472	1989
474	475
474	480
474	490
474	552
474	619
474	625
474	635
474	641
474	642
474	677
474	697
474	717
474	732
474	735
474	744
474	748
474	755
474	767
474	773
474	1186
474	1384
474	1989
475	480
475	490
475	619
475	635
475	641
475	642
475	697
475	717
475	732
475	735
475	744
475	748
475	755
475	767
475	773
475	880
475	1200
475	1384
475	1460
480	552
480	619
480	635
480	641
480	677
480	697
480	717
480	732
480	735
480	744
480	748
480	755
480	767
480	773
480	880
480	1989
490	552
490	619
490	625
490	635
490	641
490	642
490	677
490	717
490	732
490	735
490	744
490	748
490	755
490	767
490	773
490	880
490	986
490	1772
490	1811
642	677
642	697
642	717
642	732
642	744
642	748
642	755
642	767
642	773
642	880
642	986
642	1007
642	1015
642	1293
642	1443
642	1819
1307	1320
1307	1328
1307	1384
1307	1398
1307	1443
1307	1460
1307	1475
1307	1482
1307	1500
1307	1524
1307	1546
1307	1588
1307	1628
1307	1652
1307	1675
1307	1720
1307	1743
1307	1989
1500	1524
1500	1538
1500	1546
1500	1588
1500	1628
1500	1640
1500	1652
1500	1675
1500	1692
1500	1720
1500	1743
1500	1811
1500	1819
1500	1848
1500	1900
1500	1922
1500	1925
1500	1933
1500	1989
1524	1546
1524	1588
1524	1628
1524	1640
1524	1652
1524	1675
1524	1692
1524	1720
1524	1743
1524	1772
1524	1848
1524	1900
1524	1922
1524	1925
1524	1933
1538	1546
1538	1588
1538	1628
1538	1640
1538	1675
1538	1692
1538	1720
1538	1743
1538	1772
1538	1811
1538	1819
1538	1848
1538	1900
1538	1922
1538	1925
1538	1933
1538	1989
1546	1588
1546	1640
1546	1675
1546	1692
1546	1720
1546	1772
1546	1811
1546	1848
1546	1900
1546	1933
1546	1989
1588	1628
1588	1640
1588	1652
1588	1675
1588	1692
1588	1720
1588	1772
1588	1811
1588	1819
1588	1848
1588	1900
1588	1922
1588	1925
1588	1933
1588	1989
1628	1640
1628	1652
1628	1675
1628	1692
1628	1720
1628	1743
1628	1811
1628	1819
1628	1848
1628	1900
1628	1922
1628	1925
1628	1933
1628	1989
1640	1652
1640	1675
1640	1692
1640	1720
1640	1743
1640	1772
1640	1811
1640	1819
1640	1922
1640	1925
1640	1933
1640	1989
1652	1675
1652	1692
1652	1720
1652	1772
1652	1811
1652	1848
1652	1900
1652	1922
1652	1925
1652	1933
1652	1989
1675	1692
1675	1720
1675	1743
1675	1772
1675	1811
1675	1819
1675	1848
1675	1900
1675	1922
1675	1925
1675	1933
1675	1989
1692	1720
1692	1743
1692	1772
1692	1811
1692	1819
1692	1848
1692	1900
1692	1922
1692	1925
1692	1933
1692	1989
1720	1743
1720	1772
1720	1811
1720	1848
1720	1900
1720	1922
1720	1925
1720	1933
1720	1989
1743	1772
1743	1811
1743	1819
1743	1848
1743	1900
1743	1922
1743	1925
1743	1933
1743	1989
1772	1819
1772	1848
1772	1922
1772	1925
1772	1933
1772	1989
1811	1819
1811	1848
1811	1900
1811	1922
1811	1925
1811	1989
1819	1848
1819	1900
1819	1922
1819	1933
1819	1989
1848	1900
1848	1922
1848	1925
1848	1989
1900	1922
1900	1925
1900	1933
1900	1989
1922	1925
1922	1989
1925	1933
1925	1989
1933	1989
744	748
744	755
744	767
744	773
744	880
744	986
744	1007
744	1015
744	1156
744	1169
744	1186
744	1192
744	1197
744	1200
744	1210
744	1219
744	1239
744	1743
1384	1398
1384	1443
1384	1460
1384	1482
1384	1500
1384	1524
1384	1538
1384	1588
1384	1628
1384	1640
1384	1652
1384	1675
1384	1692
1384	1720
1384	1743
1384	1772
1384	1811
1384	1819
1384	1848
619	625
619	635
619	641
619	642
619	677
619	697
619	717
619	732
619	735
619	748
619	755
619	767
619	773
619	880
619	986
619	1007
619	1640
619	1922
625	635
625	641
625	642
625	697
625	717
625	732
625	735
625	744
625	755
625	767
625	773
625	880
625	986
625	1015
625	1398
625	1922
1192	1197
1192	1200
1192	1210
1192	1219
1192	1239
1192	1270
1192	1280
1192	1293
1192	1307
1192	1320
1192	1328
1192	1384
1192	1398
1192	1443
1192	1460
1192	1475
1192	1482
1192	1500
1192	1524
1192	1538
1192	1546
1192	1588
1192	1628
1192	1640
1192	1652
1192	1675
1192	1692
1197	1200
1197	1210
1197	1219
1197	1239
1197	1280
1197	1293
1197	1307
1197	1328
1197	1384
1197	1398
1197	1443
1197	1460
1197	1475
1197	1482
1197	1500
1197	1524
1197	1538
1197	1588
1197	1628
1197	1640
1197	1652
1197	1675
1197	1692
1197	1819
1320	1328
1320	1398
1320	1443
1320	1460
1320	1475
1320	1482
1320	1500
1320	1524
1320	1538
1320	1546
1320	1588
1320	1628
1320	1640
1320	1652
1320	1675
1320	1692
1320	1720
1320	1743
1320	1811
1320	1819
1320	1848
1443	1460
1443	1475
1443	1500
1443	1524
1443	1538
1443	1546
1443	1588
1443	1628
1443	1640
1443	1652
1443	1675
1443	1720
1443	1743
1443	1772
1443	1811
1443	1819
1443	1848
1443	1900
1443	1922
1443	1925
1443	1933
677	697
677	717
677	732
677	744
677	748
677	755
677	767
677	880
677	986
677	1007
677	1015
677	1156
677	1169
677	1186
677	1720
641	677
641	697
641	717
641	735
641	744
641	748
641	755
641	767
641	773
641	986
641	1007
641	1015
773	880
773	986
773	1007
773	1015
773	1156
773	1169
773	1186
773	1192
773	1197
773	1200
773	1210
773	1219
773	1270
773	1384
773	1588
773	1819
697	717
697	732
697	735
697	744
697	748
697	755
697	767
697	773
697	880
697	986
697	1007
697	1015
697	1156
697	1169
697	1186
697	1192
697	1197
697	1200
697	1460
697	1628
748	755
748	880
748	1007
748	1015
748	1156
748	1169
748	1186
748	1192
748	1197
748	1200
748	1210
748	1219
748	1239
748	1692
1328	1384
1328	1398
1328	1443
1328	1475
1328	1482
1328	1500
1328	1524
1328	1538
1328	1546
1328	1588
1328	1628
1328	1640
1328	1652
1328	1675
1328	1720
1328	1743
1328	1772
1328	1811
1328	1819
635	641
635	642
635	697
635	732
635	735
635	744
635	748
635	755
635	767
635	773
635	880
635	1007
635	1015
552	619
552	625
552	635
552	641
552	677
552	697
552	717
552	732
552	735
552	744
552	748
552	755
552	767
552	773
552	880
552	986
552	1007
552	1015
552	1328
552	1628
552	1772
755	767
755	773
755	880
755	986
755	1007
755	1015
755	1156
755	1169
755	1186
755	1192
755	1197
755	1200
755	1210
755	1219
755	1239
755	1475
755	1989
1007	1015
1007	1156
1007	1169
1007	1186
1007	1197
1007	1200
1007	1210
1007	1219
1007	1239
1007	1270
1007	1280
1007	1293
1007	1307
1007	1320
1007	1328
1007	1384
1007	1398
1007	1443
1007	1460
1007	1475
1007	1482
1007	1500
1280	1293
1280	1307
1280	1320
1280	1328
1280	1384
1280	1398
1280	1443
1280	1460
1280	1475
1280	1482
1280	1500
1280	1524
1280	1538
1280	1546
1280	1588
1280	1628
1280	1640
1280	1675
1280	1692
1280	1772
1280	1922
1280	1933
1239	1270
1239	1280
1239	1293
1239	1307
1239	1320
1239	1328
1239	1384
1239	1443
1239	1460
1239	1475
1239	1482
1239	1500
1239	1538
1239	1546
1239	1588
1239	1640
1239	1652
1239	1675
1239	1720
767	773
767	880
767	986
767	1007
767	1015
767	1156
767	1169
767	1186
767	1192
767	1197
767	1200
767	1210
767	1219
767	1239
767	1675
1293	1307
1293	1320
1293	1328
1293	1384
1293	1398
1293	1443
1293	1460
1293	1475
1293	1482
1293	1500
1293	1524
1293	1538
1293	1546
1293	1588
1293	1628
1293	1640
1293	1652
1293	1675
1293	1692
1293	1720
717	732
717	735
717	744
717	748
717	755
717	767
717	773
717	880
717	986
717	1007
717	1015
717	1156
717	1169
717	1186
717	1192
717	1197
717	1200
717	1210
717	1219
717	1475
735	744
735	748
735	755
735	767
735	773
735	880
735	986
735	1007
735	1156
735	1169
735	1186
735	1192
735	1197
735	1200
735	1210
735	1219
1460	1482
1460	1500
1460	1524
1460	1538
1460	1546
1460	1588
1460	1628
1460	1640
1460	1652
1460	1675
1460	1692
1460	1720
1460	1743
1460	1772
1460	1811
1460	1819
1460	1922
1460	1925
1460	1933
986	1007
986	1015
986	1156
986	1169
986	1186
986	1192
986	1197
986	1200
986	1210
986	1219
986	1239
986	1280
986	1293
986	1307
986	1320
986	1328
986	1384
986	1398
986	1443
986	1475
986	1482
986	1743
1186	1192
1186	1197
1186	1200
1186	1210
1186	1219
1186	1239
1186	1270
1186	1280
1186	1293
1186	1307
1186	1320
1186	1328
1186	1384
1186	1398
1186	1443
1186	1460
1186	1475
1186	1482
1186	1500
1186	1524
1186	1538
1186	1546
1186	1588
1186	1628
1186	1640
1186	1652
1186	1675
1186	1720
1398	1443
1398	1460
1398	1475
1398	1482
1398	1500
1398	1524
1398	1538
1398	1546
1398	1628
1398	1640
1398	1652
1398	1675
1398	1692
1398	1743
1398	1772
1398	1811
1398	1819
1398	1848
1219	1239
1219	1270
1219	1280
1219	1293
1219	1307
1219	1320
1219	1328
1219	1384
1219	1398
1219	1443
1219	1460
1219	1475
1219	1482
1219	1524
1219	1538
1219	1546
1219	1588
1219	1640
1219	1675
1219	1692
1219	1720
1219	1772
1200	1210
1200	1219
1200	1239
1200	1270
1200	1280
1200	1293
1200	1328
1200	1384
1200	1398
1200	1443
1200	1460
1200	1475
1200	1482
1200	1500
1200	1524
1200	1538
1200	1546
1200	1588
1200	1628
1200	1640
1200	1652
1200	1675
1200	1692
1169	1186
1169	1192
1169	1197
1169	1200
1169	1219
1169	1239
1169	1270
1169	1280
1169	1293
1169	1307
1169	1320
1169	1328
1169	1384
1169	1398
1169	1443
1169	1460
1169	1475
1169	1482
1169	1500
1169	1524
1169	1538
1169	1546
1169	1588
1169	1628
1169	1640
1169	1652
1169	1772
1169	1811
1475	1500
1475	1524
1475	1538
1475	1546
1475	1588
1475	1628
1475	1640
1475	1652
1475	1675
1475	1692
1475	1720
1475	1743
1475	1772
1475	1811
1475	1819
1475	1848
1475	1900
1475	1922
1475	1925
1475	1933
880	986
880	1007
880	1015
880	1156
880	1169
880	1186
880	1192
880	1197
880	1200
880	1210
880	1219
880	1239
880	1270
880	1280
880	1293
880	1307
880	1320
880	1328
880	1588
1270	1280
1270	1293
1270	1307
1270	1320
1270	1398
1270	1443
1270	1460
1270	1475
1270	1482
1270	1500
1270	1524
1270	1546
1270	1588
1270	1628
1270	1640
1270	1652
1270	1675
1270	1692
1270	1720
1270	1743
732	735
732	744
732	748
732	755
732	767
732	773
732	880
732	986
732	1015
732	1156
732	1169
732	1186
732	1192
732	1197
732	1200
732	1210
732	1219
732	1443
1482	1500
1482	1524
1482	1538
1482	1546
1482	1588
1482	1628
1482	1640
1482	1652
1482	1675
1482	1692
1482	1720
1482	1743
1482	1772
1482	1811
1482	1848
1482	1900
1482	1922
1482	1925
1482	1933
1210	1239
1210	1270
1210	1280
1210	1293
1210	1307
1210	1320
1210	1328
1210	1384
1210	1398
1210	1443
1210	1460
1210	1475
1210	1482
1210	1500
1210	1524
1210	1538
1210	1546
1210	1588
1210	1628
1210	1640
1210	1675
1210	1692
1015	1156
1015	1169
1015	1186
1015	1192
1015	1197
1015	1200
1015	1210
1015	1219
1015	1239
1015	1270
1015	1280
1015	1293
1015	1307
1015	1320
1015	1328
1015	1384
1015	1398
1015	1443
1015	1460
1015	1475
1015	1482
1015	1500
1156	1169
1156	1186
1156	1192
1156	1197
1156	1200
1156	1210
1156	1219
1156	1239
1156	1270
1156	1280
1156	1293
1156	1307
1156	1320
1156	1328
1156	1384
1156	1398
1156	1443
1156	1460
1156	1475
1156	1482
1156	1500
1156	1524
1156	1538
1156	1546
1156	1588
1156	1640
1156	1652
1156	1675
