# Undirected graph (each unordered pair of nodes is saved once): output/networks/SmallWorldRewire07removeDegree-95percent.txt
# Nodes: 100 Edges: 1372
# NodeId	NodeId
394	397
394	398
394	402
394	416
394	417
394	422
394	433
394	437
394	438
394	446
394	452
394	457
394	468
394	476
394	481
394	484
394	491
394	493
394	508
394	516
394	519
394	528
394	531
394	534
394	538
394	1071
394	1745
397	398
397	402
397	410
397	416
397	417
397	422
397	433
397	437
397	438
397	452
397	457
397	468
397	476
397	478
397	481
397	487
397	493
397	500
397	508
397	520
397	528
397	530
397	531
397	534
397	538
397	1063
397	1114
397	1204
398	402
398	408
398	410
398	417
398	422
398	438
398	446
398	452
398	457
398	468
398	476
398	478
398	481
398	484
398	487
398	491
398	493
398	508
398	516
398	519
398	520
398	528
398	531
398	534
398	538
398	1112
402	408
402	410
402	416
402	417
402	422
402	433
402	437
402	438
402	446
402	452
402	457
402	484
402	487
402	493
402	500
402	508
402	520
402	528
402	530
402	534
402	538
402	1114
402	1836
410	416
410	417
410	422
410	452
410	457
410	468
410	476
410	478
410	481
410	484
410	491
410	493
410	500
410	508
410	519
410	520
410	528
410	530
410	534
410	538
410	1836
416	422
416	433
416	437
416	446
416	452
416	457
416	468
416	476
416	478
416	481
416	484
416	487
416	491
416	493
416	500
416	508
416	516
416	519
416	520
416	528
416	531
416	534
416	1177
416	1188
417	422
417	433
417	437
417	438
417	446
417	452
417	468
417	478
417	481
417	484
417	487
417	491
417	493
417	500
417	508
417	519
417	520
417	530
417	531
417	534
417	538
417	1186
417	1850
422	433
422	437
422	446
422	468
422	476
422	478
422	484
422	487
422	491
422	493
422	500
422	516
422	519
422	530
422	531
422	534
422	538
433	437
433	438
433	446
433	457
433	468
433	476
433	478
433	484
433	487
433	493
433	500
433	508
433	516
433	519
433	528
433	530
433	534
433	538
433	1836
437	438
437	446
437	457
437	468
437	476
437	481
437	484
437	487
437	491
437	493
437	500
437	508
437	516
437	519
437	520
437	528
437	530
437	534
437	538
437	1745
437	1872
438	446
438	452
438	457
438	468
438	476
438	478
438	481
438	500
438	508
438	516
438	519
438	520
438	528
438	530
438	531
438	534
438	538
438	1762
452	457
452	468
452	476
452	478
452	481
452	484
452	491
452	493
452	500
452	508
452	516
452	520
452	528
452	530
452	531
452	534
452	1206
457	476
457	484
457	487
457	491
457	493
457	500
457	508
457	516
457	519
457	520
457	528
457	530
457	531
457	534
457	538
468	476
468	478
468	481
468	484
468	487
468	491
468	493
468	500
468	508
468	516
468	528
468	530
468	531
468	538
468	1127
478	481
478	484
478	487
478	491
478	500
478	508
478	516
478	519
478	520
478	528
478	530
478	531
478	534
478	538
478	1800
481	484
481	487
481	491
481	500
481	508
481	516
481	519
481	520
481	528
481	530
481	531
481	534
481	538
481	1211
487	491
487	493
487	500
487	519
487	520
487	528
487	530
487	531
487	534
491	493
491	508
491	516
491	519
491	520
491	528
491	530
491	534
491	538
491	1101
500	516
500	519
500	520
500	530
500	531
500	534
500	538
500	1157
500	1890
1738	1745
1738	1747
1738	1758
1738	1762
1738	1798
1738	1800
1738	1804
1738	1808
1738	1811
1738	1814
1738	1816
1738	1817
1738	1819
1738	1832
1738	1836
1738	1838
1738	1850
1738	1862
1738	1867
1738	1872
1738	1876
1738	1879
1739	1745
1739	1747
1739	1748
1739	1784
1739	1798
1739	1800
1739	1804
1739	1805
1739	1808
1739	1811
1739	1813
1739	1814
1739	1816
1739	1817
1739	1819
1739	1836
1739	1838
1739	1862
1739	1864
1739	1867
1739	1876
1739	1879
1739	1884
1739	1890
1745	1748
1745	1758
1745	1762
1745	1784
1745	1798
1745	1800
1745	1805
1745	1808
1745	1811
1745	1814
1745	1816
1745	1817
1745	1819
1745	1832
1745	1838
1745	1846
1745	1850
1745	1862
1745	1872
1745	1876
1745	1879
1745	1889
1745	1890
1747	1748
1747	1758
1747	1762
1747	1784
1747	1798
1747	1804
1747	1808
1747	1811
1747	1813
1747	1814
1747	1817
1747	1819
1747	1832
1747	1836
1747	1838
1747	1850
1747	1862
1747	1864
1747	1867
1747	1872
1747	1879
1747	1884
1747	1889
1748	1758
1748	1762
1748	1798
1748	1800
1748	1805
1748	1811
1748	1813
1748	1814
1748	1817
1748	1819
1748	1832
1748	1836
1748	1838
1748	1846
1748	1850
1748	1862
1748	1864
1748	1872
1748	1876
1748	1879
1748	1884
1748	1889
1748	1890
1758	1762
1758	1798
1758	1800
1758	1804
1758	1805
1758	1808
1758	1811
1758	1813
1758	1814
1758	1816
1758	1817
1758	1819
1758	1832
1758	1836
1758	1838
1758	1846
1758	1850
1758	1867
1758	1876
1758	1879
1758	1884
1758	1889
1758	1890
1762	1784
1762	1798
1762	1800
1762	1804
1762	1811
1762	1813
1762	1814
1762	1816
1762	1819
1762	1832
1762	1850
1762	1862
1762	1864
1762	1867
1762	1872
1762	1876
1762	1879
1762	1884
1762	1889
1762	1890
1784	1798
1784	1800
1784	1804
1784	1805
1784	1808
1784	1813
1784	1814
1784	1816
1784	1817
1784	1819
1784	1832
1784	1836
1784	1838
1784	1846
1784	1862
1784	1864
1784	1867
1784	1872
1784	1876
1784	1879
1784	1884
1784	1890
1798	1804
1798	1811
1798	1813
1798	1814
1798	1816
1798	1819
1798	1832
1798	1838
1798	1846
1798	1862
1798	1864
1798	1872
1798	1876
1798	1879
1798	1884
1798	1889
1798	1890
1800	1804
1800	1805
1800	1808
1800	1811
1800	1813
1800	1814
1800	1816
1800	1817
1800	1832
1800	1846
1800	1850
1800	1862
1800	1864
1800	1867
1800	1872
1800	1879
1800	1884
1800	1889
1800	1890
1805	1808
1805	1811
1805	1813
1805	1814
1805	1816
1805	1817
1805	1819
1805	1832
1805	1838
1805	1850
1805	1862
1805	1864
1805	1867
1805	1872
1805	1876
1805	1879
1805	1889
1808	1813
1808	1814
1808	1816
1808	1817
1808	1819
1808	1832
1808	1836
1808	1838
1808	1846
1808	1850
1808	1862
1808	1867
1808	1872
1808	1879
1808	1884
1808	1889
1808	1890
1811	1814
1811	1819
1811	1836
1811	1838
1811	1846
1811	1862
1811	1864
1811	1867
1811	1872
1811	1876
1811	1879
1811	1884
1813	1814
1813	1816
1813	1817
1813	1819
1813	1836
1813	1838
1813	1850
1813	1862
1813	1867
1813	1876
1813	1879
1813	1884
1813	1889
1813	1890
1814	1819
1814	1832
1814	1836
1814	1838
1814	1846
1814	1850
1814	1862
1814	1867
1814	1872
1814	1876
1814	1879
1814	1884
1814	1889
1816	1819
1816	1832
1816	1836
1816	1846
1816	1850
1816	1862
1816	1864
1816	1876
1816	1879
1816	1890
1817	1819
1817	1832
1817	1836
1817	1838
1817	1846
1817	1850
1817	1862
1817	1864
1817	1867
1817	1872
1817	1876
1817	1879
1817	1884
1817	1889
1817	1890
1819	1832
1819	1836
1819	1838
1819	1846
1819	1850
1819	1864
1819	1867
1819	1872
1819	1876
1819	1889
1832	1836
1832	1838
1832	1846
1832	1850
1832	1864
1832	1867
1832	1872
1832	1879
1832	1884
1832	1889
1832	1890
1836	1846
1836	1850
1836	1862
1836	1864
1836	1867
1836	1872
1836	1876
1836	1879
1836	1884
1836	1889
1838	1846
1838	1850
1838	1862
1838	1864
1838	1867
1838	1872
1838	1876
1838	1884
1838	1889
1838	1890
1846	1850
1846	1862
1846	1864
1846	1872
1846	1876
1846	1879
1846	1884
1846	1889
1846	1890
1850	1867
1850	1872
1850	1879
1850	1884
1850	1889
1850	1890
1862	1864
1862	1867
1862	1876
1862	1879
1862	1884
1862	1889
1862	1890
1864	1867
1864	1872
1864	1876
1864	1884
1864	1889
1864	1890
1867	1872
1867	1876
1867	1879
1867	1884
1867	1889
1867	1890
1872	1876
1872	1879
1872	1884
1872	1889
1872	1890
1876	1879
1876	1884
1876	1889
1876	1890
1879	1889
1884	1889
1884	1890
1889	1890
408	417
408	422
408	433
408	437
408	438
408	446
408	452
408	457
408	468
408	476
408	478
408	481
408	484
408	487
408	491
408	500
408	508
408	516
408	519
408	520
408	528
408	530
408	531
408	534
408	538
408	1204
446	452
446	457
446	468
446	476
446	478
446	481
446	484
446	487
446	491
446	500
446	516
446	519
446	520
446	528
446	530
446	531
446	534
446	538
446	1808
476	478
476	481
476	484
476	487
476	493
476	500
476	508
476	516
476	519
476	520
476	528
476	530
476	531
476	1043
484	487
484	491
484	493
484	500
484	508
484	516
484	519
484	520
484	530
484	534
484	1850
493	500
493	508
493	519
493	520
493	528
493	530
493	531
493	538
493	1098
493	1819
531	538
531	1816
531	1867
1161	1167
1161	1170
1161	1177
1161	1179
1161	1186
1161	1188
1161	1195
1161	1204
1161	1206
1161	1214
1161	1217
1161	1234
1161	1739
1161	1836
1167	1170
1167	1177
1167	1179
1167	1186
1167	1188
1167	1195
1167	1206
1167	1211
1167	1217
1167	1234
1804	1805
1804	1808
1804	1811
1804	1813
1804	1814
1804	1816
1804	1817
1804	1832
1804	1836
1804	1838
1804	1846
1804	1850
1804	1864
1804	1867
1804	1872
1804	1876
1804	1879
1804	1889
1063	1064
1063	1070
1063	1071
1063	1073
1063	1098
1063	1101
1063	1110
1063	1111
1063	1112
1063	1114
1063	1122
1063	1127
1063	1131
1063	1151
1063	1156
1063	1158
1063	1161
1063	1167
1063	1170
1063	1186
1063	1188
1063	1195
1063	1204
1063	1206
1063	1211
1063	1214
1063	1234
528	530
528	531
528	534
528	538
1122	1127
1122	1131
1122	1151
1122	1158
1122	1161
1122	1167
1122	1170
1122	1177
1122	1179
1122	1186
1122	1188
1122	1195
1122	1204
1122	1206
1122	1211
1122	1217
1122	1234
1127	1131
1127	1156
1127	1157
1127	1158
1127	1161
1127	1167
1127	1170
1127	1179
1127	1186
1127	1204
1127	1211
1127	1214
1127	1217
1127	1234
1127	1762
1206	1211
1206	1214
1206	1217
1206	1234
1206	1884
1064	1070
1064	1071
1064	1073
1064	1101
1064	1111
1064	1112
1064	1127
1064	1131
1064	1151
1064	1156
1064	1161
1064	1167
1064	1170
1064	1177
1064	1179
1064	1186
1064	1188
1064	1195
1064	1204
1064	1206
1064	1211
1064	1214
1064	1217
1064	1234
508	516
508	520
508	528
508	530
508	531
508	534
508	538
508	1819
1098	1101
1098	1112
1098	1127
1098	1151
1098	1157
1098	1158
1098	1161
1098	1167
1098	1170
1098	1179
1098	1188
1098	1195
1098	1204
1098	1206
1098	1211
1098	1214
1098	1217
1098	1234
1098	1864
1098	1884
1170	1177
1170	1188
1170	1195
1170	1206
1170	1217
1170	1234
1211	1217
1211	1234
1211	1805
530	531
530	538
530	1838
1073	1098
1073	1101
1073	1110
1073	1111
1073	1112
1073	1122
1073	1127
1073	1131
1073	1151
1073	1157
1073	1167
1073	1170
1073	1177
1073	1179
1073	1186
1073	1188
1073	1195
1073	1204
1073	1206
1073	1211
1073	1214
1073	1217
1073	1234
1073	1814
1151	1156
1151	1158
1151	1167
1151	1170
1151	1177
1151	1179
1151	1186
1151	1188
1151	1195
1151	1204
1151	1206
1151	1211
1151	1811
1151	1816
1179	1188
1179	1195
1179	1204
1179	1206
1179	1217
1179	1784
1179	1813
520	528
520	530
520	531
520	534
520	538
520	1167
1101	1111
1101	1112
1101	1122
1101	1127
1101	1151
1101	1156
1101	1157
1101	1158
1101	1161
1101	1167
1101	1170
1101	1179
1101	1188
1101	1195
1101	1204
1101	1206
1101	1214
1101	1217
1101	1784
1204	1214
1204	1217
1204	1234
1204	1867
1071	1098
1071	1101
1071	1110
1071	1112
1071	1114
1071	1127
1071	1151
1071	1156
1071	1158
1071	1161
1071	1167
1071	1170
1071	1179
1071	1186
1071	1188
1071	1195
1071	1204
1071	1211
1071	1214
1071	1217
1071	1234
1071	1747
1214	1234
1214	1890
538	1186
516	519
516	520
516	528
516	530
516	531
516	538
516	1177
516	1745
1058	1063
1058	1064
1058	1071
1058	1073
1058	1098
1058	1101
1058	1110
1058	1112
1058	1114
1058	1122
1058	1131
1058	1151
1058	1156
1058	1157
1058	1158
1058	1161
1058	1167
1058	1170
1058	1177
1058	1179
1058	1195
1058	1204
1058	1206
1058	1211
1058	1214
1058	1217
1058	1811
1131	1156
1131	1157
1131	1158
1131	1161
1131	1170
1131	1177
1131	1179
1131	1186
1131	1188
1131	1195
1131	1204
1131	1206
1131	1211
1131	1214
1131	1217
1131	1798
1131	1813
1186	1188
1186	1195
1186	1204
1186	1211
1186	1214
1186	1217
1186	1234
1186	1738
1186	1805
519	520
519	528
519	530
519	534
519	538
519	1846
1195	1206
1195	1211
1195	1214
1195	1217
1195	1234
1070	1071
1070	1098
1070	1101
1070	1110
1070	1111
1070	1114
1070	1122
1070	1127
1070	1131
1070	1151
1070	1156
1070	1157
1070	1158
1070	1161
1070	1167
1070	1170
1070	1177
1070	1179
1070	1186
1070	1188
1070	1195
1070	1204
1070	1211
1070	1214
1070	1234
1110	1111
1110	1112
1110	1114
1110	1122
1110	1127
1110	1131
1110	1156
1110	1157
1110	1158
1110	1167
1110	1170
1110	1177
1110	1179
1110	1188
1110	1195
1110	1204
1110	1211
1110	1214
1110	1217
1110	1234
1110	1808
1110	1813
1112	1114
1112	1122
1112	1127
1112	1131
1112	1151
1112	1156
1112	1157
1112	1158
1112	1161
1112	1170
1112	1177
1112	1179
1112	1186
1112	1195
1112	1204
1112	1211
1112	1214
1112	1234
534	538
534	1211
534	1817
1158	1161
1158	1167
1158	1170
1158	1177
1158	1179
1158	1186
1158	1188
1158	1204
1158	1206
1158	1214
1158	1217
1158	1738
1043	1058
1043	1064
1043	1070
1043	1071
1043	1073
1043	1098
1043	1110
1043	1111
1043	1112
1043	1114
1043	1122
1043	1127
1043	1131
1043	1157
1043	1158
1043	1167
1043	1170
1043	1177
1043	1179
1043	1188
1043	1204
1043	1211
1043	1214
1043	1234
1188	1195
1188	1206
1188	1211
1188	1214
1188	1217
1188	1234
1177	1179
1177	1186
1177	1188
1177	1195
1177	1206
1177	1211
1177	1214
1177	1217
1177	1234
1157	1158
1157	1161
1157	1167
1157	1170
1157	1179
1157	1186
1157	1188
1157	1195
1157	1206
1157	1211
1157	1214
1157	1234
1157	1747
1157	1832
1114	1122
1114	1127
1114	1131
1114	1151
1114	1157
1114	1158
1114	1170
1114	1177
1114	1179
1114	1186
1114	1195
1114	1204
1114	1206
1114	1211
1114	1214
1114	1217
1114	1234
1114	1890
1217	1234
1111	1112
1111	1122
1111	1127
1111	1131
1111	1151
1111	1156
1111	1157
1111	1158
1111	1161
1111	1167
1111	1170
1111	1177
1111	1179
1111	1186
1111	1188
1111	1195
1111	1204
1111	1206
1111	1211
1111	1214
1111	1234
1111	1738
1111	1850
1156	1157
1156	1158
1156	1161
1156	1167
1156	1170
1156	1177
1156	1186
1156	1188
1156	1195
1156	1204
1156	1206
1156	1211
1156	1214
1156	1217
1156	1234
1234	1748
