# Undirected graph (each unordered pair of nodes is saved once): output/networks/SmallWorldRewire01removeRandom-90percent.txt
# Nodes: 200 Edges: 9506
# NodeId	NodeId
9	14
9	21
9	36
9	61
9	74
9	79
9	80
9	81
9	90
9	99
9	113
9	126
9	127
9	131
9	143
9	146
9	151
9	152
9	154
9	156
9	174
9	176
9	179
9	203
9	208
9	218
9	219
9	231
9	241
9	247
9	257
9	259
9	264
9	273
9	279
9	282
9	290
9	321
9	328
9	333
9	339
9	342
9	359
9	364
9	385
9	387
9	392
9	407
9	416
9	426
9	433
9	442
9	446
9	452
9	465
9	493
9	503
9	613
9	705
9	1516
9	1531
9	1538
9	1551
9	1564
9	1576
9	1580
9	1586
9	1592
9	1608
9	1630
9	1676
9	1678
9	1684
9	1687
9	1752
9	1762
9	1769
9	1780
9	1815
9	1840
9	1847
9	1850
9	1860
9	1865
9	1871
9	1875
9	1892
9	1904
9	1905
9	1912
9	1934
9	1938
9	1971
9	1992
14	21
14	36
14	61
14	74
14	79
14	80
14	81
14	90
14	99
14	113
14	126
14	127
14	131
14	146
14	151
14	152
14	154
14	156
14	179
14	203
14	208
14	218
14	219
14	231
14	241
14	247
14	259
14	264
14	273
14	279
14	282
14	321
14	328
14	333
14	339
14	342
14	359
14	364
14	368
14	385
14	387
14	393
14	407
14	416
14	426
14	433
14	442
14	452
14	465
14	502
14	503
14	512
14	613
14	625
14	705
14	1050
14	1516
14	1531
14	1538
14	1551
14	1564
14	1580
14	1586
14	1592
14	1630
14	1676
14	1678
14	1684
14	1687
14	1752
14	1762
14	1769
14	1780
14	1783
14	1815
14	1840
14	1847
14	1850
14	1854
14	1857
14	1860
14	1865
14	1875
14	1892
14	1904
14	1905
14	1912
14	1934
14	1938
14	1957
14	1971
14	1992
21	36
21	61
21	74
21	79
21	80
21	81
21	90
21	99
21	113
21	126
21	127
21	131
21	143
21	146
21	151
21	152
21	154
21	156
21	174
21	176
21	179
21	218
21	219
21	231
21	241
21	247
21	257
21	259
21	264
21	273
21	279
21	282
21	290
21	321
21	328
21	333
21	339
21	342
21	359
21	364
21	368
21	385
21	387
21	392
21	393
21	407
21	416
21	426
21	433
21	442
21	446
21	452
21	493
21	502
21	503
21	512
21	515
21	815
21	1341
21	1488
21	1490
21	1531
21	1551
21	1564
21	1576
21	1580
21	1592
21	1608
21	1620
21	1630
21	1678
21	1684
21	1687
21	1752
21	1762
21	1769
21	1780
21	1783
21	1815
21	1840
21	1847
21	1857
21	1860
21	1865
21	1871
21	1875
21	1892
21	1904
21	1905
21	1912
21	1934
21	1957
21	1971
36	61
36	74
36	79
36	80
36	81
36	90
36	99
36	113
36	126
36	127
36	131
36	143
36	146
36	151
36	152
36	154
36	156
36	174
36	176
36	179
36	203
36	208
36	218
36	219
36	231
36	241
36	247
36	257
36	259
36	273
36	279
36	282
36	290
36	321
36	328
36	333
36	339
36	342
36	359
36	364
36	368
36	385
36	387
36	393
36	407
36	416
36	426
36	433
36	442
36	446
36	452
36	465
36	493
36	502
36	503
36	515
36	519
36	582
36	603
36	608
36	835
36	1316
36	1344
36	1441
36	1474
36	1538
36	1551
36	1564
36	1576
36	1580
36	1586
36	1592
36	1608
36	1620
36	1630
36	1678
36	1684
36	1687
36	1752
36	1762
36	1769
36	1780
36	1783
36	1815
36	1840
36	1847
36	1850
36	1857
36	1860
36	1865
36	1871
36	1875
36	1892
36	1904
36	1912
36	1934
36	1971
36	1992
61	74
61	79
61	80
61	81
61	90
61	99
61	113
61	126
61	127
61	131
61	143
61	146
61	151
61	152
61	154
61	156
61	174
61	176
61	179
61	203
61	218
61	219
61	231
61	247
61	257
61	259
61	264
61	273
61	279
61	282
61	290
61	321
61	328
61	333
61	339
61	359
61	364
61	368
61	385
61	387
61	392
61	393
61	407
61	433
61	442
61	446
61	452
61	465
61	493
61	502
61	503
61	512
61	515
61	519
61	679
61	681
61	935
61	1030
61	1097
61	1478
61	1564
61	1576
61	1580
61	1586
61	1592
61	1608
61	1620
61	1630
61	1676
61	1678
61	1684
61	1687
61	1752
61	1762
61	1780
61	1783
61	1815
61	1840
61	1847
61	1850
61	1854
61	1857
61	1860
61	1865
61	1875
61	1892
61	1904
61	1905
61	1912
61	1934
61	1938
61	1957
61	1971
61	1992
74	79
74	80
74	81
74	90
74	99
74	113
74	126
74	127
74	131
74	143
74	146
74	151
74	152
74	154
74	156
74	174
74	176
74	203
74	208
74	218
74	219
74	231
74	241
74	247
74	257
74	259
74	264
74	273
74	279
74	282
74	290
74	328
74	333
74	339
74	342
74	359
74	364
74	368
74	387
74	392
74	393
74	407
74	416
74	426
74	433
74	442
74	446
74	452
74	465
74	502
74	503
74	515
74	519
74	610
74	618
74	679
74	970
74	1030
74	1198
74	1222
74	1464
74	1576
74	1580
74	1586
74	1592
74	1608
74	1620
74	1630
74	1676
74	1678
74	1684
74	1687
74	1762
74	1769
74	1780
74	1783
74	1815
74	1840
74	1847
74	1850
74	1854
74	1857
74	1860
74	1865
74	1871
74	1875
74	1892
74	1904
74	1905
74	1912
74	1934
74	1938
74	1957
74	1992
79	80
79	81
79	90
79	99
79	113
79	131
79	143
79	151
79	152
79	154
79	156
79	174
79	176
79	179
79	203
79	208
79	219
79	231
79	241
79	247
79	257
79	259
79	264
79	273
79	279
79	282
79	290
79	321
79	328
79	333
79	339
79	342
79	359
79	364
79	368
79	385
79	387
79	392
79	393
79	407
79	426
79	433
79	442
79	446
79	452
79	465
79	493
79	502
79	503
79	512
79	515
79	519
79	1050
79	1123
79	1182
79	1338
79	1362
79	1375
79	1478
79	1580
79	1586
79	1592
79	1620
79	1630
79	1676
79	1678
79	1687
79	1752
79	1762
79	1769
79	1780
79	1783
79	1815
79	1840
79	1847
79	1850
79	1854
79	1857
79	1860
79	1865
79	1875
79	1892
79	1904
79	1905
79	1912
79	1934
79	1938
79	1957
79	1971
79	1992
80	81
80	90
80	99
80	113
80	126
80	127
80	131
80	143
80	146
80	151
80	152
80	154
80	156
80	174
80	176
80	179
80	203
80	208
80	219
80	241
80	247
80	257
80	264
80	273
80	282
80	290
80	321
80	328
80	333
80	342
80	359
80	364
80	368
80	385
80	387
80	392
80	393
80	407
80	416
80	426
80	433
80	446
80	452
80	465
80	493
80	502
80	503
80	512
80	515
80	519
80	582
80	756
80	1043
80	1172
80	1278
80	1580
80	1592
80	1608
80	1620
80	1630
80	1676
80	1678
80	1684
80	1687
80	1752
80	1762
80	1780
80	1783
80	1815
80	1840
80	1847
80	1850
80	1854
80	1857
80	1865
80	1871
80	1875
80	1892
80	1904
80	1905
80	1934
80	1938
80	1957
80	1971
80	1992
81	90
81	99
81	126
81	127
81	131
81	143
81	146
81	151
81	152
81	154
81	156
81	174
81	176
81	179
81	203
81	208
81	218
81	219
81	231
81	241
81	247
81	257
81	264
81	273
81	279
81	282
81	290
81	321
81	328
81	333
81	339
81	342
81	359
81	364
81	368
81	385
81	387
81	392
81	393
81	407
81	416
81	426
81	433
81	446
81	465
81	493
81	503
81	512
81	515
81	519
81	603
81	631
81	959
81	1161
81	1300
81	1305
81	1316
81	1344
81	1441
81	1564
81	1586
81	1592
81	1608
81	1620
81	1630
81	1676
81	1678
81	1684
81	1687
81	1752
81	1762
81	1769
81	1780
81	1783
81	1815
81	1840
81	1847
81	1850
81	1854
81	1857
81	1860
81	1865
81	1871
81	1875
81	1892
81	1904
81	1905
81	1912
81	1938
81	1957
81	1971
81	1992
90	99
90	113
90	126
90	127
90	131
90	143
90	146
90	151
90	152
90	154
90	156
90	174
90	176
90	179
90	203
90	208
90	218
90	219
90	241
90	247
90	257
90	259
90	264
90	273
90	279
90	282
90	321
90	328
90	333
90	339
90	342
90	359
90	364
90	368
90	385
90	387
90	392
90	393
90	407
90	416
90	426
90	433
90	442
90	446
90	452
90	465
90	493
90	502
90	503
90	512
90	515
90	519
90	582
90	708
90	978
90	1127
90	1362
90	1531
90	1592
90	1608
90	1620
90	1630
90	1676
90	1678
90	1684
90	1687
90	1752
90	1762
90	1769
90	1780
90	1783
90	1815
90	1840
90	1847
90	1854
90	1857
90	1860
90	1865
90	1871
90	1875
90	1892
90	1905
90	1912
90	1934
90	1957
90	1971
90	1992
99	113
99	126
99	127
99	131
99	143
99	146
99	151
99	152
99	156
99	174
99	176
99	179
99	203
99	208
99	218
99	219
99	231
99	241
99	247
99	259
99	264
99	273
99	282
99	290
99	321
99	333
99	342
99	359
99	364
99	368
99	385
99	387
99	392
99	393
99	426
99	433
99	442
99	446
99	452
99	465
99	493
99	502
99	503
99	512
99	515
99	519
99	582
99	1132
99	1493
99	1564
99	1608
99	1620
99	1630
99	1676
99	1678
99	1684
99	1687
99	1752
99	1762
99	1769
99	1780
99	1783
99	1815
99	1840
99	1847
99	1850
99	1854
99	1857
99	1860
99	1865
99	1871
99	1875
99	1892
99	1904
99	1905
99	1912
99	1934
99	1938
99	1957
99	1971
99	1992
113	126
113	127
113	131
113	143
113	146
113	151
113	152
113	154
113	156
113	174
113	176
113	179
113	203
113	208
113	218
113	219
113	241
113	247
113	257
113	259
113	264
113	273
113	279
113	282
113	321
113	328
113	333
113	342
113	364
113	368
113	385
113	387
113	392
113	393
113	407
113	416
113	426
113	433
113	442
113	465
113	493
113	502
113	503
113	512
113	515
113	519
113	582
113	603
113	608
113	613
113	625
113	670
113	755
113	777
113	835
113	1132
113	1177
113	1516
113	1576
113	1580
113	1586
113	1620
113	1630
113	1676
113	1678
113	1684
113	1687
113	1752
113	1769
113	1780
113	1783
113	1815
113	1840
113	1847
113	1850
113	1854
113	1857
113	1860
113	1865
113	1871
113	1875
113	1892
113	1904
113	1905
113	1912
113	1934
113	1938
113	1971
113	1992
127	131
127	143
127	146
127	151
127	152
127	154
127	156
127	174
127	176
127	179
127	203
127	208
127	218
127	219
127	241
127	247
127	257
127	259
127	273
127	282
127	290
127	321
127	328
127	333
127	342
127	359
127	364
127	368
127	385
127	387
127	392
127	393
127	407
127	416
127	426
127	442
127	446
127	452
127	465
127	493
127	502
127	503
127	512
127	515
127	519
127	582
127	608
127	610
127	613
127	618
127	625
127	1028
127	1295
127	1300
127	1538
127	1551
127	1630
127	1676
127	1678
127	1684
127	1687
127	1752
127	1780
127	1783
127	1815
127	1840
127	1847
127	1850
127	1854
127	1857
127	1860
127	1871
127	1875
127	1892
127	1905
127	1934
127	1938
127	1957
127	1971
127	1992
131	143
131	146
131	151
131	154
131	174
131	179
131	203
131	218
131	219
131	231
131	241
131	247
131	257
131	259
131	264
131	273
131	279
131	282
131	290
131	321
131	328
131	333
131	339
131	342
131	359
131	364
131	368
131	385
131	393
131	407
131	416
131	426
131	433
131	442
131	446
131	452
131	465
131	493
131	502
131	503
131	512
131	515
131	519
131	582
131	603
131	608
131	610
131	613
131	618
131	625
131	631
131	810
131	886
131	1222
131	1292
131	1394
131	1474
131	1630
131	1676
131	1678
131	1684
131	1687
131	1752
131	1762
131	1769
131	1780
131	1783
131	1815
131	1840
131	1847
131	1850
131	1854
131	1857
131	1860
131	1865
131	1871
131	1875
131	1892
131	1905
131	1938
131	1957
131	1971
131	1992
143	146
143	151
143	152
143	154
143	174
143	176
143	179
143	203
143	208
143	218
143	219
143	231
143	241
143	247
143	257
143	259
143	264
143	273
143	279
143	282
143	290
143	321
143	328
143	333
143	339
143	342
143	359
143	364
143	368
143	385
143	387
143	392
143	393
143	416
143	426
143	433
143	442
143	446
143	452
143	465
143	493
143	502
143	503
143	512
143	515
143	519
143	603
143	608
143	610
143	613
143	618
143	625
143	631
143	1218
143	1341
143	1347
143	1620
143	1676
143	1678
143	1684
143	1687
143	1752
143	1762
143	1769
143	1815
143	1840
143	1847
143	1850
143	1854
143	1857
143	1860
143	1865
143	1871
143	1875
143	1892
143	1904
143	1905
143	1912
143	1934
143	1938
143	1957
143	1971
143	1992
151	152
151	156
151	174
151	176
151	179
151	203
151	208
151	218
151	231
151	241
151	247
151	259
151	264
151	273
151	279
151	282
151	321
151	328
151	333
151	339
151	342
151	359
151	364
151	368
151	385
151	387
151	392
151	393
151	407
151	416
151	426
151	433
151	442
151	446
151	452
151	465
151	493
151	503
151	512
151	515
151	519
151	582
151	603
151	608
151	610
151	613
151	618
151	625
151	631
151	643
151	772
151	1127
151	1630
151	1676
151	1678
151	1684
151	1687
151	1752
151	1762
151	1769
151	1780
151	1783
151	1815
151	1840
151	1847
151	1850
151	1854
151	1857
151	1860
151	1865
151	1871
151	1875
151	1892
151	1904
151	1905
151	1912
151	1934
151	1938
151	1957
151	1971
151	1992
152	154
152	156
152	174
152	176
152	179
152	203
152	218
152	219
152	231
152	241
152	247
152	264
152	273
152	279
152	290
152	321
152	328
152	333
152	339
152	342
152	359
152	368
152	387
152	392
152	393
152	407
152	416
152	426
152	433
152	442
152	446
152	452
152	465
152	493
152	502
152	503
152	512
152	515
152	519
152	582
152	603
152	608
152	610
152	613
152	618
152	625
152	631
152	643
152	886
152	1050
152	1234
152	1306
152	1441
152	1478
152	1676
152	1678
152	1687
152	1752
152	1762
152	1769
152	1780
152	1783
152	1815
152	1840
152	1850
152	1854
152	1857
152	1860
152	1865
152	1871
152	1875
152	1892
152	1904
152	1905
152	1912
152	1934
152	1938
152	1957
152	1971
152	1992
156	174
156	176
156	203
156	208
156	218
156	219
156	231
156	247
156	259
156	264
156	273
156	279
156	282
156	290
156	321
156	328
156	333
156	339
156	342
156	359
156	368
156	387
156	392
156	407
156	416
156	426
156	433
156	442
156	446
156	452
156	465
156	493
156	502
156	503
156	512
156	515
156	519
156	582
156	603
156	608
156	610
156	613
156	618
156	643
156	1218
156	1441
156	1538
156	1676
156	1678
156	1684
156	1687
156	1752
156	1762
156	1769
156	1780
156	1783
156	1815
156	1840
156	1847
156	1850
156	1854
156	1857
156	1860
156	1865
156	1871
156	1875
156	1892
156	1904
156	1905
156	1912
156	1934
156	1938
156	1957
156	1971
156	1992
174	176
174	179
174	203
174	208
174	218
174	219
174	231
174	241
174	247
174	257
174	259
174	264
174	279
174	282
174	290
174	321
174	333
174	342
174	359
174	368
174	385
174	387
174	392
174	393
174	416
174	426
174	433
174	442
174	446
174	452
174	465
174	493
174	502
174	503
174	512
174	515
174	519
174	582
174	603
174	608
174	610
174	613
174	618
174	625
174	631
174	643
174	669
174	670
174	672
174	970
174	1065
174	1341
174	1379
174	1576
174	1676
174	1678
174	1684
174	1687
174	1752
174	1762
174	1769
174	1780
174	1783
174	1815
174	1840
174	1847
174	1850
174	1854
174	1857
174	1860
174	1865
174	1871
174	1875
174	1892
174	1904
174	1912
174	1934
174	1938
174	1957
174	1971
174	1992
176	179
176	203
176	208
176	218
176	219
176	231
176	241
176	247
176	257
176	259
176	264
176	273
176	279
176	282
176	290
176	321
176	328
176	333
176	339
176	342
176	359
176	364
176	368
176	385
176	387
176	392
176	393
176	407
176	416
176	426
176	433
176	442
176	446
176	452
176	465
176	493
176	502
176	503
176	512
176	515
176	519
176	582
176	603
176	608
176	610
176	613
176	618
176	625
176	631
176	643
176	668
176	669
176	670
176	672
176	705
176	1344
176	1630
176	1676
176	1678
176	1684
176	1687
176	1752
176	1762
176	1769
176	1780
176	1783
176	1815
176	1840
176	1847
176	1850
176	1854
176	1857
176	1860
176	1865
176	1871
176	1875
176	1892
176	1904
176	1905
176	1912
176	1934
176	1938
176	1957
176	1971
176	1992
179	203
179	208
179	218
179	219
179	231
179	241
179	247
179	257
179	259
179	264
179	273
179	279
179	282
179	290
179	321
179	328
179	333
179	339
179	342
179	359
179	368
179	385
179	387
179	392
179	393
179	407
179	416
179	433
179	446
179	452
179	465
179	493
179	502
179	503
179	512
179	515
179	519
179	603
179	608
179	610
179	613
179	618
179	625
179	631
179	643
179	668
179	669
179	670
179	672
179	679
179	793
179	978
179	1157
179	1305
179	1341
179	1347
179	1441
179	1464
179	1586
179	1684
179	1687
179	1752
179	1762
179	1769
179	1780
179	1783
179	1815
179	1847
179	1850
179	1854
179	1857
179	1865
179	1875
179	1892
179	1904
179	1905
179	1912
179	1934
179	1938
179	1957
179	1971
179	1992
203	208
203	219
203	231
203	241
203	247
203	257
203	259
203	264
203	273
203	282
203	290
203	321
203	328
203	333
203	339
203	342
203	359
203	364
203	368
203	385
203	387
203	392
203	393
203	407
203	416
203	426
203	433
203	442
203	446
203	452
203	465
203	502
203	503
203	512
203	515
203	519
203	582
203	603
203	610
203	618
203	625
203	631
203	668
203	669
203	670
203	679
203	699
203	829
203	1123
203	1278
203	1295
203	1341
203	1762
203	1769
203	1780
203	1783
203	1815
203	1840
203	1847
203	1850
203	1854
203	1857
203	1860
203	1865
203	1871
203	1875
203	1892
203	1904
203	1905
203	1912
203	1934
203	1938
203	1957
203	1971
203	1992
208	218
208	231
208	241
208	247
208	257
208	259
208	264
208	273
208	279
208	282
208	290
208	321
208	328
208	333
208	342
208	359
208	364
208	368
208	385
208	387
208	392
208	407
208	416
208	426
208	433
208	442
208	446
208	452
208	465
208	493
208	502
208	503
208	512
208	515
208	519
208	582
208	608
208	610
208	613
208	618
208	625
208	631
208	643
208	668
208	669
208	670
208	672
208	679
208	681
208	699
208	705
208	708
208	935
208	1065
208	1341
208	1580
208	1630
208	1752
208	1762
208	1769
208	1780
208	1783
208	1815
208	1840
208	1847
208	1850
208	1854
208	1857
208	1860
208	1871
208	1875
208	1892
208	1904
208	1905
208	1912
208	1934
208	1938
208	1957
208	1971
208	1992
218	219
218	241
218	247
218	257
218	259
218	264
218	273
218	279
218	282
218	290
218	321
218	328
218	333
218	339
218	342
218	359
218	364
218	368
218	385
218	387
218	393
218	407
218	416
218	442
218	446
218	452
218	465
218	493
218	502
218	503
218	512
218	515
218	582
218	603
218	608
218	610
218	613
218	618
218	625
218	631
218	643
218	668
218	669
218	672
218	679
218	681
218	705
218	772
218	1133
218	1198
218	1752
218	1762
218	1769
218	1780
218	1783
218	1815
218	1840
218	1847
218	1850
218	1854
218	1857
218	1860
218	1865
218	1871
218	1875
218	1892
218	1904
218	1905
218	1912
218	1934
218	1938
218	1957
218	1971
218	1992
219	231
219	241
219	247
219	257
219	259
219	279
219	282
219	290
219	328
219	333
219	339
219	342
219	359
219	364
219	385
219	392
219	393
219	407
219	426
219	433
219	442
219	446
219	452
219	465
219	502
219	503
219	512
219	515
219	519
219	582
219	603
219	608
219	610
219	613
219	618
219	625
219	631
219	643
219	668
219	669
219	670
219	672
219	681
219	699
219	705
219	708
219	839
219	1299
219	1305
219	1306
219	1452
219	1531
219	1752
219	1762
219	1769
219	1780
219	1783
219	1840
219	1850
219	1854
219	1857
219	1865
219	1871
219	1892
219	1904
219	1905
219	1912
219	1934
219	1938
219	1957
219	1971
219	1992
231	241
231	257
231	259
231	264
231	273
231	282
231	290
231	321
231	328
231	333
231	339
231	342
231	359
231	364
231	385
231	387
231	392
231	407
231	416
231	426
231	433
231	446
231	452
231	465
231	493
231	503
231	512
231	515
231	519
231	582
231	603
231	608
231	610
231	613
231	618
231	625
231	631
231	643
231	668
231	669
231	670
231	672
231	679
231	681
231	699
231	705
231	708
231	935
231	989
231	1300
231	1538
231	1752
231	1762
231	1769
231	1780
231	1783
231	1815
231	1840
231	1847
231	1850
231	1854
231	1857
231	1860
231	1865
231	1871
231	1875
231	1892
231	1905
231	1934
231	1938
231	1957
231	1971
231	1992
241	247
241	257
241	259
241	264
241	273
241	279
241	282
241	290
241	328
241	333
241	339
241	364
241	368
241	387
241	392
241	393
241	407
241	416
241	433
241	442
241	446
241	452
241	465
241	493
241	503
241	512
241	515
241	582
241	603
241	608
241	610
241	613
241	618
241	625
241	631
241	643
241	668
241	669
241	670
241	672
241	679
241	699
241	705
241	708
241	810
241	835
241	920
241	1099
241	1299
241	1752
241	1762
241	1769
241	1780
241	1783
241	1815
241	1840
241	1847
241	1850
241	1854
241	1857
241	1860
241	1865
241	1871
241	1875
241	1892
241	1904
241	1905
241	1912
241	1934
241	1938
241	1957
241	1971
241	1992
247	257
247	259
247	273
247	279
247	282
247	290
247	321
247	328
247	339
247	342
247	359
247	364
247	368
247	387
247	392
247	393
247	407
247	416
247	426
247	433
247	442
247	446
247	452
247	465
247	502
247	512
247	515
247	519
247	582
247	603
247	608
247	613
247	618
247	625
247	631
247	643
247	669
247	670
247	672
247	681
247	699
247	705
247	708
247	835
247	1295
247	1341
247	1752
247	1762
247	1769
247	1780
247	1815
247	1840
247	1847
247	1854
247	1857
247	1860
247	1865
247	1871
247	1875
247	1892
247	1904
247	1905
247	1912
247	1934
247	1938
247	1957
247	1971
247	1992
257	259
257	264
257	273
257	279
257	282
257	290
257	321
257	328
257	339
257	342
257	359
257	364
257	368
257	385
257	387
257	392
257	393
257	407
257	416
257	426
257	433
257	442
257	446
257	452
257	465
257	493
257	502
257	503
257	512
257	519
257	582
257	603
257	610
257	613
257	618
257	625
257	631
257	643
257	668
257	669
257	679
257	681
257	699
257	705
257	755
257	756
257	1161
257	1234
257	1493
257	1687
257	1762
257	1769
257	1780
257	1783
257	1840
257	1847
257	1850
257	1854
257	1860
257	1865
257	1871
257	1875
257	1892
257	1904
257	1905
257	1912
257	1934
257	1938
257	1957
257	1971
259	264
259	279
259	282
259	290
259	321
259	333
259	339
259	342
259	364
259	368
259	385
259	392
259	393
259	407
259	416
259	426
259	433
259	442
259	446
259	452
259	465
259	493
259	502
259	503
259	512
259	515
259	519
259	582
259	603
259	608
259	610
259	613
259	618
259	625
259	631
259	643
259	668
259	669
259	670
259	672
259	679
259	681
259	699
259	705
259	708
259	755
259	756
259	1028
259	1050
259	1218
259	1465
259	1478
259	1586
259	1762
259	1769
259	1780
259	1783
259	1815
259	1840
259	1847
259	1850
259	1854
259	1857
259	1860
259	1865
259	1871
259	1875
259	1892
259	1904
259	1905
259	1912
259	1934
259	1938
259	1957
259	1971
259	1992
264	273
264	279
264	282
264	290
264	321
264	328
264	333
264	339
264	342
264	359
264	364
264	368
264	385
264	387
264	392
264	393
264	407
264	416
264	433
264	442
264	446
264	452
264	465
264	493
264	502
264	503
264	512
264	515
264	519
264	582
264	603
264	608
264	610
264	613
264	625
264	631
264	668
264	669
264	670
264	672
264	679
264	681
264	699
264	708
264	755
264	756
264	793
264	1172
264	1490
264	1762
264	1769
264	1780
264	1783
264	1815
264	1840
264	1847
264	1857
264	1860
264	1865
264	1871
264	1875
264	1892
264	1904
264	1905
264	1912
264	1934
264	1938
264	1957
264	1971
264	1992
273	279
273	282
273	290
273	321
273	328
273	333
273	339
273	342
273	359
273	364
273	368
273	385
273	387
273	392
273	393
273	407
273	426
273	433
273	442
273	446
273	465
273	493
273	502
273	503
273	512
273	515
273	519
273	582
273	603
273	608
273	610
273	613
273	618
273	625
273	631
273	643
273	668
273	669
273	670
273	679
273	681
273	699
273	705
273	708
273	755
273	756
273	797
273	820
273	1138
273	1182
273	1234
273	1341
273	1347
273	1576
273	1752
273	1780
273	1783
273	1815
273	1840
273	1847
273	1850
273	1865
273	1871
273	1875
273	1892
273	1904
273	1905
273	1912
273	1938
273	1957
273	1971
279	282
279	290
279	321
279	333
279	339
279	342
279	359
279	368
279	387
279	392
279	393
279	407
279	416
279	433
279	442
279	446
279	452
279	465
279	493
279	502
279	503
279	512
279	515
279	582
279	603
279	608
279	610
279	613
279	625
279	631
279	643
279	668
279	669
279	670
279	672
279	679
279	681
279	699
279	705
279	708
279	755
279	756
279	772
279	777
279	1030
279	1132
279	1161
279	1429
279	1780
279	1783
279	1815
279	1840
279	1847
279	1850
279	1854
279	1857
279	1860
279	1865
279	1871
279	1875
279	1892
279	1904
279	1905
279	1912
279	1938
279	1971
279	1992
282	290
282	321
282	328
282	333
282	342
282	359
282	364
282	368
282	385
282	387
282	392
282	393
282	407
282	416
282	426
282	433
282	442
282	446
282	452
282	465
282	493
282	503
282	512
282	515
282	519
282	582
282	603
282	608
282	613
282	618
282	631
282	643
282	668
282	669
282	670
282	672
282	679
282	681
282	699
282	705
282	708
282	755
282	756
282	772
282	777
282	1344
282	1478
282	1493
282	1783
282	1815
282	1840
282	1847
282	1850
282	1854
282	1857
282	1860
282	1865
282	1871
282	1875
282	1904
282	1905
282	1912
282	1957
282	1971
282	1992
290	321
290	328
290	333
290	339
290	342
290	359
290	364
290	368
290	385
290	392
290	393
290	407
290	416
290	433
290	442
290	446
290	452
290	465
290	493
290	502
290	503
290	512
290	515
290	519
290	582
290	603
290	608
290	610
290	618
290	625
290	631
290	643
290	668
290	669
290	670
290	672
290	679
290	681
290	699
290	705
290	708
290	756
290	772
290	777
290	1182
290	1375
290	1620
290	1815
290	1840
290	1847
290	1850
290	1854
290	1857
290	1871
290	1875
290	1892
290	1904
290	1905
290	1912
290	1934
290	1938
290	1957
290	1971
290	1992
321	328
321	339
321	342
321	359
321	364
321	385
321	387
321	392
321	393
321	407
321	416
321	426
321	433
321	442
321	446
321	452
321	465
321	493
321	502
321	503
321	512
321	515
321	519
321	582
321	603
321	608
321	610
321	618
321	625
321	631
321	643
321	668
321	669
321	670
321	679
321	681
321	699
321	705
321	708
321	755
321	756
321	772
321	793
321	810
321	815
321	820
321	829
321	1043
321	1172
321	1362
321	1474
321	1478
321	1608
321	1687
321	1752
321	1815
321	1840
321	1847
321	1850
321	1854
321	1857
321	1860
321	1865
321	1875
321	1892
321	1904
321	1905
321	1934
321	1938
321	1957
321	1971
321	1992
328	333
328	339
328	342
328	359
328	364
328	368
328	385
328	387
328	392
328	393
328	407
328	416
328	426
328	433
328	442
328	446
328	452
328	465
328	493
328	503
328	512
328	515
328	519
328	582
328	603
328	608
328	610
328	613
328	618
328	625
328	631
328	643
328	668
328	669
328	670
328	672
328	681
328	699
328	705
328	708
328	755
328	756
328	772
328	777
328	793
328	797
328	810
328	815
328	820
328	822
328	935
328	1028
328	1362
328	1840
328	1847
328	1850
328	1854
328	1857
328	1860
328	1865
328	1871
328	1875
328	1892
328	1904
328	1905
328	1912
328	1934
328	1938
328	1957
328	1971
328	1992
333	342
333	359
333	364
333	368
333	385
333	387
333	392
333	393
333	416
333	426
333	433
333	442
333	446
333	452
333	465
333	493
333	502
333	503
333	512
333	515
333	519
333	582
333	603
333	608
333	610
333	613
333	618
333	625
333	631
333	643
333	668
333	669
333	670
333	672
333	681
333	699
333	705
333	708
333	755
333	756
333	772
333	777
333	815
333	820
333	822
333	1050
333	1099
333	1352
333	1464
333	1586
333	1630
333	1840
333	1847
333	1850
333	1854
333	1857
333	1860
333	1865
333	1871
333	1875
333	1892
333	1904
333	1912
333	1938
333	1957
333	1971
333	1992
339	342
339	359
339	364
339	385
339	387
339	392
339	393
339	407
339	416
339	426
339	433
339	442
339	446
339	452
339	465
339	493
339	503
339	512
339	515
339	519
339	582
339	603
339	608
339	610
339	613
339	625
339	631
339	643
339	668
339	669
339	670
339	672
339	681
339	699
339	705
339	708
339	755
339	756
339	772
339	777
339	797
339	810
339	815
339	820
339	822
339	829
339	835
339	1059
339	1091
339	1531
339	1769
339	1840
339	1847
339	1850
339	1854
339	1857
339	1860
339	1871
339	1875
339	1892
339	1905
339	1912
339	1934
339	1938
339	1957
339	1971
339	1992
359	368
359	385
359	387
359	393
359	416
359	426
359	433
359	442
359	452
359	502
359	503
359	512
359	515
359	519
359	582
359	608
359	610
359	613
359	618
359	625
359	631
359	643
359	669
359	670
359	672
359	679
359	681
359	705
359	708
359	755
359	756
359	772
359	777
359	793
359	797
359	810
359	815
359	820
359	822
359	829
359	835
359	839
359	843
359	1352
359	1464
359	1564
359	1857
359	1860
359	1865
359	1871
359	1875
359	1892
359	1904
359	1905
359	1912
359	1934
359	1957
359	1992
364	368
364	385
364	387
364	392
364	393
364	407
364	416
364	426
364	433
364	442
364	452
364	465
364	493
364	503
364	512
364	515
364	519
364	582
364	603
364	610
364	613
364	618
364	625
364	631
364	643
364	668
364	669
364	672
364	679
364	681
364	699
364	705
364	708
364	755
364	756
364	772
364	797
364	810
364	815
364	820
364	822
364	829
364	835
364	839
364	843
364	860
364	949
364	1161
364	1234
364	1305
364	1478
364	1551
364	1865
364	1871
364	1875
364	1892
364	1904
364	1905
364	1912
364	1934
364	1938
364	1957
364	1992
368	385
368	387
368	392
368	393
368	407
368	416
368	426
368	442
368	446
368	465
368	493
368	503
368	512
368	515
368	519
368	582
368	603
368	608
368	610
368	613
368	618
368	625
368	631
368	643
368	668
368	669
368	670
368	672
368	679
368	681
368	705
368	708
368	755
368	756
368	772
368	777
368	793
368	797
368	815
368	820
368	822
368	829
368	835
368	839
368	843
368	860
368	1305
368	1316
368	1441
368	1452
368	1478
368	1783
368	1871
368	1875
368	1892
368	1904
368	1905
368	1934
368	1938
368	1957
368	1971
368	1992
385	387
385	392
385	393
385	407
385	416
385	426
385	433
385	442
385	446
385	452
385	465
385	493
385	502
385	503
385	512
385	515
385	519
385	582
385	608
385	610
385	613
385	618
385	643
385	668
385	669
385	670
385	672
385	681
385	699
385	705
385	755
385	756
385	772
385	777
385	793
385	797
385	810
385	820
385	822
385	829
385	843
385	860
385	1050
385	1306
385	1516
385	1676
385	1684
385	1854
385	1892
385	1904
385	1905
385	1934
385	1938
385	1957
385	1971
385	1992
387	392
387	393
387	416
387	426
387	433
387	442
387	446
387	452
387	465
387	493
387	503
387	512
387	515
387	519
387	582
387	603
387	608
387	610
387	613
387	618
387	625
387	631
387	643
387	668
387	669
387	670
387	672
387	679
387	699
387	708
387	755
387	756
387	772
387	777
387	793
387	797
387	810
387	815
387	820
387	822
387	829
387	835
387	843
387	860
387	886
387	1097
387	1362
387	1452
387	1684
387	1854
387	1892
387	1904
387	1905
387	1912
387	1934
387	1938
387	1957
387	1971
387	1992
392	393
392	407
392	416
392	426
392	433
392	442
392	446
392	465
392	493
392	502
392	503
392	512
392	515
392	519
392	582
392	603
392	608
392	610
392	613
392	618
392	631
392	643
392	668
392	669
392	670
392	672
392	679
392	681
392	699
392	705
392	708
392	755
392	756
392	772
392	777
392	793
392	797
392	810
392	815
392	820
392	822
392	829
392	835
392	839
392	843
392	860
392	886
392	1429
392	1464
392	1857
392	1860
392	1892
392	1904
392	1905
392	1934
392	1938
392	1957
392	1992
393	407
393	416
393	433
393	446
393	452
393	465
393	493
393	502
393	503
393	512
393	515
393	519
393	582
393	603
393	608
393	610
393	613
393	618
393	625
393	631
393	643
393	668
393	669
393	670
393	672
393	679
393	681
393	699
393	705
393	708
393	755
393	772
393	777
393	793
393	797
393	810
393	815
393	820
393	822
393	829
393	835
393	839
393	843
393	860
393	886
393	1091
393	1352
393	1362
393	1531
393	1752
393	1904
393	1905
393	1912
393	1934
393	1938
393	1957
393	1992
407	416
407	426
407	433
407	442
407	446
407	452
407	465
407	493
407	502
407	503
407	512
407	515
407	519
407	582
407	603
407	608
407	610
407	613
407	618
407	631
407	643
407	668
407	669
407	670
407	672
407	679
407	681
407	699
407	708
407	755
407	756
407	772
407	777
407	793
407	797
407	810
407	815
407	822
407	829
407	839
407	843
407	860
407	886
407	1783
407	1840
407	1912
407	1934
407	1938
407	1957
407	1971
407	1992
416	426
416	433
416	442
416	446
416	452
416	465
416	493
416	502
416	503
416	512
416	515
416	519
416	582
416	603
416	608
416	610
416	613
416	618
416	625
416	631
416	643
416	668
416	669
416	670
416	672
416	679
416	681
416	699
416	705
416	755
416	756
416	772
416	777
416	793
416	797
416	810
416	815
416	820
416	822
416	829
416	835
416	839
416	843
416	860
416	886
416	1177
416	1222
416	1620
416	1912
416	1934
416	1938
416	1957
416	1971
416	1992
426	433
426	446
426	452
426	465
426	493
426	502
426	503
426	515
426	519
426	582
426	603
426	608
426	610
426	613
426	618
426	625
426	631
426	643
426	668
426	669
426	670
426	672
426	679
426	681
426	699
426	705
426	708
426	755
426	756
426	772
426	777
426	793
426	797
426	810
426	815
426	820
426	822
426	829
426	839
426	860
426	886
426	920
426	1182
426	1452
426	1592
426	1676
426	1684
426	1938
426	1971
426	1992
433	442
433	446
433	465
433	493
433	502
433	503
433	512
433	515
433	519
433	582
433	603
433	608
433	610
433	613
433	618
433	625
433	631
433	643
433	668
433	669
433	670
433	672
433	679
433	681
433	699
433	705
433	708
433	755
433	756
433	772
433	777
433	793
433	797
433	810
433	815
433	822
433	829
433	835
433	843
433	860
433	886
433	920
433	989
433	1028
433	1292
433	1875
433	1934
433	1938
433	1971
433	1992
442	446
442	452
442	465
442	493
442	502
442	503
442	512
442	515
442	519
442	582
442	603
442	608
442	610
442	618
442	625
442	631
442	643
442	668
442	669
442	679
442	699
442	705
442	708
442	755
442	756
442	772
442	777
442	793
442	797
442	810
442	820
442	822
442	829
442	835
442	839
442	843
442	860
442	886
442	920
442	935
442	1278
442	1347
442	1452
442	1465
442	1592
442	1762
442	1783
442	1865
442	1875
442	1971
442	1992
452	465
452	493
452	502
452	503
452	512
452	515
452	582
452	603
452	608
452	610
452	613
452	618
452	625
452	631
452	643
452	668
452	669
452	670
452	672
452	679
452	681
452	699
452	705
452	708
452	755
452	756
452	777
452	793
452	797
452	810
452	815
452	820
452	822
452	829
452	835
452	839
452	843
452	860
452	886
452	920
452	935
452	949
452	1099
452	1347
452	1531
452	1676
452	1857
452	1957
452	1971
465	493
465	502
465	503
465	512
465	515
465	519
465	582
465	603
465	608
465	610
465	613
465	618
465	625
465	631
465	643
465	668
465	669
465	670
465	672
465	679
465	681
465	699
465	705
465	708
465	755
465	756
465	772
465	777
465	793
465	797
465	810
465	815
465	820
465	822
465	829
465	839
465	843
465	860
465	886
465	920
465	935
465	949
465	959
465	1091
465	1297
465	1316
465	1338
465	1493
465	1630
465	1762
465	1971
970	978
970	989
970	1024
970	1028
970	1030
970	1043
970	1050
970	1059
970	1070
970	1091
970	1097
970	1099
970	1123
970	1127
970	1132
970	1133
970	1138
970	1146
970	1157
970	1161
970	1177
970	1182
970	1198
970	1218
970	1222
970	1234
970	1278
970	1292
970	1295
970	1297
970	1299
970	1300
970	1305
970	1306
970	1316
970	1338
970	1341
970	1344
970	1347
970	1352
970	1362
970	1375
970	1379
970	1394
970	1429
970	1441
970	1452
970	1464
970	1676
970	1905
1065	1070
1065	1091
1065	1097
1065	1099
1065	1123
1065	1127
1065	1132
1065	1133
1065	1138
1065	1146
1065	1157
1065	1161
1065	1172
1065	1177
1065	1182
1065	1198
1065	1218
1065	1222
1065	1234
1065	1278
1065	1295
1065	1297
1065	1300
1065	1305
1065	1306
1065	1316
1065	1338
1065	1341
1065	1344
1065	1347
1065	1352
1065	1362
1065	1375
1065	1379
1065	1394
1065	1429
1065	1441
1065	1452
1065	1464
1065	1465
1065	1474
1065	1478
1065	1488
1065	1490
1065	1493
1065	1516
1065	1531
1065	1538
1065	1551
1065	1564
1065	1684
1065	1769
1065	1865
1133	1138
1133	1146
1133	1157
1133	1161
1133	1172
1133	1177
1133	1182
1133	1198
1133	1218
1133	1222
1133	1234
1133	1292
1133	1295
1133	1297
1133	1299
1133	1300
1133	1305
1133	1306
1133	1316
1133	1338
1133	1341
1133	1344
1133	1347
1133	1352
1133	1362
1133	1375
1133	1394
1133	1429
1133	1441
1133	1452
1133	1464
1133	1465
1133	1474
1133	1478
1133	1488
1133	1490
1133	1493
1133	1516
1133	1531
1133	1538
1133	1551
1133	1564
1133	1576
1133	1580
1133	1586
1133	1608
1133	1620
1133	1630
1133	1752
1133	1780
1133	1850
1133	1865
1198	1218
1198	1222
1198	1234
1198	1278
1198	1295
1198	1297
1198	1299
1198	1300
1198	1305
1198	1306
1198	1316
1198	1338
1198	1344
1198	1347
1198	1352
1198	1362
1198	1375
1198	1379
1198	1394
1198	1429
1198	1441
1198	1452
1198	1464
1198	1465
1198	1474
1198	1478
1198	1488
1198	1490
1198	1493
1198	1516
1198	1531
1198	1538
1198	1551
1198	1564
1198	1576
1198	1580
1198	1586
1198	1592
1198	1608
1198	1620
1198	1630
1198	1676
1198	1678
1198	1684
1198	1687
1198	1892
1362	1379
1362	1394
1362	1429
1362	1441
1362	1452
1362	1464
1362	1465
1362	1474
1362	1478
1362	1488
1362	1490
1362	1493
1362	1516
1362	1531
1362	1538
1362	1551
1362	1564
1362	1576
1362	1580
1362	1586
1362	1592
1362	1608
1362	1620
1362	1630
1362	1676
1362	1684
1362	1687
1362	1752
1362	1762
1362	1769
1362	1780
1362	1783
1362	1840
1362	1847
1362	1850
1362	1854
1362	1857
1362	1860
1375	1379
1375	1394
1375	1429
1375	1441
1375	1452
1375	1464
1375	1465
1375	1478
1375	1488
1375	1490
1375	1493
1375	1516
1375	1531
1375	1551
1375	1564
1375	1576
1375	1580
1375	1586
1375	1592
1375	1608
1375	1630
1375	1676
1375	1678
1375	1684
1375	1687
1375	1752
1375	1762
1375	1780
1375	1783
1375	1815
1375	1840
1375	1847
1375	1850
1375	1854
1375	1857
1375	1860
1375	1865
1375	1871
1375	1875
1441	1452
1441	1464
1441	1465
1441	1474
1441	1478
1441	1488
1441	1490
1441	1493
1441	1516
1441	1531
1441	1538
1441	1564
1441	1576
1441	1580
1441	1586
1441	1592
1441	1608
1441	1620
1441	1630
1441	1676
1441	1678
1441	1684
1441	1687
1441	1752
1441	1762
1441	1769
1441	1780
1441	1783
1441	1815
1441	1840
1441	1847
1441	1850
1441	1854
1441	1857
1441	1860
1441	1865
1441	1871
1441	1875
1441	1892
1441	1904
1441	1905
1441	1912
1441	1934
1441	1938
1516	1531
1516	1538
1516	1551
1516	1576
1516	1580
1516	1586
1516	1592
1516	1608
1516	1620
1516	1630
1516	1676
1516	1678
1516	1684
1516	1687
1516	1752
1516	1762
1516	1769
1516	1780
1516	1783
1516	1815
1516	1840
1516	1847
1516	1850
1516	1854
1516	1857
1516	1860
1516	1865
1516	1871
1516	1892
1516	1904
1516	1905
1516	1912
1516	1938
1516	1957
1516	1971
1516	1992
1531	1538
1531	1564
1531	1580
1531	1586
1531	1592
1531	1608
1531	1620
1531	1630
1531	1676
1531	1678
1531	1684
1531	1687
1531	1752
1531	1762
1531	1769
1531	1780
1531	1783
1531	1815
1531	1840
1531	1847
1531	1850
1531	1854
1531	1857
1531	1860
1531	1865
1531	1871
1531	1875
1531	1892
1531	1904
1531	1905
1531	1912
1531	1934
1531	1938
1531	1957
1531	1971
1531	1992
1538	1551
1538	1564
1538	1576
1538	1580
1538	1592
1538	1608
1538	1620
1538	1630
1538	1676
1538	1684
1538	1687
1538	1762
1538	1769
1538	1780
1538	1783
1538	1815
1538	1840
1538	1850
1538	1854
1538	1857
1538	1865
1538	1871
1538	1875
1538	1892
1538	1904
1538	1905
1538	1912
1538	1934
1538	1938
1538	1957
1538	1971
1538	1992
1551	1564
1551	1576
1551	1580
1551	1586
1551	1592
1551	1608
1551	1630
1551	1676
1551	1678
1551	1684
1551	1687
1551	1752
1551	1762
1551	1769
1551	1780
1551	1815
1551	1840
1551	1847
1551	1854
1551	1857
1551	1860
1551	1865
1551	1871
1551	1875
1551	1892
1551	1904
1551	1905
1551	1912
1551	1934
1551	1938
1551	1957
1551	1971
1551	1992
1564	1586
1564	1592
1564	1620
1564	1630
1564	1676
1564	1678
1564	1684
1564	1687
1564	1752
1564	1762
1564	1769
1564	1780
1564	1815
1564	1840
1564	1847
1564	1850
1564	1854
1564	1857
1564	1860
1564	1871
1564	1875
1564	1892
1564	1904
1564	1934
1564	1938
1564	1957
1564	1971
1564	1992
1576	1580
1576	1586
1576	1592
1576	1608
1576	1620
1576	1630
1576	1676
1576	1678
1576	1684
1576	1687
1576	1752
1576	1762
1576	1769
1576	1780
1576	1783
1576	1815
1576	1840
1576	1847
1576	1850
1576	1854
1576	1857
1576	1860
1576	1865
1576	1875
1576	1892
1576	1904
1576	1905
1576	1912
1576	1934
1576	1957
1576	1971
1576	1992
1580	1586
1580	1608
1580	1620
1580	1630
1580	1676
1580	1678
1580	1684
1580	1687
1580	1752
1580	1762
1580	1769
1580	1783
1580	1815
1580	1840
1580	1850
1580	1854
1580	1857
1580	1860
1580	1865
1580	1871
1580	1875
1580	1892
1580	1904
1580	1905
1580	1934
1580	1957
1580	1971
1580	1992
1586	1592
1586	1608
1586	1620
1586	1630
1586	1676
1586	1678
1586	1684
1586	1687
1586	1762
1586	1769
1586	1780
1586	1783
1586	1815
1586	1847
1586	1850
1586	1854
1586	1860
1586	1865
1586	1871
1586	1875
1586	1892
1586	1905
1586	1934
1586	1938
1586	1957
1586	1971
1586	1992
1592	1608
1592	1630
1592	1676
1592	1678
1592	1687
1592	1752
1592	1762
1592	1780
1592	1783
1592	1815
1592	1840
1592	1847
1592	1850
1592	1854
1592	1857
1592	1865
1592	1875
1592	1892
1592	1904
1592	1905
1592	1912
1592	1934
1592	1957
1592	1992
1608	1620
1608	1630
1608	1676
1608	1678
1608	1684
1608	1687
1608	1752
1608	1762
1608	1769
1608	1780
1608	1783
1608	1815
1608	1847
1608	1850
1608	1854
1608	1857
1608	1860
1608	1865
1608	1875
1608	1892
1608	1904
1608	1905
1608	1912
1608	1934
1608	1938
1608	1957
1608	1971
1608	1992
1620	1630
1620	1676
1620	1678
1620	1684
1620	1687
1620	1752
1620	1762
1620	1769
1620	1780
1620	1815
1620	1840
1620	1847
1620	1850
1620	1854
1620	1857
1620	1860
1620	1865
1620	1875
1620	1892
1620	1904
1620	1905
1620	1912
1620	1934
1620	1938
1620	1957
1620	1971
1620	1992
1630	1676
1630	1678
1630	1684
1630	1687
1630	1752
1630	1762
1630	1769
1630	1780
1630	1783
1630	1815
1630	1840
1630	1847
1630	1850
1630	1854
1630	1857
1630	1865
1630	1892
1630	1904
1630	1905
1630	1912
1630	1934
1630	1938
1630	1957
1630	1971
1630	1992
1678	1684
1678	1687
1678	1752
1678	1762
1678	1769
1678	1780
1678	1783
1678	1815
1678	1840
1678	1847
1678	1850
1678	1854
1678	1860
1678	1865
1678	1871
1678	1892
1678	1904
1678	1905
1678	1912
1678	1957
1678	1971
1684	1687
1684	1752
1684	1762
1684	1769
1684	1780
1684	1783
1684	1840
1684	1847
1684	1850
1684	1854
1684	1857
1684	1860
1684	1865
1684	1871
1684	1875
1684	1892
1684	1904
1684	1905
1684	1912
1684	1934
1684	1938
1684	1971
1684	1992
1687	1752
1687	1762
1687	1769
1687	1780
1687	1783
1687	1815
1687	1840
1687	1847
1687	1850
1687	1854
1687	1857
1687	1860
1687	1871
1687	1875
1687	1892
1687	1904
1687	1905
1687	1912
1687	1934
1687	1938
1687	1957
1687	1971
1752	1762
1752	1769
1752	1780
1752	1783
1752	1815
1752	1840
1752	1847
1752	1850
1752	1854
1752	1857
1752	1865
1752	1871
1752	1875
1752	1892
1752	1904
1752	1905
1752	1912
1752	1934
1752	1938
1752	1971
1752	1992
1762	1769
1762	1780
1762	1783
1762	1815
1762	1840
1762	1847
1762	1850
1762	1854
1762	1857
1762	1860
1762	1871
1762	1875
1762	1904
1762	1912
1762	1934
1762	1938
1762	1971
1762	1992
1769	1780
1769	1783
1769	1815
1769	1840
1769	1847
1769	1850
1769	1854
1769	1857
1769	1860
1769	1865
1769	1871
1769	1875
1769	1892
1769	1904
1769	1905
1769	1934
1769	1938
1769	1957
1769	1971
1769	1992
1780	1783
1780	1815
1780	1840
1780	1847
1780	1854
1780	1860
1780	1865
1780	1871
1780	1875
1780	1892
1780	1904
1780	1905
1780	1934
1780	1938
1780	1957
1780	1971
1780	1992
1783	1840
1783	1847
1783	1850
1783	1854
1783	1857
1783	1860
1783	1865
1783	1871
1783	1875
1783	1892
1783	1905
1783	1912
1783	1934
1783	1938
1783	1957
1783	1971
1783	1992
1815	1840
1815	1854
1815	1857
1815	1860
1815	1865
1815	1871
1815	1892
1815	1904
1815	1905
1815	1912
1815	1934
1815	1938
1815	1957
1815	1992
1840	1847
1840	1850
1840	1854
1840	1857
1840	1860
1840	1865
1840	1871
1840	1875
1840	1892
1840	1904
1840	1905
1840	1912
1840	1934
1840	1938
1840	1957
1840	1971
1840	1992
1847	1850
1847	1854
1847	1857
1847	1860
1847	1865
1847	1871
1847	1875
1847	1892
1847	1904
1847	1905
1847	1912
1847	1934
1847	1957
1847	1971
1847	1992
1850	1854
1850	1857
1850	1860
1850	1865
1850	1875
1850	1892
1850	1904
1850	1905
1850	1912
1850	1934
1850	1938
1850	1957
1850	1971
1850	1992
1857	1860
1857	1865
1857	1871
1857	1875
1857	1892
1857	1904
1857	1905
1857	1912
1857	1934
1857	1938
1857	1957
1857	1971
1857	1992
1860	1865
1860	1871
1860	1875
1860	1892
1860	1904
1860	1905
1860	1912
1860	1934
1860	1938
1860	1957
1860	1971
1860	1992
1865	1871
1865	1875
1865	1904
1865	1905
1865	1912
1865	1938
1865	1957
1865	1971
1865	1992
1871	1875
1871	1892
1871	1904
1871	1905
1871	1912
1871	1934
1871	1938
1871	1992
1875	1892
1875	1904
1875	1905
1875	1912
1875	1934
1875	1938
1875	1957
1875	1971
1875	1992
1904	1905
1904	1912
1904	1934
1904	1938
1904	1957
1904	1971
1904	1992
1905	1934
1905	1971
1905	1992
1912	1934
1912	1938
1912	1957
1912	1971
1912	1992
1938	1957
1938	1971
1938	1992
1957	1971
1957	1992
1971	1992
126	127
126	131
126	143
126	146
126	151
126	152
126	156
126	174
126	176
126	179
126	203
126	208
126	218
126	219
126	231
126	241
126	247
126	259
126	264
126	273
126	279
126	282
126	290
126	321
126	333
126	339
126	342
126	359
126	364
126	368
126	385
126	387
126	392
126	393
126	407
126	416
126	426
126	433
126	442
126	446
126	452
126	465
126	493
126	502
126	503
126	512
126	515
126	519
126	582
126	603
126	608
126	610
126	613
126	618
126	625
126	1024
126	1050
126	1172
126	1295
126	1379
126	1630
126	1676
126	1678
126	1684
126	1687
126	1752
126	1762
126	1769
126	1780
126	1783
126	1815
126	1840
126	1847
126	1850
126	1854
126	1857
126	1860
126	1865
126	1871
126	1892
126	1905
126	1912
126	1971
126	1992
146	151
146	152
146	154
146	156
146	174
146	176
146	179
146	203
146	208
146	218
146	219
146	231
146	241
146	247
146	257
146	259
146	264
146	273
146	279
146	282
146	328
146	333
146	339
146	342
146	364
146	385
146	387
146	392
146	393
146	407
146	416
146	426
146	433
146	446
146	465
146	502
146	503
146	512
146	515
146	519
146	582
146	608
146	610
146	613
146	618
146	625
146	631
146	643
146	681
146	920
146	1028
146	1138
146	1218
146	1338
146	1676
146	1678
146	1687
146	1752
146	1762
146	1769
146	1780
146	1783
146	1815
146	1840
146	1847
146	1850
146	1854
146	1865
146	1871
146	1875
146	1892
146	1905
146	1912
146	1934
146	1957
146	1971
146	1992
154	156
154	174
154	176
154	179
154	203
154	208
154	218
154	219
154	231
154	241
154	247
154	257
154	259
154	264
154	273
154	279
154	282
154	290
154	321
154	328
154	333
154	339
154	342
154	359
154	364
154	368
154	387
154	392
154	393
154	407
154	416
154	426
154	433
154	446
154	452
154	465
154	493
154	502
154	503
154	512
154	515
154	519
154	582
154	603
154	608
154	610
154	613
154	618
154	625
154	631
154	643
154	797
154	959
154	1028
154	1059
154	1065
154	1097
154	1198
154	1344
154	1676
154	1678
154	1684
154	1687
154	1752
154	1762
154	1769
154	1780
154	1783
154	1815
154	1840
154	1847
154	1850
154	1854
154	1857
154	1860
154	1865
154	1871
154	1875
154	1892
154	1904
154	1905
154	1912
154	1934
154	1938
154	1971
154	1992
342	359
342	385
342	387
342	392
342	393
342	407
342	426
342	433
342	442
342	446
342	465
342	493
342	502
342	512
342	515
342	519
342	582
342	603
342	608
342	610
342	613
342	625
342	631
342	643
342	669
342	670
342	679
342	681
342	699
342	708
342	755
342	756
342	772
342	777
342	793
342	797
342	810
342	815
342	820
342	822
342	829
342	835
342	839
342	1070
342	1138
342	1488
342	1493
342	1769
342	1847
342	1850
342	1857
342	1860
342	1865
342	1871
342	1875
342	1892
342	1905
342	1912
342	1934
342	1938
342	1957
342	1971
342	1992
446	452
446	465
446	502
446	503
446	512
446	515
446	519
446	582
446	610
446	613
446	618
446	625
446	631
446	643
446	668
446	670
446	672
446	679
446	681
446	699
446	705
446	708
446	755
446	756
446	772
446	777
446	793
446	797
446	810
446	815
446	820
446	822
446	829
446	835
446	843
446	886
446	920
446	935
446	1099
446	1488
446	1780
446	1860
446	1871
446	1957
446	1971
493	502
493	503
493	512
493	515
493	519
493	582
493	603
493	608
493	610
493	613
493	618
493	625
493	631
493	643
493	668
493	669
493	670
493	672
493	681
493	705
493	708
493	755
493	756
493	772
493	777
493	793
493	797
493	810
493	815
493	820
493	822
493	829
493	835
493	839
493	843
493	860
493	886
493	920
493	935
493	949
493	959
493	970
493	978
493	989
493	1050
493	1278
493	1379
493	1904
668	669
668	670
668	672
668	679
668	681
668	699
668	705
668	708
668	756
668	777
668	793
668	797
668	810
668	815
668	820
668	822
668	829
668	835
668	839
668	843
668	860
668	886
668	920
668	935
668	949
668	959
668	970
668	978
668	989
668	1001
668	1028
668	1030
668	1043
668	1059
668	1070
668	1091
668	1097
668	1099
668	1123
668	1127
668	1132
668	1133
668	1138
668	1146
668	1157
668	1278
668	1538
668	1971
797	810
797	815
797	820
797	822
797	829
797	835
797	839
797	843
797	860
797	886
797	920
797	935
797	949
797	959
797	970
797	978
797	989
797	1001
797	1024
797	1028
797	1050
797	1059
797	1065
797	1070
797	1091
797	1097
797	1099
797	1123
797	1127
797	1132
797	1133
797	1138
797	1146
797	1157
797	1161
797	1172
797	1177
797	1182
797	1198
797	1218
797	1222
797	1234
797	1292
797	1295
797	1297
797	1474
797	1684
797	1752
797	1783
797	1840
797	1865
810	815
810	820
810	822
810	829
810	835
810	839
810	843
810	920
810	935
810	959
810	970
810	989
810	1001
810	1024
810	1028
810	1030
810	1043
810	1050
810	1059
810	1065
810	1070
810	1091
810	1097
810	1099
810	1123
810	1127
810	1132
810	1146
810	1157
810	1172
810	1177
810	1182
810	1198
810	1222
810	1234
810	1278
810	1292
810	1295
810	1297
810	1299
810	1300
810	1305
810	1306
810	1857
810	1875
810	1904
935	949
935	959
935	970
935	978
935	989
935	1001
935	1024
935	1028
935	1043
935	1050
935	1059
935	1065
935	1070
935	1091
935	1097
935	1099
935	1123
935	1127
935	1132
935	1133
935	1138
935	1146
935	1157
935	1161
935	1172
935	1177
935	1182
935	1198
935	1218
935	1222
935	1234
935	1278
935	1292
935	1295
935	1297
935	1299
935	1300
935	1305
935	1306
935	1316
935	1338
935	1341
935	1347
935	1352
935	1362
935	1375
935	1379
935	1394
935	1429
935	1441
935	1474
935	1620
959	970
959	978
959	1001
959	1024
959	1028
959	1030
959	1050
959	1059
959	1065
959	1070
959	1091
959	1097
959	1099
959	1123
959	1127
959	1133
959	1138
959	1146
959	1157
959	1161
959	1172
959	1177
959	1182
959	1198
959	1218
959	1222
959	1234
959	1278
959	1292
959	1295
959	1297
959	1299
959	1300
959	1306
959	1316
959	1338
959	1344
959	1347
959	1352
959	1362
959	1375
959	1379
959	1394
959	1429
959	1441
959	1452
959	1576
959	1857
959	1875
1028	1030
1028	1043
1028	1050
1028	1059
1028	1065
1028	1070
1028	1091
1028	1097
1028	1099
1028	1123
1028	1127
1028	1132
1028	1133
1028	1138
1028	1146
1028	1157
1028	1161
1028	1172
1028	1182
1028	1198
1028	1218
1028	1222
1028	1234
1028	1278
1028	1292
1028	1295
1028	1297
1028	1299
1028	1300
1028	1306
1028	1338
1028	1341
1028	1344
1028	1347
1028	1352
1028	1362
1028	1375
1028	1394
1028	1441
1028	1452
1028	1464
1028	1465
1028	1474
1028	1478
1028	1488
1028	1490
1028	1493
1028	1576
1028	1769
1028	1840
1028	1934
1146	1157
1146	1161
1146	1177
1146	1182
1146	1198
1146	1218
1146	1222
1146	1234
1146	1278
1146	1292
1146	1295
1146	1297
1146	1299
1146	1300
1146	1305
1146	1316
1146	1338
1146	1341
1146	1344
1146	1347
1146	1352
1146	1362
1146	1375
1146	1379
1146	1394
1146	1441
1146	1452
1146	1464
1146	1465
1146	1474
1146	1478
1146	1488
1146	1490
1146	1516
1146	1531
1146	1538
1146	1551
1146	1564
1146	1576
1146	1580
1146	1592
1146	1608
1146	1630
1161	1172
1161	1177
1161	1182
1161	1198
1161	1218
1161	1222
1161	1234
1161	1278
1161	1292
1161	1295
1161	1299
1161	1305
1161	1306
1161	1316
1161	1338
1161	1341
1161	1344
1161	1347
1161	1352
1161	1362
1161	1375
1161	1379
1161	1394
1161	1429
1161	1441
1161	1452
1161	1464
1161	1465
1161	1474
1161	1478
1161	1488
1161	1490
1161	1493
1161	1516
1161	1531
1161	1538
1161	1551
1161	1564
1161	1576
1161	1580
1161	1586
1161	1592
1161	1608
1161	1912
1676	1678
1676	1684
1676	1687
1676	1752
1676	1762
1676	1780
1676	1783
1676	1815
1676	1840
1676	1847
1676	1850
1676	1854
1676	1857
1676	1860
1676	1865
1676	1871
1676	1875
1676	1892
1676	1904
1676	1905
1676	1912
1676	1934
1676	1938
1676	1957
1676	1971
1676	1992
1854	1857
1854	1860
1854	1865
1854	1871
1854	1875
1854	1892
1854	1904
1854	1905
1854	1912
1854	1934
1854	1938
1854	1957
1854	1971
1854	1992
1934	1938
1934	1957
1934	1971
502	503
502	512
502	519
502	582
502	603
502	608
502	610
502	613
502	618
502	625
502	631
502	643
502	668
502	669
502	672
502	679
502	681
502	699
502	705
502	708
502	755
502	756
502	772
502	777
502	793
502	797
502	810
502	815
502	820
502	822
502	829
502	835
502	839
502	843
502	860
502	886
502	920
502	935
502	949
502	959
502	970
502	978
502	989
502	1001
502	1222
502	1452
502	1465
502	1490
502	1538
502	1934
502	1957
625	631
625	643
625	668
625	670
625	672
625	679
625	681
625	699
625	705
625	708
625	755
625	756
625	772
625	777
625	797
625	810
625	815
625	820
625	822
625	829
625	835
625	839
625	843
625	860
625	886
625	920
625	935
625	949
625	959
625	970
625	978
625	989
625	1001
625	1028
625	1030
625	1043
625	1050
625	1059
625	1065
625	1070
625	1091
625	1097
625	1099
625	1123
625	1234
625	1278
625	1429
625	1752
631	643
631	668
631	669
631	670
631	672
631	679
631	681
631	699
631	705
631	708
631	755
631	756
631	772
631	777
631	793
631	797
631	810
631	815
631	820
631	822
631	829
631	835
631	860
631	886
631	920
631	935
631	949
631	959
631	970
631	989
631	1001
631	1024
631	1028
631	1030
631	1043
631	1050
631	1059
631	1065
631	1070
631	1091
631	1097
631	1099
631	1123
631	1127
631	1305
631	1338
631	1375
631	1488
631	1676
631	1762
631	1892
978	989
978	1001
978	1024
978	1028
978	1030
978	1043
978	1050
978	1059
978	1065
978	1070
978	1097
978	1099
978	1127
978	1133
978	1138
978	1146
978	1161
978	1177
978	1182
978	1198
978	1218
978	1222
978	1234
978	1278
978	1292
978	1299
978	1300
978	1305
978	1306
978	1316
978	1338
978	1341
978	1352
978	1362
978	1375
978	1379
978	1394
978	1441
978	1452
978	1464
978	1465
978	1478
978	1815
989	1001
989	1024
989	1030
989	1043
989	1059
989	1065
989	1070
989	1091
989	1099
989	1123
989	1132
989	1133
989	1138
989	1146
989	1157
989	1161
989	1172
989	1177
989	1182
989	1198
989	1218
989	1222
989	1234
989	1278
989	1295
989	1297
989	1299
989	1300
989	1305
989	1306
989	1316
989	1338
989	1341
989	1344
989	1347
989	1352
989	1362
989	1375
989	1379
989	1394
989	1429
989	1441
989	1452
989	1464
989	1465
989	1474
989	1478
989	1488
989	1815
989	1847
1001	1024
1001	1028
1001	1030
1001	1043
1001	1050
1001	1059
1001	1065
1001	1070
1001	1091
1001	1097
1001	1123
1001	1127
1001	1132
1001	1133
1001	1146
1001	1161
1001	1172
1001	1182
1001	1198
1001	1218
1001	1222
1001	1234
1001	1278
1001	1292
1001	1295
1001	1297
1001	1299
1001	1300
1001	1305
1001	1306
1001	1338
1001	1341
1001	1344
1001	1347
1001	1352
1001	1362
1001	1375
1001	1379
1001	1394
1001	1429
1001	1441
1001	1452
1001	1464
1001	1465
1001	1474
1001	1478
1001	1488
1001	1490
1001	1493
1001	1850
1001	1992
1892	1904
1892	1905
1892	1912
1892	1934
1892	1938
1892	1957
1892	1992
772	777
772	793
772	797
772	810
772	815
772	820
772	822
772	829
772	835
772	843
772	860
772	886
772	920
772	935
772	949
772	959
772	970
772	978
772	989
772	1001
772	1024
772	1028
772	1030
772	1043
772	1050
772	1059
772	1065
772	1070
772	1091
772	1097
772	1123
772	1127
772	1132
772	1133
772	1138
772	1157
772	1161
772	1172
772	1177
772	1182
772	1198
772	1218
772	1222
772	1234
772	1300
772	1452
772	1847
503	512
503	515
503	519
503	582
503	603
503	608
503	610
503	613
503	618
503	625
503	631
503	643
503	668
503	669
503	670
503	672
503	679
503	699
503	705
503	708
503	755
503	756
503	772
503	777
503	793
503	797
503	810
503	815
503	820
503	822
503	829
503	835
503	839
503	843
503	860
503	886
503	935
503	949
503	959
503	970
503	978
503	1001
503	1043
503	1146
503	1292
503	1362
503	1912
672	679
672	681
672	699
672	705
672	708
672	755
672	756
672	772
672	777
672	793
672	810
672	815
672	820
672	822
672	829
672	835
672	843
672	860
672	886
672	920
672	935
672	949
672	959
672	970
672	989
672	1001
672	1024
672	1028
672	1030
672	1043
672	1050
672	1059
672	1065
672	1070
672	1091
672	1099
672	1123
672	1127
672	1132
672	1133
672	1138
672	1146
672	1157
672	1161
672	1172
672	1531
672	1630
672	1912
1127	1132
1127	1133
1127	1138
1127	1146
1127	1157
1127	1161
1127	1172
1127	1182
1127	1198
1127	1218
1127	1222
1127	1234
1127	1292
1127	1295
1127	1297
1127	1300
1127	1305
1127	1306
1127	1316
1127	1338
1127	1341
1127	1344
1127	1347
1127	1352
1127	1362
1127	1375
1127	1379
1127	1394
1127	1429
1127	1441
1127	1452
1127	1464
1127	1465
1127	1474
1127	1478
1127	1488
1127	1490
1127	1493
1127	1516
1127	1531
1127	1538
1127	1551
1127	1564
1127	1576
1127	1580
1127	1586
1127	1592
1127	1608
1127	1620
1127	1762
1344	1347
1344	1362
1344	1375
1344	1379
1344	1394
1344	1441
1344	1452
1344	1474
1344	1478
1344	1488
1344	1490
1344	1493
1344	1516
1344	1538
1344	1551
1344	1564
1344	1576
1344	1580
1344	1586
1344	1592
1344	1608
1344	1620
1344	1630
1344	1676
1344	1678
1344	1684
1344	1687
1344	1752
1344	1769
1344	1780
1344	1783
1344	1815
1344	1840
1344	1904
1474	1478
1474	1488
1474	1490
1474	1493
1474	1516
1474	1531
1474	1538
1474	1551
1474	1564
1474	1576
1474	1580
1474	1586
1474	1592
1474	1608
1474	1620
1474	1630
1474	1676
1474	1678
1474	1684
1474	1687
1474	1752
1474	1762
1474	1769
1474	1780
1474	1783
1474	1815
1474	1840
1474	1847
1474	1854
1474	1857
1474	1860
1474	1865
1474	1875
1474	1904
1474	1905
1474	1912
1474	1934
1474	1938
1474	1957
1474	1971
1352	1362
1352	1375
1352	1379
1352	1394
1352	1429
1352	1452
1352	1464
1352	1465
1352	1474
1352	1478
1352	1488
1352	1490
1352	1531
1352	1538
1352	1551
1352	1564
1352	1576
1352	1580
1352	1586
1352	1592
1352	1608
1352	1620
1352	1630
1352	1676
1352	1678
1352	1684
1352	1687
1352	1752
1352	1762
1352	1769
1352	1780
1352	1783
1352	1815
1352	1840
1352	1847
1352	1850
1464	1465
1464	1474
1464	1478
1464	1488
1464	1490
1464	1516
1464	1531
1464	1538
1464	1551
1464	1564
1464	1576
1464	1580
1464	1586
1464	1592
1464	1620
1464	1630
1464	1676
1464	1678
1464	1684
1464	1687
1464	1752
1464	1762
1464	1769
1464	1780
1464	1783
1464	1840
1464	1850
1464	1854
1464	1857
1464	1871
1464	1875
1464	1892
1464	1904
1464	1905
1464	1912
1464	1934
1464	1938
1464	1957
1465	1474
1465	1478
1465	1488
1465	1490
1465	1493
1465	1516
1465	1531
1465	1538
1465	1564
1465	1576
1465	1586
1465	1608
1465	1620
1465	1630
1465	1676
1465	1678
1465	1684
1465	1687
1465	1752
1465	1762
1465	1769
1465	1780
1465	1783
1465	1815
1465	1840
1465	1847
1465	1850
1465	1854
1465	1857
1465	1865
1465	1871
1465	1875
1465	1892
1465	1904
1465	1905
1465	1912
1465	1934
1465	1957
843	886
843	935
843	949
843	959
843	970
843	978
843	1001
843	1028
843	1030
843	1043
843	1050
843	1059
843	1065
843	1091
843	1097
843	1123
843	1132
843	1133
843	1138
843	1146
843	1157
843	1172
843	1177
843	1182
843	1222
843	1234
843	1278
843	1292
843	1295
843	1297
843	1299
843	1300
843	1305
843	1306
843	1316
843	1338
843	1341
843	1347
843	1375
843	1538
1030	1043
1030	1050
1030	1059
1030	1070
1030	1091
1030	1097
1030	1099
1030	1123
1030	1127
1030	1132
1030	1133
1030	1138
1030	1146
1030	1157
1030	1161
1030	1172
1030	1177
1030	1222
1030	1234
1030	1278
1030	1292
1030	1295
1030	1297
1030	1299
1030	1300
1030	1305
1030	1306
1030	1316
1030	1338
1030	1341
1030	1344
1030	1347
1030	1352
1030	1362
1030	1375
1030	1429
1030	1441
1030	1452
1030	1464
1030	1465
1030	1474
1030	1478
1030	1488
1030	1490
1030	1493
1030	1516
1132	1133
1132	1138
1132	1157
1132	1161
1132	1172
1132	1177
1132	1182
1132	1198
1132	1218
1132	1222
1132	1278
1132	1292
1132	1295
1132	1297
1132	1300
1132	1305
1132	1306
1132	1316
1132	1338
1132	1341
1132	1344
1132	1352
1132	1362
1132	1375
1132	1379
1132	1394
1132	1429
1132	1441
1132	1452
1132	1464
1132	1474
1132	1478
1132	1488
1132	1493
1132	1516
1132	1531
1132	1538
1132	1551
1132	1564
1132	1576
1132	1580
1132	1586
1132	1608
1132	1620
1132	1630
1132	1676
1132	1752
1490	1493
1490	1516
1490	1538
1490	1576
1490	1580
1490	1586
1490	1592
1490	1608
1490	1620
1490	1630
1490	1676
1490	1678
1490	1684
1490	1687
1490	1752
1490	1762
1490	1769
1490	1780
1490	1783
1490	1815
1490	1840
1490	1850
1490	1854
1490	1857
1490	1860
1490	1865
1490	1871
1490	1892
1490	1904
1490	1905
1490	1912
1490	1934
1490	1938
1490	1957
1490	1971
1316	1338
1316	1341
1316	1344
1316	1347
1316	1352
1316	1362
1316	1375
1316	1394
1316	1429
1316	1441
1316	1452
1316	1464
1316	1465
1316	1474
1316	1478
1316	1488
1316	1493
1316	1538
1316	1551
1316	1564
1316	1576
1316	1580
1316	1586
1316	1592
1316	1608
1316	1620
1316	1630
1316	1676
1316	1678
1316	1684
1316	1752
1316	1762
1316	1769
1316	1783
1316	1815
1316	1934
1488	1490
1488	1493
1488	1516
1488	1531
1488	1538
1488	1551
1488	1564
1488	1576
1488	1580
1488	1586
1488	1592
1488	1620
1488	1630
1488	1676
1488	1678
1488	1684
1488	1687
1488	1752
1488	1762
1488	1780
1488	1783
1488	1815
1488	1840
1488	1847
1488	1850
1488	1857
1488	1860
1488	1865
1488	1871
1488	1875
1488	1904
1488	1905
1488	1912
1488	1934
1488	1938
1488	1957
1488	1971
949	959
949	970
949	978
949	989
949	1001
949	1028
949	1030
949	1043
949	1050
949	1059
949	1065
949	1070
949	1091
949	1097
949	1099
949	1123
949	1127
949	1132
949	1133
949	1138
949	1146
949	1157
949	1161
949	1172
949	1177
949	1182
949	1198
949	1218
949	1222
949	1234
949	1278
949	1292
949	1295
949	1297
949	1299
949	1300
949	1305
949	1306
949	1316
949	1338
949	1341
949	1344
949	1347
949	1352
949	1362
949	1375
949	1379
949	1394
949	1429
949	1441
949	1488
949	1516
949	1531
1452	1464
1452	1465
1452	1474
1452	1488
1452	1490
1452	1493
1452	1531
1452	1538
1452	1564
1452	1576
1452	1580
1452	1586
1452	1592
1452	1608
1452	1620
1452	1630
1452	1676
1452	1678
1452	1684
1452	1752
1452	1762
1452	1769
1452	1780
1452	1783
1452	1840
1452	1847
1452	1850
1452	1854
1452	1857
1452	1860
1452	1865
1452	1871
1452	1875
1452	1892
1452	1904
1452	1905
1452	1912
1452	1934
1452	1938
613	618
613	625
613	631
613	643
613	668
613	669
613	672
613	679
613	681
613	699
613	705
613	708
613	755
613	756
613	772
613	777
613	797
613	810
613	815
613	820
613	822
613	829
613	835
613	839
613	843
613	860
613	886
613	920
613	949
613	959
613	970
613	978
613	989
613	1001
613	1028
613	1030
613	1043
613	1050
613	1059
613	1065
613	1070
613	1091
613	1099
613	1132
613	1362
613	1375
613	1854
705	708
705	755
705	756
705	772
705	777
705	793
705	797
705	810
705	815
705	820
705	822
705	829
705	835
705	839
705	843
705	860
705	886
705	920
705	935
705	949
705	959
705	970
705	978
705	989
705	1001
705	1024
705	1028
705	1030
705	1043
705	1050
705	1059
705	1065
705	1070
705	1097
705	1099
705	1123
705	1127
705	1132
705	1133
705	1138
705	1146
705	1157
705	1161
705	1172
705	1177
705	1182
705	1305
705	1306
705	1441
705	1676
705	1687
755	756
755	772
755	777
755	793
755	797
755	810
755	815
755	820
755	822
755	829
755	835
755	839
755	843
755	860
755	886
755	920
755	935
755	949
755	970
755	978
755	989
755	1024
755	1028
755	1030
755	1043
755	1050
755	1059
755	1065
755	1070
755	1091
755	1097
755	1099
755	1123
755	1127
755	1132
755	1133
755	1138
755	1146
755	1157
755	1161
755	1172
755	1177
755	1182
755	1198
755	1218
755	1222
755	1234
755	1316
755	1783
755	1840
755	1860
755	1865
822	829
822	835
822	843
822	860
822	920
822	935
822	949
822	959
822	978
822	1001
822	1024
822	1028
822	1030
822	1043
822	1050
822	1059
822	1065
822	1070
822	1097
822	1099
822	1123
822	1127
822	1132
822	1133
822	1138
822	1146
822	1157
822	1161
822	1172
822	1177
822	1182
822	1198
822	1218
822	1222
822	1278
822	1292
822	1295
822	1297
822	1299
822	1300
822	1305
822	1306
822	1840
822	1938
822	1957
820	822
820	829
820	835
820	843
820	860
820	920
820	935
820	949
820	959
820	970
820	978
820	989
820	1001
820	1024
820	1028
820	1030
820	1043
820	1059
820	1065
820	1091
820	1097
820	1123
820	1127
820	1132
820	1133
820	1138
820	1146
820	1157
820	1161
820	1172
820	1182
820	1198
820	1218
820	1222
820	1234
820	1278
820	1295
820	1297
820	1299
820	1300
820	1305
820	1306
820	1316
820	1488
820	1871
886	920
886	935
886	949
886	959
886	978
886	989
886	1024
886	1028
886	1030
886	1043
886	1050
886	1059
886	1065
886	1070
886	1091
886	1097
886	1099
886	1123
886	1127
886	1132
886	1133
886	1138
886	1146
886	1157
886	1161
886	1172
886	1177
886	1182
886	1198
886	1218
886	1222
886	1234
886	1278
886	1292
886	1297
886	1299
886	1300
886	1305
886	1306
886	1316
886	1338
886	1341
886	1344
886	1347
886	1352
886	1362
886	1375
886	1379
886	1429
886	1488
886	1538
886	1752
886	1865
886	1912
1172	1182
1172	1198
1172	1218
1172	1222
1172	1234
1172	1278
1172	1292
1172	1297
1172	1299
1172	1300
1172	1305
1172	1306
1172	1316
1172	1338
1172	1341
1172	1344
1172	1352
1172	1375
1172	1379
1172	1394
1172	1429
1172	1452
1172	1464
1172	1465
1172	1478
1172	1488
1172	1490
1172	1493
1172	1516
1172	1551
1172	1564
1172	1576
1172	1580
1172	1592
1172	1620
1172	1630
1172	1904
1305	1306
1305	1316
1305	1338
1305	1341
1305	1344
1305	1347
1305	1352
1305	1362
1305	1375
1305	1379
1305	1394
1305	1441
1305	1452
1305	1464
1305	1465
1305	1474
1305	1478
1305	1488
1305	1490
1305	1493
1305	1516
1305	1531
1305	1538
1305	1551
1305	1564
1305	1576
1305	1580
1305	1586
1305	1592
1305	1608
1305	1620
1305	1630
1305	1676
1305	1678
1305	1684
1305	1687
1305	1752
1305	1762
1305	1769
1305	1780
1305	1783
1305	1860
1305	1871
512	515
512	519
512	582
512	603
512	608
512	610
512	613
512	618
512	625
512	631
512	668
512	670
512	672
512	679
512	681
512	699
512	705
512	708
512	755
512	756
512	772
512	777
512	793
512	810
512	815
512	820
512	829
512	835
512	839
512	843
512	860
512	886
512	920
512	935
512	949
512	959
512	978
512	989
512	1001
512	1133
512	1586
512	1934
643	668
643	669
643	670
643	679
643	681
643	699
643	705
643	708
643	755
643	756
643	772
643	777
643	793
643	797
643	810
643	815
643	820
643	822
643	829
643	835
643	839
643	843
643	860
643	886
643	935
643	949
643	959
643	970
643	978
643	989
643	1001
643	1024
643	1028
643	1030
643	1043
643	1050
643	1059
643	1065
643	1070
643	1097
643	1099
643	1123
643	1127
643	1132
643	1133
643	1138
643	1305
643	1362
643	1394
643	1490
643	1516
643	1912
815	820
815	822
815	829
815	835
815	839
815	843
815	860
815	886
815	920
815	935
815	949
815	959
815	970
815	978
815	989
815	1001
815	1024
815	1028
815	1030
815	1043
815	1050
815	1065
815	1070
815	1091
815	1097
815	1099
815	1123
815	1127
815	1132
815	1133
815	1146
815	1157
815	1161
815	1172
815	1182
815	1198
815	1218
815	1234
815	1278
815	1295
815	1299
815	1300
815	1305
815	1306
815	1347
815	1352
815	1488
815	1676
815	1840
1024	1028
1024	1030
1024	1043
1024	1059
1024	1065
1024	1070
1024	1091
1024	1097
1024	1099
1024	1123
1024	1127
1024	1132
1024	1133
1024	1138
1024	1146
1024	1157
1024	1161
1024	1172
1024	1182
1024	1198
1024	1218
1024	1222
1024	1234
1024	1278
1024	1292
1024	1295
1024	1297
1024	1299
1024	1300
1024	1305
1024	1306
1024	1316
1024	1338
1024	1341
1024	1344
1024	1347
1024	1362
1024	1379
1024	1394
1024	1429
1024	1441
1024	1452
1024	1464
1024	1474
1024	1478
1024	1488
1024	1490
1024	1493
1024	1516
1024	1538
1024	1780
1024	1783
1024	1857
829	835
829	839
829	843
829	860
829	886
829	920
829	935
829	949
829	959
829	970
829	978
829	989
829	1001
829	1024
829	1028
829	1030
829	1043
829	1050
829	1059
829	1065
829	1070
829	1091
829	1097
829	1099
829	1123
829	1127
829	1132
829	1133
829	1146
829	1157
829	1172
829	1177
829	1182
829	1198
829	1218
829	1222
829	1234
829	1278
829	1292
829	1295
829	1297
829	1299
829	1300
829	1305
829	1306
829	1316
829	1769
1222	1234
1222	1278
1222	1292
1222	1295
1222	1297
1222	1299
1222	1300
1222	1305
1222	1306
1222	1316
1222	1338
1222	1344
1222	1347
1222	1352
1222	1362
1222	1379
1222	1394
1222	1441
1222	1452
1222	1464
1222	1465
1222	1474
1222	1478
1222	1488
1222	1516
1222	1531
1222	1538
1222	1551
1222	1564
1222	1576
1222	1580
1222	1586
1222	1592
1222	1608
1222	1620
1222	1630
1222	1676
1222	1678
1222	1684
1222	1687
1222	1904
1050	1059
1050	1065
1050	1070
1050	1097
1050	1099
1050	1123
1050	1127
1050	1132
1050	1133
1050	1138
1050	1146
1050	1157
1050	1161
1050	1172
1050	1177
1050	1182
1050	1198
1050	1218
1050	1222
1050	1234
1050	1278
1050	1292
1050	1295
1050	1299
1050	1300
1050	1305
1050	1306
1050	1338
1050	1341
1050	1344
1050	1352
1050	1362
1050	1375
1050	1394
1050	1429
1050	1441
1050	1452
1050	1464
1050	1465
1050	1474
1050	1478
1050	1488
1050	1493
1050	1516
1050	1531
1050	1580
1050	1850
1050	1854
1050	1860
515	519
515	582
515	603
515	608
515	618
515	625
515	643
515	668
515	670
515	672
515	679
515	681
515	699
515	705
515	708
515	755
515	756
515	772
515	777
515	793
515	810
515	815
515	822
515	829
515	835
515	839
515	860
515	886
515	920
515	935
515	959
515	970
515	978
515	989
515	1001
515	1146
1338	1341
1338	1344
1338	1347
1338	1352
1338	1362
1338	1375
1338	1394
1338	1429
1338	1441
1338	1452
1338	1464
1338	1465
1338	1474
1338	1490
1338	1516
1338	1531
1338	1538
1338	1551
1338	1564
1338	1580
1338	1586
1338	1592
1338	1620
1338	1630
1338	1676
1338	1678
1338	1687
1338	1752
1338	1762
1338	1769
1338	1783
1338	1815
1338	1840
1478	1488
1478	1490
1478	1493
1478	1516
1478	1531
1478	1538
1478	1564
1478	1576
1478	1580
1478	1586
1478	1592
1478	1608
1478	1620
1478	1630
1478	1676
1478	1678
1478	1684
1478	1687
1478	1752
1478	1762
1478	1769
1478	1780
1478	1783
1478	1815
1478	1840
1478	1847
1478	1850
1478	1857
1478	1865
1478	1871
1478	1875
1478	1892
1478	1904
1478	1905
1478	1912
1478	1934
1478	1938
1478	1957
1478	1971
669	679
669	681
669	699
669	705
669	708
669	755
669	756
669	772
669	777
669	793
669	797
669	815
669	820
669	829
669	835
669	839
669	843
669	860
669	886
669	920
669	935
669	949
669	959
669	978
669	989
669	1001
669	1024
669	1028
669	1030
669	1043
669	1050
669	1065
669	1070
669	1097
669	1099
669	1123
669	1127
669	1132
669	1133
669	1138
669	1146
669	1157
669	1161
669	1465
669	1531
669	1630
920	935
920	949
920	959
920	970
920	978
920	989
920	1001
920	1024
920	1028
920	1030
920	1043
920	1050
920	1059
920	1065
920	1070
920	1091
920	1097
920	1099
920	1123
920	1127
920	1132
920	1133
920	1138
920	1157
920	1161
920	1172
920	1177
920	1182
920	1218
920	1234
920	1278
920	1292
920	1295
920	1297
920	1299
920	1300
920	1305
920	1306
920	1316
920	1338
920	1341
920	1344
920	1347
920	1352
920	1362
920	1375
920	1379
920	1493
1347	1352
1347	1362
1347	1375
1347	1379
1347	1394
1347	1441
1347	1452
1347	1464
1347	1465
1347	1474
1347	1478
1347	1488
1347	1490
1347	1493
1347	1516
1347	1538
1347	1551
1347	1564
1347	1580
1347	1586
1347	1592
1347	1608
1347	1620
1347	1630
1347	1676
1347	1678
1347	1684
1347	1687
1347	1752
1347	1762
1347	1780
1347	1783
1347	1815
1347	1840
1347	1847
1347	1857
1347	1938
699	708
699	755
699	756
699	772
699	777
699	793
699	797
699	810
699	815
699	820
699	822
699	829
699	835
699	839
699	860
699	886
699	920
699	935
699	949
699	959
699	970
699	978
699	989
699	1001
699	1024
699	1028
699	1030
699	1043
699	1050
699	1059
699	1065
699	1070
699	1091
699	1097
699	1099
699	1123
699	1127
699	1132
699	1133
699	1138
699	1146
699	1157
699	1161
699	1172
699	1177
699	1182
699	1198
699	1592
699	1957
699	1971
793	797
793	810
793	815
793	822
793	829
793	835
793	839
793	843
793	860
793	886
793	920
793	935
793	949
793	970
793	978
793	989
793	1001
793	1024
793	1028
793	1030
793	1043
793	1050
793	1059
793	1065
793	1091
793	1097
793	1099
793	1123
793	1132
793	1133
793	1138
793	1146
793	1157
793	1172
793	1177
793	1182
793	1198
793	1218
793	1222
793	1278
793	1292
793	1394
793	1465
793	1684
793	1857
1138	1146
1138	1157
1138	1161
1138	1172
1138	1177
1138	1182
1138	1198
1138	1218
1138	1222
1138	1234
1138	1278
1138	1292
1138	1295
1138	1297
1138	1299
1138	1300
1138	1306
1138	1316
1138	1338
1138	1344
1138	1352
1138	1362
1138	1375
1138	1394
1138	1429
1138	1441
1138	1452
1138	1464
1138	1465
1138	1478
1138	1488
1138	1490
1138	1493
1138	1516
1138	1531
1138	1538
1138	1551
1138	1564
1138	1576
1138	1580
1138	1586
1138	1592
1138	1630
1138	1912
1138	1938
519	582
519	603
519	610
519	613
519	618
519	625
519	631
519	643
519	668
519	670
519	672
519	679
519	681
519	699
519	705
519	708
519	755
519	756
519	772
519	793
519	797
519	810
519	815
519	820
519	829
519	835
519	839
519	843
519	860
519	886
519	920
519	935
519	949
519	970
519	978
519	989
519	1001
519	1099
519	1344
519	1488
519	1871
777	797
777	810
777	820
777	822
777	835
777	839
777	843
777	860
777	886
777	920
777	935
777	949
777	959
777	970
777	989
777	1001
777	1024
777	1028
777	1043
777	1050
777	1059
777	1065
777	1070
777	1091
777	1097
777	1099
777	1123
777	1127
777	1132
777	1133
777	1138
777	1146
777	1157
777	1161
777	1172
777	1177
777	1182
777	1198
777	1218
777	1222
777	1441
777	1464
777	1516
777	1871
777	1905
777	1934
1341	1344
1341	1347
1341	1352
1341	1362
1341	1375
1341	1379
1341	1394
1341	1429
1341	1441
1341	1452
1341	1464
1341	1465
1341	1474
1341	1478
1341	1488
1341	1490
1341	1493
1341	1516
1341	1531
1341	1538
1341	1551
1341	1564
1341	1576
1341	1586
1341	1592
1341	1608
1341	1620
1341	1630
1341	1676
1341	1684
1341	1687
1341	1762
1341	1769
1341	1780
1341	1783
1341	1840
1341	1850
1070	1091
1070	1097
1070	1099
1070	1123
1070	1127
1070	1132
1070	1133
1070	1138
1070	1146
1070	1157
1070	1161
1070	1172
1070	1177
1070	1182
1070	1198
1070	1218
1070	1222
1070	1234
1070	1278
1070	1292
1070	1295
1070	1297
1070	1299
1070	1300
1070	1306
1070	1316
1070	1338
1070	1341
1070	1344
1070	1347
1070	1352
1070	1362
1070	1375
1070	1379
1070	1394
1070	1429
1070	1441
1070	1452
1070	1464
1070	1465
1070	1474
1070	1478
1070	1493
1070	1516
1070	1531
1070	1538
1070	1551
1070	1564
1070	1815
1070	1957
1099	1123
1099	1127
1099	1132
1099	1133
1099	1138
1099	1146
1099	1157
1099	1161
1099	1172
1099	1177
1099	1182
1099	1218
1099	1222
1099	1234
1099	1278
1099	1292
1099	1295
1099	1297
1099	1299
1099	1300
1099	1305
1099	1306
1099	1316
1099	1338
1099	1341
1099	1344
1099	1347
1099	1352
1099	1375
1099	1379
1099	1394
1099	1429
1099	1441
1099	1452
1099	1464
1099	1465
1099	1474
1099	1478
1099	1488
1099	1490
1099	1493
1099	1516
1099	1531
1099	1538
1099	1551
1099	1564
1099	1576
1099	1580
1099	1592
1099	1904
1297	1299
1297	1305
1297	1306
1297	1316
1297	1338
1297	1341
1297	1344
1297	1347
1297	1352
1297	1362
1297	1375
1297	1379
1297	1394
1297	1429
1297	1441
1297	1452
1297	1464
1297	1465
1297	1474
1297	1478
1297	1488
1297	1490
1297	1493
1297	1516
1297	1531
1297	1538
1297	1551
1297	1564
1297	1576
1297	1580
1297	1586
1297	1592
1297	1608
1297	1620
1297	1630
1297	1676
1297	1678
1297	1684
1297	1687
1297	1752
1297	1762
1297	1769
1297	1783
1297	1905
1379	1394
1379	1429
1379	1441
1379	1452
1379	1464
1379	1465
1379	1474
1379	1478
1379	1488
1379	1490
1379	1493
1379	1516
1379	1531
1379	1538
1379	1564
1379	1576
1379	1580
1379	1586
1379	1592
1379	1608
1379	1620
1379	1630
1379	1676
1379	1678
1379	1684
1379	1752
1379	1762
1379	1769
1379	1780
1379	1783
1379	1815
1379	1840
1379	1847
1379	1850
1379	1854
1379	1857
1379	1860
1379	1865
1379	1871
1379	1912
1429	1441
1429	1452
1429	1464
1429	1465
1429	1474
1429	1478
1429	1488
1429	1493
1429	1516
1429	1531
1429	1580
1429	1586
1429	1608
1429	1620
1429	1630
1429	1676
1429	1678
1429	1684
1429	1687
1429	1752
1429	1769
1429	1780
1429	1783
1429	1840
1429	1847
1429	1850
1429	1854
1429	1857
1429	1865
1429	1871
1429	1875
1429	1892
1429	1904
1429	1905
1429	1912
1429	1934
1300	1305
1300	1306
1300	1316
1300	1338
1300	1341
1300	1344
1300	1347
1300	1352
1300	1362
1300	1375
1300	1379
1300	1394
1300	1429
1300	1441
1300	1452
1300	1464
1300	1465
1300	1474
1300	1478
1300	1488
1300	1490
1300	1493
1300	1516
1300	1531
1300	1538
1300	1551
1300	1564
1300	1576
1300	1586
1300	1592
1300	1620
1300	1630
1300	1676
1300	1678
1300	1684
1300	1687
1300	1752
1300	1762
1300	1769
1300	1780
1300	1783
1300	1892
1097	1099
1097	1123
1097	1127
1097	1133
1097	1138
1097	1146
1097	1157
1097	1161
1097	1172
1097	1177
1097	1198
1097	1218
1097	1222
1097	1234
1097	1278
1097	1292
1097	1295
1097	1297
1097	1299
1097	1300
1097	1306
1097	1316
1097	1338
1097	1341
1097	1344
1097	1347
1097	1352
1097	1362
1097	1375
1097	1379
1097	1394
1097	1429
1097	1441
1097	1452
1097	1464
1097	1465
1097	1474
1097	1478
1097	1488
1097	1490
1097	1493
1097	1516
1097	1531
1097	1538
1097	1551
1097	1564
1097	1576
1097	1580
1097	1586
1097	1592
1097	1934
1097	1971
603	608
603	610
603	613
603	618
603	625
603	631
603	668
603	669
603	670
603	672
603	679
603	681
603	699
603	705
603	708
603	755
603	756
603	772
603	777
603	793
603	797
603	810
603	815
603	820
603	822
603	829
603	835
603	839
603	843
603	860
603	886
603	920
603	935
603	949
603	959
603	970
603	978
603	989
603	1001
603	1024
603	1028
603	1030
603	1043
603	1050
603	1059
603	1065
603	1070
603	1091
603	1099
603	1161
603	1300
603	1306
603	1338
603	1865
603	1904
603	1971
618	625
618	631
618	643
618	668
618	669
618	672
618	679
618	681
618	699
618	705
618	708
618	756
618	772
618	777
618	793
618	797
618	810
618	815
618	820
618	829
618	835
618	839
618	860
618	886
618	920
618	935
618	949
618	959
618	970
618	978
618	989
618	1001
618	1024
618	1028
618	1030
618	1043
618	1050
618	1059
618	1065
618	1070
618	1091
618	1097
618	1099
618	1295
618	1299
618	1379
618	1516
618	1630
1278	1292
1278	1295
1278	1297
1278	1299
1278	1300
1278	1305
1278	1306
1278	1316
1278	1338
1278	1341
1278	1344
1278	1347
1278	1352
1278	1362
1278	1375
1278	1379
1278	1429
1278	1441
1278	1452
1278	1465
1278	1474
1278	1478
1278	1488
1278	1490
1278	1493
1278	1516
1278	1531
1278	1538
1278	1551
1278	1564
1278	1576
1278	1580
1278	1586
1278	1592
1278	1608
1278	1620
1278	1630
1278	1678
1278	1684
1278	1687
1278	1752
1278	1769
1493	1516
1493	1531
1493	1538
1493	1551
1493	1564
1493	1576
1493	1580
1493	1586
1493	1592
1493	1608
1493	1620
1493	1630
1493	1676
1493	1678
1493	1687
1493	1752
1493	1762
1493	1769
1493	1780
1493	1783
1493	1815
1493	1840
1493	1847
1493	1850
1493	1854
1493	1857
1493	1860
1493	1865
1493	1871
1493	1875
1493	1892
1493	1904
1493	1905
1493	1912
1493	1934
1493	1938
1493	1957
1493	1971
1493	1992
1043	1059
1043	1065
1043	1070
1043	1097
1043	1099
1043	1123
1043	1127
1043	1132
1043	1133
1043	1138
1043	1146
1043	1157
1043	1172
1043	1177
1043	1182
1043	1198
1043	1218
1043	1222
1043	1234
1043	1278
1043	1292
1043	1297
1043	1299
1043	1300
1043	1305
1043	1316
1043	1338
1043	1341
1043	1347
1043	1352
1043	1362
1043	1375
1043	1394
1043	1429
1043	1441
1043	1452
1043	1464
1043	1465
1043	1474
1043	1478
1043	1488
1043	1516
1043	1531
1043	1538
1043	1865
1043	1871
1043	1892
1182	1198
1182	1218
1182	1222
1182	1234
1182	1278
1182	1292
1182	1295
1182	1297
1182	1299
1182	1300
1182	1305
1182	1306
1182	1316
1182	1338
1182	1341
1182	1344
1182	1347
1182	1352
1182	1375
1182	1379
1182	1394
1182	1429
1182	1441
1182	1465
1182	1474
1182	1478
1182	1488
1182	1490
1182	1493
1182	1516
1182	1531
1182	1538
1182	1551
1182	1564
1182	1576
1182	1580
1182	1586
1182	1592
1182	1608
1182	1620
1182	1630
1182	1676
1182	1678
860	886
860	920
860	935
860	949
860	959
860	970
860	978
860	989
860	1001
860	1024
860	1028
860	1030
860	1043
860	1050
860	1059
860	1065
860	1070
860	1091
860	1097
860	1099
860	1127
860	1132
860	1133
860	1138
860	1146
860	1157
860	1161
860	1172
860	1177
860	1182
860	1218
860	1234
860	1278
860	1295
860	1297
860	1299
860	1300
860	1305
860	1316
860	1338
860	1344
860	1347
860	1478
860	1576
860	1678
860	1957
1306	1316
1306	1338
1306	1341
1306	1344
1306	1347
1306	1352
1306	1362
1306	1375
1306	1379
1306	1394
1306	1429
1306	1441
1306	1452
1306	1464
1306	1465
1306	1474
1306	1478
1306	1488
1306	1490
1306	1493
1306	1516
1306	1531
1306	1538
1306	1564
1306	1576
1306	1586
1306	1592
1306	1608
1306	1620
1306	1630
1306	1676
1306	1678
1306	1684
1306	1687
1306	1752
1306	1762
1306	1769
1306	1780
1306	1783
610	613
610	618
610	631
610	668
610	669
610	670
610	672
610	679
610	699
610	705
610	708
610	755
610	756
610	772
610	793
610	797
610	810
610	815
610	820
610	822
610	829
610	835
610	839
610	843
610	860
610	886
610	920
610	949
610	959
610	970
610	978
610	989
610	1001
610	1024
610	1028
610	1043
610	1050
610	1059
610	1065
610	1070
610	1091
610	1099
610	1138
610	1305
610	1865
610	1871
582	603
582	608
582	610
582	618
582	625
582	631
582	643
582	668
582	669
582	670
582	672
582	681
582	699
582	705
582	708
582	756
582	772
582	777
582	797
582	810
582	815
582	822
582	829
582	835
582	839
582	843
582	860
582	886
582	920
582	935
582	949
582	959
582	970
582	978
582	989
582	1001
582	1024
582	1028
582	1030
582	1043
582	1050
582	1059
582	1065
582	1070
582	1177
582	1300
582	1464
582	1580
608	610
608	625
608	631
608	643
608	668
608	669
608	670
608	672
608	679
608	681
608	699
608	705
608	708
608	755
608	772
608	777
608	793
608	797
608	810
608	815
608	822
608	829
608	835
608	839
608	843
608	860
608	886
608	920
608	935
608	949
608	959
608	970
608	978
608	989
608	1001
608	1024
608	1028
608	1030
608	1043
608	1050
608	1059
608	1070
608	1091
608	1099
608	1127
608	1177
608	1299
608	1306
608	1860
608	1905
835	839
835	843
835	860
835	886
835	920
835	935
835	949
835	959
835	970
835	978
835	989
835	1001
835	1024
835	1028
835	1030
835	1043
835	1050
835	1059
835	1065
835	1070
835	1091
835	1097
835	1099
835	1123
835	1127
835	1132
835	1133
835	1138
835	1146
835	1157
835	1172
835	1177
835	1182
835	1198
835	1218
835	1222
835	1234
835	1278
835	1292
835	1295
835	1297
835	1299
835	1300
835	1305
835	1306
835	1316
835	1592
1123	1127
1123	1132
1123	1133
1123	1138
1123	1146
1123	1157
1123	1161
1123	1172
1123	1177
1123	1182
1123	1198
1123	1218
1123	1222
1123	1234
1123	1278
1123	1297
1123	1299
1123	1300
1123	1305
1123	1306
1123	1316
1123	1338
1123	1341
1123	1344
1123	1347
1123	1352
1123	1362
1123	1375
1123	1394
1123	1429
1123	1441
1123	1452
1123	1464
1123	1465
1123	1474
1123	1478
1123	1488
1123	1490
1123	1493
1123	1516
1123	1531
1123	1538
1123	1551
1123	1564
1123	1576
1123	1580
1123	1586
1123	1592
1123	1608
1123	1620
1123	1840
1123	1850
1295	1297
1295	1299
1295	1300
1295	1305
1295	1306
1295	1316
1295	1338
1295	1344
1295	1347
1295	1352
1295	1362
1295	1375
1295	1379
1295	1394
1295	1429
1295	1441
1295	1452
1295	1465
1295	1474
1295	1488
1295	1490
1295	1493
1295	1516
1295	1531
1295	1538
1295	1551
1295	1576
1295	1586
1295	1592
1295	1608
1295	1620
1295	1630
1295	1676
1295	1678
1295	1684
1295	1687
1295	1752
1295	1762
1295	1769
1295	1780
1295	1783
681	699
681	705
681	708
681	755
681	756
681	777
681	793
681	797
681	810
681	815
681	820
681	822
681	829
681	835
681	843
681	860
681	886
681	920
681	935
681	949
681	970
681	978
681	989
681	1001
681	1024
681	1028
681	1030
681	1043
681	1050
681	1059
681	1065
681	1070
681	1091
681	1097
681	1099
681	1123
681	1132
681	1133
681	1138
681	1146
681	1157
681	1161
681	1172
681	1177
681	1295
681	1564
681	1676
681	1684
681	1904
1177	1182
1177	1198
1177	1218
1177	1222
1177	1234
1177	1278
1177	1292
1177	1295
1177	1297
1177	1299
1177	1305
1177	1316
1177	1341
1177	1344
1177	1347
1177	1352
1177	1362
1177	1375
1177	1379
1177	1394
1177	1441
1177	1452
1177	1464
1177	1465
1177	1474
1177	1478
1177	1488
1177	1490
1177	1493
1177	1516
1177	1531
1177	1538
1177	1551
1177	1564
1177	1576
1177	1580
1177	1586
1177	1592
1177	1608
1177	1620
1177	1630
1177	1938
1177	1957
839	843
839	860
839	886
839	920
839	935
839	949
839	959
839	970
839	978
839	989
839	1024
839	1028
839	1030
839	1043
839	1050
839	1059
839	1065
839	1070
839	1091
839	1097
839	1099
839	1123
839	1127
839	1132
839	1133
839	1138
839	1146
839	1157
839	1161
839	1172
839	1177
839	1182
839	1198
839	1218
839	1222
839	1234
839	1278
839	1292
839	1295
839	1297
839	1299
839	1300
839	1305
839	1306
839	1316
839	1338
839	1865
1157	1161
1157	1182
1157	1198
1157	1218
1157	1222
1157	1234
1157	1292
1157	1295
1157	1297
1157	1299
1157	1305
1157	1306
1157	1316
1157	1338
1157	1344
1157	1347
1157	1352
1157	1362
1157	1375
1157	1379
1157	1394
1157	1429
1157	1441
1157	1452
1157	1464
1157	1465
1157	1474
1157	1478
1157	1488
1157	1493
1157	1516
1157	1531
1157	1551
1157	1564
1157	1576
1157	1580
1157	1592
1157	1608
1157	1630
1157	1684
670	672
670	679
670	681
670	699
670	708
670	755
670	756
670	772
670	777
670	793
670	797
670	810
670	815
670	820
670	822
670	829
670	835
670	839
670	843
670	860
670	886
670	920
670	935
670	949
670	970
670	978
670	1001
670	1024
670	1028
670	1030
670	1043
670	1050
670	1065
670	1070
670	1091
670	1097
670	1099
670	1123
670	1132
670	1133
670	1138
670	1146
670	1157
670	1161
670	1860
1218	1222
1218	1292
1218	1295
1218	1299
1218	1300
1218	1305
1218	1306
1218	1316
1218	1341
1218	1344
1218	1347
1218	1375
1218	1379
1218	1394
1218	1441
1218	1452
1218	1464
1218	1465
1218	1488
1218	1490
1218	1493
1218	1516
1218	1531
1218	1538
1218	1551
1218	1564
1218	1576
1218	1580
1218	1586
1218	1592
1218	1608
1218	1620
1218	1630
1218	1676
1218	1678
1218	1684
1218	1687
1218	1905
679	681
679	699
679	705
679	708
679	755
679	777
679	793
679	797
679	810
679	820
679	822
679	829
679	835
679	839
679	843
679	860
679	886
679	920
679	935
679	949
679	959
679	970
679	978
679	989
679	1001
679	1024
679	1028
679	1030
679	1043
679	1050
679	1059
679	1065
679	1070
679	1091
679	1097
679	1099
679	1123
679	1132
679	1133
679	1138
679	1146
679	1157
679	1161
679	1172
679	1177
679	1465
1394	1452
1394	1464
1394	1465
1394	1474
1394	1488
1394	1490
1394	1493
1394	1516
1394	1531
1394	1538
1394	1551
1394	1564
1394	1576
1394	1580
1394	1586
1394	1592
1394	1608
1394	1620
1394	1630
1394	1678
1394	1684
1394	1687
1394	1752
1394	1762
1394	1769
1394	1780
1394	1783
1394	1815
1394	1847
1394	1850
1394	1854
1394	1857
1394	1860
1394	1865
1394	1871
1394	1875
1394	1892
1059	1065
1059	1070
1059	1091
1059	1097
1059	1123
1059	1127
1059	1132
1059	1133
1059	1138
1059	1146
1059	1157
1059	1161
1059	1172
1059	1177
1059	1182
1059	1198
1059	1218
1059	1222
1059	1234
1059	1278
1059	1292
1059	1295
1059	1297
1059	1299
1059	1300
1059	1305
1059	1316
1059	1338
1059	1347
1059	1352
1059	1362
1059	1375
1059	1379
1059	1394
1059	1429
1059	1441
1059	1464
1059	1465
1059	1478
1059	1488
1059	1490
1059	1493
1059	1516
1059	1538
1059	1551
1059	1576
1059	1676
1059	1752
756	772
756	777
756	793
756	797
756	815
756	820
756	822
756	829
756	835
756	839
756	843
756	860
756	886
756	920
756	935
756	949
756	959
756	970
756	978
756	989
756	1001
756	1024
756	1028
756	1030
756	1043
756	1050
756	1059
756	1065
756	1070
756	1091
756	1097
756	1099
756	1123
756	1133
756	1138
756	1146
756	1157
756	1161
756	1172
756	1177
756	1182
756	1198
756	1218
756	1222
756	1234
756	1295
756	1375
756	1516
756	1678
756	1752
756	1854
756	1857
756	1904
1292	1295
1292	1297
1292	1299
1292	1300
1292	1305
1292	1306
1292	1316
1292	1338
1292	1341
1292	1344
1292	1347
1292	1352
1292	1375
1292	1394
1292	1441
1292	1452
1292	1464
1292	1465
1292	1478
1292	1488
1292	1490
1292	1493
1292	1516
1292	1531
1292	1538
1292	1551
1292	1564
1292	1576
1292	1580
1292	1586
1292	1592
1292	1608
1292	1630
1292	1676
1292	1678
1292	1684
1292	1687
1292	1752
1292	1762
1292	1769
1292	1780
1292	1783
708	755
708	756
708	772
708	777
708	810
708	815
708	820
708	822
708	829
708	835
708	843
708	860
708	886
708	920
708	935
708	949
708	959
708	970
708	978
708	989
708	1001
708	1024
708	1028
708	1030
708	1043
708	1050
708	1059
708	1065
708	1070
708	1091
708	1097
708	1123
708	1127
708	1132
708	1133
708	1146
708	1157
708	1161
708	1172
708	1182
708	1278
708	1299
708	1564
708	1580
708	1620
708	1847
1091	1097
1091	1099
1091	1127
1091	1133
1091	1138
1091	1146
1091	1157
1091	1161
1091	1172
1091	1177
1091	1182
1091	1198
1091	1218
1091	1234
1091	1278
1091	1292
1091	1295
1091	1297
1091	1299
1091	1300
1091	1305
1091	1306
1091	1316
1091	1338
1091	1341
1091	1344
1091	1347
1091	1352
1091	1362
1091	1375
1091	1394
1091	1429
1091	1441
1091	1452
1091	1464
1091	1465
1091	1474
1091	1478
1091	1488
1091	1493
1091	1516
1091	1531
1091	1538
1091	1551
1091	1564
1091	1576
1091	1580
1091	1586
1091	1762
1091	1780
1234	1278
1234	1292
1234	1295
1234	1297
1234	1299
1234	1300
1234	1305
1234	1306
1234	1316
1234	1338
1234	1341
1234	1344
1234	1347
1234	1352
1234	1362
1234	1375
1234	1379
1234	1394
1234	1429
1234	1441
1234	1452
1234	1464
1234	1474
1234	1478
1234	1488
1234	1493
1234	1516
1234	1531
1234	1564
1234	1576
1234	1580
1234	1586
1234	1592
1234	1608
1234	1630
1234	1676
1234	1684
1234	1687
1234	1752
1234	1938
1299	1305
1299	1306
1299	1316
1299	1338
1299	1341
1299	1344
1299	1347
1299	1352
1299	1362
1299	1375
1299	1379
1299	1394
1299	1429
1299	1441
1299	1452
1299	1464
1299	1465
1299	1474
1299	1478
1299	1488
1299	1490
1299	1493
1299	1516
1299	1531
1299	1538
1299	1564
1299	1576
1299	1580
1299	1586
1299	1592
1299	1608
1299	1620
1299	1630
1299	1676
1299	1678
1299	1684
1299	1687
1299	1762
1299	1769
1299	1860
