# Undirected graph (each unordered pair of nodes is saved once): output/networks/SmallWorldRewire00removeDegree-90percent.txt
# Nodes: 200 Edges: 6567
# NodeId	NodeId
70	71
70	74
70	75
70	77
70	78
70	79
70	81
70	82
70	83
70	85
70	86
70	88
70	89
70	94
70	101
70	103
70	105
70	106
70	108
70	109
70	111
70	114
70	117
70	120
70	123
70	125
70	127
70	129
70	130
70	133
70	134
70	140
70	141
70	142
70	143
70	146
70	148
70	149
70	150
70	151
70	153
70	161
70	164
70	167
70	169
70	171
70	185
70	188
70	192
70	197
70	200
70	201
70	202
70	203
70	207
70	208
70	209
70	211
70	216
70	218
70	219
70	221
70	223
70	229
70	231
70	232
71	74
71	75
71	77
71	78
71	79
71	81
71	82
71	83
71	85
71	86
71	88
71	89
71	94
71	101
71	103
71	105
71	106
71	108
71	109
71	111
71	114
71	117
71	120
71	123
71	125
71	127
71	129
71	130
71	133
71	134
71	140
71	141
71	142
71	143
71	146
71	148
71	149
71	150
71	151
71	153
71	161
71	164
71	167
71	169
71	171
71	185
71	188
71	192
71	197
71	200
71	201
71	202
71	203
71	207
71	208
71	209
71	211
71	216
71	218
71	219
71	221
71	223
71	229
71	231
71	232
74	75
74	77
74	78
74	79
74	81
74	82
74	83
74	85
74	86
74	88
74	89
74	94
74	101
74	103
74	105
74	106
74	108
74	109
74	111
74	114
74	117
74	120
74	123
74	125
74	127
74	129
74	130
74	133
74	134
74	140
74	141
74	142
74	143
74	146
74	148
74	149
74	150
74	151
74	153
74	161
74	164
74	167
74	169
74	171
74	185
74	188
74	192
74	197
74	200
74	201
74	202
74	203
74	207
74	208
74	209
74	211
74	216
74	218
74	219
74	221
74	223
74	229
74	231
74	232
75	77
75	78
75	79
75	81
75	82
75	83
75	85
75	86
75	88
75	89
75	94
75	101
75	103
75	105
75	106
75	108
75	109
75	111
75	114
75	117
75	120
75	123
75	125
75	127
75	129
75	130
75	133
75	134
75	140
75	141
75	142
75	143
75	146
75	148
75	149
75	150
75	151
75	153
75	161
75	164
75	167
75	169
75	171
75	185
75	188
75	192
75	197
75	200
75	201
75	202
75	203
75	207
75	208
75	209
75	211
75	216
75	218
75	219
75	221
75	223
75	229
75	231
75	232
77	78
77	79
77	81
77	82
77	83
77	85
77	86
77	88
77	89
77	94
77	101
77	103
77	105
77	106
77	108
77	109
77	111
77	114
77	117
77	120
77	123
77	125
77	127
77	129
77	130
77	133
77	134
77	140
77	141
77	142
77	143
77	146
77	148
77	149
77	150
77	151
77	153
77	161
77	164
77	167
77	169
77	171
77	185
77	188
77	192
77	197
77	200
77	201
77	202
77	203
77	207
77	208
77	209
77	211
77	216
77	218
77	219
77	221
77	223
77	229
77	231
77	232
78	79
78	81
78	82
78	83
78	85
78	86
78	88
78	89
78	94
78	101
78	103
78	105
78	106
78	108
78	109
78	111
78	114
78	117
78	120
78	123
78	125
78	127
78	129
78	130
78	133
78	134
78	140
78	141
78	142
78	143
78	146
78	148
78	149
78	150
78	151
78	153
78	161
78	164
78	167
78	169
78	171
78	185
78	188
78	192
78	197
78	200
78	201
78	202
78	203
78	207
78	208
78	209
78	211
78	216
78	218
78	219
78	221
78	223
78	229
78	231
78	232
79	81
79	82
79	83
79	85
79	86
79	88
79	89
79	94
79	101
79	103
79	105
79	106
79	108
79	109
79	111
79	114
79	117
79	120
79	123
79	125
79	127
79	129
79	130
79	133
79	134
79	140
79	141
79	142
79	143
79	146
79	148
79	149
79	150
79	151
79	153
79	161
79	164
79	167
79	169
79	171
79	185
79	188
79	192
79	197
79	200
79	201
79	202
79	203
79	207
79	208
79	209
79	211
79	216
79	218
79	219
79	221
79	223
79	229
79	231
79	232
81	82
81	83
81	85
81	86
81	88
81	89
81	94
81	101
81	103
81	105
81	106
81	108
81	109
81	111
81	114
81	117
81	120
81	123
81	125
81	127
81	129
81	130
81	133
81	134
81	140
81	141
81	142
81	143
81	146
81	148
81	149
81	150
81	151
81	153
81	161
81	164
81	167
81	169
81	171
81	185
81	188
81	192
81	197
81	200
81	201
81	202
81	203
81	207
81	208
81	209
81	211
81	216
81	218
81	219
81	221
81	223
81	229
81	231
81	232
82	83
82	85
82	86
82	88
82	89
82	94
82	101
82	103
82	105
82	106
82	108
82	109
82	111
82	114
82	117
82	120
82	123
82	125
82	127
82	129
82	130
82	133
82	134
82	140
82	141
82	142
82	143
82	146
82	148
82	149
82	150
82	151
82	153
82	161
82	164
82	167
82	169
82	171
82	185
82	188
82	192
82	197
82	200
82	201
82	202
82	203
82	207
82	208
82	209
82	211
82	216
82	218
82	219
82	221
82	223
82	229
82	231
82	232
83	85
83	86
83	88
83	89
83	94
83	101
83	103
83	105
83	106
83	108
83	109
83	111
83	114
83	117
83	120
83	123
83	125
83	127
83	129
83	130
83	133
83	134
83	140
83	141
83	142
83	143
83	146
83	148
83	149
83	150
83	151
83	153
83	161
83	164
83	167
83	169
83	171
83	185
83	188
83	192
83	197
83	200
83	201
83	202
83	203
83	207
83	208
83	209
83	211
83	216
83	218
83	219
83	221
83	223
83	229
83	231
83	232
85	86
85	88
85	89
85	94
85	101
85	103
85	105
85	106
85	108
85	109
85	111
85	114
85	117
85	120
85	123
85	125
85	127
85	129
85	130
85	133
85	134
85	140
85	141
85	142
85	143
85	146
85	148
85	149
85	150
85	151
85	153
85	161
85	164
85	167
85	169
85	171
85	185
85	188
85	192
85	197
85	200
85	201
85	202
85	203
85	207
85	208
85	209
85	211
85	216
85	218
85	219
85	221
85	223
85	229
85	231
85	232
86	88
86	89
86	94
86	101
86	103
86	105
86	106
86	108
86	109
86	111
86	114
86	117
86	120
86	123
86	125
86	127
86	129
86	130
86	133
86	134
86	140
86	141
86	142
86	143
86	146
86	148
86	149
86	150
86	151
86	153
86	161
86	164
86	167
86	169
86	171
86	185
86	188
86	192
86	197
86	200
86	201
86	202
86	203
86	207
86	208
86	209
86	211
86	216
86	218
86	219
86	221
86	223
86	229
86	231
86	232
88	89
88	94
88	101
88	103
88	105
88	106
88	108
88	109
88	111
88	114
88	117
88	120
88	123
88	125
88	127
88	129
88	130
88	133
88	134
88	140
88	141
88	142
88	143
88	146
88	148
88	149
88	150
88	151
88	153
88	161
88	164
88	167
88	169
88	171
88	185
88	188
88	192
88	197
88	200
88	201
88	202
88	203
88	207
88	208
88	209
88	211
88	216
88	218
88	219
88	221
88	223
88	229
88	231
88	232
89	94
89	101
89	103
89	105
89	106
89	108
89	109
89	111
89	114
89	117
89	120
89	123
89	125
89	127
89	129
89	130
89	133
89	134
89	140
89	141
89	142
89	143
89	146
89	148
89	149
89	150
89	151
89	153
89	161
89	164
89	167
89	169
89	171
89	185
89	188
89	192
89	197
89	200
89	201
89	202
89	203
89	207
89	208
89	209
89	211
89	216
89	218
89	219
89	221
89	223
89	229
89	231
89	232
94	101
94	103
94	105
94	106
94	108
94	109
94	111
94	114
94	117
94	120
94	123
94	125
94	127
94	129
94	130
94	133
94	134
94	140
94	141
94	142
94	143
94	146
94	148
94	149
94	150
94	151
94	153
94	161
94	164
94	167
94	169
94	171
94	185
94	188
94	192
94	197
94	200
94	201
94	202
94	203
94	207
94	208
94	209
94	211
94	216
94	218
94	219
94	221
94	223
94	229
94	231
94	232
101	103
101	105
101	106
101	108
101	109
101	111
101	114
101	117
101	120
101	123
101	125
101	127
101	129
101	130
101	133
101	134
101	140
101	141
101	142
101	143
101	146
101	148
101	149
101	150
101	151
101	153
101	161
101	164
101	167
101	169
101	171
101	185
101	188
101	192
101	197
101	200
101	201
101	202
101	203
101	207
101	208
101	209
101	211
101	216
101	218
101	219
101	221
101	223
101	229
101	231
101	232
103	105
103	106
103	108
103	109
103	111
103	114
103	117
103	120
103	123
103	125
103	127
103	129
103	130
103	133
103	134
103	140
103	141
103	142
103	143
103	146
103	148
103	149
103	150
103	151
103	153
103	161
103	164
103	167
103	169
103	171
103	185
103	188
103	192
103	197
103	200
103	201
103	202
103	203
103	207
103	208
103	209
103	211
103	216
103	218
103	219
103	221
103	223
103	229
103	231
103	232
105	106
105	108
105	109
105	111
105	114
105	117
105	120
105	123
105	125
105	127
105	129
105	130
105	133
105	134
105	140
105	141
105	142
105	143
105	146
105	148
105	149
105	150
105	151
105	153
105	161
105	164
105	167
105	169
105	171
105	185
105	188
105	192
105	197
105	200
105	201
105	202
105	203
105	207
105	208
105	209
105	211
105	216
105	218
105	219
105	221
105	223
105	229
105	231
105	232
106	108
106	109
106	111
106	114
106	117
106	120
106	123
106	125
106	127
106	129
106	130
106	133
106	134
106	140
106	141
106	142
106	143
106	146
106	148
106	149
106	150
106	151
106	153
106	161
106	164
106	167
106	169
106	171
106	185
106	188
106	192
106	197
106	200
106	201
106	202
106	203
106	207
106	208
106	209
106	211
106	216
106	218
106	219
106	221
106	223
106	229
106	231
106	232
108	109
108	111
108	114
108	117
108	120
108	123
108	125
108	127
108	129
108	130
108	133
108	134
108	140
108	141
108	142
108	143
108	146
108	148
108	149
108	150
108	151
108	153
108	161
108	164
108	167
108	169
108	171
108	185
108	188
108	192
108	197
108	200
108	201
108	202
108	203
108	207
108	208
108	209
108	211
108	216
108	218
108	219
108	221
108	223
108	229
108	231
108	232
109	111
109	114
109	117
109	120
109	123
109	125
109	127
109	129
109	130
109	133
109	134
109	140
109	141
109	142
109	143
109	146
109	148
109	149
109	150
109	151
109	153
109	161
109	164
109	167
109	169
109	171
109	185
109	188
109	192
109	197
109	200
109	201
109	202
109	203
109	207
109	208
109	209
109	211
109	216
109	218
109	219
109	221
109	223
109	229
109	231
109	232
111	114
111	117
111	120
111	123
111	125
111	127
111	129
111	130
111	133
111	134
111	140
111	141
111	142
111	143
111	146
111	148
111	149
111	150
111	151
111	153
111	161
111	164
111	167
111	169
111	171
111	185
111	188
111	192
111	197
111	200
111	201
111	202
111	203
111	207
111	208
111	209
111	211
111	216
111	218
111	219
111	221
111	223
111	229
111	231
111	232
114	117
114	120
114	123
114	125
114	127
114	129
114	130
114	133
114	134
114	140
114	141
114	142
114	143
114	146
114	148
114	149
114	150
114	151
114	153
114	161
114	164
114	167
114	169
114	171
114	185
114	188
114	192
114	197
114	200
114	201
114	202
114	203
114	207
114	208
114	209
114	211
114	216
114	218
114	219
114	221
114	223
114	229
114	231
114	232
117	120
117	123
117	125
117	127
117	129
117	130
117	133
117	134
117	140
117	141
117	142
117	143
117	146
117	148
117	149
117	150
117	151
117	153
117	161
117	164
117	167
117	169
117	171
117	185
117	188
117	192
117	197
117	200
117	201
117	202
117	203
117	207
117	208
117	209
117	211
117	216
117	218
117	219
117	221
117	223
117	229
117	231
117	232
120	123
120	125
120	127
120	129
120	130
120	133
120	134
120	140
120	141
120	142
120	143
120	146
120	148
120	149
120	150
120	151
120	153
120	161
120	164
120	167
120	169
120	171
120	185
120	188
120	192
120	197
120	200
120	201
120	202
120	203
120	207
120	208
120	209
120	211
120	216
120	218
120	219
120	221
120	223
120	229
120	231
120	232
123	125
123	127
123	129
123	130
123	133
123	134
123	140
123	141
123	142
123	143
123	146
123	148
123	149
123	150
123	151
123	153
123	161
123	164
123	167
123	169
123	171
123	185
123	188
123	192
123	197
123	200
123	201
123	202
123	203
123	207
123	208
123	209
123	211
123	216
123	218
123	219
123	221
123	223
123	229
123	231
123	232
125	127
125	129
125	130
125	133
125	134
125	140
125	141
125	142
125	143
125	146
125	148
125	149
125	150
125	151
125	153
125	161
125	164
125	167
125	169
125	171
125	185
125	188
125	192
125	197
125	200
125	201
125	202
125	203
125	207
125	208
125	209
125	211
125	216
125	218
125	219
125	221
125	223
125	229
125	231
125	232
127	129
127	130
127	133
127	134
127	140
127	141
127	142
127	143
127	146
127	148
127	149
127	150
127	151
127	153
127	161
127	164
127	167
127	169
127	171
127	185
127	188
127	192
127	197
127	200
127	201
127	202
127	203
127	207
127	208
127	209
127	211
127	216
127	218
127	219
127	221
127	223
127	229
127	231
127	232
129	130
129	133
129	134
129	140
129	141
129	142
129	143
129	146
129	148
129	149
129	150
129	151
129	153
129	161
129	164
129	167
129	169
129	171
129	185
129	188
129	192
129	197
129	200
129	201
129	202
129	203
129	207
129	208
129	209
129	211
129	216
129	218
129	219
129	221
129	223
129	229
129	231
129	232
130	133
130	134
130	140
130	141
130	142
130	143
130	146
130	148
130	149
130	150
130	151
130	153
130	161
130	164
130	167
130	169
130	171
130	185
130	188
130	192
130	197
130	200
130	201
130	202
130	203
130	207
130	208
130	209
130	211
130	216
130	218
130	219
130	221
130	223
130	229
130	231
130	232
133	134
133	140
133	141
133	142
133	143
133	146
133	148
133	149
133	150
133	151
133	153
133	161
133	164
133	167
133	169
133	171
133	185
133	188
133	192
133	197
133	200
133	201
133	202
133	203
133	207
133	208
133	209
133	211
133	216
133	218
133	219
133	221
133	223
133	229
133	231
133	232
134	140
134	141
134	142
134	143
134	146
134	148
134	149
134	150
134	151
134	153
134	161
134	164
134	167
134	169
134	171
134	185
134	188
134	192
134	197
134	200
134	201
134	202
134	203
134	207
134	208
134	209
134	211
134	216
134	218
134	219
134	221
134	223
134	229
134	231
134	232
140	141
140	142
140	143
140	146
140	148
140	149
140	150
140	151
140	153
140	161
140	164
140	167
140	169
140	171
140	185
140	188
140	192
140	197
140	200
140	201
140	202
140	203
140	207
140	208
140	209
140	211
140	216
140	218
140	219
140	221
140	223
140	229
140	231
140	232
141	142
141	143
141	146
141	148
141	149
141	150
141	151
141	153
141	161
141	164
141	167
141	169
141	171
141	185
141	188
141	192
141	197
141	200
141	201
141	202
141	203
141	207
141	208
141	209
141	211
141	216
141	218
141	219
141	221
141	223
141	229
141	231
141	232
142	143
142	146
142	148
142	149
142	150
142	151
142	153
142	161
142	164
142	167
142	169
142	171
142	185
142	188
142	192
142	197
142	200
142	201
142	202
142	203
142	207
142	208
142	209
142	211
142	216
142	218
142	219
142	221
142	223
142	229
142	231
142	232
143	146
143	148
143	149
143	150
143	151
143	153
143	161
143	164
143	167
143	169
143	171
143	185
143	188
143	192
143	197
143	200
143	201
143	202
143	203
143	207
143	208
143	209
143	211
143	216
143	218
143	219
143	221
143	223
143	229
143	231
143	232
146	148
146	149
146	150
146	151
146	153
146	161
146	164
146	167
146	169
146	171
146	185
146	188
146	192
146	197
146	200
146	201
146	202
146	203
146	207
146	208
146	209
146	211
146	216
146	218
146	219
146	221
146	223
146	229
146	231
146	232
148	149
148	150
148	151
148	153
148	161
148	164
148	167
148	169
148	171
148	185
148	188
148	192
148	197
148	200
148	201
148	202
148	203
148	207
148	208
148	209
148	211
148	216
148	218
148	219
148	221
148	223
148	229
148	231
148	232
149	150
149	151
149	153
149	161
149	164
149	167
149	169
149	171
149	185
149	188
149	192
149	197
149	200
149	201
149	202
149	203
149	207
149	208
149	209
149	211
149	216
149	218
149	219
149	221
149	223
149	229
149	231
149	232
150	151
150	153
150	161
150	164
150	167
150	169
150	171
150	185
150	188
150	192
150	197
150	200
150	201
150	202
150	203
150	207
150	208
150	209
150	211
150	216
150	218
150	219
150	221
150	223
150	229
150	231
150	232
151	153
151	161
151	164
151	167
151	169
151	171
151	185
151	188
151	192
151	197
151	200
151	201
151	202
151	203
151	207
151	208
151	209
151	211
151	216
151	218
151	219
151	221
151	223
151	229
151	231
151	232
153	161
153	164
153	167
153	169
153	171
153	185
153	188
153	192
153	197
153	200
153	201
153	202
153	203
153	207
153	208
153	209
153	211
153	216
153	218
153	219
153	221
153	223
153	229
153	231
153	232
161	164
161	167
161	169
161	171
161	185
161	188
161	192
161	197
161	200
161	201
161	202
161	203
161	207
161	208
161	209
161	211
161	216
161	218
161	219
161	221
161	223
161	229
161	231
161	232
164	167
164	169
164	171
164	185
164	188
164	192
164	197
164	200
164	201
164	202
164	203
164	207
164	208
164	209
164	211
164	216
164	218
164	219
164	221
164	223
164	229
164	231
164	232
167	169
167	171
167	185
167	188
167	192
167	197
167	200
167	201
167	202
167	203
167	207
167	208
167	209
167	211
167	216
167	218
167	219
167	221
167	223
167	229
167	231
167	232
169	171
169	185
169	188
169	192
169	197
169	200
169	201
169	202
169	203
169	207
169	208
169	209
169	211
169	216
169	218
169	219
169	221
169	223
169	229
169	231
169	232
171	185
171	188
171	192
171	197
171	200
171	201
171	202
171	203
171	207
171	208
171	209
171	211
171	216
171	218
171	219
171	221
171	223
171	229
171	231
171	232
185	188
185	192
185	197
185	200
185	201
185	202
185	203
185	207
185	208
185	209
185	211
185	216
185	218
185	219
185	221
185	223
185	229
185	231
185	232
188	192
188	197
188	200
188	201
188	202
188	203
188	207
188	208
188	209
188	211
188	216
188	218
188	219
188	221
188	223
188	229
188	231
188	232
192	197
192	200
192	201
192	202
192	203
192	207
192	208
192	209
192	211
192	216
192	218
192	219
192	221
192	223
192	229
192	231
192	232
197	200
197	201
197	202
197	203
197	207
197	208
197	209
197	211
197	216
197	218
197	219
197	221
197	223
197	229
197	231
197	232
200	201
200	202
200	203
200	207
200	208
200	209
200	211
200	216
200	218
200	219
200	221
200	223
200	229
200	231
200	232
201	202
201	203
201	207
201	208
201	209
201	211
201	216
201	218
201	219
201	221
201	223
201	229
201	231
201	232
202	203
202	207
202	208
202	209
202	211
202	216
202	218
202	219
202	221
202	223
202	229
202	231
202	232
203	207
203	208
203	209
203	211
203	216
203	218
203	219
203	221
203	223
203	229
203	231
203	232
207	208
207	209
207	211
207	216
207	218
207	219
207	221
207	223
207	229
207	231
207	232
208	209
208	211
208	216
208	218
208	219
208	221
208	223
208	229
208	231
208	232
209	211
209	216
209	218
209	219
209	221
209	223
209	229
209	231
209	232
211	216
211	218
211	219
211	221
211	223
211	229
211	231
211	232
216	218
216	219
216	221
216	223
216	229
216	231
216	232
218	219
218	221
218	223
218	229
218	231
218	232
219	221
219	223
219	229
219	231
219	232
221	223
221	229
221	231
221	232
223	229
223	231
223	232
229	231
229	232
231	232
1503	1505
1503	1509
1503	1510
1503	1511
1503	1513
1503	1514
1503	1516
1503	1517
1503	1519
1503	1521
1503	1522
1503	1523
1503	1527
1503	1534
1503	1536
1503	1539
1503	1540
1503	1543
1503	1545
1503	1547
1503	1551
1503	1561
1503	1562
1503	1563
1503	1565
1503	1567
1505	1509
1505	1510
1505	1511
1505	1513
1505	1514
1505	1516
1505	1517
1505	1519
1505	1521
1505	1522
1505	1523
1505	1527
1505	1534
1505	1536
1505	1539
1505	1540
1505	1543
1505	1545
1505	1547
1505	1551
1505	1561
1505	1562
1505	1563
1505	1565
1505	1567
1509	1510
1509	1511
1509	1513
1509	1514
1509	1516
1509	1517
1509	1519
1509	1521
1509	1522
1509	1523
1509	1527
1509	1534
1509	1536
1509	1539
1509	1540
1509	1543
1509	1545
1509	1547
1509	1551
1509	1561
1509	1562
1509	1563
1509	1565
1509	1567
1510	1511
1510	1513
1510	1514
1510	1516
1510	1517
1510	1519
1510	1521
1510	1522
1510	1523
1510	1527
1510	1534
1510	1536
1510	1539
1510	1540
1510	1543
1510	1545
1510	1547
1510	1551
1510	1561
1510	1562
1510	1563
1510	1565
1510	1567
1511	1513
1511	1514
1511	1516
1511	1517
1511	1519
1511	1521
1511	1522
1511	1523
1511	1527
1511	1534
1511	1536
1511	1539
1511	1540
1511	1543
1511	1545
1511	1547
1511	1551
1511	1561
1511	1562
1511	1563
1511	1565
1511	1567
1513	1514
1513	1516
1513	1517
1513	1519
1513	1521
1513	1522
1513	1523
1513	1527
1513	1534
1513	1536
1513	1539
1513	1540
1513	1543
1513	1545
1513	1547
1513	1551
1513	1561
1513	1562
1513	1563
1513	1565
1513	1567
1514	1516
1514	1517
1514	1519
1514	1521
1514	1522
1514	1523
1514	1527
1514	1534
1514	1536
1514	1539
1514	1540
1514	1543
1514	1545
1514	1547
1514	1551
1514	1561
1514	1562
1514	1563
1514	1565
1514	1567
1516	1517
1516	1519
1516	1521
1516	1522
1516	1523
1516	1527
1516	1534
1516	1536
1516	1539
1516	1540
1516	1543
1516	1545
1516	1547
1516	1551
1516	1561
1516	1562
1516	1563
1516	1565
1516	1567
1517	1519
1517	1521
1517	1522
1517	1523
1517	1527
1517	1534
1517	1536
1517	1539
1517	1540
1517	1543
1517	1545
1517	1547
1517	1551
1517	1561
1517	1562
1517	1563
1517	1565
1517	1567
1519	1521
1519	1522
1519	1523
1519	1527
1519	1534
1519	1536
1519	1539
1519	1540
1519	1543
1519	1545
1519	1547
1519	1551
1519	1561
1519	1562
1519	1563
1519	1565
1519	1567
1521	1522
1521	1523
1521	1527
1521	1534
1521	1536
1521	1539
1521	1540
1521	1543
1521	1545
1521	1547
1521	1551
1521	1561
1521	1562
1521	1563
1521	1565
1521	1567
1522	1523
1522	1527
1522	1534
1522	1536
1522	1539
1522	1540
1522	1543
1522	1545
1522	1547
1522	1551
1522	1561
1522	1562
1522	1563
1522	1565
1522	1567
1523	1527
1523	1534
1523	1536
1523	1539
1523	1540
1523	1543
1523	1545
1523	1547
1523	1551
1523	1561
1523	1562
1523	1563
1523	1565
1523	1567
1527	1534
1527	1536
1527	1539
1527	1540
1527	1543
1527	1545
1527	1547
1527	1551
1527	1561
1527	1562
1527	1563
1527	1565
1527	1567
1534	1536
1534	1539
1534	1540
1534	1543
1534	1545
1534	1547
1534	1551
1534	1561
1534	1562
1534	1563
1534	1565
1534	1567
1536	1539
1536	1540
1536	1543
1536	1545
1536	1547
1536	1551
1536	1561
1536	1562
1536	1563
1536	1565
1536	1567
1539	1540
1539	1543
1539	1545
1539	1547
1539	1551
1539	1561
1539	1562
1539	1563
1539	1565
1539	1567
1540	1543
1540	1545
1540	1547
1540	1551
1540	1561
1540	1562
1540	1563
1540	1565
1540	1567
1543	1545
1543	1547
1543	1551
1543	1561
1543	1562
1543	1563
1543	1565
1543	1567
1545	1547
1545	1551
1545	1561
1545	1562
1545	1563
1545	1565
1545	1567
1547	1551
1547	1561
1547	1562
1547	1563
1547	1565
1547	1567
1551	1561
1551	1562
1551	1563
1551	1565
1551	1567
1561	1562
1561	1563
1561	1565
1561	1567
1562	1563
1562	1565
1562	1567
1563	1565
1563	1567
1565	1567
736	740
736	743
736	746
736	749
736	750
736	751
736	752
736	756
736	757
736	759
736	763
736	774
736	775
736	778
736	779
736	780
736	781
736	783
736	785
736	786
736	787
736	789
736	792
736	793
736	794
736	795
736	798
736	800
736	801
736	806
736	811
736	812
736	814
736	819
736	824
736	825
736	826
736	827
736	830
736	831
736	832
736	836
736	838
736	839
736	844
736	845
736	847
736	848
736	849
736	853
736	855
736	858
736	861
736	862
736	864
736	869
736	874
736	876
736	877
736	879
736	888
736	889
736	892
736	894
736	895
736	900
740	743
740	746
740	749
740	750
740	751
740	752
740	756
740	757
740	759
740	763
740	774
740	775
740	778
740	779
740	780
740	781
740	783
740	785
740	786
740	787
740	789
740	792
740	793
740	794
740	795
740	798
740	800
740	801
740	806
740	811
740	812
740	814
740	819
740	824
740	825
740	826
740	827
740	830
740	831
740	832
740	836
740	838
740	839
740	844
740	845
740	847
740	848
740	849
740	853
740	855
740	858
740	861
740	862
740	864
740	869
740	874
740	876
740	877
740	879
740	888
740	889
740	892
740	894
740	895
740	900
743	746
743	749
743	750
743	751
743	752
743	756
743	757
743	759
743	763
743	774
743	775
743	778
743	779
743	780
743	781
743	783
743	785
743	786
743	787
743	789
743	792
743	793
743	794
743	795
743	798
743	800
743	801
743	806
743	811
743	812
743	814
743	819
743	824
743	825
743	826
743	827
743	830
743	831
743	832
743	836
743	838
743	839
743	844
743	845
743	847
743	848
743	849
743	853
743	855
743	858
743	861
743	862
743	864
743	869
743	874
743	876
743	877
743	879
743	888
743	889
743	892
743	894
743	895
743	900
746	749
746	750
746	751
746	752
746	756
746	757
746	759
746	763
746	774
746	775
746	778
746	779
746	780
746	781
746	783
746	785
746	786
746	787
746	789
746	792
746	793
746	794
746	795
746	798
746	800
746	801
746	806
746	811
746	812
746	814
746	819
746	824
746	825
746	826
746	827
746	830
746	831
746	832
746	836
746	838
746	839
746	844
746	845
746	847
746	848
746	849
746	853
746	855
746	858
746	861
746	862
746	864
746	869
746	874
746	876
746	877
746	879
746	888
746	889
746	892
746	894
746	895
746	900
749	750
749	751
749	752
749	756
749	757
749	759
749	763
749	774
749	775
749	778
749	779
749	780
749	781
749	783
749	785
749	786
749	787
749	789
749	792
749	793
749	794
749	795
749	798
749	800
749	801
749	806
749	811
749	812
749	814
749	819
749	824
749	825
749	826
749	827
749	830
749	831
749	832
749	836
749	838
749	839
749	844
749	845
749	847
749	848
749	849
749	853
749	855
749	858
749	861
749	862
749	864
749	869
749	874
749	876
749	877
749	879
749	888
749	889
749	892
749	894
749	895
749	900
750	751
750	752
750	756
750	757
750	759
750	763
750	774
750	775
750	778
750	779
750	780
750	781
750	783
750	785
750	786
750	787
750	789
750	792
750	793
750	794
750	795
750	798
750	800
750	801
750	806
750	811
750	812
750	814
750	819
750	824
750	825
750	826
750	827
750	830
750	831
750	832
750	836
750	838
750	839
750	844
750	845
750	847
750	848
750	849
750	853
750	855
750	858
750	861
750	862
750	864
750	869
750	874
750	876
750	877
750	879
750	888
750	889
750	892
750	894
750	895
750	900
751	752
751	756
751	757
751	759
751	763
751	774
751	775
751	778
751	779
751	780
751	781
751	783
751	785
751	786
751	787
751	789
751	792
751	793
751	794
751	795
751	798
751	800
751	801
751	806
751	811
751	812
751	814
751	819
751	824
751	825
751	826
751	827
751	830
751	831
751	832
751	836
751	838
751	839
751	844
751	845
751	847
751	848
751	849
751	853
751	855
751	858
751	861
751	862
751	864
751	869
751	874
751	876
751	877
751	879
751	888
751	889
751	892
751	894
751	895
751	900
752	756
752	757
752	759
752	763
752	774
752	775
752	778
752	779
752	780
752	781
752	783
752	785
752	786
752	787
752	789
752	792
752	793
752	794
752	795
752	798
752	800
752	801
752	806
752	811
752	812
752	814
752	819
752	824
752	825
752	826
752	827
752	830
752	831
752	832
752	836
752	838
752	839
752	844
752	845
752	847
752	848
752	849
752	853
752	855
752	858
752	861
752	862
752	864
752	869
752	874
752	876
752	877
752	879
752	888
752	889
752	892
752	894
752	895
752	900
756	757
756	759
756	763
756	774
756	775
756	778
756	779
756	780
756	781
756	783
756	785
756	786
756	787
756	789
756	792
756	793
756	794
756	795
756	798
756	800
756	801
756	806
756	811
756	812
756	814
756	819
756	824
756	825
756	826
756	827
756	830
756	831
756	832
756	836
756	838
756	839
756	844
756	845
756	847
756	848
756	849
756	853
756	855
756	858
756	861
756	862
756	864
756	869
756	874
756	876
756	877
756	879
756	888
756	889
756	892
756	894
756	895
756	900
757	759
757	763
757	774
757	775
757	778
757	779
757	780
757	781
757	783
757	785
757	786
757	787
757	789
757	792
757	793
757	794
757	795
757	798
757	800
757	801
757	806
757	811
757	812
757	814
757	819
757	824
757	825
757	826
757	827
757	830
757	831
757	832
757	836
757	838
757	839
757	844
757	845
757	847
757	848
757	849
757	853
757	855
757	858
757	861
757	862
757	864
757	869
757	874
757	876
757	877
757	879
757	888
757	889
757	892
757	894
757	895
757	900
759	763
759	774
759	775
759	778
759	779
759	780
759	781
759	783
759	785
759	786
759	787
759	789
759	792
759	793
759	794
759	795
759	798
759	800
759	801
759	806
759	811
759	812
759	814
759	819
759	824
759	825
759	826
759	827
759	830
759	831
759	832
759	836
759	838
759	839
759	844
759	845
759	847
759	848
759	849
759	853
759	855
759	858
759	861
759	862
759	864
759	869
759	874
759	876
759	877
759	879
759	888
759	889
759	892
759	894
759	895
759	900
763	774
763	775
763	778
763	779
763	780
763	781
763	783
763	785
763	786
763	787
763	789
763	792
763	793
763	794
763	795
763	798
763	800
763	801
763	806
763	811
763	812
763	814
763	819
763	824
763	825
763	826
763	827
763	830
763	831
763	832
763	836
763	838
763	839
763	844
763	845
763	847
763	848
763	849
763	853
763	855
763	858
763	861
763	862
763	864
763	869
763	874
763	876
763	877
763	879
763	888
763	889
763	892
763	894
763	895
763	900
774	775
774	778
774	779
774	780
774	781
774	783
774	785
774	786
774	787
774	789
774	792
774	793
774	794
774	795
774	798
774	800
774	801
774	806
774	811
774	812
774	814
774	819
774	824
774	825
774	826
774	827
774	830
774	831
774	832
774	836
774	838
774	839
774	844
774	845
774	847
774	848
774	849
774	853
774	855
774	858
774	861
774	862
774	864
774	869
774	874
774	876
774	877
774	879
774	888
774	889
774	892
774	894
774	895
774	900
775	778
775	779
775	780
775	781
775	783
775	785
775	786
775	787
775	789
775	792
775	793
775	794
775	795
775	798
775	800
775	801
775	806
775	811
775	812
775	814
775	819
775	824
775	825
775	826
775	827
775	830
775	831
775	832
775	836
775	838
775	839
775	844
775	845
775	847
775	848
775	849
775	853
775	855
775	858
775	861
775	862
775	864
775	869
775	874
775	876
775	877
775	879
775	888
775	889
775	892
775	894
775	895
775	900
778	779
778	780
778	781
778	783
778	785
778	786
778	787
778	789
778	792
778	793
778	794
778	795
778	798
778	800
778	801
778	806
778	811
778	812
778	814
778	819
778	824
778	825
778	826
778	827
778	830
778	831
778	832
778	836
778	838
778	839
778	844
778	845
778	847
778	848
778	849
778	853
778	855
778	858
778	861
778	862
778	864
778	869
778	874
778	876
778	877
778	879
778	888
778	889
778	892
778	894
778	895
778	900
779	780
779	781
779	783
779	785
779	786
779	787
779	789
779	792
779	793
779	794
779	795
779	798
779	800
779	801
779	806
779	811
779	812
779	814
779	819
779	824
779	825
779	826
779	827
779	830
779	831
779	832
779	836
779	838
779	839
779	844
779	845
779	847
779	848
779	849
779	853
779	855
779	858
779	861
779	862
779	864
779	869
779	874
779	876
779	877
779	879
779	888
779	889
779	892
779	894
779	895
779	900
780	781
780	783
780	785
780	786
780	787
780	789
780	792
780	793
780	794
780	795
780	798
780	800
780	801
780	806
780	811
780	812
780	814
780	819
780	824
780	825
780	826
780	827
780	830
780	831
780	832
780	836
780	838
780	839
780	844
780	845
780	847
780	848
780	849
780	853
780	855
780	858
780	861
780	862
780	864
780	869
780	874
780	876
780	877
780	879
780	888
780	889
780	892
780	894
780	895
780	900
781	783
781	785
781	786
781	787
781	789
781	792
781	793
781	794
781	795
781	798
781	800
781	801
781	806
781	811
781	812
781	814
781	819
781	824
781	825
781	826
781	827
781	830
781	831
781	832
781	836
781	838
781	839
781	844
781	845
781	847
781	848
781	849
781	853
781	855
781	858
781	861
781	862
781	864
781	869
781	874
781	876
781	877
781	879
781	888
781	889
781	892
781	894
781	895
781	900
783	785
783	786
783	787
783	789
783	792
783	793
783	794
783	795
783	798
783	800
783	801
783	806
783	811
783	812
783	814
783	819
783	824
783	825
783	826
783	827
783	830
783	831
783	832
783	836
783	838
783	839
783	844
783	845
783	847
783	848
783	849
783	853
783	855
783	858
783	861
783	862
783	864
783	869
783	874
783	876
783	877
783	879
783	888
783	889
783	892
783	894
783	895
783	900
785	786
785	787
785	789
785	792
785	793
785	794
785	795
785	798
785	800
785	801
785	806
785	811
785	812
785	814
785	819
785	824
785	825
785	826
785	827
785	830
785	831
785	832
785	836
785	838
785	839
785	844
785	845
785	847
785	848
785	849
785	853
785	855
785	858
785	861
785	862
785	864
785	869
785	874
785	876
785	877
785	879
785	888
785	889
785	892
785	894
785	895
785	900
786	787
786	789
786	792
786	793
786	794
786	795
786	798
786	800
786	801
786	806
786	811
786	812
786	814
786	819
786	824
786	825
786	826
786	827
786	830
786	831
786	832
786	836
786	838
786	839
786	844
786	845
786	847
786	848
786	849
786	853
786	855
786	858
786	861
786	862
786	864
786	869
786	874
786	876
786	877
786	879
786	888
786	889
786	892
786	894
786	895
786	900
787	789
787	792
787	793
787	794
787	795
787	798
787	800
787	801
787	806
787	811
787	812
787	814
787	819
787	824
787	825
787	826
787	827
787	830
787	831
787	832
787	836
787	838
787	839
787	844
787	845
787	847
787	848
787	849
787	853
787	855
787	858
787	861
787	862
787	864
787	869
787	874
787	876
787	877
787	879
787	888
787	889
787	892
787	894
787	895
787	900
789	792
789	793
789	794
789	795
789	798
789	800
789	801
789	806
789	811
789	812
789	814
789	819
789	824
789	825
789	826
789	827
789	830
789	831
789	832
789	836
789	838
789	839
789	844
789	845
789	847
789	848
789	849
789	853
789	855
789	858
789	861
789	862
789	864
789	869
789	874
789	876
789	877
789	879
789	888
789	889
789	892
789	894
789	895
789	900
792	793
792	794
792	795
792	798
792	800
792	801
792	806
792	811
792	812
792	814
792	819
792	824
792	825
792	826
792	827
792	830
792	831
792	832
792	836
792	838
792	839
792	844
792	845
792	847
792	848
792	849
792	853
792	855
792	858
792	861
792	862
792	864
792	869
792	874
792	876
792	877
792	879
792	888
792	889
792	892
792	894
792	895
792	900
793	794
793	795
793	798
793	800
793	801
793	806
793	811
793	812
793	814
793	819
793	824
793	825
793	826
793	827
793	830
793	831
793	832
793	836
793	838
793	839
793	844
793	845
793	847
793	848
793	849
793	853
793	855
793	858
793	861
793	862
793	864
793	869
793	874
793	876
793	877
793	879
793	888
793	889
793	892
793	894
793	895
793	900
794	795
794	798
794	800
794	801
794	806
794	811
794	812
794	814
794	819
794	824
794	825
794	826
794	827
794	830
794	831
794	832
794	836
794	838
794	839
794	844
794	845
794	847
794	848
794	849
794	853
794	855
794	858
794	861
794	862
794	864
794	869
794	874
794	876
794	877
794	879
794	888
794	889
794	892
794	894
794	895
794	900
795	798
795	800
795	801
795	806
795	811
795	812
795	814
795	819
795	824
795	825
795	826
795	827
795	830
795	831
795	832
795	836
795	838
795	839
795	844
795	845
795	847
795	848
795	849
795	853
795	855
795	858
795	861
795	862
795	864
795	869
795	874
795	876
795	877
795	879
795	888
795	889
795	892
795	894
795	895
795	900
798	800
798	801
798	806
798	811
798	812
798	814
798	819
798	824
798	825
798	826
798	827
798	830
798	831
798	832
798	836
798	838
798	839
798	844
798	845
798	847
798	848
798	849
798	853
798	855
798	858
798	861
798	862
798	864
798	869
798	874
798	876
798	877
798	879
798	888
798	889
798	892
798	894
798	895
798	900
800	801
800	806
800	811
800	812
800	814
800	819
800	824
800	825
800	826
800	827
800	830
800	831
800	832
800	836
800	838
800	839
800	844
800	845
800	847
800	848
800	849
800	853
800	855
800	858
800	861
800	862
800	864
800	869
800	874
800	876
800	877
800	879
800	888
800	889
800	892
800	894
800	895
800	900
801	806
801	811
801	812
801	814
801	819
801	824
801	825
801	826
801	827
801	830
801	831
801	832
801	836
801	838
801	839
801	844
801	845
801	847
801	848
801	849
801	853
801	855
801	858
801	861
801	862
801	864
801	869
801	874
801	876
801	877
801	879
801	888
801	889
801	892
801	894
801	895
801	900
806	811
806	812
806	814
806	819
806	824
806	825
806	826
806	827
806	830
806	831
806	832
806	836
806	838
806	839
806	844
806	845
806	847
806	848
806	849
806	853
806	855
806	858
806	861
806	862
806	864
806	869
806	874
806	876
806	877
806	879
806	888
806	889
806	892
806	894
806	895
806	900
811	812
811	814
811	819
811	824
811	825
811	826
811	827
811	830
811	831
811	832
811	836
811	838
811	839
811	844
811	845
811	847
811	848
811	849
811	853
811	855
811	858
811	861
811	862
811	864
811	869
811	874
811	876
811	877
811	879
811	888
811	889
811	892
811	894
811	895
811	900
812	814
812	819
812	824
812	825
812	826
812	827
812	830
812	831
812	832
812	836
812	838
812	839
812	844
812	845
812	847
812	848
812	849
812	853
812	855
812	858
812	861
812	862
812	864
812	869
812	874
812	876
812	877
812	879
812	888
812	889
812	892
812	894
812	895
812	900
814	819
814	824
814	825
814	826
814	827
814	830
814	831
814	832
814	836
814	838
814	839
814	844
814	845
814	847
814	848
814	849
814	853
814	855
814	858
814	861
814	862
814	864
814	869
814	874
814	876
814	877
814	879
814	888
814	889
814	892
814	894
814	895
814	900
819	824
819	825
819	826
819	827
819	830
819	831
819	832
819	836
819	838
819	839
819	844
819	845
819	847
819	848
819	849
819	853
819	855
819	858
819	861
819	862
819	864
819	869
819	874
819	876
819	877
819	879
819	888
819	889
819	892
819	894
819	895
819	900
824	825
824	826
824	827
824	830
824	831
824	832
824	836
824	838
824	839
824	844
824	845
824	847
824	848
824	849
824	853
824	855
824	858
824	861
824	862
824	864
824	869
824	874
824	876
824	877
824	879
824	888
824	889
824	892
824	894
824	895
824	900
825	826
825	827
825	830
825	831
825	832
825	836
825	838
825	839
825	844
825	845
825	847
825	848
825	849
825	853
825	855
825	858
825	861
825	862
825	864
825	869
825	874
825	876
825	877
825	879
825	888
825	889
825	892
825	894
825	895
825	900
826	827
826	830
826	831
826	832
826	836
826	838
826	839
826	844
826	845
826	847
826	848
826	849
826	853
826	855
826	858
826	861
826	862
826	864
826	869
826	874
826	876
826	877
826	879
826	888
826	889
826	892
826	894
826	895
826	900
827	830
827	831
827	832
827	836
827	838
827	839
827	844
827	845
827	847
827	848
827	849
827	853
827	855
827	858
827	861
827	862
827	864
827	869
827	874
827	876
827	877
827	879
827	888
827	889
827	892
827	894
827	895
827	900
830	831
830	832
830	836
830	838
830	839
830	844
830	845
830	847
830	848
830	849
830	853
830	855
830	858
830	861
830	862
830	864
830	869
830	874
830	876
830	877
830	879
830	888
830	889
830	892
830	894
830	895
830	900
831	832
831	836
831	838
831	839
831	844
831	845
831	847
831	848
831	849
831	853
831	855
831	858
831	861
831	862
831	864
831	869
831	874
831	876
831	877
831	879
831	888
831	889
831	892
831	894
831	895
831	900
832	836
832	838
832	839
832	844
832	845
832	847
832	848
832	849
832	853
832	855
832	858
832	861
832	862
832	864
832	869
832	874
832	876
832	877
832	879
832	888
832	889
832	892
832	894
832	895
832	900
836	838
836	839
836	844
836	845
836	847
836	848
836	849
836	853
836	855
836	858
836	861
836	862
836	864
836	869
836	874
836	876
836	877
836	879
836	888
836	889
836	892
836	894
836	895
836	900
838	839
838	844
838	845
838	847
838	848
838	849
838	853
838	855
838	858
838	861
838	862
838	864
838	869
838	874
838	876
838	877
838	879
838	888
838	889
838	892
838	894
838	895
838	900
839	844
839	845
839	847
839	848
839	849
839	853
839	855
839	858
839	861
839	862
839	864
839	869
839	874
839	876
839	877
839	879
839	888
839	889
839	892
839	894
839	895
839	900
844	845
844	847
844	848
844	849
844	853
844	855
844	858
844	861
844	862
844	864
844	869
844	874
844	876
844	877
844	879
844	888
844	889
844	892
844	894
844	895
844	900
845	847
845	848
845	849
845	853
845	855
845	858
845	861
845	862
845	864
845	869
845	874
845	876
845	877
845	879
845	888
845	889
845	892
845	894
845	895
845	900
847	848
847	849
847	853
847	855
847	858
847	861
847	862
847	864
847	869
847	874
847	876
847	877
847	879
847	888
847	889
847	892
847	894
847	895
847	900
848	849
848	853
848	855
848	858
848	861
848	862
848	864
848	869
848	874
848	876
848	877
848	879
848	888
848	889
848	892
848	894
848	895
848	900
849	853
849	855
849	858
849	861
849	862
849	864
849	869
849	874
849	876
849	877
849	879
849	888
849	889
849	892
849	894
849	895
849	900
853	855
853	858
853	861
853	862
853	864
853	869
853	874
853	876
853	877
853	879
853	888
853	889
853	892
853	894
853	895
853	900
855	858
855	861
855	862
855	864
855	869
855	874
855	876
855	877
855	879
855	888
855	889
855	892
855	894
855	895
855	900
858	861
858	862
858	864
858	869
858	874
858	876
858	877
858	879
858	888
858	889
858	892
858	894
858	895
858	900
861	862
861	864
861	869
861	874
861	876
861	877
861	879
861	888
861	889
861	892
861	894
861	895
861	900
862	864
862	869
862	874
862	876
862	877
862	879
862	888
862	889
862	892
862	894
862	895
862	900
864	869
864	874
864	876
864	877
864	879
864	888
864	889
864	892
864	894
864	895
864	900
869	874
869	876
869	877
869	879
869	888
869	889
869	892
869	894
869	895
869	900
874	876
874	877
874	879
874	888
874	889
874	892
874	894
874	895
874	900
876	877
876	879
876	888
876	889
876	892
876	894
876	895
876	900
877	879
877	888
877	889
877	892
877	894
877	895
877	900
879	888
879	889
879	892
879	894
879	895
879	900
888	889
888	892
888	894
888	895
888	900
889	892
889	894
889	895
889	900
892	894
892	895
892	900
894	895
894	900
895	900
1403	1408
1403	1409
1403	1412
1403	1414
1403	1416
1403	1419
1403	1420
1403	1421
1403	1426
1403	1427
1403	1429
1403	1431
1403	1437
1403	1439
1403	1440
1403	1443
1403	1448
1403	1449
1403	1450
1403	1454
1403	1457
1403	1459
1403	1460
1403	1463
1403	1466
1403	1467
1403	1469
1403	1474
1403	1477
1403	1478
1403	1479
1403	1480
1403	1483
1403	1487
1403	1493
1403	1495
1403	1497
1403	1499
1403	1503
1403	1505
1403	1509
1403	1510
1403	1511
1403	1513
1403	1514
1403	1516
1403	1517
1403	1519
1403	1521
1403	1522
1403	1523
1403	1527
1403	1534
1403	1536
1403	1539
1403	1540
1403	1543
1403	1545
1403	1547
1403	1551
1403	1561
1403	1562
1403	1563
1403	1565
1403	1567
1408	1409
1408	1412
1408	1414
1408	1416
1408	1419
1408	1420
1408	1421
1408	1426
1408	1427
1408	1429
1408	1431
1408	1437
1408	1439
1408	1440
1408	1443
1408	1448
1408	1449
1408	1450
1408	1454
1408	1457
1408	1459
1408	1460
1408	1463
1408	1466
1408	1467
1408	1469
1408	1474
1408	1477
1408	1478
1408	1479
1408	1480
1408	1483
1408	1487
1408	1493
1408	1495
1408	1497
1408	1499
1408	1503
1408	1505
1408	1509
1408	1510
1408	1511
1408	1513
1408	1514
1408	1516
1408	1517
1408	1519
1408	1521
1408	1522
1408	1523
1408	1527
1408	1534
1408	1536
1408	1539
1408	1540
1408	1543
1408	1545
1408	1547
1408	1551
1408	1561
1408	1562
1408	1563
1408	1565
1408	1567
1409	1412
1409	1414
1409	1416
1409	1419
1409	1420
1409	1421
1409	1426
1409	1427
1409	1429
1409	1431
1409	1437
1409	1439
1409	1440
1409	1443
1409	1448
1409	1449
1409	1450
1409	1454
1409	1457
1409	1459
1409	1460
1409	1463
1409	1466
1409	1467
1409	1469
1409	1474
1409	1477
1409	1478
1409	1479
1409	1480
1409	1483
1409	1487
1409	1493
1409	1495
1409	1497
1409	1499
1409	1503
1409	1505
1409	1509
1409	1510
1409	1511
1409	1513
1409	1514
1409	1516
1409	1517
1409	1519
1409	1521
1409	1522
1409	1523
1409	1527
1409	1534
1409	1536
1409	1539
1409	1540
1409	1543
1409	1545
1409	1547
1409	1551
1409	1561
1409	1562
1409	1563
1409	1565
1409	1567
1412	1414
1412	1416
1412	1419
1412	1420
1412	1421
1412	1426
1412	1427
1412	1429
1412	1431
1412	1437
1412	1439
1412	1440
1412	1443
1412	1448
1412	1449
1412	1450
1412	1454
1412	1457
1412	1459
1412	1460
1412	1463
1412	1466
1412	1467
1412	1469
1412	1474
1412	1477
1412	1478
1412	1479
1412	1480
1412	1483
1412	1487
1412	1493
1412	1495
1412	1497
1412	1499
1412	1503
1412	1505
1412	1509
1412	1510
1412	1511
1412	1513
1412	1514
1412	1516
1412	1517
1412	1519
1412	1521
1412	1522
1412	1523
1412	1527
1412	1534
1412	1536
1412	1539
1412	1540
1412	1543
1412	1545
1412	1547
1412	1551
1412	1561
1412	1562
1412	1563
1412	1565
1412	1567
1414	1416
1414	1419
1414	1420
1414	1421
1414	1426
1414	1427
1414	1429
1414	1431
1414	1437
1414	1439
1414	1440
1414	1443
1414	1448
1414	1449
1414	1450
1414	1454
1414	1457
1414	1459
1414	1460
1414	1463
1414	1466
1414	1467
1414	1469
1414	1474
1414	1477
1414	1478
1414	1479
1414	1480
1414	1483
1414	1487
1414	1493
1414	1495
1414	1497
1414	1499
1414	1503
1414	1505
1414	1509
1414	1510
1414	1511
1414	1513
1414	1514
1414	1516
1414	1517
1414	1519
1414	1521
1414	1522
1414	1523
1414	1527
1414	1534
1414	1536
1414	1539
1414	1540
1414	1543
1414	1545
1414	1547
1414	1551
1414	1561
1414	1562
1414	1563
1414	1565
1414	1567
1416	1419
1416	1420
1416	1421
1416	1426
1416	1427
1416	1429
1416	1431
1416	1437
1416	1439
1416	1440
1416	1443
1416	1448
1416	1449
1416	1450
1416	1454
1416	1457
1416	1459
1416	1460
1416	1463
1416	1466
1416	1467
1416	1469
1416	1474
1416	1477
1416	1478
1416	1479
1416	1480
1416	1483
1416	1487
1416	1493
1416	1495
1416	1497
1416	1499
1416	1503
1416	1505
1416	1509
1416	1510
1416	1511
1416	1513
1416	1514
1416	1516
1416	1517
1416	1519
1416	1521
1416	1522
1416	1523
1416	1527
1416	1534
1416	1536
1416	1539
1416	1540
1416	1543
1416	1545
1416	1547
1416	1551
1416	1561
1416	1562
1416	1563
1416	1565
1416	1567
1419	1420
1419	1421
1419	1426
1419	1427
1419	1429
1419	1431
1419	1437
1419	1439
1419	1440
1419	1443
1419	1448
1419	1449
1419	1450
1419	1454
1419	1457
1419	1459
1419	1460
1419	1463
1419	1466
1419	1467
1419	1469
1419	1474
1419	1477
1419	1478
1419	1479
1419	1480
1419	1483
1419	1487
1419	1493
1419	1495
1419	1497
1419	1499
1419	1503
1419	1505
1419	1509
1419	1510
1419	1511
1419	1513
1419	1514
1419	1516
1419	1517
1419	1519
1419	1521
1419	1522
1419	1523
1419	1527
1419	1534
1419	1536
1419	1539
1419	1540
1419	1543
1419	1545
1419	1547
1419	1551
1419	1561
1419	1562
1419	1563
1419	1565
1419	1567
1420	1421
1420	1426
1420	1427
1420	1429
1420	1431
1420	1437
1420	1439
1420	1440
1420	1443
1420	1448
1420	1449
1420	1450
1420	1454
1420	1457
1420	1459
1420	1460
1420	1463
1420	1466
1420	1467
1420	1469
1420	1474
1420	1477
1420	1478
1420	1479
1420	1480
1420	1483
1420	1487
1420	1493
1420	1495
1420	1497
1420	1499
1420	1503
1420	1505
1420	1509
1420	1510
1420	1511
1420	1513
1420	1514
1420	1516
1420	1517
1420	1519
1420	1521
1420	1522
1420	1523
1420	1527
1420	1534
1420	1536
1420	1539
1420	1540
1420	1543
1420	1545
1420	1547
1420	1551
1420	1561
1420	1562
1420	1563
1420	1565
1420	1567
1421	1426
1421	1427
1421	1429
1421	1431
1421	1437
1421	1439
1421	1440
1421	1443
1421	1448
1421	1449
1421	1450
1421	1454
1421	1457
1421	1459
1421	1460
1421	1463
1421	1466
1421	1467
1421	1469
1421	1474
1421	1477
1421	1478
1421	1479
1421	1480
1421	1483
1421	1487
1421	1493
1421	1495
1421	1497
1421	1499
1421	1503
1421	1505
1421	1509
1421	1510
1421	1511
1421	1513
1421	1514
1421	1516
1421	1517
1421	1519
1421	1521
1421	1522
1421	1523
1421	1527
1421	1534
1421	1536
1421	1539
1421	1540
1421	1543
1421	1545
1421	1547
1421	1551
1421	1561
1421	1562
1421	1563
1421	1565
1421	1567
1426	1427
1426	1429
1426	1431
1426	1437
1426	1439
1426	1440
1426	1443
1426	1448
1426	1449
1426	1450
1426	1454
1426	1457
1426	1459
1426	1460
1426	1463
1426	1466
1426	1467
1426	1469
1426	1474
1426	1477
1426	1478
1426	1479
1426	1480
1426	1483
1426	1487
1426	1493
1426	1495
1426	1497
1426	1499
1426	1503
1426	1505
1426	1509
1426	1510
1426	1511
1426	1513
1426	1514
1426	1516
1426	1517
1426	1519
1426	1521
1426	1522
1426	1523
1426	1527
1426	1534
1426	1536
1426	1539
1426	1540
1426	1543
1426	1545
1426	1547
1426	1551
1426	1561
1426	1562
1426	1563
1426	1565
1426	1567
1427	1429
1427	1431
1427	1437
1427	1439
1427	1440
1427	1443
1427	1448
1427	1449
1427	1450
1427	1454
1427	1457
1427	1459
1427	1460
1427	1463
1427	1466
1427	1467
1427	1469
1427	1474
1427	1477
1427	1478
1427	1479
1427	1480
1427	1483
1427	1487
1427	1493
1427	1495
1427	1497
1427	1499
1427	1503
1427	1505
1427	1509
1427	1510
1427	1511
1427	1513
1427	1514
1427	1516
1427	1517
1427	1519
1427	1521
1427	1522
1427	1523
1427	1527
1427	1534
1427	1536
1427	1539
1427	1540
1427	1543
1427	1545
1427	1547
1427	1551
1427	1561
1427	1562
1427	1563
1427	1565
1427	1567
1429	1431
1429	1437
1429	1439
1429	1440
1429	1443
1429	1448
1429	1449
1429	1450
1429	1454
1429	1457
1429	1459
1429	1460
1429	1463
1429	1466
1429	1467
1429	1469
1429	1474
1429	1477
1429	1478
1429	1479
1429	1480
1429	1483
1429	1487
1429	1493
1429	1495
1429	1497
1429	1499
1429	1503
1429	1505
1429	1509
1429	1510
1429	1511
1429	1513
1429	1514
1429	1516
1429	1517
1429	1519
1429	1521
1429	1522
1429	1523
1429	1527
1429	1534
1429	1536
1429	1539
1429	1540
1429	1543
1429	1545
1429	1547
1429	1551
1429	1561
1429	1562
1429	1563
1429	1565
1429	1567
1431	1437
1431	1439
1431	1440
1431	1443
1431	1448
1431	1449
1431	1450
1431	1454
1431	1457
1431	1459
1431	1460
1431	1463
1431	1466
1431	1467
1431	1469
1431	1474
1431	1477
1431	1478
1431	1479
1431	1480
1431	1483
1431	1487
1431	1493
1431	1495
1431	1497
1431	1499
1431	1503
1431	1505
1431	1509
1431	1510
1431	1511
1431	1513
1431	1514
1431	1516
1431	1517
1431	1519
1431	1521
1431	1522
1431	1523
1431	1527
1431	1534
1431	1536
1431	1539
1431	1540
1431	1543
1431	1545
1431	1547
1431	1551
1431	1561
1431	1562
1431	1563
1431	1565
1431	1567
1437	1439
1437	1440
1437	1443
1437	1448
1437	1449
1437	1450
1437	1454
1437	1457
1437	1459
1437	1460
1437	1463
1437	1466
1437	1467
1437	1469
1437	1474
1437	1477
1437	1478
1437	1479
1437	1480
1437	1483
1437	1487
1437	1493
1437	1495
1437	1497
1437	1499
1437	1503
1437	1505
1437	1509
1437	1510
1437	1511
1437	1513
1437	1514
1437	1516
1437	1517
1437	1519
1437	1521
1437	1522
1437	1523
1437	1527
1437	1534
1437	1536
1437	1539
1437	1540
1437	1543
1437	1545
1437	1547
1437	1551
1437	1561
1437	1562
1437	1563
1437	1565
1437	1567
1439	1440
1439	1443
1439	1448
1439	1449
1439	1450
1439	1454
1439	1457
1439	1459
1439	1460
1439	1463
1439	1466
1439	1467
1439	1469
1439	1474
1439	1477
1439	1478
1439	1479
1439	1480
1439	1483
1439	1487
1439	1493
1439	1495
1439	1497
1439	1499
1439	1503
1439	1505
1439	1509
1439	1510
1439	1511
1439	1513
1439	1514
1439	1516
1439	1517
1439	1519
1439	1521
1439	1522
1439	1523
1439	1527
1439	1534
1439	1536
1439	1539
1439	1540
1439	1543
1439	1545
1439	1547
1439	1551
1439	1561
1439	1562
1439	1563
1439	1565
1439	1567
1440	1443
1440	1448
1440	1449
1440	1450
1440	1454
1440	1457
1440	1459
1440	1460
1440	1463
1440	1466
1440	1467
1440	1469
1440	1474
1440	1477
1440	1478
1440	1479
1440	1480
1440	1483
1440	1487
1440	1493
1440	1495
1440	1497
1440	1499
1440	1503
1440	1505
1440	1509
1440	1510
1440	1511
1440	1513
1440	1514
1440	1516
1440	1517
1440	1519
1440	1521
1440	1522
1440	1523
1440	1527
1440	1534
1440	1536
1440	1539
1440	1540
1440	1543
1440	1545
1440	1547
1440	1551
1440	1561
1440	1562
1440	1563
1440	1565
1440	1567
1443	1448
1443	1449
1443	1450
1443	1454
1443	1457
1443	1459
1443	1460
1443	1463
1443	1466
1443	1467
1443	1469
1443	1474
1443	1477
1443	1478
1443	1479
1443	1480
1443	1483
1443	1487
1443	1493
1443	1495
1443	1497
1443	1499
1443	1503
1443	1505
1443	1509
1443	1510
1443	1511
1443	1513
1443	1514
1443	1516
1443	1517
1443	1519
1443	1521
1443	1522
1443	1523
1443	1527
1443	1534
1443	1536
1443	1539
1443	1540
1443	1543
1443	1545
1443	1547
1443	1551
1443	1561
1443	1562
1443	1563
1443	1565
1443	1567
1448	1449
1448	1450
1448	1454
1448	1457
1448	1459
1448	1460
1448	1463
1448	1466
1448	1467
1448	1469
1448	1474
1448	1477
1448	1478
1448	1479
1448	1480
1448	1483
1448	1487
1448	1493
1448	1495
1448	1497
1448	1499
1448	1503
1448	1505
1448	1509
1448	1510
1448	1511
1448	1513
1448	1514
1448	1516
1448	1517
1448	1519
1448	1521
1448	1522
1448	1523
1448	1527
1448	1534
1448	1536
1448	1539
1448	1540
1448	1543
1448	1545
1448	1547
1448	1551
1448	1561
1448	1562
1448	1563
1448	1565
1448	1567
1449	1450
1449	1454
1449	1457
1449	1459
1449	1460
1449	1463
1449	1466
1449	1467
1449	1469
1449	1474
1449	1477
1449	1478
1449	1479
1449	1480
1449	1483
1449	1487
1449	1493
1449	1495
1449	1497
1449	1499
1449	1503
1449	1505
1449	1509
1449	1510
1449	1511
1449	1513
1449	1514
1449	1516
1449	1517
1449	1519
1449	1521
1449	1522
1449	1523
1449	1527
1449	1534
1449	1536
1449	1539
1449	1540
1449	1543
1449	1545
1449	1547
1449	1551
1449	1561
1449	1562
1449	1563
1449	1565
1449	1567
1450	1454
1450	1457
1450	1459
1450	1460
1450	1463
1450	1466
1450	1467
1450	1469
1450	1474
1450	1477
1450	1478
1450	1479
1450	1480
1450	1483
1450	1487
1450	1493
1450	1495
1450	1497
1450	1499
1450	1503
1450	1505
1450	1509
1450	1510
1450	1511
1450	1513
1450	1514
1450	1516
1450	1517
1450	1519
1450	1521
1450	1522
1450	1523
1450	1527
1450	1534
1450	1536
1450	1539
1450	1540
1450	1543
1450	1545
1450	1547
1450	1551
1450	1561
1450	1562
1450	1563
1450	1565
1450	1567
1454	1457
1454	1459
1454	1460
1454	1463
1454	1466
1454	1467
1454	1469
1454	1474
1454	1477
1454	1478
1454	1479
1454	1480
1454	1483
1454	1487
1454	1493
1454	1495
1454	1497
1454	1499
1454	1503
1454	1505
1454	1509
1454	1510
1454	1511
1454	1513
1454	1514
1454	1516
1454	1517
1454	1519
1454	1521
1454	1522
1454	1523
1454	1527
1454	1534
1454	1536
1454	1539
1454	1540
1454	1543
1454	1545
1454	1547
1454	1551
1454	1561
1454	1562
1454	1563
1454	1565
1454	1567
1457	1459
1457	1460
1457	1463
1457	1466
1457	1467
1457	1469
1457	1474
1457	1477
1457	1478
1457	1479
1457	1480
1457	1483
1457	1487
1457	1493
1457	1495
1457	1497
1457	1499
1457	1503
1457	1505
1457	1509
1457	1510
1457	1511
1457	1513
1457	1514
1457	1516
1457	1517
1457	1519
1457	1521
1457	1522
1457	1523
1457	1527
1457	1534
1457	1536
1457	1539
1457	1540
1457	1543
1457	1545
1457	1547
1457	1551
1457	1561
1457	1562
1457	1563
1457	1565
1457	1567
1459	1460
1459	1463
1459	1466
1459	1467
1459	1469
1459	1474
1459	1477
1459	1478
1459	1479
1459	1480
1459	1483
1459	1487
1459	1493
1459	1495
1459	1497
1459	1499
1459	1503
1459	1505
1459	1509
1459	1510
1459	1511
1459	1513
1459	1514
1459	1516
1459	1517
1459	1519
1459	1521
1459	1522
1459	1523
1459	1527
1459	1534
1459	1536
1459	1539
1459	1540
1459	1543
1459	1545
1459	1547
1459	1551
1459	1561
1459	1562
1459	1563
1459	1565
1459	1567
1460	1463
1460	1466
1460	1467
1460	1469
1460	1474
1460	1477
1460	1478
1460	1479
1460	1480
1460	1483
1460	1487
1460	1493
1460	1495
1460	1497
1460	1499
1460	1503
1460	1505
1460	1509
1460	1510
1460	1511
1460	1513
1460	1514
1460	1516
1460	1517
1460	1519
1460	1521
1460	1522
1460	1523
1460	1527
1460	1534
1460	1536
1460	1539
1460	1540
1460	1543
1460	1545
1460	1547
1460	1551
1460	1561
1460	1562
1460	1563
1460	1565
1460	1567
1463	1466
1463	1467
1463	1469
1463	1474
1463	1477
1463	1478
1463	1479
1463	1480
1463	1483
1463	1487
1463	1493
1463	1495
1463	1497
1463	1499
1463	1503
1463	1505
1463	1509
1463	1510
1463	1511
1463	1513
1463	1514
1463	1516
1463	1517
1463	1519
1463	1521
1463	1522
1463	1523
1463	1527
1463	1534
1463	1536
1463	1539
1463	1540
1463	1543
1463	1545
1463	1547
1463	1551
1463	1561
1463	1562
1463	1563
1463	1565
1463	1567
1466	1467
1466	1469
1466	1474
1466	1477
1466	1478
1466	1479
1466	1480
1466	1483
1466	1487
1466	1493
1466	1495
1466	1497
1466	1499
1466	1503
1466	1505
1466	1509
1466	1510
1466	1511
1466	1513
1466	1514
1466	1516
1466	1517
1466	1519
1466	1521
1466	1522
1466	1523
1466	1527
1466	1534
1466	1536
1466	1539
1466	1540
1466	1543
1466	1545
1466	1547
1466	1551
1466	1561
1466	1562
1466	1563
1466	1565
1466	1567
1467	1469
1467	1474
1467	1477
1467	1478
1467	1479
1467	1480
1467	1483
1467	1487
1467	1493
1467	1495
1467	1497
1467	1499
1467	1503
1467	1505
1467	1509
1467	1510
1467	1511
1467	1513
1467	1514
1467	1516
1467	1517
1467	1519
1467	1521
1467	1522
1467	1523
1467	1527
1467	1534
1467	1536
1467	1539
1467	1540
1467	1543
1467	1545
1467	1547
1467	1551
1467	1561
1467	1562
1467	1563
1467	1565
1467	1567
1469	1474
1469	1477
1469	1478
1469	1479
1469	1480
1469	1483
1469	1487
1469	1493
1469	1495
1469	1497
1469	1499
1469	1503
1469	1505
1469	1509
1469	1510
1469	1511
1469	1513
1469	1514
1469	1516
1469	1517
1469	1519
1469	1521
1469	1522
1469	1523
1469	1527
1469	1534
1469	1536
1469	1539
1469	1540
1469	1543
1469	1545
1469	1547
1469	1551
1469	1561
1469	1562
1469	1563
1469	1565
1469	1567
1474	1477
1474	1478
1474	1479
1474	1480
1474	1483
1474	1487
1474	1493
1474	1495
1474	1497
1474	1499
1474	1503
1474	1505
1474	1509
1474	1510
1474	1511
1474	1513
1474	1514
1474	1516
1474	1517
1474	1519
1474	1521
1474	1522
1474	1523
1474	1527
1474	1534
1474	1536
1474	1539
1474	1540
1474	1543
1474	1545
1474	1547
1474	1551
1474	1561
1474	1562
1474	1563
1474	1565
1474	1567
1477	1478
1477	1479
1477	1480
1477	1483
1477	1487
1477	1493
1477	1495
1477	1497
1477	1499
1477	1503
1477	1505
1477	1509
1477	1510
1477	1511
1477	1513
1477	1514
1477	1516
1477	1517
1477	1519
1477	1521
1477	1522
1477	1523
1477	1527
1477	1534
1477	1536
1477	1539
1477	1540
1477	1543
1477	1545
1477	1547
1477	1551
1477	1561
1477	1562
1477	1563
1477	1565
1477	1567
1478	1479
1478	1480
1478	1483
1478	1487
1478	1493
1478	1495
1478	1497
1478	1499
1478	1503
1478	1505
1478	1509
1478	1510
1478	1511
1478	1513
1478	1514
1478	1516
1478	1517
1478	1519
1478	1521
1478	1522
1478	1523
1478	1527
1478	1534
1478	1536
1478	1539
1478	1540
1478	1543
1478	1545
1478	1547
1478	1551
1478	1561
1478	1562
1478	1563
1478	1565
1478	1567
1479	1480
1479	1483
1479	1487
1479	1493
1479	1495
1479	1497
1479	1499
1479	1503
1479	1505
1479	1509
1479	1510
1479	1511
1479	1513
1479	1514
1479	1516
1479	1517
1479	1519
1479	1521
1479	1522
1479	1523
1479	1527
1479	1534
1479	1536
1479	1539
1479	1540
1479	1543
1479	1545
1479	1547
1479	1551
1479	1561
1479	1562
1479	1563
1479	1565
1479	1567
1480	1483
1480	1487
1480	1493
1480	1495
1480	1497
1480	1499
1480	1503
1480	1505
1480	1509
1480	1510
1480	1511
1480	1513
1480	1514
1480	1516
1480	1517
1480	1519
1480	1521
1480	1522
1480	1523
1480	1527
1480	1534
1480	1536
1480	1539
1480	1540
1480	1543
1480	1545
1480	1547
1480	1551
1480	1561
1480	1562
1480	1563
1480	1565
1480	1567
1483	1487
1483	1493
1483	1495
1483	1497
1483	1499
1483	1503
1483	1505
1483	1509
1483	1510
1483	1511
1483	1513
1483	1514
1483	1516
1483	1517
1483	1519
1483	1521
1483	1522
1483	1523
1483	1527
1483	1534
1483	1536
1483	1539
1483	1540
1483	1543
1483	1545
1483	1547
1483	1551
1483	1561
1483	1562
1483	1563
1483	1565
1483	1567
1487	1493
1487	1495
1487	1497
1487	1499
1487	1503
1487	1505
1487	1509
1487	1510
1487	1511
1487	1513
1487	1514
1487	1516
1487	1517
1487	1519
1487	1521
1487	1522
1487	1523
1487	1527
1487	1534
1487	1536
1487	1539
1487	1540
1487	1543
1487	1545
1487	1547
1487	1551
1487	1561
1487	1562
1487	1563
1487	1565
1487	1567
1493	1495
1493	1497
1493	1499
1493	1503
1493	1505
1493	1509
1493	1510
1493	1511
1493	1513
1493	1514
1493	1516
1493	1517
1493	1519
1493	1521
1493	1522
1493	1523
1493	1527
1493	1534
1493	1536
1493	1539
1493	1540
1493	1543
1493	1545
1493	1547
1493	1551
1493	1561
1493	1562
1493	1563
1493	1565
1493	1567
1495	1497
1495	1499
1495	1503
1495	1505
1495	1509
1495	1510
1495	1511
1495	1513
1495	1514
1495	1516
1495	1517
1495	1519
1495	1521
1495	1522
1495	1523
1495	1527
1495	1534
1495	1536
1495	1539
1495	1540
1495	1543
1495	1545
1495	1547
1495	1551
1495	1561
1495	1562
1495	1563
1495	1565
1495	1567
1497	1499
1497	1503
1497	1505
1497	1509
1497	1510
1497	1511
1497	1513
1497	1514
1497	1516
1497	1517
1497	1519
1497	1521
1497	1522
1497	1523
1497	1527
1497	1534
1497	1536
1497	1539
1497	1540
1497	1543
1497	1545
1497	1547
1497	1551
1497	1561
1497	1562
1497	1563
1497	1565
1497	1567
1499	1503
1499	1505
1499	1509
1499	1510
1499	1511
1499	1513
1499	1514
1499	1516
1499	1517
1499	1519
1499	1521
1499	1522
1499	1523
1499	1527
1499	1534
1499	1536
1499	1539
1499	1540
1499	1543
1499	1545
1499	1547
1499	1551
1499	1561
1499	1562
1499	1563
1499	1565
1499	1567
