# Undirected graph (each unordered pair of nodes is saved once): output/networks/SmallWorldRewire07removeCentrality-90percent.txt
# Nodes: 200 Edges: 7078
# NodeId	NodeId
0	1
0	6
0	8
0	10
0	11
0	13
0	14
0	20
0	21
0	22
0	28
0	35
0	547
0	577
0	629
0	634
0	642
0	661
0	1198
0	1314
0	1840
0	1842
0	1843
0	1845
0	1846
0	1847
0	1850
0	1858
0	1860
0	1862
0	1866
0	1873
0	1876
0	1877
0	1879
0	1880
0	1881
0	1910
0	1913
0	1928
0	1929
0	1935
0	1945
0	1948
0	1952
0	1954
0	1955
0	1956
0	1961
0	1965
0	1966
0	1967
0	1968
0	1971
0	1974
0	1987
0	1992
1	5
1	6
1	8
1	11
1	13
1	14
1	20
1	21
1	22
1	28
1	35
1	626
1	668
1	1286
1	1840
1	1842
1	1843
1	1845
1	1846
1	1847
1	1849
1	1850
1	1858
1	1860
1	1862
1	1866
1	1873
1	1876
1	1877
1	1879
1	1880
1	1881
1	1910
1	1911
1	1913
1	1928
1	1929
1	1934
1	1935
1	1948
1	1950
1	1952
1	1954
1	1955
1	1956
1	1958
1	1961
1	1965
1	1966
1	1967
1	1968
1	1970
1	1987
1	1992
6	8
6	10
6	13
6	14
6	19
6	21
6	22
6	26
6	28
6	564
6	576
6	578
6	658
6	661
6	692
6	1229
6	1842
6	1843
6	1845
6	1846
6	1847
6	1849
6	1850
6	1858
6	1860
6	1862
6	1866
6	1873
6	1876
6	1877
6	1879
6	1880
6	1881
6	1910
6	1911
6	1913
6	1928
6	1934
6	1935
6	1948
6	1950
6	1952
6	1954
6	1955
6	1956
6	1958
6	1961
6	1965
6	1966
6	1967
6	1968
6	1970
6	1992
8	10
8	11
8	14
8	19
8	20
8	21
8	26
8	28
8	35
8	564
8	574
8	578
8	633
8	634
8	667
8	687
8	1840
8	1842
8	1843
8	1845
8	1846
8	1847
8	1849
8	1850
8	1858
8	1860
8	1862
8	1873
8	1876
8	1881
8	1910
8	1911
8	1913
8	1928
8	1929
8	1934
8	1935
8	1945
8	1948
8	1950
8	1952
8	1954
8	1955
8	1956
8	1961
8	1965
8	1966
8	1967
8	1968
8	1970
8	1974
8	1987
8	1992
10	11
10	13
10	14
10	19
10	20
10	22
10	26
10	28
10	552
10	556
10	586
10	615
10	688
10	1276
10	1842
10	1845
10	1846
10	1847
10	1849
10	1850
10	1858
10	1860
10	1862
10	1866
10	1873
10	1876
10	1877
10	1879
10	1880
10	1881
10	1910
10	1911
10	1913
10	1928
10	1929
10	1934
10	1935
10	1945
10	1948
10	1950
10	1954
10	1955
10	1956
10	1958
10	1961
10	1965
10	1966
10	1967
10	1968
10	1970
10	1971
10	1974
10	1987
10	1992
11	13
11	14
11	19
11	20
11	21
11	26
11	28
11	35
11	566
11	570
11	580
11	593
11	631
11	673
11	698
11	1223
11	1311
11	1840
11	1843
11	1845
11	1846
11	1847
11	1849
11	1850
11	1858
11	1860
11	1862
11	1866
11	1873
11	1876
11	1877
11	1879
11	1881
11	1910
11	1911
11	1913
11	1928
11	1934
11	1935
11	1945
11	1948
11	1950
11	1954
11	1955
11	1956
11	1961
11	1965
11	1967
11	1968
11	1970
11	1971
11	1974
11	1987
11	1992
13	19
13	20
13	21
13	22
13	26
13	28
13	35
13	558
13	615
13	651
13	1214
13	1274
13	1282
13	1840
13	1842
13	1843
13	1845
13	1846
13	1847
13	1849
13	1850
13	1858
13	1860
13	1862
13	1866
13	1873
13	1876
13	1877
13	1879
13	1880
13	1881
13	1910
13	1911
13	1913
13	1928
13	1934
13	1935
13	1945
13	1948
13	1954
13	1956
13	1958
13	1961
13	1965
13	1966
13	1970
13	1974
13	1987
13	1992
14	19
14	20
14	21
14	22
14	26
14	28
14	35
14	538
14	545
14	561
14	613
14	625
14	627
14	1840
14	1842
14	1843
14	1845
14	1846
14	1847
14	1849
14	1850
14	1858
14	1860
14	1862
14	1866
14	1873
14	1876
14	1877
14	1879
14	1880
14	1881
14	1911
14	1929
14	1934
14	1945
14	1948
14	1952
14	1954
14	1955
14	1956
14	1958
14	1965
14	1966
14	1967
14	1968
14	1970
14	1971
14	1974
14	1987
14	1992
20	21
20	22
20	26
20	28
20	35
20	576
20	581
20	629
20	634
20	1199
20	1308
20	1840
20	1842
20	1843
20	1845
20	1846
20	1847
20	1849
20	1858
20	1860
20	1866
20	1873
20	1876
20	1877
20	1879
20	1880
20	1881
20	1910
20	1911
20	1913
20	1928
20	1934
20	1945
20	1948
20	1950
20	1952
20	1955
20	1956
20	1958
20	1961
20	1965
20	1966
20	1967
20	1968
20	1970
20	1971
20	1974
20	1987
20	1992
21	22
21	26
21	28
21	35
21	645
21	651
21	682
21	1840
21	1842
21	1843
21	1845
21	1846
21	1847
21	1849
21	1858
21	1860
21	1862
21	1866
21	1876
21	1879
21	1880
21	1910
21	1911
21	1913
21	1928
21	1934
21	1935
21	1945
21	1948
21	1950
21	1952
21	1954
21	1955
21	1961
21	1965
21	1966
21	1967
21	1968
21	1970
21	1971
21	1987
22	26
22	28
22	35
22	587
22	604
22	1233
22	1340
22	1840
22	1843
22	1845
22	1846
22	1847
22	1849
22	1850
22	1858
22	1860
22	1862
22	1866
22	1873
22	1876
22	1877
22	1879
22	1880
22	1881
22	1910
22	1911
22	1913
22	1928
22	1929
22	1945
22	1948
22	1950
22	1955
22	1958
22	1961
22	1965
22	1966
22	1967
22	1968
22	1970
22	1971
22	1974
22	1992
28	35
28	525
28	563
28	609
28	627
28	631
28	678
28	1840
28	1843
28	1845
28	1846
28	1847
28	1849
28	1850
28	1858
28	1860
28	1862
28	1866
28	1873
28	1876
28	1879
28	1880
28	1881
28	1910
28	1913
28	1928
28	1929
28	1934
28	1935
28	1945
28	1948
28	1950
28	1952
28	1955
28	1958
28	1961
28	1965
28	1966
28	1967
28	1968
28	1970
28	1971
28	1974
28	1987
28	1992
35	534
35	605
35	610
35	623
35	631
35	682
35	1282
35	1840
35	1842
35	1843
35	1845
35	1846
35	1847
35	1849
35	1850
35	1860
35	1862
35	1873
35	1876
35	1877
35	1879
35	1880
35	1881
35	1910
35	1911
35	1913
35	1928
35	1929
35	1934
35	1935
35	1945
35	1950
35	1952
35	1954
35	1955
35	1956
35	1961
35	1965
35	1966
35	1968
35	1970
35	1971
35	1974
35	1987
35	1992
547	548
547	549
547	551
547	552
547	556
547	558
547	560
547	561
547	563
547	564
547	566
547	567
547	570
547	571
547	573
547	574
547	575
547	576
547	577
547	578
547	580
547	581
547	582
547	584
547	586
547	587
547	588
547	590
547	592
547	594
547	598
547	601
547	604
547	605
547	607
547	609
547	610
547	611
547	613
547	615
547	616
547	617
547	619
547	621
547	623
547	625
547	626
547	627
547	629
547	631
547	633
547	634
547	635
547	636
547	639
547	640
547	642
547	645
547	646
547	647
547	649
547	651
547	654
547	658
547	665
547	667
547	668
547	670
547	672
547	676
547	678
547	679
547	681
547	682
547	683
547	685
547	688
547	690
547	692
547	694
547	698
547	711
547	1206
547	1270
547	1272
547	1860
577	578
577	580
577	581
577	584
577	586
577	588
577	590
577	592
577	593
577	594
577	598
577	599
577	604
577	607
577	609
577	610
577	611
577	613
577	615
577	616
577	617
577	619
577	625
577	626
577	627
577	631
577	634
577	635
577	636
577	639
577	640
577	642
577	645
577	646
577	647
577	649
577	651
577	658
577	664
577	665
577	667
577	669
577	670
577	672
577	673
577	676
577	678
577	679
577	681
577	682
577	683
577	687
577	688
577	690
577	694
577	698
577	711
577	1274
577	1316
577	1956
629	631
629	633
629	634
629	636
629	639
629	640
629	642
629	645
629	646
629	647
629	649
629	651
629	658
629	661
629	664
629	665
629	667
629	668
629	669
629	670
629	672
629	673
629	676
629	678
629	679
629	681
629	682
629	683
629	685
629	687
629	690
629	692
629	694
629	698
629	711
629	1217
629	1268
629	1845
634	635
634	636
634	639
634	640
634	642
634	645
634	646
634	647
634	649
634	651
634	654
634	658
634	661
634	664
634	665
634	667
634	668
634	670
634	672
634	673
634	676
634	678
634	679
634	681
634	682
634	683
634	685
634	687
634	688
634	692
634	694
634	698
634	711
634	1250
634	1879
642	645
642	646
642	647
642	649
642	651
642	654
642	658
642	661
642	664
642	665
642	667
642	668
642	669
642	670
642	672
642	676
642	678
642	679
642	681
642	682
642	683
642	685
642	687
642	688
642	690
642	692
642	694
642	698
642	711
642	1880
642	1974
642	1992
661	664
661	665
661	668
661	669
661	670
661	672
661	673
661	676
661	678
661	679
661	681
661	682
661	683
661	685
661	687
661	688
661	690
661	692
661	694
661	698
661	711
661	1253
661	1320
661	1873
661	1934
661	1992
1198	1204
1198	1206
1198	1214
1198	1217
1198	1218
1198	1223
1198	1224
1198	1229
1198	1233
1198	1248
1198	1250
1198	1253
1198	1266
1198	1267
1198	1268
1198	1269
1198	1270
1198	1272
1198	1274
1198	1276
1198	1286
1198	1289
1198	1306
1198	1308
1198	1311
1198	1314
1198	1315
1198	1316
1198	1319
1198	1320
1198	1324
1198	1325
1198	1340
1198	1952
1198	1961
1314	1315
1314	1316
1314	1319
1314	1320
1314	1324
1314	1325
1314	1340
1840	1842
1840	1843
1840	1845
1840	1847
1840	1849
1840	1850
1840	1860
1840	1862
1840	1866
1840	1873
1840	1876
1840	1877
1840	1879
1840	1880
1840	1881
1840	1910
1840	1911
1840	1913
1840	1928
1840	1934
1840	1935
1840	1945
1840	1948
1840	1950
1840	1952
1840	1954
1840	1955
1840	1956
1840	1958
1840	1961
1840	1965
1840	1966
1840	1968
1840	1970
1840	1971
1840	1974
1840	1987
1840	1992
1842	1845
1842	1846
1842	1847
1842	1849
1842	1850
1842	1858
1842	1860
1842	1862
1842	1866
1842	1873
1842	1876
1842	1877
1842	1879
1842	1880
1842	1881
1842	1910
1842	1911
1842	1913
1842	1928
1842	1929
1842	1934
1842	1945
1842	1948
1842	1952
1842	1954
1842	1955
1842	1956
1842	1961
1842	1965
1842	1966
1842	1967
1842	1968
1842	1970
1842	1971
1842	1974
1842	1987
1842	1992
1843	1845
1843	1846
1843	1847
1843	1849
1843	1850
1843	1858
1843	1860
1843	1862
1843	1873
1843	1876
1843	1879
1843	1880
1843	1881
1843	1910
1843	1911
1843	1913
1843	1928
1843	1929
1843	1945
1843	1948
1843	1950
1843	1952
1843	1954
1843	1955
1843	1956
1843	1958
1843	1961
1843	1965
1843	1967
1843	1968
1843	1970
1843	1971
1843	1974
1843	1987
1843	1992
1845	1846
1845	1847
1845	1849
1845	1850
1845	1858
1845	1860
1845	1862
1845	1866
1845	1873
1845	1876
1845	1877
1845	1879
1845	1880
1845	1881
1845	1910
1845	1911
1845	1913
1845	1928
1845	1934
1845	1935
1845	1945
1845	1948
1845	1950
1845	1952
1845	1954
1845	1956
1845	1958
1845	1961
1845	1965
1845	1966
1845	1967
1845	1968
1845	1971
1845	1974
1845	1987
1845	1992
1846	1847
1846	1849
1846	1850
1846	1858
1846	1860
1846	1862
1846	1866
1846	1873
1846	1876
1846	1877
1846	1879
1846	1880
1846	1881
1846	1910
1846	1911
1846	1913
1846	1928
1846	1934
1846	1935
1846	1945
1846	1948
1846	1952
1846	1954
1846	1955
1846	1956
1846	1961
1846	1965
1846	1966
1846	1967
1846	1968
1846	1970
1846	1971
1846	1987
1846	1992
1847	1849
1847	1850
1847	1858
1847	1860
1847	1866
1847	1873
1847	1876
1847	1877
1847	1880
1847	1910
1847	1911
1847	1913
1847	1928
1847	1929
1847	1934
1847	1945
1847	1948
1847	1950
1847	1952
1847	1954
1847	1955
1847	1956
1847	1958
1847	1961
1847	1965
1847	1966
1847	1967
1847	1968
1847	1970
1847	1971
1847	1974
1847	1992
1850	1858
1850	1860
1850	1866
1850	1873
1850	1877
1850	1879
1850	1881
1850	1910
1850	1911
1850	1928
1850	1929
1850	1934
1850	1935
1850	1945
1850	1948
1850	1950
1850	1952
1850	1954
1850	1955
1850	1956
1850	1961
1850	1965
1850	1966
1850	1967
1850	1968
1850	1970
1850	1971
1850	1987
1850	1992
1858	1860
1858	1862
1858	1866
1858	1873
1858	1876
1858	1877
1858	1879
1858	1880
1858	1881
1858	1910
1858	1911
1858	1913
1858	1928
1858	1929
1858	1935
1858	1945
1858	1948
1858	1950
1858	1952
1858	1954
1858	1955
1858	1956
1858	1961
1858	1965
1858	1966
1858	1967
1858	1968
1858	1970
1858	1971
1858	1974
1858	1987
1858	1992
1860	1862
1860	1866
1860	1873
1860	1876
1860	1879
1860	1880
1860	1881
1860	1911
1860	1913
1860	1928
1860	1929
1860	1934
1860	1935
1860	1945
1860	1948
1860	1950
1860	1952
1860	1954
1860	1955
1860	1956
1860	1958
1860	1961
1860	1965
1860	1966
1860	1967
1860	1968
1860	1970
1860	1971
1860	1974
1860	1987
1860	1992
1862	1866
1862	1873
1862	1876
1862	1877
1862	1879
1862	1880
1862	1881
1862	1910
1862	1911
1862	1913
1862	1934
1862	1935
1862	1950
1862	1952
1862	1954
1862	1955
1862	1956
1862	1961
1862	1965
1862	1966
1862	1967
1862	1968
1862	1970
1862	1971
1862	1987
1862	1992
1866	1873
1866	1876
1866	1877
1866	1879
1866	1880
1866	1881
1866	1910
1866	1911
1866	1913
1866	1928
1866	1929
1866	1934
1866	1935
1866	1945
1866	1948
1866	1950
1866	1952
1866	1954
1866	1955
1866	1958
1866	1961
1866	1966
1866	1967
1866	1968
1866	1970
1866	1971
1866	1974
1866	1987
1873	1876
1873	1877
1873	1879
1873	1881
1873	1910
1873	1911
1873	1913
1873	1929
1873	1934
1873	1935
1873	1945
1873	1948
1873	1950
1873	1952
1873	1956
1873	1961
1873	1965
1873	1966
1873	1967
1873	1968
1873	1970
1873	1971
1873	1974
1873	1987
1876	1877
1876	1879
1876	1880
1876	1881
1876	1910
1876	1911
1876	1928
1876	1929
1876	1934
1876	1935
1876	1945
1876	1948
1876	1950
1876	1952
1876	1955
1876	1956
1876	1961
1876	1965
1876	1967
1876	1968
1876	1970
1876	1971
1876	1974
1876	1987
1877	1879
1877	1880
1877	1881
1877	1911
1877	1913
1877	1928
1877	1929
1877	1934
1877	1935
1877	1945
1877	1948
1877	1950
1877	1952
1877	1954
1877	1955
1877	1956
1877	1961
1877	1965
1877	1968
1877	1970
1877	1971
1877	1974
1877	1987
1877	1992
1879	1910
1879	1911
1879	1913
1879	1928
1879	1934
1879	1945
1879	1950
1879	1952
1879	1954
1879	1955
1879	1956
1879	1961
1879	1965
1879	1966
1879	1967
1879	1968
1879	1970
1879	1971
1879	1974
1879	1987
1879	1992
1880	1881
1880	1910
1880	1911
1880	1913
1880	1928
1880	1929
1880	1934
1880	1935
1880	1948
1880	1950
1880	1952
1880	1954
1880	1955
1880	1956
1880	1961
1880	1965
1880	1966
1880	1967
1880	1968
1880	1970
1880	1971
1880	1987
1880	1992
1881	1910
1881	1911
1881	1913
1881	1928
1881	1929
1881	1934
1881	1935
1881	1945
1881	1948
1881	1950
1881	1952
1881	1955
1881	1956
1881	1958
1881	1961
1881	1965
1881	1966
1881	1967
1881	1968
1881	1970
1881	1971
1881	1974
1881	1992
1910	1911
1910	1913
1910	1929
1910	1934
1910	1945
1910	1948
1910	1952
1910	1956
1910	1958
1910	1961
1910	1965
1910	1966
1910	1967
1910	1968
1910	1970
1910	1974
1910	1987
1910	1992
1913	1929
1913	1934
1913	1945
1913	1948
1913	1950
1913	1952
1913	1954
1913	1955
1913	1958
1913	1961
1913	1965
1913	1966
1913	1967
1913	1968
1913	1970
1913	1992
1928	1934
1928	1935
1928	1945
1928	1950
1928	1952
1928	1954
1928	1955
1928	1956
1928	1958
1928	1965
1928	1966
1928	1968
1928	1971
1928	1974
1928	1987
1928	1992
1929	1934
1929	1935
1929	1945
1929	1948
1929	1950
1929	1952
1929	1954
1929	1955
1929	1956
1929	1958
1929	1961
1929	1966
1929	1967
1929	1970
1929	1971
1929	1974
1929	1987
1929	1992
1935	1948
1935	1950
1935	1952
1935	1954
1935	1955
1935	1956
1935	1965
1935	1966
1935	1967
1935	1968
1935	1970
1935	1971
1935	1974
1935	1987
1935	1992
1945	1952
1945	1954
1945	1955
1945	1956
1945	1958
1945	1961
1945	1965
1945	1966
1945	1967
1945	1968
1945	1970
1945	1971
1945	1974
1945	1987
1948	1950
1948	1952
1948	1954
1948	1956
1948	1958
1948	1961
1948	1965
1948	1966
1948	1967
1948	1968
1948	1971
1948	1987
1948	1992
1952	1954
1952	1955
1952	1958
1952	1961
1952	1966
1952	1968
1952	1970
1952	1971
1952	1974
1952	1987
1952	1992
1954	1955
1954	1956
1954	1958
1954	1961
1954	1965
1954	1966
1954	1967
1954	1971
1954	1974
1954	1987
1954	1992
1955	1956
1955	1958
1955	1961
1955	1965
1955	1966
1955	1968
1955	1970
1955	1971
1955	1974
1955	1992
1956	1958
1956	1961
1956	1965
1956	1966
1956	1967
1956	1968
1956	1970
1956	1971
1956	1974
1956	1987
1956	1992
1961	1967
1961	1968
1961	1970
1961	1971
1961	1974
1961	1987
1961	1992
1965	1966
1965	1968
1965	1970
1965	1971
1965	1974
1966	1967
1966	1968
1966	1970
1966	1971
1966	1974
1966	1987
1966	1992
1967	1968
1967	1970
1967	1971
1967	1974
1967	1987
1967	1992
1968	1970
1968	1971
1968	1974
1968	1987
1968	1992
1971	1974
1971	1987
1971	1992
1974	1987
1974	1992
1987	1992
5	6
5	11
5	13
5	14
5	20
5	21
5	22
5	28
5	593
5	651
5	1289
5	1840
5	1842
5	1843
5	1845
5	1846
5	1847
5	1849
5	1850
5	1858
5	1860
5	1862
5	1866
5	1873
5	1876
5	1877
5	1879
5	1881
5	1910
5	1911
5	1913
5	1928
5	1929
5	1934
5	1935
5	1945
5	1948
5	1950
5	1952
5	1956
5	1958
5	1961
5	1965
5	1966
5	1967
5	1968
5	1970
5	1971
5	1974
5	1987
626	627
626	629
626	633
626	634
626	635
626	636
626	639
626	640
626	642
626	645
626	646
626	647
626	649
626	651
626	658
626	664
626	665
626	667
626	668
626	669
626	670
626	672
626	673
626	676
626	678
626	679
626	681
626	682
626	683
626	685
626	687
626	688
626	690
626	692
626	694
626	698
626	711
626	1250
626	1324
668	669
668	670
668	672
668	676
668	678
668	679
668	681
668	682
668	683
668	685
668	687
668	688
668	690
668	692
668	694
668	698
668	711
668	1217
668	1229
668	1913
668	1971
1286	1289
1286	1292
1286	1306
1286	1308
1286	1311
1286	1315
1286	1316
1286	1319
1286	1320
1286	1324
1286	1325
1286	1340
1286	1858
1286	1928
1849	1850
1849	1858
1849	1862
1849	1873
1849	1876
1849	1879
1849	1880
1849	1910
1849	1911
1849	1913
1849	1929
1849	1934
1849	1935
1849	1945
1849	1948
1849	1950
1849	1952
1849	1954
1849	1955
1849	1956
1849	1958
1849	1965
1849	1966
1849	1968
1849	1974
1849	1987
1849	1992
1911	1913
1911	1928
1911	1934
1911	1935
1911	1945
1911	1948
1911	1950
1911	1952
1911	1954
1911	1956
1911	1958
1911	1965
1911	1966
1911	1967
1911	1968
1911	1970
1911	1971
1911	1974
1911	1987
1911	1992
1934	1935
1934	1945
1934	1948
1934	1950
1934	1952
1934	1955
1934	1956
1934	1958
1934	1961
1934	1965
1934	1966
1934	1968
1934	1970
1934	1971
1934	1974
1934	1987
1950	1952
1950	1954
1950	1955
1950	1958
1950	1961
1950	1965
1950	1966
1950	1967
1950	1968
1950	1970
1950	1971
1950	1974
1950	1987
1950	1992
1958	1961
1958	1965
1958	1966
1958	1967
1958	1968
1958	1970
1958	1971
1958	1974
1958	1987
1958	1992
1970	1971
1970	1987
19	20
19	21
19	22
19	26
19	28
19	35
19	574
19	1840
19	1842
19	1843
19	1845
19	1846
19	1847
19	1849
19	1850
19	1858
19	1860
19	1862
19	1866
19	1873
19	1876
19	1877
19	1879
19	1880
19	1910
19	1913
19	1929
19	1934
19	1935
19	1945
19	1948
19	1952
19	1954
19	1955
19	1956
19	1958
19	1961
19	1965
19	1966
19	1967
19	1968
19	1970
19	1971
19	1974
19	1987
19	1992
26	28
26	35
26	525
26	593
26	654
26	658
26	664
26	672
26	683
26	685
26	698
26	1272
26	1286
26	1840
26	1842
26	1843
26	1845
26	1846
26	1847
26	1849
26	1850
26	1858
26	1860
26	1866
26	1873
26	1876
26	1877
26	1879
26	1880
26	1881
26	1928
26	1929
26	1934
26	1935
26	1945
26	1948
26	1950
26	1952
26	1954
26	1955
26	1956
26	1958
26	1961
26	1965
26	1966
26	1967
26	1970
26	1971
26	1987
26	1992
560	561
560	563
560	564
560	566
560	567
560	570
560	571
560	572
560	574
560	575
560	576
560	577
560	578
560	580
560	581
560	584
560	586
560	587
560	588
560	590
560	592
560	593
560	594
560	598
560	601
560	604
560	605
560	607
560	609
560	610
560	611
560	613
560	615
560	616
560	617
560	619
560	621
560	623
560	625
560	626
560	627
560	629
560	631
560	633
560	634
560	635
560	636
560	639
560	640
560	642
560	645
560	646
560	647
560	649
560	651
560	654
560	661
560	664
560	665
560	667
560	668
560	670
560	672
560	673
560	676
560	681
560	682
560	685
560	687
560	688
560	690
560	692
560	694
560	711
560	1282
560	1325
560	1840
560	1862
564	566
564	567
564	570
564	571
564	572
564	573
564	574
564	575
564	576
564	577
564	578
564	580
564	581
564	582
564	584
564	587
564	588
564	590
564	592
564	593
564	594
564	598
564	599
564	601
564	604
564	607
564	609
564	610
564	611
564	613
564	615
564	616
564	617
564	619
564	623
564	625
564	626
564	627
564	629
564	633
564	634
564	635
564	636
564	639
564	640
564	642
564	645
564	646
564	647
564	651
564	654
564	658
564	661
564	664
564	665
564	667
564	668
564	669
564	673
564	676
564	678
564	681
564	682
564	683
564	685
564	687
564	688
564	690
564	692
564	694
564	698
564	711
564	1319
564	1846
564	1850
580	581
580	584
580	586
580	587
580	588
580	590
580	592
580	593
580	594
580	598
580	599
580	601
580	604
580	605
580	609
580	610
580	611
580	613
580	615
580	616
580	617
580	619
580	621
580	623
580	625
580	626
580	627
580	633
580	634
580	635
580	636
580	639
580	640
580	645
580	646
580	647
580	649
580	651
580	654
580	658
580	664
580	665
580	667
580	669
580	670
580	672
580	673
580	679
580	681
580	682
580	683
580	687
580	688
580	690
580	692
580	694
580	698
580	711
580	1206
580	1282
580	1292
580	1309
619	621
619	623
619	625
619	626
619	627
619	629
619	631
619	633
619	634
619	635
619	636
619	639
619	640
619	642
619	645
619	646
619	649
619	651
619	654
619	658
619	661
619	664
619	667
619	668
619	669
619	670
619	672
619	673
619	678
619	679
619	681
619	682
619	683
619	685
619	687
619	688
619	690
619	692
619	694
619	698
619	711
619	1289
619	1314
619	1866
619	1929
619	1955
625	626
625	627
625	629
625	631
625	633
625	635
625	636
625	639
625	642
625	646
625	647
625	649
625	658
625	661
625	664
625	665
625	667
625	668
625	670
625	672
625	673
625	676
625	678
625	679
625	681
625	683
625	685
625	687
625	688
625	690
625	692
625	694
625	698
625	711
631	633
631	634
631	635
631	636
631	639
631	642
631	645
631	646
631	647
631	649
631	651
631	654
631	658
631	661
631	664
631	665
631	668
631	669
631	670
631	672
631	673
631	676
631	679
631	681
631	682
631	683
631	685
631	687
631	688
631	690
631	698
631	711
631	1250
631	1269
631	1965
1320	1324
1320	1325
1320	1340
1320	1950
1320	1966
588	590
588	592
588	593
588	594
588	598
588	599
588	601
588	604
588	605
588	607
588	610
588	613
588	615
588	617
588	619
588	621
588	623
588	625
588	626
588	627
588	629
588	631
588	633
588	634
588	635
588	636
588	639
588	640
588	642
588	645
588	646
588	647
588	651
588	654
588	658
588	664
588	667
588	668
588	669
588	672
588	673
588	678
588	679
588	681
588	682
588	683
588	685
588	687
588	688
588	690
588	692
588	694
588	698
588	711
588	1955
588	1967
594	598
594	601
594	604
594	605
594	607
594	609
594	610
594	611
594	613
594	615
594	616
594	617
594	619
594	621
594	623
594	626
594	627
594	629
594	631
594	633
594	635
594	636
594	639
594	640
594	642
594	645
594	646
594	647
594	649
594	651
594	654
594	661
594	664
594	665
594	667
594	668
594	669
594	672
594	673
594	676
594	678
594	679
594	681
594	682
594	683
594	685
594	688
594	692
594	694
594	698
594	711
594	1218
594	1309
594	1315
594	1910
627	629
627	631
627	633
627	634
627	635
627	636
627	639
627	640
627	646
627	647
627	649
627	651
627	654
627	658
627	661
627	664
627	665
627	667
627	668
627	669
627	672
627	673
627	676
627	678
627	679
627	682
627	683
627	685
627	687
627	690
627	692
627	698
627	711
627	1320
1276	1282
1276	1289
1276	1292
1276	1306
1276	1308
1276	1309
1276	1311
1276	1314
1276	1315
1276	1316
1276	1319
1276	1320
1276	1324
1276	1325
1319	1320
1319	1324
1319	1340
1319	1955
566	567
566	570
566	572
566	573
566	574
566	576
566	577
566	578
566	580
566	581
566	582
566	584
566	586
566	587
566	593
566	594
566	598
566	599
566	604
566	605
566	607
566	609
566	611
566	613
566	615
566	616
566	617
566	619
566	621
566	623
566	625
566	626
566	627
566	629
566	631
566	633
566	635
566	636
566	639
566	640
566	642
566	645
566	646
566	647
566	651
566	654
566	658
566	664
566	665
566	667
566	668
566	669
566	670
566	672
566	673
566	676
566	678
566	679
566	681
566	682
566	683
566	685
566	687
566	688
566	690
566	692
566	694
566	698
566	711
566	1217
566	1289
566	1956
566	1968
605	607
605	609
605	610
605	611
605	613
605	615
605	616
605	617
605	619
605	621
605	623
605	625
605	626
605	627
605	629
605	631
605	633
605	634
605	635
605	636
605	639
605	640
605	642
605	646
605	647
605	649
605	651
605	654
605	658
605	661
605	664
605	665
605	667
605	668
605	669
605	670
605	672
605	673
605	676
605	678
605	679
605	681
605	682
605	683
605	685
605	687
605	688
605	690
605	692
605	694
605	711
605	1206
605	1224
605	1340
605	1860
605	1910
611	613
611	615
611	617
611	621
611	623
611	625
611	626
611	627
611	629
611	631
611	633
611	635
611	636
611	639
611	640
611	645
611	646
611	647
611	649
611	651
611	654
611	658
611	661
611	664
611	667
611	668
611	669
611	672
611	673
611	676
611	679
611	681
611	682
611	683
611	685
611	687
611	688
611	692
611	694
611	698
611	1267
611	1866
611	1968
672	673
672	676
672	678
672	679
672	681
672	683
672	685
672	687
672	688
672	692
672	694
672	711
672	1289
672	1324
683	687
683	688
683	690
683	692
683	694
683	698
683	1292
683	1845
683	1929
698	711
698	1194
698	1198
698	1843
698	1873
698	1956
1206	1214
1206	1217
1206	1218
1206	1223
1206	1224
1206	1229
1206	1233
1206	1248
1206	1249
1206	1250
1206	1253
1206	1266
1206	1267
1206	1268
1206	1269
1206	1270
1206	1274
1206	1276
1206	1282
1206	1289
1206	1292
1206	1306
1206	1308
1206	1309
1206	1311
1206	1314
1206	1315
1206	1316
1206	1319
1206	1320
1206	1324
1206	1325
1206	1340
1206	1840
1206	1860
1289	1292
1289	1308
1289	1309
1289	1311
1289	1315
1289	1316
1289	1319
1289	1320
1289	1324
1289	1325
1289	1340
1289	1877
1289	1966
593	594
593	598
593	599
593	601
593	604
593	605
593	607
593	609
593	610
593	611
593	613
593	615
593	616
593	617
593	621
593	625
593	627
593	629
593	631
593	633
593	635
593	639
593	642
593	645
593	646
593	647
593	649
593	658
593	661
593	667
593	668
593	670
593	672
593	673
593	676
593	678
593	679
593	681
593	682
593	683
593	685
593	687
593	688
593	690
593	692
593	694
593	698
593	711
593	1229
593	1289
593	1987
651	654
651	658
651	661
651	665
651	667
651	668
651	669
651	670
651	672
651	673
651	676
651	678
651	679
651	681
651	682
651	683
651	685
651	687
651	688
651	690
651	692
651	694
651	698
651	711
651	1272
651	1324
651	1928
576	577
576	578
576	581
576	582
576	584
576	586
576	587
576	588
576	590
576	593
576	594
576	598
576	599
576	604
576	609
576	610
576	613
576	615
576	616
576	617
576	619
576	621
576	623
576	625
576	626
576	627
576	629
576	631
576	633
576	634
576	635
576	636
576	639
576	640
576	642
576	645
576	646
576	647
576	649
576	651
576	654
576	658
576	661
576	665
576	667
576	668
576	669
576	670
576	672
576	673
576	676
576	678
576	679
576	681
576	682
576	683
576	687
576	690
576	692
576	694
576	698
576	711
576	1311
576	1315
576	1913
576	1965
576	1968
578	580
578	582
578	584
578	586
578	587
578	588
578	592
578	593
578	594
578	598
578	599
578	601
578	604
578	605
578	607
578	609
578	610
578	611
578	613
578	615
578	616
578	617
578	619
578	621
578	623
578	625
578	626
578	627
578	629
578	631
578	633
578	634
578	635
578	639
578	640
578	642
578	645
578	646
578	647
578	649
578	651
578	654
578	658
578	661
578	664
578	665
578	667
578	668
578	669
578	672
578	673
578	676
578	678
578	679
578	681
578	683
578	687
578	688
578	690
578	692
578	694
578	698
578	711
578	1223
578	1274
578	1858
578	1862
578	1879
658	661
658	664
658	665
658	668
658	669
658	672
658	673
658	676
658	678
658	679
658	681
658	682
658	683
658	685
658	687
658	688
658	690
658	698
658	711
658	1849
658	1968
692	694
692	698
692	1866
1229	1233
1229	1248
1229	1249
1229	1250
1229	1253
1229	1266
1229	1267
1229	1268
1229	1272
1229	1274
1229	1276
1229	1282
1229	1286
1229	1289
1229	1292
1229	1306
1229	1309
1229	1311
1229	1314
1229	1315
1229	1316
1229	1319
1229	1320
1229	1324
1229	1325
1229	1340
1229	1970
558	560
558	561
558	563
558	564
558	566
558	567
558	570
558	571
558	573
558	574
558	575
558	576
558	577
558	578
558	580
558	581
558	582
558	584
558	586
558	587
558	592
558	593
558	594
558	598
558	599
558	601
558	604
558	607
558	609
558	610
558	611
558	613
558	615
558	616
558	617
558	619
558	623
558	625
558	626
558	629
558	631
558	633
558	634
558	635
558	636
558	639
558	640
558	642
558	645
558	646
558	647
558	649
558	654
558	658
558	664
558	665
558	667
558	668
558	669
558	670
558	672
558	673
558	676
558	678
558	679
558	681
558	683
558	685
558	687
558	688
558	690
558	694
558	698
558	711
558	1340
558	1843
601	604
601	605
601	607
601	609
601	610
601	611
601	613
601	615
601	616
601	617
601	619
601	621
601	623
601	625
601	626
601	627
601	629
601	631
601	633
601	634
601	635
601	636
601	639
601	640
601	642
601	645
601	646
601	647
601	649
601	651
601	658
601	661
601	664
601	667
601	668
601	670
601	673
601	676
601	678
601	679
601	682
601	685
601	687
601	688
601	690
601	692
601	694
601	711
601	1849
601	1961
639	640
639	642
639	646
639	647
639	649
639	651
639	654
639	658
639	661
639	664
639	667
639	668
639	669
639	670
639	672
639	678
639	679
639	681
639	683
639	685
639	687
639	688
639	690
639	692
639	694
639	698
639	711
639	1266
639	1306
639	1948
639	1956
1224	1229
1224	1233
1224	1248
1224	1249
1224	1253
1224	1266
1224	1267
1224	1268
1224	1269
1224	1270
1224	1272
1224	1274
1224	1282
1224	1286
1224	1289
1224	1292
1224	1308
1224	1309
1224	1311
1224	1314
1224	1315
1224	1319
1224	1320
1224	1324
1224	1325
1224	1340
1224	1945
1250	1253
1250	1267
1250	1268
1250	1269
1250	1270
1250	1272
1250	1274
1250	1276
1250	1282
1250	1289
1250	1292
1250	1309
1250	1311
1250	1314
1250	1315
1250	1316
1250	1319
1250	1324
1250	1325
1250	1340
1316	1320
1316	1324
1316	1325
1316	1340
1316	1934
1316	1935
1316	1954
1324	1340
1324	1843
1324	1966
574	575
574	576
574	578
574	580
574	581
574	582
574	584
574	586
574	587
574	588
574	590
574	592
574	593
574	594
574	598
574	599
574	601
574	604
574	605
574	607
574	609
574	610
574	611
574	613
574	615
574	616
574	617
574	619
574	621
574	623
574	625
574	626
574	627
574	629
574	631
574	633
574	634
574	635
574	639
574	640
574	642
574	645
574	646
574	647
574	649
574	651
574	654
574	665
574	667
574	668
574	670
574	672
574	673
574	676
574	678
574	679
574	681
574	682
574	683
574	687
574	688
574	690
574	694
574	698
574	711
574	1204
574	1218
574	1320
633	636
633	639
633	640
633	642
633	645
633	646
633	647
633	649
633	651
633	654
633	658
633	664
633	665
633	667
633	668
633	669
633	670
633	672
633	673
633	678
633	679
633	681
633	683
633	685
633	687
633	688
633	690
633	692
633	694
633	698
633	1218
633	1253
633	1282
633	1958
667	668
667	669
667	670
667	672
667	673
667	676
667	678
667	679
667	681
667	682
667	683
667	685
667	687
667	688
667	694
667	698
667	1314
667	1860
667	1877
667	1880
687	688
687	690
687	692
687	694
687	698
687	711
687	1289
687	1858
687	1929
687	1970
548	549
548	551
548	552
548	556
548	560
548	563
548	564
548	566
548	567
548	570
548	571
548	572
548	573
548	574
548	575
548	576
548	577
548	578
548	580
548	581
548	582
548	584
548	586
548	587
548	593
548	594
548	598
548	599
548	601
548	604
548	607
548	609
548	610
548	613
548	615
548	616
548	617
548	619
548	621
548	623
548	625
548	626
548	627
548	629
548	631
548	633
548	634
548	635
548	636
548	640
548	642
548	645
548	646
548	649
548	651
548	654
548	664
548	665
548	667
548	668
548	669
548	670
548	672
548	673
548	678
548	679
548	681
548	682
548	683
548	685
548	687
548	692
548	694
548	698
548	1876
548	1928
548	1952
613	615
613	616
613	617
613	619
613	621
613	623
613	625
613	627
613	631
613	633
613	634
613	635
613	636
613	639
613	640
613	642
613	645
613	646
613	647
613	651
613	654
613	658
613	661
613	664
613	665
613	667
613	668
613	669
613	672
613	673
613	676
613	678
613	679
613	681
613	682
613	683
613	685
613	687
613	688
613	690
613	692
613	694
613	698
613	1194
613	1214
613	1842
635	636
635	639
635	640
635	642
635	645
635	646
635	647
635	649
635	651
635	654
635	658
635	661
635	664
635	665
635	667
635	668
635	670
635	672
635	673
635	676
635	678
635	681
635	682
635	685
635	687
635	688
635	690
635	692
635	698
635	711
635	1223
635	1229
664	665
664	668
664	669
664	670
664	672
664	673
664	676
664	678
664	681
664	682
664	683
664	685
664	687
664	688
664	690
664	692
664	694
664	698
664	711
664	1858
664	1970
1266	1268
1266	1269
1266	1270
1266	1272
1266	1274
1266	1276
1266	1286
1266	1289
1266	1292
1266	1308
1266	1309
1266	1311
1266	1314
1266	1316
1266	1319
1266	1320
1266	1324
1266	1325
1266	1340
1266	1911
1266	1950
552	558
552	560
552	561
552	564
552	570
552	571
552	572
552	574
552	575
552	576
552	577
552	578
552	580
552	581
552	582
552	584
552	586
552	587
552	588
552	590
552	592
552	593
552	594
552	598
552	599
552	601
552	604
552	605
552	607
552	609
552	610
552	611
552	615
552	616
552	619
552	621
552	623
552	625
552	626
552	627
552	629
552	631
552	633
552	635
552	636
552	639
552	640
552	645
552	646
552	647
552	649
552	654
552	661
552	665
552	667
552	668
552	669
552	670
552	672
552	673
552	676
552	678
552	679
552	681
552	682
552	683
552	685
552	687
552	688
552	690
552	692
552	694
552	698
552	711
552	1199
552	1282
552	1319
552	1324
556	558
556	560
556	561
556	563
556	564
556	566
556	567
556	570
556	571
556	572
556	573
556	574
556	575
556	576
556	577
556	578
556	582
556	584
556	586
556	587
556	588
556	590
556	592
556	593
556	594
556	598
556	599
556	601
556	604
556	605
556	607
556	609
556	610
556	613
556	615
556	616
556	617
556	619
556	623
556	625
556	626
556	627
556	629
556	631
556	633
556	634
556	635
556	636
556	639
556	640
556	642
556	645
556	646
556	647
556	649
556	651
556	654
556	658
556	661
556	664
556	665
556	667
556	669
556	670
556	672
556	673
556	676
556	678
556	679
556	681
556	682
556	683
556	685
556	687
556	688
556	690
556	692
556	694
556	1270
556	1846
556	1866
556	1952
556	1956
556	1966
586	588
586	590
586	592
586	593
586	594
586	598
586	599
586	601
586	604
586	607
586	609
586	611
586	613
586	615
586	617
586	619
586	621
586	623
586	625
586	626
586	627
586	629
586	631
586	633
586	635
586	639
586	640
586	642
586	645
586	646
586	647
586	649
586	651
586	654
586	658
586	661
586	664
586	665
586	667
586	668
586	669
586	670
586	672
586	673
586	676
586	678
586	679
586	682
586	683
586	687
586	688
586	690
586	692
586	694
586	698
586	711
586	1248
586	1950
586	1961
615	616
615	617
615	621
615	623
615	625
615	626
615	629
615	631
615	633
615	634
615	635
615	636
615	639
615	640
615	642
615	645
615	647
615	654
615	658
615	661
615	664
615	665
615	667
615	668
615	669
615	670
615	672
615	673
615	676
615	678
615	679
615	681
615	682
615	683
615	685
615	687
615	688
615	690
615	692
615	694
615	698
615	711
615	1308
615	1845
688	690
688	694
688	698
688	711
688	1913
570	571
570	572
570	573
570	574
570	575
570	576
570	577
570	578
570	581
570	582
570	584
570	586
570	587
570	588
570	592
570	593
570	599
570	601
570	604
570	605
570	607
570	609
570	610
570	613
570	615
570	616
570	617
570	619
570	621
570	623
570	626
570	627
570	629
570	631
570	633
570	634
570	635
570	636
570	639
570	640
570	642
570	645
570	646
570	647
570	649
570	651
570	654
570	658
570	661
570	664
570	665
570	667
570	668
570	669
570	670
570	672
570	673
570	678
570	679
570	681
570	682
570	683
570	685
570	687
570	688
570	690
570	692
570	694
570	698
570	711
570	1204
570	1267
570	1858
570	1911
673	676
673	678
673	679
673	682
673	683
673	685
673	687
673	688
673	690
673	692
673	694
673	698
673	711
673	1269
673	1319
1223	1224
1223	1229
1223	1233
1223	1248
1223	1250
1223	1266
1223	1267
1223	1269
1223	1270
1223	1272
1223	1274
1223	1276
1223	1282
1223	1286
1223	1289
1223	1292
1223	1306
1223	1309
1223	1311
1223	1314
1223	1316
1223	1319
1223	1320
1223	1325
1223	1340
1223	1842
1223	1956
1311	1314
1311	1316
1311	1320
1311	1324
1311	1325
1311	1340
1311	1913
1311	1929
575	576
575	578
575	580
575	581
575	584
575	586
575	587
575	588
575	590
575	593
575	598
575	599
575	601
575	604
575	605
575	607
575	609
575	610
575	611
575	613
575	615
575	616
575	617
575	619
575	621
575	623
575	625
575	626
575	627
575	629
575	631
575	633
575	634
575	635
575	636
575	639
575	642
575	645
575	646
575	647
575	651
575	654
575	658
575	661
575	664
575	665
575	667
575	668
575	669
575	670
575	672
575	673
575	678
575	679
575	681
575	682
575	685
575	687
575	688
575	690
575	692
575	694
575	698
575	711
575	1282
575	1286
575	1324
575	1847
636	639
636	640
636	642
636	645
636	646
636	647
636	649
636	651
636	654
636	658
636	661
636	664
636	665
636	667
636	668
636	669
636	670
636	673
636	676
636	679
636	681
636	685
636	687
636	688
636	690
636	692
636	694
636	698
636	711
636	1217
636	1267
636	1970
640	642
640	645
640	646
640	647
640	649
640	654
640	658
640	661
640	664
640	665
640	667
640	668
640	669
640	670
640	672
640	673
640	676
640	678
640	679
640	681
640	683
640	685
640	687
640	688
640	690
640	692
640	694
640	698
640	1224
640	1282
640	1319
682	683
682	685
682	687
682	688
682	698
682	711
1204	1214
1204	1217
1204	1218
1204	1223
1204	1224
1204	1229
1204	1248
1204	1249
1204	1250
1204	1253
1204	1266
1204	1267
1204	1268
1204	1269
1204	1270
1204	1272
1204	1274
1204	1282
1204	1286
1204	1289
1204	1292
1204	1306
1204	1308
1204	1309
1204	1311
1204	1314
1204	1315
1204	1316
1204	1319
1204	1320
1204	1324
1204	1325
1204	1340
1204	1935
1204	1967
1204	1987
1214	1218
1214	1223
1214	1224
1214	1229
1214	1233
1214	1249
1214	1253
1214	1266
1214	1267
1214	1270
1214	1272
1214	1276
1214	1282
1214	1286
1214	1292
1214	1306
1214	1308
1214	1309
1214	1311
1214	1314
1214	1315
1214	1319
1214	1320
1214	1324
1214	1325
1214	1340
1214	1866
1214	1910
1274	1276
1274	1282
1274	1286
1274	1289
1274	1292
1274	1306
1274	1308
1274	1311
1274	1314
1274	1316
1274	1319
1274	1320
1274	1324
1274	1325
1274	1340
1274	1840
1274	1934
1282	1286
1282	1289
1282	1306
1282	1309
1282	1311
1282	1314
1282	1315
1282	1316
1282	1319
1282	1320
1282	1324
1282	1325
1282	1862
1282	1935
538	539
538	541
538	542
538	543
538	544
538	545
538	546
538	547
538	549
538	551
538	552
538	556
538	558
538	560
538	561
538	563
538	564
538	566
538	567
538	570
538	571
538	572
538	573
538	574
538	575
538	576
538	577
538	578
538	580
538	581
538	582
538	586
538	587
538	588
538	590
538	592
538	593
538	594
538	598
538	599
538	601
538	604
538	607
538	609
538	610
538	611
538	615
538	616
538	621
538	623
538	625
538	626
538	627
538	629
538	631
538	633
538	634
538	635
538	639
538	640
538	646
538	647
538	649
538	654
538	658
538	661
538	667
538	668
538	669
538	670
538	672
538	678
538	679
538	681
538	682
538	683
538	685
538	687
538	688
538	690
538	694
538	698
538	711
538	1840
538	1928
545	546
545	547
545	548
545	549
545	556
545	558
545	560
545	561
545	563
545	564
545	566
545	567
545	570
545	571
545	572
545	573
545	574
545	575
545	576
545	577
545	578
545	581
545	582
545	584
545	586
545	587
545	588
545	590
545	592
545	593
545	594
545	598
545	601
545	604
545	607
545	609
545	610
545	611
545	613
545	615
545	616
545	617
545	619
545	621
545	623
545	625
545	626
545	627
545	629
545	631
545	633
545	634
545	635
545	636
545	639
545	640
545	642
545	646
545	647
545	649
545	658
545	661
545	664
545	665
545	667
545	668
545	669
545	670
545	673
545	676
545	678
545	681
545	682
545	683
545	685
545	687
545	688
545	690
545	694
545	698
545	711
545	1276
545	1314
545	1843
561	563
561	564
561	566
561	570
561	571
561	572
561	573
561	574
561	577
561	580
561	581
561	582
561	584
561	586
561	587
561	590
561	592
561	593
561	594
561	599
561	601
561	604
561	605
561	607
561	609
561	610
561	611
561	613
561	615
561	616
561	617
561	619
561	621
561	623
561	625
561	626
561	627
561	629
561	631
561	633
561	634
561	635
561	636
561	639
561	640
561	645
561	646
561	647
561	649
561	651
561	654
561	658
561	661
561	665
561	668
561	669
561	670
561	672
561	676
561	678
561	679
561	681
561	682
561	683
561	688
561	690
561	692
561	694
561	698
561	711
561	1248
561	1934
592	593
592	594
592	598
592	599
592	601
592	604
592	605
592	607
592	609
592	610
592	611
592	613
592	615
592	616
592	617
592	619
592	621
592	623
592	625
592	626
592	627
592	629
592	631
592	633
592	635
592	636
592	639
592	640
592	642
592	645
592	646
592	647
592	651
592	654
592	658
592	661
592	664
592	665
592	667
592	668
592	669
592	670
592	672
592	673
592	676
592	678
592	679
592	681
592	682
592	685
592	687
592	688
592	690
592	692
592	694
592	698
592	711
592	1272
592	1274
592	1311
592	1858
592	1862
599	601
599	604
599	605
599	607
599	609
599	610
599	611
599	613
599	615
599	616
599	617
599	619
599	621
599	625
599	626
599	627
599	629
599	631
599	634
599	635
599	639
599	640
599	642
599	645
599	646
599	649
599	651
599	654
599	658
599	664
599	665
599	667
599	668
599	669
599	670
599	672
599	673
599	676
599	679
599	682
599	683
599	685
599	687
599	688
599	690
599	692
599	694
599	698
599	1194
599	1847
599	1876
669	673
669	676
669	678
669	679
669	681
669	682
669	683
669	685
669	687
669	688
669	690
669	692
669	694
669	698
669	711
669	1206
669	1325
669	1966
711	1198
711	1199
711	1204
711	1206
711	1249
711	1315
711	1952
711	1965
1309	1311
1309	1314
1309	1315
1309	1316
1309	1320
1309	1324
1309	1325
1309	1340
1309	1958
573	574
573	575
573	576
573	577
573	578
573	581
573	582
573	584
573	586
573	587
573	588
573	590
573	592
573	593
573	594
573	599
573	601
573	604
573	607
573	609
573	610
573	611
573	613
573	615
573	616
573	617
573	619
573	621
573	625
573	626
573	627
573	629
573	631
573	633
573	634
573	635
573	636
573	639
573	640
573	642
573	645
573	646
573	647
573	649
573	651
573	654
573	658
573	661
573	664
573	665
573	667
573	668
573	669
573	672
573	673
573	676
573	679
573	681
573	683
573	685
573	687
573	690
573	692
573	694
573	711
573	1218
573	1248
573	1270
573	1873
654	658
654	661
654	664
654	665
654	667
654	669
654	670
654	672
654	673
654	676
654	678
654	679
654	681
654	682
654	683
654	685
654	687
654	688
654	690
654	692
654	694
654	698
654	711
654	1214
654	1970
654	1987
676	678
676	681
676	683
676	685
676	687
676	688
676	692
676	694
676	698
676	711
676	1320
676	1842
676	1862
676	1935
676	1956
690	692
690	694
690	698
690	711
690	1270
690	1272
584	587
584	588
584	590
584	592
584	593
584	594
584	598
584	599
584	601
584	604
584	605
584	607
584	609
584	611
584	613
584	615
584	616
584	617
584	619
584	625
584	627
584	629
584	633
584	634
584	635
584	636
584	639
584	640
584	642
584	645
584	646
584	647
584	649
584	658
584	661
584	665
584	667
584	669
584	670
584	672
584	673
584	676
584	678
584	679
584	681
584	682
584	683
584	685
584	687
584	688
584	690
584	692
584	694
584	698
584	1267
584	1308
604	605
604	609
604	610
604	611
604	613
604	615
604	617
604	619
604	621
604	623
604	625
604	626
604	627
604	629
604	631
604	633
604	634
604	635
604	636
604	639
604	642
604	645
604	647
604	649
604	651
604	654
604	658
604	661
604	664
604	665
604	667
604	668
604	670
604	672
604	673
604	676
604	678
604	679
604	681
604	682
604	683
604	685
604	687
604	688
604	690
604	692
604	694
604	698
604	711
604	1272
604	1845
604	1862
604	1958
665	667
665	668
665	669
665	670
665	672
665	673
665	676
665	679
665	681
665	682
665	683
665	685
665	687
665	688
665	690
665	692
665	694
665	698
665	711
665	1879
1267	1268
1267	1269
1267	1270
1267	1272
1267	1274
1267	1276
1267	1282
1267	1286
1267	1289
1267	1292
1267	1306
1267	1308
1267	1311
1267	1314
1267	1315
1267	1316
1267	1319
1267	1320
1267	1324
1267	1325
1267	1340
1267	1846
1267	1873
581	582
581	584
581	586
581	587
581	588
581	590
581	592
581	593
581	598
581	599
581	601
581	605
581	607
581	609
581	610
581	611
581	613
581	615
581	616
581	617
581	619
581	621
581	623
581	625
581	626
581	627
581	629
581	631
581	633
581	634
581	635
581	636
581	639
581	642
581	645
581	647
581	649
581	651
581	654
581	658
581	661
581	664
581	665
581	668
581	669
581	670
581	676
581	678
581	679
581	681
581	682
581	683
581	685
581	687
581	688
581	690
581	692
581	694
581	698
581	711
1199	1204
1199	1206
1199	1217
1199	1223
1199	1229
1199	1233
1199	1248
1199	1249
1199	1250
1199	1253
1199	1266
1199	1267
1199	1268
1199	1269
1199	1270
1199	1272
1199	1274
1199	1276
1199	1282
1199	1286
1199	1289
1199	1292
1199	1306
1199	1308
1199	1309
1199	1311
1199	1314
1199	1315
1199	1316
1199	1319
1199	1320
1199	1324
1199	1325
1199	1340
1199	1876
1199	1928
1308	1311
1308	1314
1308	1315
1308	1316
1308	1319
1308	1324
1308	1340
1308	1877
645	646
645	647
645	649
645	651
645	654
645	658
645	661
645	664
645	665
645	667
645	668
645	669
645	670
645	672
645	673
645	676
645	678
645	679
645	681
645	682
645	683
645	685
645	687
645	688
645	690
645	692
645	698
645	711
645	1266
645	1880
645	1929
645	1971
587	588
587	590
587	593
587	594
587	598
587	599
587	601
587	604
587	605
587	607
587	609
587	610
587	611
587	613
587	615
587	616
587	619
587	621
587	623
587	625
587	626
587	627
587	629
587	631
587	634
587	635
587	636
587	639
587	640
587	642
587	645
587	646
587	647
587	651
587	654
587	658
587	661
587	664
587	665
587	667
587	669
587	670
587	672
587	673
587	676
587	678
587	679
587	681
587	682
587	685
587	687
587	688
587	690
587	692
587	694
587	698
587	711
587	1315
587	1840
587	1842
1233	1248
1233	1249
1233	1250
1233	1253
1233	1266
1233	1267
1233	1268
1233	1269
1233	1270
1233	1274
1233	1276
1233	1282
1233	1286
1233	1289
1233	1292
1233	1306
1233	1308
1233	1309
1233	1315
1233	1316
1233	1319
1233	1320
1233	1324
1233	1325
1233	1340
1233	1950
1233	1954
1233	1961
1233	1968
1233	1971
609	610
609	613
609	615
609	616
609	617
609	619
609	621
609	623
609	626
609	627
609	629
609	631
609	633
609	634
609	635
609	636
609	639
609	640
609	642
609	645
609	646
609	647
609	649
609	651
609	654
609	658
609	664
609	665
609	668
609	669
609	670
609	672
609	673
609	676
609	678
609	679
609	681
609	682
609	683
609	688
609	690
609	692
609	694
609	698
609	711
609	1224
609	1849
609	1862
609	1929
623	625
623	626
623	629
623	631
623	633
623	634
623	635
623	639
623	640
623	642
623	645
623	646
623	647
623	649
623	651
623	654
623	658
623	661
623	664
623	665
623	667
623	669
623	670
623	672
623	673
623	676
623	678
623	679
623	681
623	682
623	683
623	685
623	687
623	688
623	690
623	694
623	698
623	711
623	1965
621	623
621	625
621	629
621	631
621	633
621	634
621	636
621	639
621	640
621	642
621	645
621	646
621	647
621	649
621	651
621	654
621	658
621	661
621	664
621	665
621	668
621	669
621	670
621	673
621	676
621	678
621	679
621	681
621	683
621	685
621	688
621	690
621	692
621	694
621	698
621	1910
621	1958
1194	1198
1194	1199
1194	1204
1194	1206
1194	1217
1194	1218
1194	1223
1194	1224
1194	1233
1194	1249
1194	1250
1194	1253
1194	1266
1194	1267
1194	1268
1194	1270
1194	1272
1194	1274
1194	1276
1194	1286
1194	1306
1194	1308
1194	1309
1194	1311
1194	1314
1194	1315
1194	1316
1194	1319
1194	1320
1194	1324
1194	1325
1194	1340
1194	1948
525	534
525	538
525	539
525	542
525	543
525	544
525	545
525	546
525	547
525	548
525	549
525	551
525	552
525	556
525	560
525	561
525	563
525	564
525	566
525	567
525	571
525	573
525	575
525	576
525	577
525	578
525	580
525	582
525	584
525	587
525	588
525	590
525	592
525	593
525	598
525	599
525	601
525	604
525	605
525	607
525	609
525	610
525	611
525	613
525	615
525	616
525	617
525	619
525	621
525	623
525	626
525	627
525	629
525	631
525	633
525	634
525	636
525	639
525	640
525	642
525	645
525	646
525	647
525	649
525	654
525	658
525	661
525	664
525	667
525	668
525	669
525	672
525	673
525	676
525	678
525	679
525	681
525	682
525	683
525	685
525	687
525	690
525	694
525	698
525	711
525	1309
525	1840
525	1866
534	538
534	539
534	541
534	542
534	543
534	545
534	546
534	547
534	548
534	549
534	551
534	552
534	556
534	558
534	560
534	561
534	563
534	564
534	566
534	567
534	570
534	571
534	572
534	573
534	574
534	575
534	577
534	578
534	580
534	581
534	582
534	584
534	586
534	587
534	588
534	590
534	592
534	593
534	594
534	599
534	601
534	604
534	605
534	609
534	611
534	613
534	615
534	616
534	617
534	619
534	621
534	623
534	625
534	626
534	627
534	629
534	631
534	633
534	634
534	635
534	636
534	639
534	640
534	642
534	645
534	646
534	647
534	654
534	661
534	665
534	667
534	669
534	670
534	672
534	673
534	676
534	679
534	681
534	682
534	683
534	685
534	687
534	688
534	690
534	692
534	698
534	711
534	1840
534	1881
534	1971
1268	1269
1268	1270
1268	1272
1268	1274
1268	1276
1268	1286
1268	1289
1268	1292
1268	1306
1268	1311
1268	1314
1268	1315
1268	1316
1268	1319
1268	1320
1268	1325
1270	1272
1270	1276
1270	1282
1270	1286
1270	1306
1270	1309
1270	1311
1270	1314
1270	1315
1270	1316
1270	1319
1270	1320
1270	1324
1270	1325
1270	1340
1270	1849
1270	1877
685	687
685	688
685	690
685	692
685	694
685	711
685	1845
685	1862
1272	1274
1272	1276
1272	1282
1272	1286
1272	1289
1272	1292
1272	1306
1272	1308
1272	1309
1272	1311
1272	1314
1272	1315
1272	1316
1272	1319
1272	1324
1272	1325
1272	1340
1272	1862
1272	1910
542	543
542	544
542	545
542	546
542	547
542	548
542	549
542	551
542	552
542	556
542	558
542	560
542	561
542	563
542	571
542	572
542	574
542	576
542	577
542	578
542	580
542	581
542	582
542	584
542	587
542	588
542	590
542	592
542	593
542	594
542	599
542	601
542	604
542	605
542	607
542	609
542	610
542	611
542	615
542	616
542	617
542	619
542	621
542	625
542	626
542	627
542	629
542	631
542	633
542	634
542	635
542	636
542	639
542	640
542	642
542	647
542	649
542	651
542	654
542	661
542	664
542	665
542	667
542	668
542	669
542	670
542	672
542	673
542	676
542	679
542	681
542	682
542	683
542	685
542	687
542	688
542	690
542	692
542	694
542	698
542	711
542	1214
542	1223
542	1248
647	649
647	651
647	654
647	658
647	661
647	664
647	665
647	667
647	668
647	669
647	670
647	673
647	678
647	679
647	681
647	682
647	685
647	687
647	692
647	694
647	698
647	711
647	1315
647	1860
563	564
563	566
563	567
563	571
563	573
563	574
563	575
563	576
563	578
563	580
563	581
563	582
563	584
563	586
563	587
563	588
563	592
563	593
563	594
563	598
563	599
563	601
563	604
563	605
563	607
563	609
563	610
563	611
563	615
563	616
563	617
563	619
563	621
563	623
563	625
563	626
563	627
563	629
563	631
563	633
563	634
563	635
563	636
563	639
563	640
563	642
563	645
563	646
563	647
563	649
563	651
563	654
563	658
563	661
563	664
563	665
563	667
563	668
563	669
563	670
563	672
563	673
563	676
563	678
563	685
563	687
563	688
563	692
563	694
563	698
563	711
563	1199
563	1253
563	1314
563	1340
563	1952
563	1956
678	682
678	683
678	685
678	687
678	688
678	690
678	692
678	694
678	698
678	711
678	1206
678	1880
678	1910
616	617
616	619
616	621
616	623
616	625
616	626
616	627
616	629
616	631
616	633
616	634
616	635
616	636
616	639
616	640
616	642
616	645
616	646
616	647
616	649
616	651
616	654
616	658
616	661
616	664
616	665
616	667
616	668
616	669
616	672
616	673
616	676
616	678
616	679
616	681
616	682
616	683
616	687
616	688
616	690
616	692
616	694
616	698
616	711
616	1274
616	1873
616	1971
571	572
571	573
571	574
571	576
571	577
571	580
571	581
571	582
571	584
571	586
571	587
571	588
571	590
571	592
571	593
571	594
571	598
571	604
571	605
571	607
571	609
571	610
571	611
571	613
571	616
571	617
571	619
571	621
571	623
571	625
571	626
571	627
571	629
571	631
571	633
571	634
571	635
571	636
571	640
571	642
571	645
571	646
571	649
571	651
571	654
571	658
571	661
571	664
571	665
571	668
571	669
571	670
571	672
571	673
571	676
571	678
571	679
571	681
571	682
571	685
571	688
571	690
571	692
571	694
571	698
571	711
571	1206
571	1248
571	1267
571	1268
571	1272
571	1866
571	1910
571	1958
571	1971
571	1974
539	542
539	543
539	545
539	547
539	548
539	549
539	551
539	552
539	556
539	558
539	560
539	561
539	563
539	564
539	566
539	570
539	571
539	572
539	573
539	574
539	575
539	576
539	577
539	578
539	580
539	581
539	582
539	584
539	586
539	587
539	588
539	590
539	592
539	593
539	594
539	598
539	599
539	601
539	604
539	607
539	609
539	610
539	611
539	616
539	617
539	619
539	621
539	623
539	625
539	626
539	627
539	629
539	631
539	633
539	634
539	635
539	636
539	639
539	640
539	642
539	645
539	646
539	647
539	649
539	651
539	654
539	661
539	664
539	665
539	667
539	669
539	670
539	673
539	676
539	678
539	679
539	681
539	682
539	683
539	687
539	688
539	690
539	692
539	694
539	711
539	1214
539	1315
539	1968
617	619
617	621
617	623
617	625
617	626
617	627
617	629
617	631
617	633
617	635
617	636
617	639
617	640
617	642
617	645
617	646
617	647
617	649
617	651
617	654
617	658
617	664
617	665
617	667
617	668
617	670
617	672
617	673
617	676
617	678
617	679
617	681
617	682
617	683
617	685
617	687
617	688
617	690
617	692
617	694
617	698
617	711
617	1849
617	1879
646	647
646	649
646	651
646	654
646	658
646	661
646	665
646	667
646	668
646	669
646	670
646	673
646	676
646	678
646	681
646	682
646	683
646	685
646	687
646	688
646	690
646	692
646	694
646	711
646	1272
646	1289
646	1316
646	1843
1306	1309
1306	1311
1306	1314
1306	1315
1306	1316
1306	1319
1306	1320
1306	1325
1306	1340
1306	1945
694	698
694	711
694	1194
694	1218
694	1224
694	1968
610	611
610	613
610	615
610	616
610	617
610	619
610	621
610	623
610	626
610	627
610	629
610	631
610	633
610	634
610	636
610	639
610	640
610	642
610	645
610	646
610	647
610	649
610	654
610	658
610	661
610	664
610	665
610	667
610	668
610	669
610	670
610	672
610	676
610	678
610	679
610	682
610	683
610	685
610	687
610	688
610	690
610	692
610	694
610	698
610	711
582	584
582	587
582	588
582	590
582	592
582	593
582	598
582	599
582	601
582	604
582	605
582	609
582	610
582	611
582	616
582	617
582	621
582	623
582	625
582	626
582	627
582	629
582	631
582	633
582	634
582	636
582	639
582	640
582	642
582	645
582	646
582	647
582	649
582	651
582	654
582	658
582	661
582	664
582	665
582	667
582	668
582	669
582	670
582	672
582	673
582	678
582	681
582	682
582	683
582	685
582	687
582	688
582	692
582	694
582	698
582	711
582	1223
582	1268
582	1309
582	1340
582	1974
541	542
541	543
541	544
541	545
541	546
541	547
541	548
541	549
541	551
541	552
541	556
541	558
541	560
541	561
541	563
541	564
541	566
541	567
541	570
541	571
541	572
541	573
541	574
541	575
541	578
541	580
541	581
541	582
541	586
541	587
541	588
541	590
541	592
541	593
541	594
541	598
541	599
541	601
541	604
541	605
541	609
541	610
541	611
541	613
541	615
541	616
541	617
541	619
541	621
541	623
541	625
541	626
541	627
541	629
541	631
541	633
541	634
541	636
541	639
541	640
541	642
541	645
541	646
541	647
541	651
541	654
541	658
541	661
541	664
541	665
541	667
541	668
541	669
541	670
541	673
541	676
541	678
541	679
541	681
541	682
541	685
541	687
541	688
541	690
541	692
541	694
541	698
541	711
541	1286
541	1846
541	1881
541	1934
572	573
572	574
572	576
572	577
572	578
572	580
572	581
572	582
572	584
572	586
572	587
572	588
572	590
572	592
572	593
572	594
572	599
572	604
572	605
572	607
572	609
572	610
572	611
572	613
572	615
572	616
572	617
572	619
572	621
572	623
572	625
572	626
572	627
572	629
572	631
572	633
572	634
572	635
572	636
572	639
572	640
572	642
572	645
572	647
572	649
572	651
572	654
572	658
572	661
572	664
572	665
572	667
572	670
572	672
572	673
572	676
572	678
572	679
572	681
572	682
572	683
572	685
572	687
572	688
572	690
572	692
572	694
572	698
572	711
572	1198
572	1266
572	1306
572	1934
546	547
546	548
546	551
546	552
546	556
546	558
546	560
546	561
546	564
546	566
546	567
546	570
546	571
546	572
546	573
546	575
546	576
546	577
546	578
546	580
546	581
546	582
546	584
546	586
546	587
546	588
546	590
546	592
546	594
546	598
546	599
546	601
546	604
546	605
546	607
546	609
546	610
546	611
546	613
546	615
546	616
546	617
546	619
546	623
546	625
546	626
546	627
546	629
546	631
546	633
546	634
546	635
546	639
546	640
546	642
546	645
546	646
546	647
546	649
546	651
546	654
546	658
546	661
546	664
546	665
546	667
546	668
546	669
546	672
546	673
546	676
546	679
546	681
546	682
546	683
546	685
546	687
546	688
546	690
546	692
546	694
546	1340
546	1858
546	1911
546	1961
681	682
681	683
681	685
681	687
681	690
681	692
681	694
681	698
681	711
681	1204
681	1845
681	1849
681	1928
543	544
543	545
543	546
543	547
543	548
543	549
543	551
543	552
543	556
543	558
543	560
543	561
543	563
543	564
543	566
543	567
543	570
543	571
543	572
543	573
543	574
543	575
543	577
543	578
543	580
543	581
543	582
543	584
543	586
543	587
543	588
543	590
543	592
543	593
543	594
543	598
543	599
543	601
543	604
543	607
543	609
543	610
543	613
543	615
543	616
543	617
543	619
543	621
543	625
543	626
543	627
543	629
543	631
543	633
543	636
543	640
543	642
543	645
543	646
543	647
543	649
543	651
543	654
543	658
543	661
543	664
543	665
543	667
543	668
543	669
543	672
543	673
543	676
543	679
543	681
543	682
543	683
543	685
543	687
543	688
543	690
543	692
543	694
543	698
543	1324
543	1849
598	599
598	604
598	605
598	607
598	609
598	610
598	611
598	613
598	615
598	616
598	617
598	619
598	621
598	623
598	625
598	626
598	627
598	629
598	631
598	633
598	634
598	635
598	636
598	639
598	640
598	642
598	645
598	646
598	647
598	649
598	654
598	661
598	664
598	665
598	667
598	668
598	669
598	670
598	672
598	673
598	678
598	679
598	682
598	683
598	685
598	687
598	688
598	690
598	692
598	694
598	698
598	1224
598	1292
598	1934
598	1952
544	546
544	547
544	548
544	551
544	552
544	556
544	558
544	560
544	561
544	563
544	564
544	566
544	567
544	570
544	571
544	572
544	573
544	574
544	575
544	576
544	577
544	578
544	581
544	582
544	584
544	586
544	587
544	588
544	590
544	592
544	593
544	594
544	598
544	599
544	601
544	604
544	607
544	609
544	610
544	611
544	613
544	615
544	616
544	619
544	623
544	625
544	626
544	627
544	629
544	631
544	633
544	635
544	636
544	639
544	640
544	642
544	645
544	646
544	647
544	649
544	651
544	654
544	658
544	661
544	665
544	667
544	668
544	669
544	670
544	672
544	673
544	676
544	678
544	679
544	681
544	682
544	683
544	685
544	687
544	688
544	690
544	692
544	694
544	698
544	711
544	1214
544	1860
544	1913
544	1961
567	570
567	571
567	573
567	575
567	576
567	578
567	580
567	581
567	582
567	584
567	586
567	587
567	588
567	590
567	592
567	593
567	594
567	598
567	599
567	601
567	604
567	605
567	607
567	609
567	610
567	611
567	613
567	615
567	616
567	617
567	619
567	621
567	623
567	625
567	626
567	627
567	629
567	633
567	634
567	636
567	639
567	640
567	642
567	645
567	646
567	647
567	649
567	651
567	654
567	658
567	661
567	664
567	665
567	667
567	668
567	669
567	670
567	672
567	673
567	676
567	679
567	681
567	682
567	683
567	685
567	687
567	688
567	690
567	692
567	694
567	698
567	711
567	1214
567	1319
567	1860
567	1935
567	1966
567	1967
670	672
670	676
670	679
670	681
670	682
670	683
670	685
670	687
670	690
670	692
670	694
670	698
670	711
670	1194
670	1214
670	1860
1269	1270
1269	1272
1269	1274
1269	1276
1269	1282
1269	1286
1269	1289
1269	1292
1269	1306
1269	1308
1269	1309
1269	1311
1269	1314
1269	1315
1269	1316
1269	1319
1269	1320
1269	1324
1269	1325
1269	1340
551	552
551	556
551	558
551	560
551	561
551	563
551	567
551	570
551	571
551	572
551	573
551	574
551	576
551	577
551	578
551	580
551	581
551	584
551	586
551	587
551	590
551	592
551	593
551	594
551	598
551	599
551	601
551	604
551	607
551	609
551	610
551	611
551	613
551	615
551	616
551	617
551	619
551	621
551	623
551	626
551	629
551	631
551	633
551	634
551	635
551	636
551	639
551	642
551	646
551	647
551	649
551	654
551	658
551	661
551	664
551	665
551	667
551	669
551	670
551	672
551	673
551	676
551	678
551	679
551	681
551	682
551	683
551	685
551	687
551	688
551	690
551	692
551	694
551	698
551	711
551	1274
551	1847
551	1866
551	1876
551	1911
1218	1223
1218	1233
1218	1248
1218	1250
1218	1253
1218	1267
1218	1268
1218	1270
1218	1272
1218	1274
1218	1276
1218	1282
1218	1286
1218	1289
1218	1292
1218	1306
1218	1308
1218	1309
1218	1311
1218	1315
1218	1316
1218	1319
1218	1320
1218	1324
1218	1325
1218	1340
1218	1877
1218	1954
1218	1955
549	552
549	556
549	558
549	560
549	561
549	563
549	564
549	566
549	567
549	570
549	571
549	572
549	573
549	575
549	576
549	578
549	580
549	581
549	582
549	584
549	586
549	587
549	588
549	590
549	594
549	598
549	599
549	604
549	605
549	609
549	610
549	611
549	613
549	615
549	616
549	617
549	619
549	621
549	623
549	625
549	626
549	627
549	629
549	631
549	633
549	634
549	635
549	636
549	639
549	640
549	642
549	645
549	647
549	649
549	651
549	654
549	661
549	665
549	667
549	668
549	669
549	670
549	672
549	673
549	676
549	678
549	679
549	681
549	683
549	685
549	687
549	688
549	690
549	692
549	694
549	698
549	711
549	1269
549	1286
549	1967
590	592
590	593
590	594
590	598
590	601
590	604
590	605
590	609
590	610
590	611
590	613
590	615
590	617
590	621
590	623
590	626
590	627
590	629
590	631
590	633
590	634
590	635
590	636
590	639
590	640
590	642
590	646
590	647
590	649
590	651
590	654
590	658
590	664
590	667
590	668
590	669
590	670
590	672
590	673
590	678
590	679
590	681
590	682
590	683
590	685
590	687
590	690
590	692
590	694
590	698
590	711
590	1214
590	1309
590	1913
590	1967
679	681
679	682
679	683
679	685
679	687
679	688
679	690
679	692
679	698
679	1267
679	1324
679	1846
679	1858
679	1877
649	651
649	654
649	658
649	661
649	665
649	667
649	668
649	669
649	670
649	672
649	673
649	676
649	678
649	679
649	681
649	682
649	683
649	687
649	688
649	690
649	692
649	694
649	698
649	711
649	1272
649	1862
649	1929
1325	1340
1325	1971
607	609
607	610
607	611
607	613
607	615
607	617
607	619
607	621
607	623
607	625
607	627
607	629
607	631
607	633
607	634
607	635
607	636
607	639
607	640
607	642
607	645
607	646
607	647
607	649
607	651
607	654
607	658
607	661
607	664
607	665
607	667
607	668
607	669
607	670
607	672
607	673
607	676
607	678
607	682
607	683
607	685
607	687
607	688
607	690
607	692
607	694
607	698
607	1866
1292	1306
1292	1308
1292	1311
1292	1315
1292	1316
1292	1319
1292	1320
1292	1324
1292	1325
1292	1340
1249	1250
1249	1253
1249	1266
1249	1267
1249	1268
1249	1269
1249	1270
1249	1274
1249	1276
1249	1282
1249	1286
1249	1289
1249	1292
1249	1308
1249	1309
1249	1314
1249	1315
1249	1316
1249	1320
1249	1324
1249	1325
1249	1340
1249	1842
1249	1967
1217	1218
1217	1223
1217	1224
1217	1229
1217	1233
1217	1248
1217	1249
1217	1250
1217	1253
1217	1266
1217	1267
1217	1268
1217	1269
1217	1274
1217	1282
1217	1286
1217	1289
1217	1292
1217	1306
1217	1308
1217	1309
1217	1311
1217	1314
1217	1315
1217	1316
1217	1319
1217	1320
1217	1324
1217	1325
1217	1340
1217	1929
1253	1266
1253	1267
1253	1268
1253	1269
1253	1270
1253	1272
1253	1276
1253	1282
1253	1286
1253	1289
1253	1292
1253	1306
1253	1308
1253	1315
1253	1319
1253	1320
1253	1324
1253	1325
1253	1340
1315	1316
1315	1319
1315	1320
1315	1324
1315	1325
1248	1249
1248	1250
1248	1253
1248	1266
1248	1267
1248	1268
1248	1269
1248	1270
1248	1276
1248	1286
1248	1289
1248	1292
1248	1306
1248	1311
1248	1314
1248	1315
1248	1316
1248	1319
1248	1320
1248	1324
1248	1325
1248	1340
1248	1956
1248	1958
