# Undirected graph (each unordered pair of nodes is saved once): output/networks/SmallWorldRewire00removeCentrality-90percent.txt
# Nodes: 200 Edges: 6637
# NodeId	NodeId
396	397
396	398
396	399
396	400
396	401
396	402
396	403
396	404
396	405
396	406
396	407
396	408
396	409
396	410
396	411
396	412
396	413
396	414
396	415
396	416
396	417
396	418
396	419
396	420
396	421
396	422
396	423
396	424
396	425
396	426
396	427
396	428
396	429
396	430
396	431
396	432
396	433
396	434
396	435
396	436
396	437
396	438
396	439
396	440
396	441
396	442
396	443
396	444
396	445
396	446
396	447
396	448
396	449
396	450
396	451
396	452
396	453
396	454
396	455
396	456
396	457
396	458
396	459
396	460
396	461
396	462
396	463
396	464
396	465
396	466
396	467
397	398
397	399
397	400
397	401
397	402
397	403
397	404
397	405
397	406
397	407
397	408
397	409
397	410
397	411
397	412
397	413
397	414
397	415
397	416
397	417
397	418
397	419
397	420
397	421
397	422
397	423
397	424
397	425
397	426
397	427
397	428
397	429
397	430
397	431
397	432
397	433
397	434
397	435
397	436
397	437
397	438
397	439
397	440
397	441
397	442
397	443
397	444
397	445
397	446
397	447
397	448
397	449
397	450
397	451
397	452
397	453
397	454
397	455
397	456
397	457
397	458
397	459
397	460
397	461
397	462
397	463
397	464
397	465
397	466
397	467
398	399
398	400
398	401
398	402
398	403
398	404
398	405
398	406
398	407
398	408
398	409
398	410
398	411
398	412
398	413
398	414
398	415
398	416
398	417
398	418
398	419
398	420
398	421
398	422
398	423
398	424
398	425
398	426
398	427
398	428
398	429
398	430
398	431
398	432
398	433
398	434
398	435
398	436
398	437
398	438
398	439
398	440
398	441
398	442
398	443
398	444
398	445
398	446
398	447
398	448
398	449
398	450
398	451
398	452
398	453
398	454
398	455
398	456
398	457
398	458
398	459
398	460
398	461
398	462
398	463
398	464
398	465
398	466
398	467
399	400
399	401
399	402
399	403
399	404
399	405
399	406
399	407
399	408
399	409
399	410
399	411
399	412
399	413
399	414
399	415
399	416
399	417
399	418
399	419
399	420
399	421
399	422
399	423
399	424
399	425
399	426
399	427
399	428
399	429
399	430
399	431
399	432
399	433
399	434
399	435
399	436
399	437
399	438
399	439
399	440
399	441
399	442
399	443
399	444
399	445
399	446
399	447
399	448
399	449
399	450
399	451
399	452
399	453
399	454
399	455
399	456
399	457
399	458
399	459
399	460
399	461
399	462
399	463
399	464
399	465
399	466
399	467
400	401
400	402
400	403
400	404
400	405
400	406
400	407
400	408
400	409
400	410
400	411
400	412
400	413
400	414
400	415
400	416
400	417
400	418
400	419
400	420
400	421
400	422
400	423
400	424
400	425
400	426
400	427
400	428
400	429
400	430
400	431
400	432
400	433
400	434
400	435
400	436
400	437
400	438
400	439
400	440
400	441
400	442
400	443
400	444
400	445
400	446
400	447
400	448
400	449
400	450
400	451
400	452
400	453
400	454
400	455
400	456
400	457
400	458
400	459
400	460
400	461
400	462
400	463
400	464
400	465
400	466
400	467
401	402
401	403
401	404
401	405
401	406
401	407
401	408
401	409
401	410
401	411
401	412
401	413
401	414
401	415
401	416
401	417
401	418
401	419
401	420
401	421
401	422
401	423
401	424
401	425
401	426
401	427
401	428
401	429
401	430
401	431
401	432
401	433
401	434
401	435
401	436
401	437
401	438
401	439
401	440
401	441
401	442
401	443
401	444
401	445
401	446
401	447
401	448
401	449
401	450
401	451
401	452
401	453
401	454
401	455
401	456
401	457
401	458
401	459
401	460
401	461
401	462
401	463
401	464
401	465
401	466
401	467
402	403
402	404
402	405
402	406
402	407
402	408
402	409
402	410
402	411
402	412
402	413
402	414
402	415
402	416
402	417
402	418
402	419
402	420
402	421
402	422
402	423
402	424
402	425
402	426
402	427
402	428
402	429
402	430
402	431
402	432
402	433
402	434
402	435
402	436
402	437
402	438
402	439
402	440
402	441
402	442
402	443
402	444
402	445
402	446
402	447
402	448
402	449
402	450
402	451
402	452
402	453
402	454
402	455
402	456
402	457
402	458
402	459
402	460
402	461
402	462
402	463
402	464
402	465
402	466
402	467
403	404
403	405
403	406
403	407
403	408
403	409
403	410
403	411
403	412
403	413
403	414
403	415
403	416
403	417
403	418
403	419
403	420
403	421
403	422
403	423
403	424
403	425
403	426
403	427
403	428
403	429
403	430
403	431
403	432
403	433
403	434
403	435
403	436
403	437
403	438
403	439
403	440
403	441
403	442
403	443
403	444
403	445
403	446
403	447
403	448
403	449
403	450
403	451
403	452
403	453
403	454
403	455
403	456
403	457
403	458
403	459
403	460
403	461
403	462
403	463
403	464
403	465
403	466
403	467
404	405
404	406
404	407
404	408
404	409
404	410
404	411
404	412
404	413
404	414
404	415
404	416
404	417
404	418
404	419
404	420
404	421
404	422
404	423
404	424
404	425
404	426
404	427
404	428
404	429
404	430
404	431
404	432
404	433
404	434
404	435
404	436
404	437
404	438
404	439
404	440
404	441
404	442
404	443
404	444
404	445
404	446
404	447
404	448
404	449
404	450
404	451
404	452
404	453
404	454
404	455
404	456
404	457
404	458
404	459
404	460
404	461
404	462
404	463
404	464
404	465
404	466
404	467
405	406
405	407
405	408
405	409
405	410
405	411
405	412
405	413
405	414
405	415
405	416
405	417
405	418
405	419
405	420
405	421
405	422
405	423
405	424
405	425
405	426
405	427
405	428
405	429
405	430
405	431
405	432
405	433
405	434
405	435
405	436
405	437
405	438
405	439
405	440
405	441
405	442
405	443
405	444
405	445
405	446
405	447
405	448
405	449
405	450
405	451
405	452
405	453
405	454
405	455
405	456
405	457
405	458
405	459
405	460
405	461
405	462
405	463
405	464
405	465
405	466
405	467
406	407
406	408
406	409
406	410
406	411
406	412
406	413
406	414
406	415
406	416
406	417
406	418
406	419
406	420
406	421
406	422
406	423
406	424
406	425
406	426
406	427
406	428
406	429
406	430
406	431
406	432
406	433
406	434
406	435
406	436
406	437
406	438
406	439
406	440
406	441
406	442
406	443
406	444
406	445
406	446
406	447
406	448
406	449
406	450
406	451
406	452
406	453
406	454
406	455
406	456
406	457
406	458
406	459
406	460
406	461
406	462
406	463
406	464
406	465
406	466
406	467
407	408
407	409
407	410
407	411
407	412
407	413
407	414
407	415
407	416
407	417
407	418
407	419
407	420
407	421
407	422
407	423
407	424
407	425
407	426
407	427
407	428
407	429
407	430
407	431
407	432
407	433
407	434
407	435
407	436
407	437
407	438
407	439
407	440
407	441
407	442
407	443
407	444
407	445
407	446
407	447
407	448
407	449
407	450
407	451
407	452
407	453
407	454
407	455
407	456
407	457
407	458
407	459
407	460
407	461
407	462
407	463
407	464
407	465
407	466
407	467
408	409
408	410
408	411
408	412
408	413
408	414
408	415
408	416
408	417
408	418
408	419
408	420
408	421
408	422
408	423
408	424
408	425
408	426
408	427
408	428
408	429
408	430
408	431
408	432
408	433
408	434
408	435
408	436
408	437
408	438
408	439
408	440
408	441
408	442
408	443
408	444
408	445
408	446
408	447
408	448
408	449
408	450
408	451
408	452
408	453
408	454
408	455
408	456
408	457
408	458
408	459
408	460
408	461
408	462
408	463
408	464
408	465
408	466
408	467
409	410
409	411
409	412
409	413
409	414
409	415
409	416
409	417
409	418
409	419
409	420
409	421
409	422
409	423
409	424
409	425
409	426
409	427
409	428
409	429
409	430
409	431
409	432
409	433
409	434
409	435
409	436
409	437
409	438
409	439
409	440
409	441
409	442
409	443
409	444
409	445
409	446
409	447
409	448
409	449
409	450
409	451
409	452
409	453
409	454
409	455
409	456
409	457
409	458
409	459
409	460
409	461
409	462
409	463
409	464
409	465
409	466
409	467
410	411
410	412
410	413
410	414
410	415
410	416
410	417
410	418
410	419
410	420
410	421
410	422
410	423
410	424
410	425
410	426
410	427
410	428
410	429
410	430
410	431
410	432
410	433
410	434
410	435
410	436
410	437
410	438
410	439
410	440
410	441
410	442
410	443
410	444
410	445
410	446
410	447
410	448
410	449
410	450
410	451
410	452
410	453
410	454
410	455
410	456
410	457
410	458
410	459
410	460
410	461
410	462
410	463
410	464
410	465
410	466
410	467
411	412
411	413
411	414
411	415
411	416
411	417
411	418
411	419
411	420
411	421
411	422
411	423
411	424
411	425
411	426
411	427
411	428
411	429
411	430
411	431
411	432
411	433
411	434
411	435
411	436
411	437
411	438
411	439
411	440
411	441
411	442
411	443
411	444
411	445
411	446
411	447
411	448
411	449
411	450
411	451
411	452
411	453
411	454
411	455
411	456
411	457
411	458
411	459
411	460
411	461
411	462
411	463
411	464
411	465
411	466
411	467
412	413
412	414
412	415
412	416
412	417
412	418
412	419
412	420
412	421
412	422
412	423
412	424
412	425
412	426
412	427
412	428
412	429
412	430
412	431
412	432
412	433
412	434
412	435
412	436
412	437
412	438
412	439
412	440
412	441
412	442
412	443
412	444
412	445
412	446
412	447
412	448
412	449
412	450
412	451
412	452
412	453
412	454
412	455
412	456
412	457
412	458
412	459
412	460
412	461
412	462
412	463
412	464
412	465
412	466
412	467
413	414
413	415
413	416
413	417
413	418
413	419
413	420
413	421
413	422
413	423
413	424
413	425
413	426
413	427
413	428
413	429
413	430
413	431
413	432
413	433
413	434
413	435
413	436
413	437
413	438
413	439
413	440
413	441
413	442
413	443
413	444
413	445
413	446
413	447
413	448
413	449
413	450
413	451
413	452
413	453
413	454
413	455
413	456
413	457
413	458
413	459
413	460
413	461
413	462
413	463
413	464
413	465
413	466
413	467
414	415
414	416
414	417
414	418
414	419
414	420
414	421
414	422
414	423
414	424
414	425
414	426
414	427
414	428
414	429
414	430
414	431
414	432
414	433
414	434
414	435
414	436
414	437
414	438
414	439
414	440
414	441
414	442
414	443
414	444
414	445
414	446
414	447
414	448
414	449
414	450
414	451
414	452
414	453
414	454
414	455
414	456
414	457
414	458
414	459
414	460
414	461
414	462
414	463
414	464
414	465
414	466
414	467
415	416
415	417
415	418
415	419
415	420
415	421
415	422
415	423
415	424
415	425
415	426
415	427
415	428
415	429
415	430
415	431
415	432
415	433
415	434
415	435
415	436
415	437
415	438
415	439
415	440
415	441
415	442
415	443
415	444
415	445
415	446
415	447
415	448
415	449
415	450
415	451
415	452
415	453
415	454
415	455
415	456
415	457
415	458
415	459
415	460
415	461
415	462
415	463
415	464
415	465
415	466
415	467
416	417
416	418
416	419
416	420
416	421
416	422
416	423
416	424
416	425
416	426
416	427
416	428
416	429
416	430
416	431
416	432
416	433
416	434
416	435
416	436
416	437
416	438
416	439
416	440
416	441
416	442
416	443
416	444
416	445
416	446
416	447
416	448
416	449
416	450
416	451
416	452
416	453
416	454
416	455
416	456
416	457
416	458
416	459
416	460
416	461
416	462
416	463
416	464
416	465
416	466
416	467
417	418
417	419
417	420
417	421
417	422
417	423
417	424
417	425
417	426
417	427
417	428
417	429
417	430
417	431
417	432
417	433
417	434
417	435
417	436
417	437
417	438
417	439
417	440
417	441
417	442
417	443
417	444
417	445
417	446
417	447
417	448
417	449
417	450
417	451
417	452
417	453
417	454
417	455
417	456
417	457
417	458
417	459
417	460
417	461
417	462
417	463
417	464
417	465
417	466
417	467
418	419
418	420
418	421
418	422
418	423
418	424
418	425
418	426
418	427
418	428
418	429
418	430
418	431
418	432
418	433
418	434
418	435
418	436
418	437
418	438
418	439
418	440
418	441
418	442
418	443
418	444
418	445
418	446
418	447
418	448
418	449
418	450
418	451
418	452
418	453
418	454
418	455
418	456
418	457
418	458
418	459
418	460
418	461
418	462
418	463
418	464
418	465
418	466
418	467
419	420
419	421
419	422
419	423
419	424
419	425
419	426
419	427
419	428
419	429
419	430
419	431
419	432
419	433
419	434
419	435
419	436
419	437
419	438
419	439
419	440
419	441
419	442
419	443
419	444
419	445
419	446
419	447
419	448
419	449
419	450
419	451
419	452
419	453
419	454
419	455
419	456
419	457
419	458
419	459
419	460
419	461
419	462
419	463
419	464
419	465
419	466
419	467
420	421
420	422
420	423
420	424
420	425
420	426
420	427
420	428
420	429
420	430
420	431
420	432
420	433
420	434
420	435
420	436
420	437
420	438
420	439
420	440
420	441
420	442
420	443
420	444
420	445
420	446
420	447
420	448
420	449
420	450
420	451
420	452
420	453
420	454
420	455
420	456
420	457
420	458
420	459
420	460
420	461
420	462
420	463
420	464
420	465
420	466
420	467
421	422
421	423
421	424
421	425
421	426
421	427
421	428
421	429
421	430
421	431
421	432
421	433
421	434
421	435
421	436
421	437
421	438
421	439
421	440
421	441
421	442
421	443
421	444
421	445
421	446
421	447
421	448
421	449
421	450
421	451
421	452
421	453
421	454
421	455
421	456
421	457
421	458
421	459
421	460
421	461
421	462
421	463
421	464
421	465
421	466
421	467
422	423
422	424
422	425
422	426
422	427
422	428
422	429
422	430
422	431
422	432
422	433
422	434
422	435
422	436
422	437
422	438
422	439
422	440
422	441
422	442
422	443
422	444
422	445
422	446
422	447
422	448
422	449
422	450
422	451
422	452
422	453
422	454
422	455
422	456
422	457
422	458
422	459
422	460
422	461
422	462
422	463
422	464
422	465
422	466
422	467
423	424
423	425
423	426
423	427
423	428
423	429
423	430
423	431
423	432
423	433
423	434
423	435
423	436
423	437
423	438
423	439
423	440
423	441
423	442
423	443
423	444
423	445
423	446
423	447
423	448
423	449
423	450
423	451
423	452
423	453
423	454
423	455
423	456
423	457
423	458
423	459
423	460
423	461
423	462
423	463
423	464
423	465
423	466
423	467
424	425
424	426
424	427
424	428
424	429
424	430
424	431
424	432
424	433
424	434
424	435
424	436
424	437
424	438
424	439
424	440
424	441
424	442
424	443
424	444
424	445
424	446
424	447
424	448
424	449
424	450
424	451
424	452
424	453
424	454
424	455
424	456
424	457
424	458
424	459
424	460
424	461
424	462
424	463
424	464
424	465
424	466
424	467
425	426
425	427
425	428
425	429
425	430
425	431
425	432
425	433
425	434
425	435
425	436
425	437
425	438
425	439
425	440
425	441
425	442
425	443
425	444
425	445
425	446
425	447
425	448
425	449
425	450
425	451
425	452
425	453
425	454
425	455
425	456
425	457
425	458
425	459
425	460
425	461
425	462
425	463
425	464
425	465
425	466
425	467
426	427
426	428
426	429
426	430
426	431
426	432
426	433
426	434
426	435
426	436
426	437
426	438
426	439
426	440
426	441
426	442
426	443
426	444
426	445
426	446
426	447
426	448
426	449
426	450
426	451
426	452
426	453
426	454
426	455
426	456
426	457
426	458
426	459
426	460
426	461
426	462
426	463
426	464
426	465
426	466
426	467
427	428
427	429
427	430
427	431
427	432
427	433
427	434
427	435
427	436
427	437
427	438
427	439
427	440
427	441
427	442
427	443
427	444
427	445
427	446
427	447
427	448
427	449
427	450
427	451
427	452
427	453
427	454
427	455
427	456
427	457
427	458
427	459
427	460
427	461
427	462
427	463
427	464
427	465
427	466
427	467
428	429
428	430
428	431
428	432
428	433
428	434
428	435
428	436
428	437
428	438
428	439
428	440
428	441
428	442
428	443
428	444
428	445
428	446
428	447
428	448
428	449
428	450
428	451
428	452
428	453
428	454
428	455
428	456
428	457
428	458
428	459
428	460
428	461
428	462
428	463
428	464
428	465
428	466
428	467
429	430
429	431
429	432
429	433
429	434
429	435
429	436
429	437
429	438
429	439
429	440
429	441
429	442
429	443
429	444
429	445
429	446
429	447
429	448
429	449
429	450
429	451
429	452
429	453
429	454
429	455
429	456
429	457
429	458
429	459
429	460
429	461
429	462
429	463
429	464
429	465
429	466
429	467
430	431
430	432
430	433
430	434
430	435
430	436
430	437
430	438
430	439
430	440
430	441
430	442
430	443
430	444
430	445
430	446
430	447
430	448
430	449
430	450
430	451
430	452
430	453
430	454
430	455
430	456
430	457
430	458
430	459
430	460
430	461
430	462
430	463
430	464
430	465
430	466
430	467
431	432
431	433
431	434
431	435
431	436
431	437
431	438
431	439
431	440
431	441
431	442
431	443
431	444
431	445
431	446
431	447
431	448
431	449
431	450
431	451
431	452
431	453
431	454
431	455
431	456
431	457
431	458
431	459
431	460
431	461
431	462
431	463
431	464
431	465
431	466
431	467
432	433
432	434
432	435
432	436
432	437
432	438
432	439
432	440
432	441
432	442
432	443
432	444
432	445
432	446
432	447
432	448
432	449
432	450
432	451
432	452
432	453
432	454
432	455
432	456
432	457
432	458
432	459
432	460
432	461
432	462
432	463
432	464
432	465
432	466
432	467
433	434
433	435
433	436
433	437
433	438
433	439
433	440
433	441
433	442
433	443
433	444
433	445
433	446
433	447
433	448
433	449
433	450
433	451
433	452
433	453
433	454
433	455
433	456
433	457
433	458
433	459
433	460
433	461
433	462
433	463
433	464
433	465
433	466
433	467
434	435
434	436
434	437
434	438
434	439
434	440
434	441
434	442
434	443
434	444
434	445
434	446
434	447
434	448
434	449
434	450
434	451
434	452
434	453
434	454
434	455
434	456
434	457
434	458
434	459
434	460
434	461
434	462
434	463
434	464
434	465
434	466
434	467
435	436
435	437
435	438
435	439
435	440
435	441
435	442
435	443
435	444
435	445
435	446
435	447
435	448
435	449
435	450
435	451
435	452
435	453
435	454
435	455
435	456
435	457
435	458
435	459
435	460
435	461
435	462
435	463
435	464
435	465
435	466
435	467
436	437
436	438
436	439
436	440
436	441
436	442
436	443
436	444
436	445
436	446
436	447
436	448
436	449
436	450
436	451
436	452
436	453
436	454
436	455
436	456
436	457
436	458
436	459
436	460
436	461
436	462
436	463
436	464
436	465
436	466
436	467
437	438
437	439
437	440
437	441
437	442
437	443
437	444
437	445
437	446
437	447
437	448
437	449
437	450
437	451
437	452
437	453
437	454
437	455
437	456
437	457
437	458
437	459
437	460
437	461
437	462
437	463
437	464
437	465
437	466
437	467
438	439
438	440
438	441
438	442
438	443
438	444
438	445
438	446
438	447
438	448
438	449
438	450
438	451
438	452
438	453
438	454
438	455
438	456
438	457
438	458
438	459
438	460
438	461
438	462
438	463
438	464
438	465
438	466
438	467
439	440
439	441
439	442
439	443
439	444
439	445
439	446
439	447
439	448
439	449
439	450
439	451
439	452
439	453
439	454
439	455
439	456
439	457
439	458
439	459
439	460
439	461
439	462
439	463
439	464
439	465
439	466
439	467
440	441
440	442
440	443
440	444
440	445
440	446
440	447
440	448
440	449
440	450
440	451
440	452
440	453
440	454
440	455
440	456
440	457
440	458
440	459
440	460
440	461
440	462
440	463
440	464
440	465
440	466
440	467
441	442
441	443
441	444
441	445
441	446
441	447
441	448
441	449
441	450
441	451
441	452
441	453
441	454
441	455
441	456
441	457
441	458
441	459
441	460
441	461
441	462
441	463
441	464
441	465
441	466
441	467
442	443
442	444
442	445
442	446
442	447
442	448
442	449
442	450
442	451
442	452
442	453
442	454
442	455
442	456
442	457
442	458
442	459
442	460
442	461
442	462
442	463
442	464
442	465
442	466
442	467
443	444
443	445
443	446
443	447
443	448
443	449
443	450
443	451
443	452
443	453
443	454
443	455
443	456
443	457
443	458
443	459
443	460
443	461
443	462
443	463
443	464
443	465
443	466
443	467
444	445
444	446
444	447
444	448
444	449
444	450
444	451
444	452
444	453
444	454
444	455
444	456
444	457
444	458
444	459
444	460
444	461
444	462
444	463
444	464
444	465
444	466
444	467
445	446
445	447
445	448
445	449
445	450
445	451
445	452
445	453
445	454
445	455
445	456
445	457
445	458
445	459
445	460
445	461
445	462
445	463
445	464
445	465
445	466
445	467
446	447
446	448
446	449
446	450
446	451
446	452
446	453
446	454
446	455
446	456
446	457
446	458
446	459
446	460
446	461
446	462
446	463
446	464
446	465
446	466
446	467
447	448
447	449
447	450
447	451
447	452
447	453
447	454
447	455
447	456
447	457
447	458
447	459
447	460
447	461
447	462
447	463
447	464
447	465
447	466
447	467
448	449
448	450
448	451
448	452
448	453
448	454
448	455
448	456
448	457
448	458
448	459
448	460
448	461
448	462
448	463
448	464
448	465
448	466
448	467
449	450
449	451
449	452
449	453
449	454
449	455
449	456
449	457
449	458
449	459
449	460
449	461
449	462
449	463
449	464
449	465
449	466
449	467
450	451
450	452
450	453
450	454
450	455
450	456
450	457
450	458
450	459
450	460
450	461
450	462
450	463
450	464
450	465
450	466
450	467
451	452
451	453
451	454
451	455
451	456
451	457
451	458
451	459
451	460
451	461
451	462
451	463
451	464
451	465
451	466
451	467
452	453
452	454
452	455
452	456
452	457
452	458
452	459
452	460
452	461
452	462
452	463
452	464
452	465
452	466
452	467
453	454
453	455
453	456
453	457
453	458
453	459
453	460
453	461
453	462
453	463
453	464
453	465
453	466
453	467
454	455
454	456
454	457
454	458
454	459
454	460
454	461
454	462
454	463
454	464
454	465
454	466
454	467
455	456
455	457
455	458
455	459
455	460
455	461
455	462
455	463
455	464
455	465
455	466
455	467
456	457
456	458
456	459
456	460
456	461
456	462
456	463
456	464
456	465
456	466
456	467
457	458
457	459
457	460
457	461
457	462
457	463
457	464
457	465
457	466
457	467
458	459
458	460
458	461
458	462
458	463
458	464
458	465
458	466
458	467
459	460
459	461
459	462
459	463
459	464
459	465
459	466
459	467
460	461
460	462
460	463
460	464
460	465
460	466
460	467
461	462
461	463
461	464
461	465
461	466
461	467
462	463
462	464
462	465
462	466
462	467
463	464
463	465
463	466
463	467
464	465
464	466
464	467
465	466
465	467
466	467
1798	1799
1798	1800
1798	1801
1798	1802
1798	1803
1798	1804
1798	1805
1798	1806
1798	1807
1798	1808
1798	1809
1798	1810
1798	1811
1798	1812
1798	1813
1798	1814
1798	1815
1798	1816
1798	1817
1798	1818
1798	1819
1798	1820
1798	1821
1798	1822
1798	1823
1798	1824
1798	1825
1798	1826
1798	1827
1798	1828
1798	1829
1798	1830
1798	1831
1798	1832
1798	1833
1798	1834
1798	1835
1798	1836
1798	1837
1798	1838
1798	1839
1798	1840
1798	1841
1798	1842
1798	1843
1798	1844
1798	1845
1798	1846
1798	1847
1798	1848
1798	1849
1798	1850
1798	1851
1798	1852
1798	1853
1798	1854
1798	1855
1798	1856
1798	1857
1798	1858
1798	1859
1798	1860
1798	1861
1798	1862
1798	1863
1798	1864
1798	1865
1798	1866
1798	1867
1798	1868
1799	1800
1799	1801
1799	1802
1799	1803
1799	1804
1799	1805
1799	1806
1799	1807
1799	1808
1799	1809
1799	1810
1799	1811
1799	1812
1799	1813
1799	1814
1799	1815
1799	1816
1799	1817
1799	1818
1799	1819
1799	1820
1799	1821
1799	1822
1799	1823
1799	1824
1799	1825
1799	1826
1799	1827
1799	1828
1799	1829
1799	1830
1799	1831
1799	1832
1799	1833
1799	1834
1799	1835
1799	1836
1799	1837
1799	1838
1799	1839
1799	1840
1799	1841
1799	1842
1799	1843
1799	1844
1799	1845
1799	1846
1799	1847
1799	1848
1799	1849
1799	1850
1799	1851
1799	1852
1799	1853
1799	1854
1799	1855
1799	1856
1799	1857
1799	1858
1799	1859
1799	1860
1799	1861
1799	1862
1799	1863
1799	1864
1799	1865
1799	1866
1799	1867
1799	1868
1800	1801
1800	1802
1800	1803
1800	1804
1800	1805
1800	1806
1800	1807
1800	1808
1800	1809
1800	1810
1800	1811
1800	1812
1800	1813
1800	1814
1800	1815
1800	1816
1800	1817
1800	1818
1800	1819
1800	1820
1800	1821
1800	1822
1800	1823
1800	1824
1800	1825
1800	1826
1800	1827
1800	1828
1800	1829
1800	1830
1800	1831
1800	1832
1800	1833
1800	1834
1800	1835
1800	1836
1800	1837
1800	1838
1800	1839
1800	1840
1800	1841
1800	1842
1800	1843
1800	1844
1800	1845
1800	1846
1800	1847
1800	1848
1800	1849
1800	1850
1800	1851
1800	1852
1800	1853
1800	1854
1800	1855
1800	1856
1800	1857
1800	1858
1800	1859
1800	1860
1800	1861
1800	1862
1800	1863
1800	1864
1800	1865
1800	1866
1800	1867
1800	1868
1801	1802
1801	1803
1801	1804
1801	1805
1801	1806
1801	1807
1801	1808
1801	1809
1801	1810
1801	1811
1801	1812
1801	1813
1801	1814
1801	1815
1801	1816
1801	1817
1801	1818
1801	1819
1801	1820
1801	1821
1801	1822
1801	1823
1801	1824
1801	1825
1801	1826
1801	1827
1801	1828
1801	1829
1801	1830
1801	1831
1801	1832
1801	1833
1801	1834
1801	1835
1801	1836
1801	1837
1801	1838
1801	1839
1801	1840
1801	1841
1801	1842
1801	1843
1801	1844
1801	1845
1801	1846
1801	1847
1801	1848
1801	1849
1801	1850
1801	1851
1801	1852
1801	1853
1801	1854
1801	1855
1801	1856
1801	1857
1801	1858
1801	1859
1801	1860
1801	1861
1801	1862
1801	1863
1801	1864
1801	1865
1801	1866
1801	1867
1801	1868
1802	1803
1802	1804
1802	1805
1802	1806
1802	1807
1802	1808
1802	1809
1802	1810
1802	1811
1802	1812
1802	1813
1802	1814
1802	1815
1802	1816
1802	1817
1802	1818
1802	1819
1802	1820
1802	1821
1802	1822
1802	1823
1802	1824
1802	1825
1802	1826
1802	1827
1802	1828
1802	1829
1802	1830
1802	1831
1802	1832
1802	1833
1802	1834
1802	1835
1802	1836
1802	1837
1802	1838
1802	1839
1802	1840
1802	1841
1802	1842
1802	1843
1802	1844
1802	1845
1802	1846
1802	1847
1802	1848
1802	1849
1802	1850
1802	1851
1802	1852
1802	1853
1802	1854
1802	1855
1802	1856
1802	1857
1802	1858
1802	1859
1802	1860
1802	1861
1802	1862
1802	1863
1802	1864
1802	1865
1802	1866
1802	1867
1802	1868
1803	1804
1803	1805
1803	1806
1803	1807
1803	1808
1803	1809
1803	1810
1803	1811
1803	1812
1803	1813
1803	1814
1803	1815
1803	1816
1803	1817
1803	1818
1803	1819
1803	1820
1803	1821
1803	1822
1803	1823
1803	1824
1803	1825
1803	1826
1803	1827
1803	1828
1803	1829
1803	1830
1803	1831
1803	1832
1803	1833
1803	1834
1803	1835
1803	1836
1803	1837
1803	1838
1803	1839
1803	1840
1803	1841
1803	1842
1803	1843
1803	1844
1803	1845
1803	1846
1803	1847
1803	1848
1803	1849
1803	1850
1803	1851
1803	1852
1803	1853
1803	1854
1803	1855
1803	1856
1803	1857
1803	1858
1803	1859
1803	1860
1803	1861
1803	1862
1803	1863
1803	1864
1803	1865
1803	1866
1803	1867
1803	1868
1804	1805
1804	1806
1804	1807
1804	1808
1804	1809
1804	1810
1804	1811
1804	1812
1804	1813
1804	1814
1804	1815
1804	1816
1804	1817
1804	1818
1804	1819
1804	1820
1804	1821
1804	1822
1804	1823
1804	1824
1804	1825
1804	1826
1804	1827
1804	1828
1804	1829
1804	1830
1804	1831
1804	1832
1804	1833
1804	1834
1804	1835
1804	1836
1804	1837
1804	1838
1804	1839
1804	1840
1804	1841
1804	1842
1804	1843
1804	1844
1804	1845
1804	1846
1804	1847
1804	1848
1804	1849
1804	1850
1804	1851
1804	1852
1804	1853
1804	1854
1804	1855
1804	1856
1804	1857
1804	1858
1804	1859
1804	1860
1804	1861
1804	1862
1804	1863
1804	1864
1804	1865
1804	1866
1804	1867
1804	1868
1805	1806
1805	1807
1805	1808
1805	1809
1805	1810
1805	1811
1805	1812
1805	1813
1805	1814
1805	1815
1805	1816
1805	1817
1805	1818
1805	1819
1805	1820
1805	1821
1805	1822
1805	1823
1805	1824
1805	1825
1805	1826
1805	1827
1805	1828
1805	1829
1805	1830
1805	1831
1805	1832
1805	1833
1805	1834
1805	1835
1805	1836
1805	1837
1805	1838
1805	1839
1805	1840
1805	1841
1805	1842
1805	1843
1805	1844
1805	1845
1805	1846
1805	1847
1805	1848
1805	1849
1805	1850
1805	1851
1805	1852
1805	1853
1805	1854
1805	1855
1805	1856
1805	1857
1805	1858
1805	1859
1805	1860
1805	1861
1805	1862
1805	1863
1805	1864
1805	1865
1805	1866
1805	1867
1805	1868
1806	1807
1806	1808
1806	1809
1806	1810
1806	1811
1806	1812
1806	1813
1806	1814
1806	1815
1806	1816
1806	1817
1806	1818
1806	1819
1806	1820
1806	1821
1806	1822
1806	1823
1806	1824
1806	1825
1806	1826
1806	1827
1806	1828
1806	1829
1806	1830
1806	1831
1806	1832
1806	1833
1806	1834
1806	1835
1806	1836
1806	1837
1806	1838
1806	1839
1806	1840
1806	1841
1806	1842
1806	1843
1806	1844
1806	1845
1806	1846
1806	1847
1806	1848
1806	1849
1806	1850
1806	1851
1806	1852
1806	1853
1806	1854
1806	1855
1806	1856
1806	1857
1806	1858
1806	1859
1806	1860
1806	1861
1806	1862
1806	1863
1806	1864
1806	1865
1806	1866
1806	1867
1806	1868
1807	1808
1807	1809
1807	1810
1807	1811
1807	1812
1807	1813
1807	1814
1807	1815
1807	1816
1807	1817
1807	1818
1807	1819
1807	1820
1807	1821
1807	1822
1807	1823
1807	1824
1807	1825
1807	1826
1807	1827
1807	1828
1807	1829
1807	1830
1807	1831
1807	1832
1807	1833
1807	1834
1807	1835
1807	1836
1807	1837
1807	1838
1807	1839
1807	1840
1807	1841
1807	1842
1807	1843
1807	1844
1807	1845
1807	1846
1807	1847
1807	1848
1807	1849
1807	1850
1807	1851
1807	1852
1807	1853
1807	1854
1807	1855
1807	1856
1807	1857
1807	1858
1807	1859
1807	1860
1807	1861
1807	1862
1807	1863
1807	1864
1807	1865
1807	1866
1807	1867
1807	1868
1808	1809
1808	1810
1808	1811
1808	1812
1808	1813
1808	1814
1808	1815
1808	1816
1808	1817
1808	1818
1808	1819
1808	1820
1808	1821
1808	1822
1808	1823
1808	1824
1808	1825
1808	1826
1808	1827
1808	1828
1808	1829
1808	1830
1808	1831
1808	1832
1808	1833
1808	1834
1808	1835
1808	1836
1808	1837
1808	1838
1808	1839
1808	1840
1808	1841
1808	1842
1808	1843
1808	1844
1808	1845
1808	1846
1808	1847
1808	1848
1808	1849
1808	1850
1808	1851
1808	1852
1808	1853
1808	1854
1808	1855
1808	1856
1808	1857
1808	1858
1808	1859
1808	1860
1808	1861
1808	1862
1808	1863
1808	1864
1808	1865
1808	1866
1808	1867
1808	1868
1809	1810
1809	1811
1809	1812
1809	1813
1809	1814
1809	1815
1809	1816
1809	1817
1809	1818
1809	1819
1809	1820
1809	1821
1809	1822
1809	1823
1809	1824
1809	1825
1809	1826
1809	1827
1809	1828
1809	1829
1809	1830
1809	1831
1809	1832
1809	1833
1809	1834
1809	1835
1809	1836
1809	1837
1809	1838
1809	1839
1809	1840
1809	1841
1809	1842
1809	1843
1809	1844
1809	1845
1809	1846
1809	1847
1809	1848
1809	1849
1809	1850
1809	1851
1809	1852
1809	1853
1809	1854
1809	1855
1809	1856
1809	1857
1809	1858
1809	1859
1809	1860
1809	1861
1809	1862
1809	1863
1809	1864
1809	1865
1809	1866
1809	1867
1809	1868
1810	1811
1810	1812
1810	1813
1810	1814
1810	1815
1810	1816
1810	1817
1810	1818
1810	1819
1810	1820
1810	1821
1810	1822
1810	1823
1810	1824
1810	1825
1810	1826
1810	1827
1810	1828
1810	1829
1810	1830
1810	1831
1810	1832
1810	1833
1810	1834
1810	1835
1810	1836
1810	1837
1810	1838
1810	1839
1810	1840
1810	1841
1810	1842
1810	1843
1810	1844
1810	1845
1810	1846
1810	1847
1810	1848
1810	1849
1810	1850
1810	1851
1810	1852
1810	1853
1810	1854
1810	1855
1810	1856
1810	1857
1810	1858
1810	1859
1810	1860
1810	1861
1810	1862
1810	1863
1810	1864
1810	1865
1810	1866
1810	1867
1810	1868
1811	1812
1811	1813
1811	1814
1811	1815
1811	1816
1811	1817
1811	1818
1811	1819
1811	1820
1811	1821
1811	1822
1811	1823
1811	1824
1811	1825
1811	1826
1811	1827
1811	1828
1811	1829
1811	1830
1811	1831
1811	1832
1811	1833
1811	1834
1811	1835
1811	1836
1811	1837
1811	1838
1811	1839
1811	1840
1811	1841
1811	1842
1811	1843
1811	1844
1811	1845
1811	1846
1811	1847
1811	1848
1811	1849
1811	1850
1811	1851
1811	1852
1811	1853
1811	1854
1811	1855
1811	1856
1811	1857
1811	1858
1811	1859
1811	1860
1811	1861
1811	1862
1811	1863
1811	1864
1811	1865
1811	1866
1811	1867
1811	1868
1812	1813
1812	1814
1812	1815
1812	1816
1812	1817
1812	1818
1812	1819
1812	1820
1812	1821
1812	1822
1812	1823
1812	1824
1812	1825
1812	1826
1812	1827
1812	1828
1812	1829
1812	1830
1812	1831
1812	1832
1812	1833
1812	1834
1812	1835
1812	1836
1812	1837
1812	1838
1812	1839
1812	1840
1812	1841
1812	1842
1812	1843
1812	1844
1812	1845
1812	1846
1812	1847
1812	1848
1812	1849
1812	1850
1812	1851
1812	1852
1812	1853
1812	1854
1812	1855
1812	1856
1812	1857
1812	1858
1812	1859
1812	1860
1812	1861
1812	1862
1812	1863
1812	1864
1812	1865
1812	1866
1812	1867
1812	1868
1813	1814
1813	1815
1813	1816
1813	1817
1813	1818
1813	1819
1813	1820
1813	1821
1813	1822
1813	1823
1813	1824
1813	1825
1813	1826
1813	1827
1813	1828
1813	1829
1813	1830
1813	1831
1813	1832
1813	1833
1813	1834
1813	1835
1813	1836
1813	1837
1813	1838
1813	1839
1813	1840
1813	1841
1813	1842
1813	1843
1813	1844
1813	1845
1813	1846
1813	1847
1813	1848
1813	1849
1813	1850
1813	1851
1813	1852
1813	1853
1813	1854
1813	1855
1813	1856
1813	1857
1813	1858
1813	1859
1813	1860
1813	1861
1813	1862
1813	1863
1813	1864
1813	1865
1813	1866
1813	1867
1813	1868
1814	1815
1814	1816
1814	1817
1814	1818
1814	1819
1814	1820
1814	1821
1814	1822
1814	1823
1814	1824
1814	1825
1814	1826
1814	1827
1814	1828
1814	1829
1814	1830
1814	1831
1814	1832
1814	1833
1814	1834
1814	1835
1814	1836
1814	1837
1814	1838
1814	1839
1814	1840
1814	1841
1814	1842
1814	1843
1814	1844
1814	1845
1814	1846
1814	1847
1814	1848
1814	1849
1814	1850
1814	1851
1814	1852
1814	1853
1814	1854
1814	1855
1814	1856
1814	1857
1814	1858
1814	1859
1814	1860
1814	1861
1814	1862
1814	1863
1814	1864
1814	1865
1814	1866
1814	1867
1814	1868
1815	1816
1815	1817
1815	1818
1815	1819
1815	1820
1815	1821
1815	1822
1815	1823
1815	1824
1815	1825
1815	1826
1815	1827
1815	1828
1815	1829
1815	1830
1815	1831
1815	1832
1815	1833
1815	1834
1815	1835
1815	1836
1815	1837
1815	1838
1815	1839
1815	1840
1815	1841
1815	1842
1815	1843
1815	1844
1815	1845
1815	1846
1815	1847
1815	1848
1815	1849
1815	1850
1815	1851
1815	1852
1815	1853
1815	1854
1815	1855
1815	1856
1815	1857
1815	1858
1815	1859
1815	1860
1815	1861
1815	1862
1815	1863
1815	1864
1815	1865
1815	1866
1815	1867
1815	1868
1816	1817
1816	1818
1816	1819
1816	1820
1816	1821
1816	1822
1816	1823
1816	1824
1816	1825
1816	1826
1816	1827
1816	1828
1816	1829
1816	1830
1816	1831
1816	1832
1816	1833
1816	1834
1816	1835
1816	1836
1816	1837
1816	1838
1816	1839
1816	1840
1816	1841
1816	1842
1816	1843
1816	1844
1816	1845
1816	1846
1816	1847
1816	1848
1816	1849
1816	1850
1816	1851
1816	1852
1816	1853
1816	1854
1816	1855
1816	1856
1816	1857
1816	1858
1816	1859
1816	1860
1816	1861
1816	1862
1816	1863
1816	1864
1816	1865
1816	1866
1816	1867
1816	1868
1817	1818
1817	1819
1817	1820
1817	1821
1817	1822
1817	1823
1817	1824
1817	1825
1817	1826
1817	1827
1817	1828
1817	1829
1817	1830
1817	1831
1817	1832
1817	1833
1817	1834
1817	1835
1817	1836
1817	1837
1817	1838
1817	1839
1817	1840
1817	1841
1817	1842
1817	1843
1817	1844
1817	1845
1817	1846
1817	1847
1817	1848
1817	1849
1817	1850
1817	1851
1817	1852
1817	1853
1817	1854
1817	1855
1817	1856
1817	1857
1817	1858
1817	1859
1817	1860
1817	1861
1817	1862
1817	1863
1817	1864
1817	1865
1817	1866
1817	1867
1817	1868
1818	1819
1818	1820
1818	1821
1818	1822
1818	1823
1818	1824
1818	1825
1818	1826
1818	1827
1818	1828
1818	1829
1818	1830
1818	1831
1818	1832
1818	1833
1818	1834
1818	1835
1818	1836
1818	1837
1818	1838
1818	1839
1818	1840
1818	1841
1818	1842
1818	1843
1818	1844
1818	1845
1818	1846
1818	1847
1818	1848
1818	1849
1818	1850
1818	1851
1818	1852
1818	1853
1818	1854
1818	1855
1818	1856
1818	1857
1818	1858
1818	1859
1818	1860
1818	1861
1818	1862
1818	1863
1818	1864
1818	1865
1818	1866
1818	1867
1818	1868
1819	1820
1819	1821
1819	1822
1819	1823
1819	1824
1819	1825
1819	1826
1819	1827
1819	1828
1819	1829
1819	1830
1819	1831
1819	1832
1819	1833
1819	1834
1819	1835
1819	1836
1819	1837
1819	1838
1819	1839
1819	1840
1819	1841
1819	1842
1819	1843
1819	1844
1819	1845
1819	1846
1819	1847
1819	1848
1819	1849
1819	1850
1819	1851
1819	1852
1819	1853
1819	1854
1819	1855
1819	1856
1819	1857
1819	1858
1819	1859
1819	1860
1819	1861
1819	1862
1819	1863
1819	1864
1819	1865
1819	1866
1819	1867
1819	1868
1820	1821
1820	1822
1820	1823
1820	1824
1820	1825
1820	1826
1820	1827
1820	1828
1820	1829
1820	1830
1820	1831
1820	1832
1820	1833
1820	1834
1820	1835
1820	1836
1820	1837
1820	1838
1820	1839
1820	1840
1820	1841
1820	1842
1820	1843
1820	1844
1820	1845
1820	1846
1820	1847
1820	1848
1820	1849
1820	1850
1820	1851
1820	1852
1820	1853
1820	1854
1820	1855
1820	1856
1820	1857
1820	1858
1820	1859
1820	1860
1820	1861
1820	1862
1820	1863
1820	1864
1820	1865
1820	1866
1820	1867
1820	1868
1821	1822
1821	1823
1821	1824
1821	1825
1821	1826
1821	1827
1821	1828
1821	1829
1821	1830
1821	1831
1821	1832
1821	1833
1821	1834
1821	1835
1821	1836
1821	1837
1821	1838
1821	1839
1821	1840
1821	1841
1821	1842
1821	1843
1821	1844
1821	1845
1821	1846
1821	1847
1821	1848
1821	1849
1821	1850
1821	1851
1821	1852
1821	1853
1821	1854
1821	1855
1821	1856
1821	1857
1821	1858
1821	1859
1821	1860
1821	1861
1821	1862
1821	1863
1821	1864
1821	1865
1821	1866
1821	1867
1821	1868
1822	1823
1822	1824
1822	1825
1822	1826
1822	1827
1822	1828
1822	1829
1822	1830
1822	1831
1822	1832
1822	1833
1822	1834
1822	1835
1822	1836
1822	1837
1822	1838
1822	1839
1822	1840
1822	1841
1822	1842
1822	1843
1822	1844
1822	1845
1822	1846
1822	1847
1822	1848
1822	1849
1822	1850
1822	1851
1822	1852
1822	1853
1822	1854
1822	1855
1822	1856
1822	1857
1822	1858
1822	1859
1822	1860
1822	1861
1822	1862
1822	1863
1822	1864
1822	1865
1822	1866
1822	1867
1822	1868
1823	1824
1823	1825
1823	1826
1823	1827
1823	1828
1823	1829
1823	1830
1823	1831
1823	1832
1823	1833
1823	1834
1823	1835
1823	1836
1823	1837
1823	1838
1823	1839
1823	1840
1823	1841
1823	1842
1823	1843
1823	1844
1823	1845
1823	1846
1823	1847
1823	1848
1823	1849
1823	1850
1823	1851
1823	1852
1823	1853
1823	1854
1823	1855
1823	1856
1823	1857
1823	1858
1823	1859
1823	1860
1823	1861
1823	1862
1823	1863
1823	1864
1823	1865
1823	1866
1823	1867
1823	1868
1824	1825
1824	1826
1824	1827
1824	1828
1824	1829
1824	1830
1824	1831
1824	1832
1824	1833
1824	1834
1824	1835
1824	1836
1824	1837
1824	1838
1824	1839
1824	1840
1824	1841
1824	1842
1824	1843
1824	1844
1824	1845
1824	1846
1824	1847
1824	1848
1824	1849
1824	1850
1824	1851
1824	1852
1824	1853
1824	1854
1824	1855
1824	1856
1824	1857
1824	1858
1824	1859
1824	1860
1824	1861
1824	1862
1824	1863
1824	1864
1824	1865
1824	1866
1824	1867
1824	1868
1825	1826
1825	1827
1825	1828
1825	1829
1825	1830
1825	1831
1825	1832
1825	1833
1825	1834
1825	1835
1825	1836
1825	1837
1825	1838
1825	1839
1825	1840
1825	1841
1825	1842
1825	1843
1825	1844
1825	1845
1825	1846
1825	1847
1825	1848
1825	1849
1825	1850
1825	1851
1825	1852
1825	1853
1825	1854
1825	1855
1825	1856
1825	1857
1825	1858
1825	1859
1825	1860
1825	1861
1825	1862
1825	1863
1825	1864
1825	1865
1825	1866
1825	1867
1825	1868
1826	1827
1826	1828
1826	1829
1826	1830
1826	1831
1826	1832
1826	1833
1826	1834
1826	1835
1826	1836
1826	1837
1826	1838
1826	1839
1826	1840
1826	1841
1826	1842
1826	1843
1826	1844
1826	1845
1826	1846
1826	1847
1826	1848
1826	1849
1826	1850
1826	1851
1826	1852
1826	1853
1826	1854
1826	1855
1826	1856
1826	1857
1826	1858
1826	1859
1826	1860
1826	1861
1826	1862
1826	1863
1826	1864
1826	1865
1826	1866
1826	1867
1826	1868
1827	1828
1827	1829
1827	1830
1827	1831
1827	1832
1827	1833
1827	1834
1827	1835
1827	1836
1827	1837
1827	1838
1827	1839
1827	1840
1827	1841
1827	1842
1827	1843
1827	1844
1827	1845
1827	1846
1827	1847
1827	1848
1827	1849
1827	1850
1827	1851
1827	1852
1827	1853
1827	1854
1827	1855
1827	1856
1827	1857
1827	1858
1827	1859
1827	1860
1827	1861
1827	1862
1827	1863
1827	1864
1827	1865
1827	1866
1827	1867
1827	1868
1828	1829
1828	1830
1828	1831
1828	1832
1828	1833
1828	1834
1828	1835
1828	1836
1828	1837
1828	1838
1828	1839
1828	1840
1828	1841
1828	1842
1828	1843
1828	1844
1828	1845
1828	1846
1828	1847
1828	1848
1828	1849
1828	1850
1828	1851
1828	1852
1828	1853
1828	1854
1828	1855
1828	1856
1828	1857
1828	1858
1828	1859
1828	1860
1828	1861
1828	1862
1828	1863
1828	1864
1828	1865
1828	1866
1828	1867
1828	1868
1829	1830
1829	1831
1829	1832
1829	1833
1829	1834
1829	1835
1829	1836
1829	1837
1829	1838
1829	1839
1829	1840
1829	1841
1829	1842
1829	1843
1829	1844
1829	1845
1829	1846
1829	1847
1829	1848
1829	1849
1829	1850
1829	1851
1829	1852
1829	1853
1829	1854
1829	1855
1829	1856
1829	1857
1829	1858
1829	1859
1829	1860
1829	1861
1829	1862
1829	1863
1829	1864
1829	1865
1829	1866
1829	1867
1829	1868
1830	1831
1830	1832
1830	1833
1830	1834
1830	1835
1830	1836
1830	1837
1830	1838
1830	1839
1830	1840
1830	1841
1830	1842
1830	1843
1830	1844
1830	1845
1830	1846
1830	1847
1830	1848
1830	1849
1830	1850
1830	1851
1830	1852
1830	1853
1830	1854
1830	1855
1830	1856
1830	1857
1830	1858
1830	1859
1830	1860
1830	1861
1830	1862
1830	1863
1830	1864
1830	1865
1830	1866
1830	1867
1830	1868
1831	1832
1831	1833
1831	1834
1831	1835
1831	1836
1831	1837
1831	1838
1831	1839
1831	1840
1831	1841
1831	1842
1831	1843
1831	1844
1831	1845
1831	1846
1831	1847
1831	1848
1831	1849
1831	1850
1831	1851
1831	1852
1831	1853
1831	1854
1831	1855
1831	1856
1831	1857
1831	1858
1831	1859
1831	1860
1831	1861
1831	1862
1831	1863
1831	1864
1831	1865
1831	1866
1831	1867
1831	1868
1832	1833
1832	1834
1832	1835
1832	1836
1832	1837
1832	1838
1832	1839
1832	1840
1832	1841
1832	1842
1832	1843
1832	1844
1832	1845
1832	1846
1832	1847
1832	1848
1832	1849
1832	1850
1832	1851
1832	1852
1832	1853
1832	1854
1832	1855
1832	1856
1832	1857
1832	1858
1832	1859
1832	1860
1832	1861
1832	1862
1832	1863
1832	1864
1832	1865
1832	1866
1832	1867
1832	1868
1833	1834
1833	1835
1833	1836
1833	1837
1833	1838
1833	1839
1833	1840
1833	1841
1833	1842
1833	1843
1833	1844
1833	1845
1833	1846
1833	1847
1833	1848
1833	1849
1833	1850
1833	1851
1833	1852
1833	1853
1833	1854
1833	1855
1833	1856
1833	1857
1833	1858
1833	1859
1833	1860
1833	1861
1833	1862
1833	1863
1833	1864
1833	1865
1833	1866
1833	1867
1833	1868
1834	1835
1834	1836
1834	1837
1834	1838
1834	1839
1834	1840
1834	1841
1834	1842
1834	1843
1834	1844
1834	1845
1834	1846
1834	1847
1834	1848
1834	1849
1834	1850
1834	1851
1834	1852
1834	1853
1834	1854
1834	1855
1834	1856
1834	1857
1834	1858
1834	1859
1834	1860
1834	1861
1834	1862
1834	1863
1834	1864
1834	1865
1834	1866
1834	1867
1834	1868
1835	1836
1835	1837
1835	1838
1835	1839
1835	1840
1835	1841
1835	1842
1835	1843
1835	1844
1835	1845
1835	1846
1835	1847
1835	1848
1835	1849
1835	1850
1835	1851
1835	1852
1835	1853
1835	1854
1835	1855
1835	1856
1835	1857
1835	1858
1835	1859
1835	1860
1835	1861
1835	1862
1835	1863
1835	1864
1835	1865
1835	1866
1835	1867
1835	1868
1836	1837
1836	1838
1836	1839
1836	1840
1836	1841
1836	1842
1836	1843
1836	1844
1836	1845
1836	1846
1836	1847
1836	1848
1836	1849
1836	1850
1836	1851
1836	1852
1836	1853
1836	1854
1836	1855
1836	1856
1836	1857
1836	1858
1836	1859
1836	1860
1836	1861
1836	1862
1836	1863
1836	1864
1836	1865
1836	1866
1836	1867
1836	1868
1837	1838
1837	1839
1837	1840
1837	1841
1837	1842
1837	1843
1837	1844
1837	1845
1837	1846
1837	1847
1837	1848
1837	1849
1837	1850
1837	1851
1837	1852
1837	1853
1837	1854
1837	1855
1837	1856
1837	1857
1837	1858
1837	1859
1837	1860
1837	1861
1837	1862
1837	1863
1837	1864
1837	1865
1837	1866
1837	1867
1837	1868
1838	1839
1838	1840
1838	1841
1838	1842
1838	1843
1838	1844
1838	1845
1838	1846
1838	1847
1838	1848
1838	1849
1838	1850
1838	1851
1838	1852
1838	1853
1838	1854
1838	1855
1838	1856
1838	1857
1838	1858
1838	1859
1838	1860
1838	1861
1838	1862
1838	1863
1838	1864
1838	1865
1838	1866
1838	1867
1838	1868
1839	1840
1839	1841
1839	1842
1839	1843
1839	1844
1839	1845
1839	1846
1839	1847
1839	1848
1839	1849
1839	1850
1839	1851
1839	1852
1839	1853
1839	1854
1839	1855
1839	1856
1839	1857
1839	1858
1839	1859
1839	1860
1839	1861
1839	1862
1839	1863
1839	1864
1839	1865
1839	1866
1839	1867
1839	1868
1840	1841
1840	1842
1840	1843
1840	1844
1840	1845
1840	1846
1840	1847
1840	1848
1840	1849
1840	1850
1840	1851
1840	1852
1840	1853
1840	1854
1840	1855
1840	1856
1840	1857
1840	1858
1840	1859
1840	1860
1840	1861
1840	1862
1840	1863
1840	1864
1840	1865
1840	1866
1840	1867
1840	1868
1841	1842
1841	1843
1841	1844
1841	1845
1841	1846
1841	1847
1841	1848
1841	1849
1841	1850
1841	1851
1841	1852
1841	1853
1841	1854
1841	1855
1841	1856
1841	1857
1841	1858
1841	1859
1841	1860
1841	1861
1841	1862
1841	1863
1841	1864
1841	1865
1841	1866
1841	1867
1841	1868
1842	1843
1842	1844
1842	1845
1842	1846
1842	1847
1842	1848
1842	1849
1842	1850
1842	1851
1842	1852
1842	1853
1842	1854
1842	1855
1842	1856
1842	1857
1842	1858
1842	1859
1842	1860
1842	1861
1842	1862
1842	1863
1842	1864
1842	1865
1842	1866
1842	1867
1842	1868
1843	1844
1843	1845
1843	1846
1843	1847
1843	1848
1843	1849
1843	1850
1843	1851
1843	1852
1843	1853
1843	1854
1843	1855
1843	1856
1843	1857
1843	1858
1843	1859
1843	1860
1843	1861
1843	1862
1843	1863
1843	1864
1843	1865
1843	1866
1843	1867
1843	1868
1844	1845
1844	1846
1844	1847
1844	1848
1844	1849
1844	1850
1844	1851
1844	1852
1844	1853
1844	1854
1844	1855
1844	1856
1844	1857
1844	1858
1844	1859
1844	1860
1844	1861
1844	1862
1844	1863
1844	1864
1844	1865
1844	1866
1844	1867
1844	1868
1845	1846
1845	1847
1845	1848
1845	1849
1845	1850
1845	1851
1845	1852
1845	1853
1845	1854
1845	1855
1845	1856
1845	1857
1845	1858
1845	1859
1845	1860
1845	1861
1845	1862
1845	1863
1845	1864
1845	1865
1845	1866
1845	1867
1845	1868
1846	1847
1846	1848
1846	1849
1846	1850
1846	1851
1846	1852
1846	1853
1846	1854
1846	1855
1846	1856
1846	1857
1846	1858
1846	1859
1846	1860
1846	1861
1846	1862
1846	1863
1846	1864
1846	1865
1846	1866
1846	1867
1846	1868
1847	1848
1847	1849
1847	1850
1847	1851
1847	1852
1847	1853
1847	1854
1847	1855
1847	1856
1847	1857
1847	1858
1847	1859
1847	1860
1847	1861
1847	1862
1847	1863
1847	1864
1847	1865
1847	1866
1847	1867
1847	1868
1848	1849
1848	1850
1848	1851
1848	1852
1848	1853
1848	1854
1848	1855
1848	1856
1848	1857
1848	1858
1848	1859
1848	1860
1848	1861
1848	1862
1848	1863
1848	1864
1848	1865
1848	1866
1848	1867
1848	1868
1849	1850
1849	1851
1849	1852
1849	1853
1849	1854
1849	1855
1849	1856
1849	1857
1849	1858
1849	1859
1849	1860
1849	1861
1849	1862
1849	1863
1849	1864
1849	1865
1849	1866
1849	1867
1849	1868
1850	1851
1850	1852
1850	1853
1850	1854
1850	1855
1850	1856
1850	1857
1850	1858
1850	1859
1850	1860
1850	1861
1850	1862
1850	1863
1850	1864
1850	1865
1850	1866
1850	1867
1850	1868
1851	1852
1851	1853
1851	1854
1851	1855
1851	1856
1851	1857
1851	1858
1851	1859
1851	1860
1851	1861
1851	1862
1851	1863
1851	1864
1851	1865
1851	1866
1851	1867
1851	1868
1852	1853
1852	1854
1852	1855
1852	1856
1852	1857
1852	1858
1852	1859
1852	1860
1852	1861
1852	1862
1852	1863
1852	1864
1852	1865
1852	1866
1852	1867
1852	1868
1853	1854
1853	1855
1853	1856
1853	1857
1853	1858
1853	1859
1853	1860
1853	1861
1853	1862
1853	1863
1853	1864
1853	1865
1853	1866
1853	1867
1853	1868
1854	1855
1854	1856
1854	1857
1854	1858
1854	1859
1854	1860
1854	1861
1854	1862
1854	1863
1854	1864
1854	1865
1854	1866
1854	1867
1854	1868
1855	1856
1855	1857
1855	1858
1855	1859
1855	1860
1855	1861
1855	1862
1855	1863
1855	1864
1855	1865
1855	1866
1855	1867
1855	1868
1856	1857
1856	1858
1856	1859
1856	1860
1856	1861
1856	1862
1856	1863
1856	1864
1856	1865
1856	1866
1856	1867
1856	1868
1857	1858
1857	1859
1857	1860
1857	1861
1857	1862
1857	1863
1857	1864
1857	1865
1857	1866
1857	1867
1857	1868
1858	1859
1858	1860
1858	1861
1858	1862
1858	1863
1858	1864
1858	1865
1858	1866
1858	1867
1858	1868
1859	1860
1859	1861
1859	1862
1859	1863
1859	1864
1859	1865
1859	1866
1859	1867
1859	1868
1860	1861
1860	1862
1860	1863
1860	1864
1860	1865
1860	1866
1860	1867
1860	1868
1861	1862
1861	1863
1861	1864
1861	1865
1861	1866
1861	1867
1861	1868
1862	1863
1862	1864
1862	1865
1862	1866
1862	1867
1862	1868
1863	1864
1863	1865
1863	1866
1863	1867
1863	1868
1864	1865
1864	1866
1864	1867
1864	1868
1865	1866
1865	1867
1865	1868
1866	1867
1866	1868
1867	1868
1167	1168
1167	1169
1167	1170
1167	1171
1167	1172
1167	1173
1167	1174
1167	1175
1167	1176
1167	1177
1167	1178
1167	1179
1167	1180
1167	1181
1167	1182
1167	1183
1167	1184
1167	1185
1167	1186
1167	1187
1167	1188
1167	1189
1167	1190
1167	1191
1167	1192
1167	1193
1167	1194
1167	1195
1167	1196
1167	1197
1167	1198
1167	1199
1167	1200
1167	1201
1167	1202
1167	1203
1167	1204
1167	1205
1167	1206
1167	1226
1167	1227
1167	1228
1167	1229
1167	1230
1167	1231
1167	1232
1167	1233
1167	1234
1167	1235
1167	1236
1167	1237
1167	1238
1167	1239
1167	1240
1167	1241
1167	1242
1168	1169
1168	1170
1168	1171
1168	1172
1168	1173
1168	1174
1168	1175
1168	1176
1168	1177
1168	1178
1168	1179
1168	1180
1168	1181
1168	1182
1168	1183
1168	1184
1168	1185
1168	1186
1168	1187
1168	1188
1168	1189
1168	1190
1168	1191
1168	1192
1168	1193
1168	1194
1168	1195
1168	1196
1168	1197
1168	1198
1168	1199
1168	1200
1168	1201
1168	1202
1168	1203
1168	1204
1168	1205
1168	1206
1168	1226
1168	1227
1168	1228
1168	1229
1168	1230
1168	1231
1168	1232
1168	1233
1168	1234
1168	1235
1168	1236
1168	1237
1168	1238
1168	1239
1168	1240
1168	1241
1168	1242
1169	1170
1169	1171
1169	1172
1169	1173
1169	1174
1169	1175
1169	1176
1169	1177
1169	1178
1169	1179
1169	1180
1169	1181
1169	1182
1169	1183
1169	1184
1169	1185
1169	1186
1169	1187
1169	1188
1169	1189
1169	1190
1169	1191
1169	1192
1169	1193
1169	1194
1169	1195
1169	1196
1169	1197
1169	1198
1169	1199
1169	1200
1169	1201
1169	1202
1169	1203
1169	1204
1169	1205
1169	1206
1169	1226
1169	1227
1169	1228
1169	1229
1169	1230
1169	1231
1169	1232
1169	1233
1169	1234
1169	1235
1169	1236
1169	1237
1169	1238
1169	1239
1169	1240
1169	1241
1169	1242
1170	1171
1170	1172
1170	1173
1170	1174
1170	1175
1170	1176
1170	1177
1170	1178
1170	1179
1170	1180
1170	1181
1170	1182
1170	1183
1170	1184
1170	1185
1170	1186
1170	1187
1170	1188
1170	1189
1170	1190
1170	1191
1170	1192
1170	1193
1170	1194
1170	1195
1170	1196
1170	1197
1170	1198
1170	1199
1170	1200
1170	1201
1170	1202
1170	1203
1170	1204
1170	1205
1170	1206
1170	1226
1170	1227
1170	1228
1170	1229
1170	1230
1170	1231
1170	1232
1170	1233
1170	1234
1170	1235
1170	1236
1170	1237
1170	1238
1170	1239
1170	1240
1170	1241
1170	1242
1171	1172
1171	1173
1171	1174
1171	1175
1171	1176
1171	1177
1171	1178
1171	1179
1171	1180
1171	1181
1171	1182
1171	1183
1171	1184
1171	1185
1171	1186
1171	1187
1171	1188
1171	1189
1171	1190
1171	1191
1171	1192
1171	1193
1171	1194
1171	1195
1171	1196
1171	1197
1171	1198
1171	1199
1171	1200
1171	1201
1171	1202
1171	1203
1171	1204
1171	1205
1171	1206
1171	1226
1171	1227
1171	1228
1171	1229
1171	1230
1171	1231
1171	1232
1171	1233
1171	1234
1171	1235
1171	1236
1171	1237
1171	1238
1171	1239
1171	1240
1171	1241
1171	1242
1172	1173
1172	1174
1172	1175
1172	1176
1172	1177
1172	1178
1172	1179
1172	1180
1172	1181
1172	1182
1172	1183
1172	1184
1172	1185
1172	1186
1172	1187
1172	1188
1172	1189
1172	1190
1172	1191
1172	1192
1172	1193
1172	1194
1172	1195
1172	1196
1172	1197
1172	1198
1172	1199
1172	1200
1172	1201
1172	1202
1172	1203
1172	1204
1172	1205
1172	1206
1172	1226
1172	1227
1172	1228
1172	1229
1172	1230
1172	1231
1172	1232
1172	1233
1172	1234
1172	1235
1172	1236
1172	1237
1172	1238
1172	1239
1172	1240
1172	1241
1172	1242
1173	1174
1173	1175
1173	1176
1173	1177
1173	1178
1173	1179
1173	1180
1173	1181
1173	1182
1173	1183
1173	1184
1173	1185
1173	1186
1173	1187
1173	1188
1173	1189
1173	1190
1173	1191
1173	1192
1173	1193
1173	1194
1173	1195
1173	1196
1173	1197
1173	1198
1173	1199
1173	1200
1173	1201
1173	1202
1173	1203
1173	1204
1173	1205
1173	1206
1173	1226
1173	1227
1173	1228
1173	1229
1173	1230
1173	1231
1173	1232
1173	1233
1173	1234
1173	1235
1173	1236
1173	1237
1173	1238
1173	1239
1173	1240
1173	1241
1173	1242
1174	1175
1174	1176
1174	1177
1174	1178
1174	1179
1174	1180
1174	1181
1174	1182
1174	1183
1174	1184
1174	1185
1174	1186
1174	1187
1174	1188
1174	1189
1174	1190
1174	1191
1174	1192
1174	1193
1174	1194
1174	1195
1174	1196
1174	1197
1174	1198
1174	1199
1174	1200
1174	1201
1174	1202
1174	1203
1174	1204
1174	1205
1174	1206
1174	1226
1174	1227
1174	1228
1174	1229
1174	1230
1174	1231
1174	1232
1174	1233
1174	1234
1174	1235
1174	1236
1174	1237
1174	1238
1174	1239
1174	1240
1174	1241
1174	1242
1175	1176
1175	1177
1175	1178
1175	1179
1175	1180
1175	1181
1175	1182
1175	1183
1175	1184
1175	1185
1175	1186
1175	1187
1175	1188
1175	1189
1175	1190
1175	1191
1175	1192
1175	1193
1175	1194
1175	1195
1175	1196
1175	1197
1175	1198
1175	1199
1175	1200
1175	1201
1175	1202
1175	1203
1175	1204
1175	1205
1175	1206
1175	1226
1175	1227
1175	1228
1175	1229
1175	1230
1175	1231
1175	1232
1175	1233
1175	1234
1175	1235
1175	1236
1175	1237
1175	1238
1175	1239
1175	1240
1175	1241
1175	1242
1176	1177
1176	1178
1176	1179
1176	1180
1176	1181
1176	1182
1176	1183
1176	1184
1176	1185
1176	1186
1176	1187
1176	1188
1176	1189
1176	1190
1176	1191
1176	1192
1176	1193
1176	1194
1176	1195
1176	1196
1176	1197
1176	1198
1176	1199
1176	1200
1176	1201
1176	1202
1176	1203
1176	1204
1176	1205
1176	1206
1176	1226
1176	1227
1176	1228
1176	1229
1176	1230
1176	1231
1176	1232
1176	1233
1176	1234
1176	1235
1176	1236
1176	1237
1176	1238
1176	1239
1176	1240
1176	1241
1176	1242
1177	1178
1177	1179
1177	1180
1177	1181
1177	1182
1177	1183
1177	1184
1177	1185
1177	1186
1177	1187
1177	1188
1177	1189
1177	1190
1177	1191
1177	1192
1177	1193
1177	1194
1177	1195
1177	1196
1177	1197
1177	1198
1177	1199
1177	1200
1177	1201
1177	1202
1177	1203
1177	1204
1177	1205
1177	1206
1177	1226
1177	1227
1177	1228
1177	1229
1177	1230
1177	1231
1177	1232
1177	1233
1177	1234
1177	1235
1177	1236
1177	1237
1177	1238
1177	1239
1177	1240
1177	1241
1177	1242
1178	1179
1178	1180
1178	1181
1178	1182
1178	1183
1178	1184
1178	1185
1178	1186
1178	1187
1178	1188
1178	1189
1178	1190
1178	1191
1178	1192
1178	1193
1178	1194
1178	1195
1178	1196
1178	1197
1178	1198
1178	1199
1178	1200
1178	1201
1178	1202
1178	1203
1178	1204
1178	1205
1178	1206
1178	1226
1178	1227
1178	1228
1178	1229
1178	1230
1178	1231
1178	1232
1178	1233
1178	1234
1178	1235
1178	1236
1178	1237
1178	1238
1178	1239
1178	1240
1178	1241
1178	1242
1179	1180
1179	1181
1179	1182
1179	1183
1179	1184
1179	1185
1179	1186
1179	1187
1179	1188
1179	1189
1179	1190
1179	1191
1179	1192
1179	1193
1179	1194
1179	1195
1179	1196
1179	1197
1179	1198
1179	1199
1179	1200
1179	1201
1179	1202
1179	1203
1179	1204
1179	1205
1179	1206
1179	1226
1179	1227
1179	1228
1179	1229
1179	1230
1179	1231
1179	1232
1179	1233
1179	1234
1179	1235
1179	1236
1179	1237
1179	1238
1179	1239
1179	1240
1179	1241
1179	1242
1180	1181
1180	1182
1180	1183
1180	1184
1180	1185
1180	1186
1180	1187
1180	1188
1180	1189
1180	1190
1180	1191
1180	1192
1180	1193
1180	1194
1180	1195
1180	1196
1180	1197
1180	1198
1180	1199
1180	1200
1180	1201
1180	1202
1180	1203
1180	1204
1180	1205
1180	1206
1180	1226
1180	1227
1180	1228
1180	1229
1180	1230
1180	1231
1180	1232
1180	1233
1180	1234
1180	1235
1180	1236
1180	1237
1180	1238
1180	1239
1180	1240
1180	1241
1180	1242
1181	1182
1181	1183
1181	1184
1181	1185
1181	1186
1181	1187
1181	1188
1181	1189
1181	1190
1181	1191
1181	1192
1181	1193
1181	1194
1181	1195
1181	1196
1181	1197
1181	1198
1181	1199
1181	1200
1181	1201
1181	1202
1181	1203
1181	1204
1181	1205
1181	1206
1181	1226
1181	1227
1181	1228
1181	1229
1181	1230
1181	1231
1181	1232
1181	1233
1181	1234
1181	1235
1181	1236
1181	1237
1181	1238
1181	1239
1181	1240
1181	1241
1181	1242
1182	1183
1182	1184
1182	1185
1182	1186
1182	1187
1182	1188
1182	1189
1182	1190
1182	1191
1182	1192
1182	1193
1182	1194
1182	1195
1182	1196
1182	1197
1182	1198
1182	1199
1182	1200
1182	1201
1182	1202
1182	1203
1182	1204
1182	1205
1182	1206
1182	1226
1182	1227
1182	1228
1182	1229
1182	1230
1182	1231
1182	1232
1182	1233
1182	1234
1182	1235
1182	1236
1182	1237
1182	1238
1182	1239
1182	1240
1182	1241
1182	1242
1183	1184
1183	1185
1183	1186
1183	1187
1183	1188
1183	1189
1183	1190
1183	1191
1183	1192
1183	1193
1183	1194
1183	1195
1183	1196
1183	1197
1183	1198
1183	1199
1183	1200
1183	1201
1183	1202
1183	1203
1183	1204
1183	1205
1183	1206
1183	1226
1183	1227
1183	1228
1183	1229
1183	1230
1183	1231
1183	1232
1183	1233
1183	1234
1183	1235
1183	1236
1183	1237
1183	1238
1183	1239
1183	1240
1183	1241
1183	1242
1184	1185
1184	1186
1184	1187
1184	1188
1184	1189
1184	1190
1184	1191
1184	1192
1184	1193
1184	1194
1184	1195
1184	1196
1184	1197
1184	1198
1184	1199
1184	1200
1184	1201
1184	1202
1184	1203
1184	1204
1184	1205
1184	1206
1184	1226
1184	1227
1184	1228
1184	1229
1184	1230
1184	1231
1184	1232
1184	1233
1184	1234
1184	1235
1184	1236
1184	1237
1184	1238
1184	1239
1184	1240
1184	1241
1184	1242
1185	1186
1185	1187
1185	1188
1185	1189
1185	1190
1185	1191
1185	1192
1185	1193
1185	1194
1185	1195
1185	1196
1185	1197
1185	1198
1185	1199
1185	1200
1185	1201
1185	1202
1185	1203
1185	1204
1185	1205
1185	1206
1185	1226
1185	1227
1185	1228
1185	1229
1185	1230
1185	1231
1185	1232
1185	1233
1185	1234
1185	1235
1185	1236
1185	1237
1185	1238
1185	1239
1185	1240
1185	1241
1185	1242
1186	1187
1186	1188
1186	1189
1186	1190
1186	1191
1186	1192
1186	1193
1186	1194
1186	1195
1186	1196
1186	1197
1186	1198
1186	1199
1186	1200
1186	1201
1186	1202
1186	1203
1186	1204
1186	1205
1186	1206
1186	1226
1186	1227
1186	1228
1186	1229
1186	1230
1186	1231
1186	1232
1186	1233
1186	1234
1186	1235
1186	1236
1186	1237
1186	1238
1186	1239
1186	1240
1186	1241
1186	1242
1187	1188
1187	1189
1187	1190
1187	1191
1187	1192
1187	1193
1187	1194
1187	1195
1187	1196
1187	1197
1187	1198
1187	1199
1187	1200
1187	1201
1187	1202
1187	1203
1187	1204
1187	1205
1187	1206
1187	1226
1187	1227
1187	1228
1187	1229
1187	1230
1187	1231
1187	1232
1187	1233
1187	1234
1187	1235
1187	1236
1187	1237
1187	1238
1187	1239
1187	1240
1187	1241
1187	1242
1188	1189
1188	1190
1188	1191
1188	1192
1188	1193
1188	1194
1188	1195
1188	1196
1188	1197
1188	1198
1188	1199
1188	1200
1188	1201
1188	1202
1188	1203
1188	1204
1188	1205
1188	1206
1188	1226
1188	1227
1188	1228
1188	1229
1188	1230
1188	1231
1188	1232
1188	1233
1188	1234
1188	1235
1188	1236
1188	1237
1188	1238
1188	1239
1188	1240
1188	1241
1188	1242
1189	1190
1189	1191
1189	1192
1189	1193
1189	1194
1189	1195
1189	1196
1189	1197
1189	1198
1189	1199
1189	1200
1189	1201
1189	1202
1189	1203
1189	1204
1189	1205
1189	1206
1189	1226
1189	1227
1189	1228
1189	1229
1189	1230
1189	1231
1189	1232
1189	1233
1189	1234
1189	1235
1189	1236
1189	1237
1189	1238
1189	1239
1189	1240
1189	1241
1189	1242
1190	1191
1190	1192
1190	1193
1190	1194
1190	1195
1190	1196
1190	1197
1190	1198
1190	1199
1190	1200
1190	1201
1190	1202
1190	1203
1190	1204
1190	1205
1190	1206
1190	1226
1190	1227
1190	1228
1190	1229
1190	1230
1190	1231
1190	1232
1190	1233
1190	1234
1190	1235
1190	1236
1190	1237
1190	1238
1190	1239
1190	1240
1190	1241
1190	1242
1191	1192
1191	1193
1191	1194
1191	1195
1191	1196
1191	1197
1191	1198
1191	1199
1191	1200
1191	1201
1191	1202
1191	1203
1191	1204
1191	1205
1191	1206
1191	1226
1191	1227
1191	1228
1191	1229
1191	1230
1191	1231
1191	1232
1191	1233
1191	1234
1191	1235
1191	1236
1191	1237
1191	1238
1191	1239
1191	1240
1191	1241
1191	1242
1192	1193
1192	1194
1192	1195
1192	1196
1192	1197
1192	1198
1192	1199
1192	1200
1192	1201
1192	1202
1192	1203
1192	1204
1192	1205
1192	1206
1192	1226
1192	1227
1192	1228
1192	1229
1192	1230
1192	1231
1192	1232
1192	1233
1192	1234
1192	1235
1192	1236
1192	1237
1192	1238
1192	1239
1192	1240
1192	1241
1192	1242
1193	1194
1193	1195
1193	1196
1193	1197
1193	1198
1193	1199
1193	1200
1193	1201
1193	1202
1193	1203
1193	1204
1193	1205
1193	1206
1193	1226
1193	1227
1193	1228
1193	1229
1193	1230
1193	1231
1193	1232
1193	1233
1193	1234
1193	1235
1193	1236
1193	1237
1193	1238
1193	1239
1193	1240
1193	1241
1193	1242
1194	1195
1194	1196
1194	1197
1194	1198
1194	1199
1194	1200
1194	1201
1194	1202
1194	1203
1194	1204
1194	1205
1194	1206
1194	1226
1194	1227
1194	1228
1194	1229
1194	1230
1194	1231
1194	1232
1194	1233
1194	1234
1194	1235
1194	1236
1194	1237
1194	1238
1194	1239
1194	1240
1194	1241
1194	1242
1195	1196
1195	1197
1195	1198
1195	1199
1195	1200
1195	1201
1195	1202
1195	1203
1195	1204
1195	1205
1195	1206
1195	1226
1195	1227
1195	1228
1195	1229
1195	1230
1195	1231
1195	1232
1195	1233
1195	1234
1195	1235
1195	1236
1195	1237
1195	1238
1195	1239
1195	1240
1195	1241
1195	1242
1196	1197
1196	1198
1196	1199
1196	1200
1196	1201
1196	1202
1196	1203
1196	1204
1196	1205
1196	1206
1196	1226
1196	1227
1196	1228
1196	1229
1196	1230
1196	1231
1196	1232
1196	1233
1196	1234
1196	1235
1196	1236
1196	1237
1196	1238
1196	1239
1196	1240
1196	1241
1196	1242
1197	1198
1197	1199
1197	1200
1197	1201
1197	1202
1197	1203
1197	1204
1197	1205
1197	1206
1197	1226
1197	1227
1197	1228
1197	1229
1197	1230
1197	1231
1197	1232
1197	1233
1197	1234
1197	1235
1197	1236
1197	1237
1197	1238
1197	1239
1197	1240
1197	1241
1197	1242
1198	1199
1198	1200
1198	1201
1198	1202
1198	1203
1198	1204
1198	1205
1198	1206
1198	1226
1198	1227
1198	1228
1198	1229
1198	1230
1198	1231
1198	1232
1198	1233
1198	1234
1198	1235
1198	1236
1198	1237
1198	1238
1198	1239
1198	1240
1198	1241
1198	1242
1199	1200
1199	1201
1199	1202
1199	1203
1199	1204
1199	1205
1199	1206
1199	1226
1199	1227
1199	1228
1199	1229
1199	1230
1199	1231
1199	1232
1199	1233
1199	1234
1199	1235
1199	1236
1199	1237
1199	1238
1199	1239
1199	1240
1199	1241
1199	1242
1200	1201
1200	1202
1200	1203
1200	1204
1200	1205
1200	1206
1200	1226
1200	1227
1200	1228
1200	1229
1200	1230
1200	1231
1200	1232
1200	1233
1200	1234
1200	1235
1200	1236
1200	1237
1200	1238
1200	1239
1200	1240
1200	1241
1200	1242
1201	1202
1201	1203
1201	1204
1201	1205
1201	1206
1201	1226
1201	1227
1201	1228
1201	1229
1201	1230
1201	1231
1201	1232
1201	1233
1201	1234
1201	1235
1201	1236
1201	1237
1201	1238
1201	1239
1201	1240
1201	1241
1201	1242
1202	1203
1202	1204
1202	1205
1202	1206
1202	1226
1202	1227
1202	1228
1202	1229
1202	1230
1202	1231
1202	1232
1202	1233
1202	1234
1202	1235
1202	1236
1202	1237
1202	1238
1202	1239
1202	1240
1202	1241
1202	1242
1203	1204
1203	1205
1203	1206
1203	1226
1203	1227
1203	1228
1203	1229
1203	1230
1203	1231
1203	1232
1203	1233
1203	1234
1203	1235
1203	1236
1203	1237
1203	1238
1203	1239
1203	1240
1203	1241
1203	1242
1204	1205
1204	1206
1204	1226
1204	1227
1204	1228
1204	1229
1204	1230
1204	1231
1204	1232
1204	1233
1204	1234
1204	1235
1204	1236
1204	1237
1204	1238
1204	1239
1204	1240
1204	1241
1204	1242
1205	1206
1205	1226
1205	1227
1205	1228
1205	1229
1205	1230
1205	1231
1205	1232
1205	1233
1205	1234
1205	1235
1205	1236
1205	1237
1205	1238
1205	1239
1205	1240
1205	1241
1205	1242
1206	1226
1206	1227
1206	1228
1206	1229
1206	1230
1206	1231
1206	1232
1206	1233
1206	1234
1206	1235
1206	1236
1206	1237
1206	1238
1206	1239
1206	1240
1206	1241
1206	1242
1226	1227
1226	1228
1226	1229
1226	1230
1226	1231
1226	1232
1226	1233
1226	1234
1226	1235
1226	1236
1226	1237
1226	1238
1226	1239
1226	1240
1226	1241
1226	1242
1227	1228
1227	1229
1227	1230
1227	1231
1227	1232
1227	1233
1227	1234
1227	1235
1227	1236
1227	1237
1227	1238
1227	1239
1227	1240
1227	1241
1227	1242
1228	1229
1228	1230
1228	1231
1228	1232
1228	1233
1228	1234
1228	1235
1228	1236
1228	1237
1228	1238
1228	1239
1228	1240
1228	1241
1228	1242
1229	1230
1229	1231
1229	1232
1229	1233
1229	1234
1229	1235
1229	1236
1229	1237
1229	1238
1229	1239
1229	1240
1229	1241
1229	1242
1230	1231
1230	1232
1230	1233
1230	1234
1230	1235
1230	1236
1230	1237
1230	1238
1230	1239
1230	1240
1230	1241
1230	1242
1231	1232
1231	1233
1231	1234
1231	1235
1231	1236
1231	1237
1231	1238
1231	1239
1231	1240
1231	1241
1231	1242
1232	1233
1232	1234
1232	1235
1232	1236
1232	1237
1232	1238
1232	1239
1232	1240
1232	1241
1232	1242
1233	1234
1233	1235
1233	1236
1233	1237
1233	1238
1233	1239
1233	1240
1233	1241
1233	1242
1234	1235
1234	1236
1234	1237
1234	1238
1234	1239
1234	1240
1234	1241
1234	1242
1235	1236
1235	1237
1235	1238
1235	1239
1235	1240
1235	1241
1235	1242
1236	1237
1236	1238
1236	1239
1236	1240
1236	1241
1236	1242
1237	1238
1237	1239
1237	1240
1237	1241
1237	1242
1238	1239
1238	1240
1238	1241
1238	1242
1239	1240
1239	1241
1239	1242
1240	1241
1240	1242
1241	1242
