# Undirected graph (each unordered pair of nodes is saved once): output/networks/SmallWorldRewire00removeRandom-90percent.txt
# Nodes: 200 Edges: 9957
# NodeId	NodeId
22	23
22	36
22	42
22	48
22	50
22	51
22	95
22	105
22	106
22	112
22	158
22	237
22	245
22	259
22	266
22	283
22	289
22	292
22	311
22	313
22	316
22	338
22	342
22	343
22	354
22	362
22	370
22	377
22	379
22	392
22	406
22	416
22	421
22	426
22	435
22	439
22	467
22	475
22	481
22	485
22	494
22	504
22	506
22	508
22	513
22	514
22	522
22	1522
22	1526
22	1529
22	1554
22	1555
22	1566
22	1567
22	1594
22	1603
22	1606
22	1620
22	1662
22	1670
22	1676
22	1683
22	1692
22	1704
22	1715
22	1723
22	1725
22	1733
22	1745
22	1748
22	1753
22	1776
22	1782
22	1784
22	1794
22	1823
22	1826
22	1835
22	1854
22	1859
22	1881
22	1893
22	1902
22	1907
22	1911
22	1922
22	1937
22	1939
22	1951
22	1963
22	1972
22	1977
22	1981
22	1984
23	36
23	42
23	48
23	50
23	51
23	95
23	105
23	106
23	112
23	158
23	237
23	245
23	259
23	266
23	283
23	289
23	292
23	311
23	313
23	316
23	338
23	342
23	343
23	354
23	362
23	370
23	377
23	379
23	392
23	406
23	416
23	421
23	426
23	435
23	439
23	467
23	475
23	481
23	485
23	494
23	504
23	506
23	508
23	513
23	514
23	522
23	1526
23	1529
23	1554
23	1555
23	1566
23	1567
23	1594
23	1603
23	1606
23	1620
23	1662
23	1670
23	1676
23	1683
23	1692
23	1704
23	1715
23	1723
23	1725
23	1733
23	1745
23	1748
23	1753
23	1776
23	1782
23	1784
23	1794
23	1823
23	1826
23	1835
23	1854
23	1859
23	1881
23	1893
23	1902
23	1907
23	1911
23	1922
23	1937
23	1939
23	1951
23	1963
23	1972
23	1977
23	1981
23	1984
36	42
36	48
36	50
36	51
36	95
36	105
36	106
36	112
36	158
36	237
36	245
36	259
36	266
36	283
36	289
36	292
36	311
36	313
36	316
36	338
36	342
36	343
36	354
36	362
36	370
36	377
36	379
36	392
36	406
36	416
36	421
36	426
36	435
36	439
36	467
36	475
36	481
36	485
36	494
36	504
36	506
36	508
36	513
36	514
36	522
36	1554
36	1555
36	1566
36	1567
36	1594
36	1603
36	1606
36	1620
36	1662
36	1670
36	1676
36	1683
36	1692
36	1704
36	1715
36	1723
36	1725
36	1733
36	1745
36	1748
36	1753
36	1776
36	1782
36	1784
36	1794
36	1823
36	1826
36	1835
36	1854
36	1859
36	1881
36	1893
36	1902
36	1907
36	1911
36	1922
36	1937
36	1939
36	1951
36	1963
36	1972
36	1977
36	1981
36	1984
42	48
42	50
42	51
42	95
42	105
42	106
42	112
42	158
42	237
42	245
42	259
42	266
42	283
42	289
42	292
42	311
42	313
42	316
42	338
42	342
42	343
42	354
42	362
42	370
42	377
42	379
42	392
42	406
42	416
42	421
42	426
42	435
42	439
42	467
42	475
42	481
42	485
42	494
42	504
42	506
42	508
42	513
42	514
42	522
42	1554
42	1555
42	1566
42	1567
42	1594
42	1603
42	1606
42	1620
42	1662
42	1670
42	1676
42	1683
42	1692
42	1704
42	1715
42	1723
42	1725
42	1733
42	1745
42	1748
42	1753
42	1776
42	1782
42	1784
42	1794
42	1823
42	1826
42	1835
42	1854
42	1859
42	1881
42	1893
42	1902
42	1907
42	1911
42	1922
42	1937
42	1939
42	1951
42	1963
42	1972
42	1977
42	1981
42	1984
48	50
48	51
48	95
48	105
48	106
48	112
48	158
48	237
48	245
48	259
48	266
48	283
48	289
48	292
48	311
48	313
48	316
48	338
48	342
48	343
48	354
48	362
48	370
48	377
48	379
48	392
48	406
48	416
48	421
48	426
48	435
48	439
48	467
48	475
48	481
48	485
48	494
48	504
48	506
48	508
48	513
48	514
48	522
48	1554
48	1555
48	1566
48	1567
48	1594
48	1603
48	1606
48	1620
48	1662
48	1670
48	1676
48	1683
48	1692
48	1704
48	1715
48	1723
48	1725
48	1733
48	1745
48	1748
48	1753
48	1776
48	1782
48	1784
48	1794
48	1823
48	1826
48	1835
48	1854
48	1859
48	1881
48	1893
48	1902
48	1907
48	1911
48	1922
48	1937
48	1939
48	1951
48	1963
48	1972
48	1977
48	1981
48	1984
50	51
50	95
50	105
50	106
50	112
50	158
50	237
50	245
50	259
50	266
50	283
50	289
50	292
50	311
50	313
50	316
50	338
50	342
50	343
50	354
50	362
50	370
50	377
50	379
50	392
50	406
50	416
50	421
50	426
50	435
50	439
50	467
50	475
50	481
50	485
50	494
50	504
50	506
50	508
50	513
50	514
50	522
50	1554
50	1555
50	1566
50	1567
50	1594
50	1603
50	1606
50	1620
50	1662
50	1670
50	1676
50	1683
50	1692
50	1704
50	1715
50	1723
50	1725
50	1733
50	1745
50	1748
50	1753
50	1776
50	1782
50	1784
50	1794
50	1823
50	1826
50	1835
50	1854
50	1859
50	1881
50	1893
50	1902
50	1907
50	1911
50	1922
50	1937
50	1939
50	1951
50	1963
50	1972
50	1977
50	1981
50	1984
51	95
51	105
51	106
51	112
51	158
51	237
51	245
51	259
51	266
51	283
51	289
51	292
51	311
51	313
51	316
51	338
51	342
51	343
51	354
51	362
51	370
51	377
51	379
51	392
51	406
51	416
51	421
51	426
51	435
51	439
51	467
51	475
51	481
51	485
51	494
51	504
51	506
51	508
51	513
51	514
51	522
51	1554
51	1555
51	1566
51	1567
51	1594
51	1603
51	1606
51	1620
51	1662
51	1670
51	1676
51	1683
51	1692
51	1704
51	1715
51	1723
51	1725
51	1733
51	1745
51	1748
51	1753
51	1776
51	1782
51	1784
51	1794
51	1823
51	1826
51	1835
51	1854
51	1859
51	1881
51	1893
51	1902
51	1907
51	1911
51	1922
51	1937
51	1939
51	1951
51	1963
51	1972
51	1977
51	1981
51	1984
95	105
95	106
95	112
95	158
95	237
95	245
95	259
95	266
95	283
95	289
95	292
95	311
95	313
95	316
95	338
95	342
95	343
95	354
95	362
95	370
95	377
95	379
95	392
95	406
95	416
95	421
95	426
95	435
95	439
95	467
95	475
95	481
95	485
95	494
95	504
95	506
95	508
95	513
95	514
95	522
95	564
95	565
95	575
95	579
95	1603
95	1606
95	1620
95	1662
95	1670
95	1676
95	1683
95	1692
95	1704
95	1715
95	1723
95	1725
95	1733
95	1745
95	1748
95	1753
95	1776
95	1782
95	1784
95	1794
95	1823
95	1826
95	1835
95	1854
95	1859
95	1881
95	1893
95	1902
95	1907
95	1911
95	1922
95	1937
95	1939
95	1951
95	1963
95	1972
95	1977
95	1981
95	1984
105	106
105	112
105	158
105	237
105	245
105	259
105	266
105	283
105	289
105	292
105	311
105	313
105	316
105	338
105	342
105	343
105	354
105	362
105	370
105	377
105	379
105	392
105	406
105	416
105	421
105	426
105	435
105	439
105	467
105	475
105	481
105	485
105	494
105	504
105	506
105	508
105	513
105	514
105	522
105	564
105	565
105	575
105	579
105	602
105	603
105	1606
105	1620
105	1662
105	1670
105	1676
105	1683
105	1692
105	1704
105	1715
105	1723
105	1725
105	1733
105	1745
105	1748
105	1753
105	1776
105	1782
105	1784
105	1794
105	1823
105	1826
105	1835
105	1854
105	1859
105	1881
105	1893
105	1902
105	1907
105	1911
105	1922
105	1937
105	1939
105	1951
105	1963
105	1972
105	1977
105	1981
105	1984
106	112
106	158
106	237
106	245
106	259
106	266
106	283
106	289
106	292
106	311
106	313
106	316
106	338
106	342
106	343
106	354
106	362
106	370
106	377
106	379
106	392
106	406
106	416
106	421
106	426
106	435
106	439
106	467
106	475
106	481
106	485
106	494
106	504
106	506
106	508
106	513
106	514
106	522
106	564
106	565
106	575
106	579
106	602
106	603
106	1606
106	1620
106	1662
106	1670
106	1676
106	1683
106	1692
106	1704
106	1715
106	1723
106	1725
106	1733
106	1745
106	1748
106	1753
106	1776
106	1782
106	1784
106	1794
106	1823
106	1826
106	1835
106	1854
106	1859
106	1881
106	1893
106	1902
106	1907
106	1911
106	1922
106	1937
106	1939
106	1951
106	1963
106	1972
106	1977
106	1981
106	1984
112	158
112	237
112	245
112	259
112	266
112	283
112	289
112	292
112	311
112	313
112	316
112	338
112	342
112	343
112	354
112	362
112	370
112	377
112	379
112	392
112	406
112	416
112	421
112	426
112	435
112	439
112	467
112	475
112	481
112	485
112	494
112	504
112	506
112	508
112	513
112	514
112	522
112	564
112	565
112	575
112	579
112	602
112	603
112	611
112	1620
112	1662
112	1670
112	1676
112	1683
112	1692
112	1704
112	1715
112	1723
112	1725
112	1733
112	1745
112	1748
112	1753
112	1776
112	1782
112	1784
112	1794
112	1823
112	1826
112	1835
112	1854
112	1859
112	1881
112	1893
112	1902
112	1907
112	1911
112	1922
112	1937
112	1939
112	1951
112	1963
112	1972
112	1977
112	1981
112	1984
158	237
158	245
158	259
158	266
158	283
158	289
158	292
158	311
158	313
158	316
158	338
158	342
158	343
158	354
158	362
158	370
158	377
158	379
158	392
158	406
158	416
158	421
158	426
158	435
158	439
158	467
158	475
158	481
158	485
158	494
158	504
158	506
158	508
158	513
158	514
158	522
158	564
158	565
158	575
158	579
158	602
158	603
158	611
158	615
158	628
158	633
158	641
158	650
158	652
158	656
158	1662
158	1670
158	1676
158	1683
158	1692
158	1704
158	1715
158	1723
158	1725
158	1733
158	1745
158	1748
158	1753
158	1776
158	1782
158	1784
158	1794
158	1823
158	1826
158	1835
158	1854
158	1859
158	1881
158	1893
158	1902
158	1907
158	1911
158	1922
158	1937
158	1939
158	1951
158	1963
158	1972
158	1977
158	1981
158	1984
237	245
237	259
237	266
237	283
237	289
237	292
237	311
237	313
237	316
237	338
237	342
237	343
237	354
237	362
237	370
237	377
237	379
237	392
237	406
237	416
237	421
237	426
237	435
237	439
237	467
237	475
237	481
237	485
237	494
237	504
237	506
237	508
237	513
237	514
237	522
237	564
237	565
237	575
237	579
237	602
237	603
237	611
237	615
237	628
237	633
237	641
237	650
237	652
237	656
237	675
237	678
237	705
237	710
237	719
237	727
237	734
237	737
237	1745
237	1748
237	1753
237	1776
237	1782
237	1784
237	1794
237	1823
237	1826
237	1835
237	1854
237	1859
237	1881
237	1893
237	1902
237	1907
237	1911
237	1922
237	1937
237	1939
237	1951
237	1963
237	1972
237	1977
237	1981
237	1984
245	259
245	266
245	283
245	289
245	292
245	311
245	313
245	316
245	338
245	342
245	343
245	354
245	362
245	370
245	377
245	379
245	392
245	406
245	416
245	421
245	426
245	435
245	439
245	467
245	475
245	481
245	485
245	494
245	504
245	506
245	508
245	513
245	514
245	522
245	564
245	565
245	575
245	579
245	602
245	603
245	611
245	615
245	628
245	633
245	641
245	650
245	652
245	656
245	675
245	678
245	705
245	710
245	719
245	727
245	734
245	737
245	1745
245	1748
245	1753
245	1776
245	1782
245	1784
245	1794
245	1823
245	1826
245	1835
245	1854
245	1859
245	1881
245	1893
245	1902
245	1907
245	1911
245	1922
245	1937
245	1939
245	1951
245	1963
245	1972
245	1977
245	1981
245	1984
259	266
259	283
259	289
259	292
259	311
259	313
259	316
259	338
259	342
259	343
259	354
259	362
259	370
259	377
259	379
259	392
259	406
259	416
259	421
259	426
259	435
259	439
259	467
259	475
259	481
259	485
259	494
259	504
259	506
259	508
259	513
259	514
259	522
259	564
259	565
259	575
259	579
259	602
259	603
259	611
259	615
259	628
259	633
259	641
259	650
259	652
259	656
259	675
259	678
259	705
259	710
259	719
259	727
259	734
259	737
259	750
259	1776
259	1782
259	1784
259	1794
259	1823
259	1826
259	1835
259	1854
259	1859
259	1881
259	1893
259	1902
259	1907
259	1911
259	1922
259	1937
259	1939
259	1951
259	1963
259	1972
259	1977
259	1981
259	1984
266	283
266	289
266	292
266	311
266	313
266	316
266	338
266	342
266	343
266	354
266	362
266	370
266	377
266	379
266	392
266	406
266	416
266	421
266	426
266	435
266	439
266	467
266	475
266	481
266	485
266	494
266	504
266	506
266	508
266	513
266	514
266	522
266	564
266	565
266	575
266	579
266	602
266	603
266	611
266	615
266	628
266	633
266	641
266	650
266	652
266	656
266	675
266	678
266	705
266	710
266	719
266	727
266	734
266	737
266	750
266	761
266	766
266	1776
266	1782
266	1784
266	1794
266	1823
266	1826
266	1835
266	1854
266	1859
266	1881
266	1893
266	1902
266	1907
266	1911
266	1922
266	1937
266	1939
266	1951
266	1963
266	1972
266	1977
266	1981
266	1984
283	289
283	292
283	311
283	313
283	316
283	338
283	342
283	343
283	354
283	362
283	370
283	377
283	379
283	392
283	406
283	416
283	421
283	426
283	435
283	439
283	467
283	475
283	481
283	485
283	494
283	504
283	506
283	508
283	513
283	514
283	522
283	564
283	565
283	575
283	579
283	602
283	603
283	611
283	615
283	628
283	633
283	641
283	650
283	652
283	656
283	675
283	678
283	705
283	710
283	719
283	727
283	734
283	737
283	750
283	761
283	766
283	767
283	771
283	777
283	1784
283	1794
283	1823
283	1826
283	1835
283	1854
283	1859
283	1881
283	1893
283	1902
283	1907
283	1911
283	1922
283	1937
283	1939
283	1951
283	1963
283	1972
283	1977
283	1981
283	1984
289	292
289	311
289	313
289	316
289	338
289	342
289	343
289	354
289	362
289	370
289	377
289	379
289	392
289	406
289	416
289	421
289	426
289	435
289	439
289	467
289	475
289	481
289	485
289	494
289	504
289	506
289	508
289	513
289	514
289	522
289	564
289	565
289	575
289	579
289	602
289	603
289	611
289	615
289	628
289	633
289	641
289	650
289	652
289	656
289	675
289	678
289	705
289	710
289	719
289	727
289	734
289	737
289	750
289	761
289	766
289	767
289	771
289	777
289	1794
289	1823
289	1826
289	1835
289	1854
289	1859
289	1881
289	1893
289	1902
289	1907
289	1911
289	1922
289	1937
289	1939
289	1951
289	1963
289	1972
289	1977
289	1981
289	1984
292	311
292	313
292	316
292	338
292	342
292	343
292	354
292	362
292	370
292	377
292	379
292	392
292	406
292	416
292	421
292	426
292	435
292	439
292	467
292	475
292	481
292	485
292	494
292	504
292	506
292	508
292	513
292	514
292	522
292	564
292	565
292	575
292	579
292	602
292	603
292	611
292	615
292	628
292	633
292	641
292	650
292	652
292	656
292	675
292	678
292	705
292	710
292	719
292	727
292	734
292	737
292	750
292	761
292	766
292	767
292	771
292	777
292	1794
292	1823
292	1826
292	1835
292	1854
292	1859
292	1881
292	1893
292	1902
292	1907
292	1911
292	1922
292	1937
292	1939
292	1951
292	1963
292	1972
292	1977
292	1981
292	1984
311	313
311	316
311	338
311	342
311	343
311	354
311	362
311	370
311	377
311	379
311	392
311	406
311	416
311	421
311	426
311	435
311	439
311	467
311	475
311	481
311	485
311	494
311	504
311	506
311	508
311	513
311	514
311	522
311	564
311	565
311	575
311	579
311	602
311	603
311	611
311	615
311	628
311	633
311	641
311	650
311	652
311	656
311	675
311	678
311	705
311	710
311	719
311	727
311	734
311	737
311	750
311	761
311	766
311	767
311	771
311	777
311	801
311	803
311	808
311	1823
311	1826
311	1835
311	1854
311	1859
311	1881
311	1893
311	1902
311	1907
311	1911
311	1922
311	1937
311	1939
311	1951
311	1963
311	1972
311	1977
311	1981
311	1984
313	316
313	338
313	342
313	343
313	354
313	362
313	370
313	377
313	379
313	392
313	406
313	416
313	421
313	426
313	435
313	439
313	467
313	475
313	481
313	485
313	494
313	504
313	506
313	508
313	513
313	514
313	522
313	564
313	565
313	575
313	579
313	602
313	603
313	611
313	615
313	628
313	633
313	641
313	650
313	652
313	656
313	675
313	678
313	705
313	710
313	719
313	727
313	734
313	737
313	750
313	761
313	766
313	767
313	771
313	777
313	801
313	803
313	808
313	1823
313	1826
313	1835
313	1854
313	1859
313	1881
313	1893
313	1902
313	1907
313	1911
313	1922
313	1937
313	1939
313	1951
313	1963
313	1972
313	1977
313	1981
313	1984
316	338
316	342
316	343
316	354
316	362
316	370
316	377
316	379
316	392
316	406
316	416
316	421
316	426
316	435
316	439
316	467
316	475
316	481
316	485
316	494
316	504
316	506
316	508
316	513
316	514
316	522
316	564
316	565
316	575
316	579
316	602
316	603
316	611
316	615
316	628
316	633
316	641
316	650
316	652
316	656
316	675
316	678
316	705
316	710
316	719
316	727
316	734
316	737
316	750
316	761
316	766
316	767
316	771
316	777
316	801
316	803
316	808
316	1823
316	1826
316	1835
316	1854
316	1859
316	1881
316	1893
316	1902
316	1907
316	1911
316	1922
316	1937
316	1939
316	1951
316	1963
316	1972
316	1977
316	1981
316	1984
338	342
338	343
338	354
338	362
338	370
338	377
338	379
338	392
338	406
338	416
338	421
338	426
338	435
338	439
338	467
338	475
338	481
338	485
338	494
338	504
338	506
338	508
338	513
338	514
338	522
338	564
338	565
338	575
338	579
338	602
338	603
338	611
338	615
338	628
338	633
338	641
338	650
338	652
338	656
338	675
338	678
338	705
338	710
338	719
338	727
338	734
338	737
338	750
338	761
338	766
338	767
338	771
338	777
338	801
338	803
338	808
338	821
338	825
338	1854
338	1859
338	1881
338	1893
338	1902
338	1907
338	1911
338	1922
338	1937
338	1939
338	1951
338	1963
338	1972
338	1977
338	1981
338	1984
342	343
342	354
342	362
342	370
342	377
342	379
342	392
342	406
342	416
342	421
342	426
342	435
342	439
342	467
342	475
342	481
342	485
342	494
342	504
342	506
342	508
342	513
342	514
342	522
342	564
342	565
342	575
342	579
342	602
342	603
342	611
342	615
342	628
342	633
342	641
342	650
342	652
342	656
342	675
342	678
342	705
342	710
342	719
342	727
342	734
342	737
342	750
342	761
342	766
342	767
342	771
342	777
342	801
342	803
342	808
342	821
342	825
342	842
342	1854
342	1859
342	1881
342	1893
342	1902
342	1907
342	1911
342	1922
342	1937
342	1939
342	1951
342	1963
342	1972
342	1977
342	1981
342	1984
343	354
343	362
343	370
343	377
343	379
343	392
343	406
343	416
343	421
343	426
343	435
343	439
343	467
343	475
343	481
343	485
343	494
343	504
343	506
343	508
343	513
343	514
343	522
343	564
343	565
343	575
343	579
343	602
343	603
343	611
343	615
343	628
343	633
343	641
343	650
343	652
343	656
343	675
343	678
343	705
343	710
343	719
343	727
343	734
343	737
343	750
343	761
343	766
343	767
343	771
343	777
343	801
343	803
343	808
343	821
343	825
343	842
343	1854
343	1859
343	1881
343	1893
343	1902
343	1907
343	1911
343	1922
343	1937
343	1939
343	1951
343	1963
343	1972
343	1977
343	1981
343	1984
354	362
354	370
354	377
354	379
354	392
354	406
354	416
354	421
354	426
354	435
354	439
354	467
354	475
354	481
354	485
354	494
354	504
354	506
354	508
354	513
354	514
354	522
354	564
354	565
354	575
354	579
354	602
354	603
354	611
354	615
354	628
354	633
354	641
354	650
354	652
354	656
354	675
354	678
354	705
354	710
354	719
354	727
354	734
354	737
354	750
354	761
354	766
354	767
354	771
354	777
354	801
354	803
354	808
354	821
354	825
354	842
354	845
354	852
354	1854
354	1859
354	1881
354	1893
354	1902
354	1907
354	1911
354	1922
354	1937
354	1939
354	1951
354	1963
354	1972
354	1977
354	1981
354	1984
362	370
362	377
362	379
362	392
362	406
362	416
362	421
362	426
362	435
362	439
362	467
362	475
362	481
362	485
362	494
362	504
362	506
362	508
362	513
362	514
362	522
362	564
362	565
362	575
362	579
362	602
362	603
362	611
362	615
362	628
362	633
362	641
362	650
362	652
362	656
362	675
362	678
362	705
362	710
362	719
362	727
362	734
362	737
362	750
362	761
362	766
362	767
362	771
362	777
362	801
362	803
362	808
362	821
362	825
362	842
362	845
362	852
362	860
362	1881
362	1893
362	1902
362	1907
362	1911
362	1922
362	1937
362	1939
362	1951
362	1963
362	1972
362	1977
362	1981
362	1984
370	377
370	379
370	392
370	406
370	416
370	421
370	426
370	435
370	439
370	467
370	475
370	481
370	485
370	494
370	504
370	506
370	508
370	513
370	514
370	522
370	564
370	565
370	575
370	579
370	602
370	603
370	611
370	615
370	628
370	633
370	641
370	650
370	652
370	656
370	675
370	678
370	705
370	710
370	719
370	727
370	734
370	737
370	750
370	761
370	766
370	767
370	771
370	777
370	801
370	803
370	808
370	821
370	825
370	842
370	845
370	852
370	860
370	864
370	1881
370	1893
370	1902
370	1907
370	1911
370	1922
370	1937
370	1939
370	1951
370	1963
370	1972
370	1977
370	1981
370	1984
377	379
377	392
377	406
377	416
377	421
377	426
377	435
377	439
377	467
377	475
377	481
377	485
377	494
377	504
377	506
377	508
377	513
377	514
377	522
377	564
377	565
377	575
377	579
377	602
377	603
377	611
377	615
377	628
377	633
377	641
377	650
377	652
377	656
377	675
377	678
377	705
377	710
377	719
377	727
377	734
377	737
377	750
377	761
377	766
377	767
377	771
377	777
377	801
377	803
377	808
377	821
377	825
377	842
377	845
377	852
377	860
377	864
377	875
377	1881
377	1893
377	1902
377	1907
377	1911
377	1922
377	1937
377	1939
377	1951
377	1963
377	1972
377	1977
377	1981
377	1984
379	392
379	406
379	416
379	421
379	426
379	435
379	439
379	467
379	475
379	481
379	485
379	494
379	504
379	506
379	508
379	513
379	514
379	522
379	564
379	565
379	575
379	579
379	602
379	603
379	611
379	615
379	628
379	633
379	641
379	650
379	652
379	656
379	675
379	678
379	705
379	710
379	719
379	727
379	734
379	737
379	750
379	761
379	766
379	767
379	771
379	777
379	801
379	803
379	808
379	821
379	825
379	842
379	845
379	852
379	860
379	864
379	875
379	1881
379	1893
379	1902
379	1907
379	1911
379	1922
379	1937
379	1939
379	1951
379	1963
379	1972
379	1977
379	1981
379	1984
392	406
392	416
392	421
392	426
392	435
392	439
392	467
392	475
392	481
392	485
392	494
392	504
392	506
392	508
392	513
392	514
392	522
392	564
392	565
392	575
392	579
392	602
392	603
392	611
392	615
392	628
392	633
392	641
392	650
392	652
392	656
392	675
392	678
392	705
392	710
392	719
392	727
392	734
392	737
392	750
392	761
392	766
392	767
392	771
392	777
392	801
392	803
392	808
392	821
392	825
392	842
392	845
392	852
392	860
392	864
392	875
392	1893
392	1902
392	1907
392	1911
392	1922
392	1937
392	1939
392	1951
392	1963
392	1972
392	1977
392	1981
392	1984
406	416
406	421
406	426
406	435
406	439
406	467
406	475
406	481
406	485
406	494
406	504
406	506
406	508
406	513
406	514
406	522
406	564
406	565
406	575
406	579
406	602
406	603
406	611
406	615
406	628
406	633
406	641
406	650
406	652
406	656
406	675
406	678
406	705
406	710
406	719
406	727
406	734
406	737
406	750
406	761
406	766
406	767
406	771
406	777
406	801
406	803
406	808
406	821
406	825
406	842
406	845
406	852
406	860
406	864
406	875
406	894
406	898
406	904
406	1907
406	1911
406	1922
406	1937
406	1939
406	1951
406	1963
406	1972
406	1977
406	1981
406	1984
416	421
416	426
416	435
416	439
416	467
416	475
416	481
416	485
416	494
416	504
416	506
416	508
416	513
416	514
416	522
416	564
416	565
416	575
416	579
416	602
416	603
416	611
416	615
416	628
416	633
416	641
416	650
416	652
416	656
416	675
416	678
416	705
416	710
416	719
416	727
416	734
416	737
416	750
416	761
416	766
416	767
416	771
416	777
416	801
416	803
416	808
416	821
416	825
416	842
416	845
416	852
416	860
416	864
416	875
416	894
416	898
416	904
416	1922
416	1937
416	1939
416	1951
416	1963
416	1972
416	1977
416	1981
416	1984
421	426
421	435
421	439
421	467
421	475
421	481
421	485
421	494
421	504
421	506
421	508
421	513
421	514
421	522
421	564
421	565
421	575
421	579
421	602
421	603
421	611
421	615
421	628
421	633
421	641
421	650
421	652
421	656
421	675
421	678
421	705
421	710
421	719
421	727
421	734
421	737
421	750
421	761
421	766
421	767
421	771
421	777
421	801
421	803
421	808
421	821
421	825
421	842
421	845
421	852
421	860
421	864
421	875
421	894
421	898
421	904
421	921
421	1922
421	1937
421	1939
421	1951
421	1963
421	1972
421	1977
421	1981
421	1984
426	435
426	439
426	467
426	475
426	481
426	485
426	494
426	504
426	506
426	508
426	513
426	514
426	522
426	564
426	565
426	575
426	579
426	602
426	603
426	611
426	615
426	628
426	633
426	641
426	650
426	652
426	656
426	675
426	678
426	705
426	710
426	719
426	727
426	734
426	737
426	750
426	761
426	766
426	767
426	771
426	777
426	801
426	803
426	808
426	821
426	825
426	842
426	845
426	852
426	860
426	864
426	875
426	894
426	898
426	904
426	921
426	1937
426	1939
426	1951
426	1963
426	1972
426	1977
426	1981
426	1984
435	439
435	467
435	475
435	481
435	485
435	494
435	504
435	506
435	508
435	513
435	514
435	522
435	564
435	565
435	575
435	579
435	602
435	603
435	611
435	615
435	628
435	633
435	641
435	650
435	652
435	656
435	675
435	678
435	705
435	710
435	719
435	727
435	734
435	737
435	750
435	761
435	766
435	767
435	771
435	777
435	801
435	803
435	808
435	821
435	825
435	842
435	845
435	852
435	860
435	864
435	875
435	894
435	898
435	904
435	921
435	1937
435	1939
435	1951
435	1963
435	1972
435	1977
435	1981
435	1984
439	467
439	475
439	481
439	485
439	494
439	504
439	506
439	508
439	513
439	514
439	522
439	564
439	565
439	575
439	579
439	602
439	603
439	611
439	615
439	628
439	633
439	641
439	650
439	652
439	656
439	675
439	678
439	705
439	710
439	719
439	727
439	734
439	737
439	750
439	761
439	766
439	767
439	771
439	777
439	801
439	803
439	808
439	821
439	825
439	842
439	845
439	852
439	860
439	864
439	875
439	894
439	898
439	904
439	921
439	1939
439	1951
439	1963
439	1972
439	1977
439	1981
439	1984
467	475
467	481
467	485
467	494
467	504
467	506
467	508
467	513
467	514
467	522
467	564
467	565
467	575
467	579
467	602
467	603
467	611
467	615
467	628
467	633
467	641
467	650
467	652
467	656
467	675
467	678
467	705
467	710
467	719
467	727
467	734
467	737
467	750
467	761
467	766
467	767
467	771
467	777
467	801
467	803
467	808
467	821
467	825
467	842
467	845
467	852
467	860
467	864
467	875
467	894
467	898
467	904
467	921
467	942
467	958
467	1972
467	1977
467	1981
467	1984
475	481
475	485
475	494
475	504
475	506
475	508
475	513
475	514
475	522
475	564
475	565
475	575
475	579
475	602
475	603
475	611
475	615
475	628
475	633
475	641
475	650
475	652
475	656
475	675
475	678
475	705
475	710
475	719
475	727
475	734
475	737
475	750
475	761
475	766
475	767
475	771
475	777
475	801
475	803
475	808
475	821
475	825
475	842
475	845
475	852
475	860
475	864
475	875
475	894
475	898
475	904
475	921
475	942
475	958
475	973
475	1977
475	1981
475	1984
481	485
481	494
481	504
481	506
481	508
481	513
481	514
481	522
481	564
481	565
481	575
481	579
481	602
481	603
481	611
481	615
481	628
481	633
481	641
481	650
481	652
481	656
481	675
481	678
481	705
481	710
481	719
481	727
481	734
481	737
481	750
481	761
481	766
481	767
481	771
481	777
481	801
481	803
481	808
481	821
481	825
481	842
481	845
481	852
481	860
481	864
481	875
481	894
481	898
481	904
481	921
481	942
481	958
481	973
481	1981
481	1984
485	494
485	504
485	506
485	508
485	513
485	514
485	522
485	564
485	565
485	575
485	579
485	602
485	603
485	611
485	615
485	628
485	633
485	641
485	650
485	652
485	656
485	675
485	678
485	705
485	710
485	719
485	727
485	734
485	737
485	750
485	761
485	766
485	767
485	771
485	777
485	801
485	803
485	808
485	821
485	825
485	842
485	845
485	852
485	860
485	864
485	875
485	894
485	898
485	904
485	921
485	942
485	958
485	973
485	983
485	984
494	504
494	506
494	508
494	513
494	514
494	522
494	564
494	565
494	575
494	579
494	602
494	603
494	611
494	615
494	628
494	633
494	641
494	650
494	652
494	656
494	675
494	678
494	705
494	710
494	719
494	727
494	734
494	737
494	750
494	761
494	766
494	767
494	771
494	777
494	801
494	803
494	808
494	821
494	825
494	842
494	845
494	852
494	860
494	864
494	875
494	894
494	898
494	904
494	921
494	942
494	958
494	973
494	983
494	984
494	991
1500	1501
1500	1505
1500	1511
1500	1513
1500	1514
1500	1517
1500	1521
1500	1522
1500	1526
1500	1529
1500	1554
1500	1555
1500	1566
1500	1567
1500	1594
1500	1603
1500	1606
1500	1620
1500	1662
1500	1670
1500	1676
1500	1683
1500	1692
1500	1704
1500	1715
1500	1723
1500	1725
1500	1733
1500	1745
1500	1748
1500	1753
1500	1776
1500	1782
1500	1784
1500	1794
1500	1823
1500	1826
1500	1835
1500	1854
1500	1859
1500	1881
1500	1893
1500	1902
1500	1907
1500	1911
1500	1922
1500	1937
1500	1939
1500	1951
1500	1963
1500	1972
1500	1977
1500	1981
1500	1984
1501	1505
1501	1511
1501	1513
1501	1514
1501	1517
1501	1521
1501	1522
1501	1526
1501	1529
1501	1554
1501	1555
1501	1566
1501	1567
1501	1594
1501	1603
1501	1606
1501	1620
1501	1662
1501	1670
1501	1676
1501	1683
1501	1692
1501	1704
1501	1715
1501	1723
1501	1725
1501	1733
1501	1745
1501	1748
1501	1753
1501	1776
1501	1782
1501	1784
1501	1794
1501	1823
1501	1826
1501	1835
1501	1854
1501	1859
1501	1881
1501	1893
1501	1902
1501	1907
1501	1911
1501	1922
1501	1937
1501	1939
1501	1951
1501	1963
1501	1972
1501	1977
1501	1981
1501	1984
1505	1511
1505	1513
1505	1514
1505	1517
1505	1521
1505	1522
1505	1526
1505	1529
1505	1554
1505	1555
1505	1566
1505	1567
1505	1594
1505	1603
1505	1606
1505	1620
1505	1662
1505	1670
1505	1676
1505	1683
1505	1692
1505	1704
1505	1715
1505	1723
1505	1725
1505	1733
1505	1745
1505	1748
1505	1753
1505	1776
1505	1782
1505	1784
1505	1794
1505	1823
1505	1826
1505	1835
1505	1854
1505	1859
1505	1881
1505	1893
1505	1902
1505	1907
1505	1911
1505	1922
1505	1937
1505	1939
1505	1951
1505	1963
1505	1972
1505	1977
1505	1981
1505	1984
1511	1513
1511	1514
1511	1517
1511	1521
1511	1522
1511	1526
1511	1529
1511	1554
1511	1555
1511	1566
1511	1567
1511	1594
1511	1603
1511	1606
1511	1620
1511	1662
1511	1670
1511	1676
1511	1683
1511	1692
1511	1704
1511	1715
1511	1723
1511	1725
1511	1733
1511	1745
1511	1748
1511	1753
1511	1776
1511	1782
1511	1784
1511	1794
1511	1823
1511	1826
1511	1835
1511	1854
1511	1859
1511	1881
1511	1893
1511	1902
1511	1907
1511	1911
1511	1922
1511	1937
1511	1939
1511	1951
1511	1963
1511	1972
1511	1977
1511	1981
1511	1984
1513	1514
1513	1517
1513	1521
1513	1522
1513	1526
1513	1529
1513	1554
1513	1555
1513	1566
1513	1567
1513	1594
1513	1603
1513	1606
1513	1620
1513	1662
1513	1670
1513	1676
1513	1683
1513	1692
1513	1704
1513	1715
1513	1723
1513	1725
1513	1733
1513	1745
1513	1748
1513	1753
1513	1776
1513	1782
1513	1784
1513	1794
1513	1823
1513	1826
1513	1835
1513	1854
1513	1859
1513	1881
1513	1893
1513	1902
1513	1907
1513	1911
1513	1922
1513	1937
1513	1939
1513	1951
1513	1963
1513	1972
1513	1977
1513	1981
1513	1984
1514	1517
1514	1521
1514	1522
1514	1526
1514	1529
1514	1554
1514	1555
1514	1566
1514	1567
1514	1594
1514	1603
1514	1606
1514	1620
1514	1662
1514	1670
1514	1676
1514	1683
1514	1692
1514	1704
1514	1715
1514	1723
1514	1725
1514	1733
1514	1745
1514	1748
1514	1753
1514	1776
1514	1782
1514	1784
1514	1794
1514	1823
1514	1826
1514	1835
1514	1854
1514	1859
1514	1881
1514	1893
1514	1902
1514	1907
1514	1911
1514	1922
1514	1937
1514	1939
1514	1951
1514	1963
1514	1972
1514	1977
1514	1981
1514	1984
1517	1521
1517	1522
1517	1526
1517	1529
1517	1554
1517	1555
1517	1566
1517	1567
1517	1594
1517	1603
1517	1606
1517	1620
1517	1662
1517	1670
1517	1676
1517	1683
1517	1692
1517	1704
1517	1715
1517	1723
1517	1725
1517	1733
1517	1745
1517	1748
1517	1753
1517	1776
1517	1782
1517	1784
1517	1794
1517	1823
1517	1826
1517	1835
1517	1854
1517	1859
1517	1881
1517	1893
1517	1902
1517	1907
1517	1911
1517	1922
1517	1937
1517	1939
1517	1951
1517	1963
1517	1972
1517	1977
1517	1981
1517	1984
1521	1522
1521	1526
1521	1529
1521	1554
1521	1555
1521	1566
1521	1567
1521	1594
1521	1603
1521	1606
1521	1620
1521	1662
1521	1670
1521	1676
1521	1683
1521	1692
1521	1704
1521	1715
1521	1723
1521	1725
1521	1733
1521	1745
1521	1748
1521	1753
1521	1776
1521	1782
1521	1784
1521	1794
1521	1823
1521	1826
1521	1835
1521	1854
1521	1859
1521	1881
1521	1893
1521	1902
1521	1907
1521	1911
1521	1922
1521	1937
1521	1939
1521	1951
1521	1963
1521	1972
1521	1977
1521	1981
1521	1984
1522	1526
1522	1529
1522	1554
1522	1555
1522	1566
1522	1567
1522	1594
1522	1603
1522	1606
1522	1620
1522	1662
1522	1670
1522	1676
1522	1683
1522	1692
1522	1704
1522	1715
1522	1723
1522	1725
1522	1733
1522	1745
1522	1748
1522	1753
1522	1776
1522	1782
1522	1784
1522	1794
1522	1823
1522	1826
1522	1835
1522	1854
1522	1859
1522	1881
1522	1893
1522	1902
1522	1907
1522	1911
1522	1922
1522	1937
1522	1939
1522	1951
1522	1963
1522	1972
1522	1977
1522	1981
1522	1984
1526	1529
1526	1554
1526	1555
1526	1566
1526	1567
1526	1594
1526	1603
1526	1606
1526	1620
1526	1662
1526	1670
1526	1676
1526	1683
1526	1692
1526	1704
1526	1715
1526	1723
1526	1725
1526	1733
1526	1745
1526	1748
1526	1753
1526	1776
1526	1782
1526	1784
1526	1794
1526	1823
1526	1826
1526	1835
1526	1854
1526	1859
1526	1881
1526	1893
1526	1902
1526	1907
1526	1911
1526	1922
1526	1937
1526	1939
1526	1951
1526	1963
1526	1972
1526	1977
1526	1981
1526	1984
1529	1554
1529	1555
1529	1566
1529	1567
1529	1594
1529	1603
1529	1606
1529	1620
1529	1662
1529	1670
1529	1676
1529	1683
1529	1692
1529	1704
1529	1715
1529	1723
1529	1725
1529	1733
1529	1745
1529	1748
1529	1753
1529	1776
1529	1782
1529	1784
1529	1794
1529	1823
1529	1826
1529	1835
1529	1854
1529	1859
1529	1881
1529	1893
1529	1902
1529	1907
1529	1911
1529	1922
1529	1937
1529	1939
1529	1951
1529	1963
1529	1972
1529	1977
1529	1981
1529	1984
1554	1555
1554	1566
1554	1567
1554	1594
1554	1603
1554	1606
1554	1620
1554	1662
1554	1670
1554	1676
1554	1683
1554	1692
1554	1704
1554	1715
1554	1723
1554	1725
1554	1733
1554	1745
1554	1748
1554	1753
1554	1776
1554	1782
1554	1784
1554	1794
1554	1823
1554	1826
1554	1835
1554	1854
1554	1859
1554	1881
1554	1893
1554	1902
1554	1907
1554	1911
1554	1922
1554	1937
1554	1939
1554	1951
1554	1963
1554	1972
1554	1977
1554	1981
1554	1984
1555	1566
1555	1567
1555	1594
1555	1603
1555	1606
1555	1620
1555	1662
1555	1670
1555	1676
1555	1683
1555	1692
1555	1704
1555	1715
1555	1723
1555	1725
1555	1733
1555	1745
1555	1748
1555	1753
1555	1776
1555	1782
1555	1784
1555	1794
1555	1823
1555	1826
1555	1835
1555	1854
1555	1859
1555	1881
1555	1893
1555	1902
1555	1907
1555	1911
1555	1922
1555	1937
1555	1939
1555	1951
1555	1963
1555	1972
1555	1977
1555	1981
1555	1984
1566	1567
1566	1594
1566	1603
1566	1606
1566	1620
1566	1662
1566	1670
1566	1676
1566	1683
1566	1692
1566	1704
1566	1715
1566	1723
1566	1725
1566	1733
1566	1745
1566	1748
1566	1753
1566	1776
1566	1782
1566	1784
1566	1794
1566	1823
1566	1826
1566	1835
1566	1854
1566	1859
1566	1881
1566	1893
1566	1902
1566	1907
1566	1911
1566	1922
1566	1937
1566	1939
1566	1951
1566	1963
1566	1972
1566	1977
1566	1981
1566	1984
1567	1594
1567	1603
1567	1606
1567	1620
1567	1662
1567	1670
1567	1676
1567	1683
1567	1692
1567	1704
1567	1715
1567	1723
1567	1725
1567	1733
1567	1745
1567	1748
1567	1753
1567	1776
1567	1782
1567	1784
1567	1794
1567	1823
1567	1826
1567	1835
1567	1854
1567	1859
1567	1881
1567	1893
1567	1902
1567	1907
1567	1911
1567	1922
1567	1937
1567	1939
1567	1951
1567	1963
1567	1972
1567	1977
1567	1981
1567	1984
1594	1603
1594	1606
1594	1620
1594	1662
1594	1670
1594	1676
1594	1683
1594	1692
1594	1704
1594	1715
1594	1723
1594	1725
1594	1733
1594	1745
1594	1748
1594	1753
1594	1776
1594	1782
1594	1784
1594	1794
1594	1823
1594	1826
1594	1835
1594	1854
1594	1859
1594	1881
1594	1893
1594	1902
1594	1907
1594	1911
1594	1922
1594	1937
1594	1939
1594	1951
1594	1963
1594	1972
1594	1977
1594	1981
1594	1984
1603	1606
1603	1620
1603	1662
1603	1670
1603	1676
1603	1683
1603	1692
1603	1704
1603	1715
1603	1723
1603	1725
1603	1733
1603	1745
1603	1748
1603	1753
1603	1776
1603	1782
1603	1784
1603	1794
1603	1823
1603	1826
1603	1835
1603	1854
1603	1859
1603	1881
1603	1893
1603	1902
1603	1907
1603	1911
1603	1922
1603	1937
1603	1939
1603	1951
1603	1963
1603	1972
1603	1977
1603	1981
1603	1984
1606	1620
1606	1662
1606	1670
1606	1676
1606	1683
1606	1692
1606	1704
1606	1715
1606	1723
1606	1725
1606	1733
1606	1745
1606	1748
1606	1753
1606	1776
1606	1782
1606	1784
1606	1794
1606	1823
1606	1826
1606	1835
1606	1854
1606	1859
1606	1881
1606	1893
1606	1902
1606	1907
1606	1911
1606	1922
1606	1937
1606	1939
1606	1951
1606	1963
1606	1972
1606	1977
1606	1981
1606	1984
1620	1662
1620	1670
1620	1676
1620	1683
1620	1692
1620	1704
1620	1715
1620	1723
1620	1725
1620	1733
1620	1745
1620	1748
1620	1753
1620	1776
1620	1782
1620	1784
1620	1794
1620	1823
1620	1826
1620	1835
1620	1854
1620	1859
1620	1881
1620	1893
1620	1902
1620	1907
1620	1911
1620	1922
1620	1937
1620	1939
1620	1951
1620	1963
1620	1972
1620	1977
1620	1981
1620	1984
1662	1670
1662	1676
1662	1683
1662	1692
1662	1704
1662	1715
1662	1723
1662	1725
1662	1733
1662	1745
1662	1748
1662	1753
1662	1776
1662	1782
1662	1784
1662	1794
1662	1823
1662	1826
1662	1835
1662	1854
1662	1859
1662	1881
1662	1893
1662	1902
1662	1907
1662	1911
1662	1922
1662	1937
1662	1939
1662	1951
1662	1963
1662	1972
1662	1977
1662	1981
1662	1984
1670	1676
1670	1683
1670	1692
1670	1704
1670	1715
1670	1723
1670	1725
1670	1733
1670	1745
1670	1748
1670	1753
1670	1776
1670	1782
1670	1784
1670	1794
1670	1823
1670	1826
1670	1835
1670	1854
1670	1859
1670	1881
1670	1893
1670	1902
1670	1907
1670	1911
1670	1922
1670	1937
1670	1939
1670	1951
1670	1963
1670	1972
1670	1977
1670	1981
1670	1984
1676	1683
1676	1692
1676	1704
1676	1715
1676	1723
1676	1725
1676	1733
1676	1745
1676	1748
1676	1753
1676	1776
1676	1782
1676	1784
1676	1794
1676	1823
1676	1826
1676	1835
1676	1854
1676	1859
1676	1881
1676	1893
1676	1902
1676	1907
1676	1911
1676	1922
1676	1937
1676	1939
1676	1951
1676	1963
1676	1972
1676	1977
1676	1981
1676	1984
1683	1692
1683	1704
1683	1715
1683	1723
1683	1725
1683	1733
1683	1745
1683	1748
1683	1753
1683	1776
1683	1782
1683	1784
1683	1794
1683	1823
1683	1826
1683	1835
1683	1854
1683	1859
1683	1881
1683	1893
1683	1902
1683	1907
1683	1911
1683	1922
1683	1937
1683	1939
1683	1951
1683	1963
1683	1972
1683	1977
1683	1981
1683	1984
1692	1704
1692	1715
1692	1723
1692	1725
1692	1733
1692	1745
1692	1748
1692	1753
1692	1776
1692	1782
1692	1784
1692	1794
1692	1823
1692	1826
1692	1835
1692	1854
1692	1859
1692	1881
1692	1893
1692	1902
1692	1907
1692	1911
1692	1922
1692	1937
1692	1939
1692	1951
1692	1963
1692	1972
1692	1977
1692	1981
1692	1984
1704	1715
1704	1723
1704	1725
1704	1733
1704	1745
1704	1748
1704	1753
1704	1776
1704	1782
1704	1784
1704	1794
1704	1823
1704	1826
1704	1835
1704	1854
1704	1859
1704	1881
1704	1893
1704	1902
1704	1907
1704	1911
1704	1922
1704	1937
1704	1939
1704	1951
1704	1963
1704	1972
1704	1977
1704	1981
1704	1984
1715	1723
1715	1725
1715	1733
1715	1745
1715	1748
1715	1753
1715	1776
1715	1782
1715	1784
1715	1794
1715	1823
1715	1826
1715	1835
1715	1854
1715	1859
1715	1881
1715	1893
1715	1902
1715	1907
1715	1911
1715	1922
1715	1937
1715	1939
1715	1951
1715	1963
1715	1972
1715	1977
1715	1981
1715	1984
1723	1725
1723	1733
1723	1745
1723	1748
1723	1753
1723	1776
1723	1782
1723	1784
1723	1794
1723	1823
1723	1826
1723	1835
1723	1854
1723	1859
1723	1881
1723	1893
1723	1902
1723	1907
1723	1911
1723	1922
1723	1937
1723	1939
1723	1951
1723	1963
1723	1972
1723	1977
1723	1981
1723	1984
1725	1733
1725	1745
1725	1748
1725	1753
1725	1776
1725	1782
1725	1784
1725	1794
1725	1823
1725	1826
1725	1835
1725	1854
1725	1859
1725	1881
1725	1893
1725	1902
1725	1907
1725	1911
1725	1922
1725	1937
1725	1939
1725	1951
1725	1963
1725	1972
1725	1977
1725	1981
1725	1984
1733	1745
1733	1748
1733	1753
1733	1776
1733	1782
1733	1784
1733	1794
1733	1823
1733	1826
1733	1835
1733	1854
1733	1859
1733	1881
1733	1893
1733	1902
1733	1907
1733	1911
1733	1922
1733	1937
1733	1939
1733	1951
1733	1963
1733	1972
1733	1977
1733	1981
1733	1984
1745	1748
1745	1753
1745	1776
1745	1782
1745	1784
1745	1794
1745	1823
1745	1826
1745	1835
1745	1854
1745	1859
1745	1881
1745	1893
1745	1902
1745	1907
1745	1911
1745	1922
1745	1937
1745	1939
1745	1951
1745	1963
1745	1972
1745	1977
1745	1981
1745	1984
1748	1753
1748	1776
1748	1782
1748	1784
1748	1794
1748	1823
1748	1826
1748	1835
1748	1854
1748	1859
1748	1881
1748	1893
1748	1902
1748	1907
1748	1911
1748	1922
1748	1937
1748	1939
1748	1951
1748	1963
1748	1972
1748	1977
1748	1981
1748	1984
1753	1776
1753	1782
1753	1784
1753	1794
1753	1823
1753	1826
1753	1835
1753	1854
1753	1859
1753	1881
1753	1893
1753	1902
1753	1907
1753	1911
1753	1922
1753	1937
1753	1939
1753	1951
1753	1963
1753	1972
1753	1977
1753	1981
1753	1984
1776	1782
1776	1784
1776	1794
1776	1823
1776	1826
1776	1835
1776	1854
1776	1859
1776	1881
1776	1893
1776	1902
1776	1907
1776	1911
1776	1922
1776	1937
1776	1939
1776	1951
1776	1963
1776	1972
1776	1977
1776	1981
1776	1984
1782	1784
1782	1794
1782	1823
1782	1826
1782	1835
1782	1854
1782	1859
1782	1881
1782	1893
1782	1902
1782	1907
1782	1911
1782	1922
1782	1937
1782	1939
1782	1951
1782	1963
1782	1972
1782	1977
1782	1981
1782	1984
1784	1794
1784	1823
1784	1826
1784	1835
1784	1854
1784	1859
1784	1881
1784	1893
1784	1902
1784	1907
1784	1911
1784	1922
1784	1937
1784	1939
1784	1951
1784	1963
1784	1972
1784	1977
1784	1981
1784	1984
1794	1823
1794	1826
1794	1835
1794	1854
1794	1859
1794	1881
1794	1893
1794	1902
1794	1907
1794	1911
1794	1922
1794	1937
1794	1939
1794	1951
1794	1963
1794	1972
1794	1977
1794	1981
1794	1984
1823	1826
1823	1835
1823	1854
1823	1859
1823	1881
1823	1893
1823	1902
1823	1907
1823	1911
1823	1922
1823	1937
1823	1939
1823	1951
1823	1963
1823	1972
1823	1977
1823	1981
1823	1984
1826	1835
1826	1854
1826	1859
1826	1881
1826	1893
1826	1902
1826	1907
1826	1911
1826	1922
1826	1937
1826	1939
1826	1951
1826	1963
1826	1972
1826	1977
1826	1981
1826	1984
1835	1854
1835	1859
1835	1881
1835	1893
1835	1902
1835	1907
1835	1911
1835	1922
1835	1937
1835	1939
1835	1951
1835	1963
1835	1972
1835	1977
1835	1981
1835	1984
1854	1859
1854	1881
1854	1893
1854	1902
1854	1907
1854	1911
1854	1922
1854	1937
1854	1939
1854	1951
1854	1963
1854	1972
1854	1977
1854	1981
1854	1984
1859	1881
1859	1893
1859	1902
1859	1907
1859	1911
1859	1922
1859	1937
1859	1939
1859	1951
1859	1963
1859	1972
1859	1977
1859	1981
1859	1984
1881	1893
1881	1902
1881	1907
1881	1911
1881	1922
1881	1937
1881	1939
1881	1951
1881	1963
1881	1972
1881	1977
1881	1981
1881	1984
1893	1902
1893	1907
1893	1911
1893	1922
1893	1937
1893	1939
1893	1951
1893	1963
1893	1972
1893	1977
1893	1981
1893	1984
1902	1907
1902	1911
1902	1922
1902	1937
1902	1939
1902	1951
1902	1963
1902	1972
1902	1977
1902	1981
1902	1984
1907	1911
1907	1922
1907	1937
1907	1939
1907	1951
1907	1963
1907	1972
1907	1977
1907	1981
1907	1984
1911	1922
1911	1937
1911	1939
1911	1951
1911	1963
1911	1972
1911	1977
1911	1981
1911	1984
1922	1937
1922	1939
1922	1951
1922	1963
1922	1972
1922	1977
1922	1981
1922	1984
1937	1939
1937	1951
1937	1963
1937	1972
1937	1977
1937	1981
1937	1984
1939	1951
1939	1963
1939	1972
1939	1977
1939	1981
1939	1984
1951	1963
1951	1972
1951	1977
1951	1981
1951	1984
1963	1972
1963	1977
1963	1981
1963	1984
1972	1977
1972	1981
1972	1984
1977	1981
1977	1984
1981	1984
504	506
504	508
504	513
504	514
504	522
504	564
504	565
504	575
504	579
504	602
504	603
504	611
504	615
504	628
504	633
504	641
504	650
504	652
504	656
504	675
504	678
504	705
504	710
504	719
504	727
504	734
504	737
504	750
504	761
504	766
504	767
504	771
504	777
504	801
504	803
504	808
504	821
504	825
504	842
504	845
504	852
504	860
504	864
504	875
504	894
504	898
504	904
504	921
504	942
504	958
504	973
504	983
504	984
504	991
504	1004
506	508
506	513
506	514
506	522
506	564
506	565
506	575
506	579
506	602
506	603
506	611
506	615
506	628
506	633
506	641
506	650
506	652
506	656
506	675
506	678
506	705
506	710
506	719
506	727
506	734
506	737
506	750
506	761
506	766
506	767
506	771
506	777
506	801
506	803
506	808
506	821
506	825
506	842
506	845
506	852
506	860
506	864
506	875
506	894
506	898
506	904
506	921
506	942
506	958
506	973
506	983
506	984
506	991
506	1004
508	513
508	514
508	522
508	564
508	565
508	575
508	579
508	602
508	603
508	611
508	615
508	628
508	633
508	641
508	650
508	652
508	656
508	675
508	678
508	705
508	710
508	719
508	727
508	734
508	737
508	750
508	761
508	766
508	767
508	771
508	777
508	801
508	803
508	808
508	821
508	825
508	842
508	845
508	852
508	860
508	864
508	875
508	894
508	898
508	904
508	921
508	942
508	958
508	973
508	983
508	984
508	991
508	1004
513	514
513	522
513	564
513	565
513	575
513	579
513	602
513	603
513	611
513	615
513	628
513	633
513	641
513	650
513	652
513	656
513	675
513	678
513	705
513	710
513	719
513	727
513	734
513	737
513	750
513	761
513	766
513	767
513	771
513	777
513	801
513	803
513	808
513	821
513	825
513	842
513	845
513	852
513	860
513	864
513	875
513	894
513	898
513	904
513	921
513	942
513	958
513	973
513	983
513	984
513	991
513	1004
514	522
514	564
514	565
514	575
514	579
514	602
514	603
514	611
514	615
514	628
514	633
514	641
514	650
514	652
514	656
514	675
514	678
514	705
514	710
514	719
514	727
514	734
514	737
514	750
514	761
514	766
514	767
514	771
514	777
514	801
514	803
514	808
514	821
514	825
514	842
514	845
514	852
514	860
514	864
514	875
514	894
514	898
514	904
514	921
514	942
514	958
514	973
514	983
514	984
514	991
514	1004
522	564
522	565
522	575
522	579
522	602
522	603
522	611
522	615
522	628
522	633
522	641
522	650
522	652
522	656
522	675
522	678
522	705
522	710
522	719
522	727
522	734
522	737
522	750
522	761
522	766
522	767
522	771
522	777
522	801
522	803
522	808
522	821
522	825
522	842
522	845
522	852
522	860
522	864
522	875
522	894
522	898
522	904
522	921
522	942
522	958
522	973
522	983
522	984
522	991
522	1004
522	1019
522	1021
564	565
564	575
564	579
564	602
564	603
564	611
564	615
564	628
564	633
564	641
564	650
564	652
564	656
564	675
564	678
564	705
564	710
564	719
564	727
564	734
564	737
564	750
564	761
564	766
564	767
564	771
564	777
564	801
564	803
564	808
564	821
564	825
564	842
564	845
564	852
564	860
564	864
564	875
564	894
564	898
564	904
564	921
564	942
564	958
564	973
564	983
564	984
564	991
564	1004
564	1019
564	1021
564	1029
564	1035
564	1041
564	1048
564	1050
565	575
565	579
565	602
565	603
565	611
565	615
565	628
565	633
565	641
565	650
565	652
565	656
565	675
565	678
565	705
565	710
565	719
565	727
565	734
565	737
565	750
565	761
565	766
565	767
565	771
565	777
565	801
565	803
565	808
565	821
565	825
565	842
565	845
565	852
565	860
565	864
565	875
565	894
565	898
565	904
565	921
565	942
565	958
565	973
565	983
565	984
565	991
565	1004
565	1019
565	1021
565	1029
565	1035
565	1041
565	1048
565	1050
565	1065
575	579
575	602
575	603
575	611
575	615
575	628
575	633
575	641
575	650
575	652
575	656
575	675
575	678
575	705
575	710
575	719
575	727
575	734
575	737
575	750
575	761
575	766
575	767
575	771
575	777
575	801
575	803
575	808
575	821
575	825
575	842
575	845
575	852
575	860
575	864
575	875
575	894
575	898
575	904
575	921
575	942
575	958
575	973
575	983
575	984
575	991
575	1004
575	1019
575	1021
575	1029
575	1035
575	1041
575	1048
575	1050
575	1065
575	1066
575	1071
575	1072
575	1075
579	602
579	603
579	611
579	615
579	628
579	633
579	641
579	650
579	652
579	656
579	675
579	678
579	705
579	710
579	719
579	727
579	734
579	737
579	750
579	761
579	766
579	767
579	771
579	777
579	801
579	803
579	808
579	821
579	825
579	842
579	845
579	852
579	860
579	864
579	875
579	894
579	898
579	904
579	921
579	942
579	958
579	973
579	983
579	984
579	991
579	1004
579	1019
579	1021
579	1029
579	1035
579	1041
579	1048
579	1050
579	1065
579	1066
579	1071
579	1072
579	1075
602	603
602	611
602	615
602	628
602	633
602	641
602	650
602	652
602	656
602	675
602	678
602	705
602	710
602	719
602	727
602	734
602	737
602	750
602	761
602	766
602	767
602	771
602	777
602	801
602	803
602	808
602	821
602	825
602	842
602	845
602	852
602	860
602	864
602	875
602	894
602	898
602	904
602	921
602	942
602	958
602	973
602	983
602	984
602	991
602	1004
602	1019
602	1021
602	1029
602	1035
602	1041
602	1048
602	1050
602	1065
602	1066
602	1071
602	1072
602	1075
602	1080
602	1087
602	1099
603	611
603	615
603	628
603	633
603	641
603	650
603	652
603	656
603	675
603	678
603	705
603	710
603	719
603	727
603	734
603	737
603	750
603	761
603	766
603	767
603	771
603	777
603	801
603	803
603	808
603	821
603	825
603	842
603	845
603	852
603	860
603	864
603	875
603	894
603	898
603	904
603	921
603	942
603	958
603	973
603	983
603	984
603	991
603	1004
603	1019
603	1021
603	1029
603	1035
603	1041
603	1048
603	1050
603	1065
603	1066
603	1071
603	1072
603	1075
603	1080
603	1087
603	1099
611	615
611	628
611	633
611	641
611	650
611	652
611	656
611	675
611	678
611	705
611	710
611	719
611	727
611	734
611	737
611	750
611	761
611	766
611	767
611	771
611	777
611	801
611	803
611	808
611	821
611	825
611	842
611	845
611	852
611	860
611	864
611	875
611	894
611	898
611	904
611	921
611	942
611	958
611	973
611	983
611	984
611	991
611	1004
611	1019
611	1021
611	1029
611	1035
611	1041
611	1048
611	1050
611	1065
611	1066
611	1071
611	1072
611	1075
611	1080
611	1087
611	1099
615	628
615	633
615	641
615	650
615	652
615	656
615	675
615	678
615	705
615	710
615	719
615	727
615	734
615	737
615	750
615	761
615	766
615	767
615	771
615	777
615	801
615	803
615	808
615	821
615	825
615	842
615	845
615	852
615	860
615	864
615	875
615	894
615	898
615	904
615	921
615	942
615	958
615	973
615	983
615	984
615	991
615	1004
615	1019
615	1021
615	1029
615	1035
615	1041
615	1048
615	1050
615	1065
615	1066
615	1071
615	1072
615	1075
615	1080
615	1087
615	1099
615	1113
628	633
628	641
628	650
628	652
628	656
628	675
628	678
628	705
628	710
628	719
628	727
628	734
628	737
628	750
628	761
628	766
628	767
628	771
628	777
628	801
628	803
628	808
628	821
628	825
628	842
628	845
628	852
628	860
628	864
628	875
628	894
628	898
628	904
628	921
628	942
628	958
628	973
628	983
628	984
628	991
628	1004
628	1019
628	1021
628	1029
628	1035
628	1041
628	1048
628	1050
628	1065
628	1066
628	1071
628	1072
628	1075
628	1080
628	1087
628	1099
628	1113
633	641
633	650
633	652
633	656
633	675
633	678
633	705
633	710
633	719
633	727
633	734
633	737
633	750
633	761
633	766
633	767
633	771
633	777
633	801
633	803
633	808
633	821
633	825
633	842
633	845
633	852
633	860
633	864
633	875
633	894
633	898
633	904
633	921
633	942
633	958
633	973
633	983
633	984
633	991
633	1004
633	1019
633	1021
633	1029
633	1035
633	1041
633	1048
633	1050
633	1065
633	1066
633	1071
633	1072
633	1075
633	1080
633	1087
633	1099
633	1113
633	1132
641	650
641	652
641	656
641	675
641	678
641	705
641	710
641	719
641	727
641	734
641	737
641	750
641	761
641	766
641	767
641	771
641	777
641	801
641	803
641	808
641	821
641	825
641	842
641	845
641	852
641	860
641	864
641	875
641	894
641	898
641	904
641	921
641	942
641	958
641	973
641	983
641	984
641	991
641	1004
641	1019
641	1021
641	1029
641	1035
641	1041
641	1048
641	1050
641	1065
641	1066
641	1071
641	1072
641	1075
641	1080
641	1087
641	1099
641	1113
641	1132
650	652
650	656
650	675
650	678
650	705
650	710
650	719
650	727
650	734
650	737
650	750
650	761
650	766
650	767
650	771
650	777
650	801
650	803
650	808
650	821
650	825
650	842
650	845
650	852
650	860
650	864
650	875
650	894
650	898
650	904
650	921
650	942
650	958
650	973
650	983
650	984
650	991
650	1004
650	1019
650	1021
650	1029
650	1035
650	1041
650	1048
650	1050
650	1065
650	1066
650	1071
650	1072
650	1075
650	1080
650	1087
650	1099
650	1113
650	1132
652	656
652	675
652	678
652	705
652	710
652	719
652	727
652	734
652	737
652	750
652	761
652	766
652	767
652	771
652	777
652	801
652	803
652	808
652	821
652	825
652	842
652	845
652	852
652	860
652	864
652	875
652	894
652	898
652	904
652	921
652	942
652	958
652	973
652	983
652	984
652	991
652	1004
652	1019
652	1021
652	1029
652	1035
652	1041
652	1048
652	1050
652	1065
652	1066
652	1071
652	1072
652	1075
652	1080
652	1087
652	1099
652	1113
652	1132
656	675
656	678
656	705
656	710
656	719
656	727
656	734
656	737
656	750
656	761
656	766
656	767
656	771
656	777
656	801
656	803
656	808
656	821
656	825
656	842
656	845
656	852
656	860
656	864
656	875
656	894
656	898
656	904
656	921
656	942
656	958
656	973
656	983
656	984
656	991
656	1004
656	1019
656	1021
656	1029
656	1035
656	1041
656	1048
656	1050
656	1065
656	1066
656	1071
656	1072
656	1075
656	1080
656	1087
656	1099
656	1113
656	1132
675	678
675	705
675	710
675	719
675	727
675	734
675	737
675	750
675	761
675	766
675	767
675	771
675	777
675	801
675	803
675	808
675	821
675	825
675	842
675	845
675	852
675	860
675	864
675	875
675	894
675	898
675	904
675	921
675	942
675	958
675	973
675	983
675	984
675	991
675	1004
675	1019
675	1021
675	1029
675	1035
675	1041
675	1048
675	1050
675	1065
675	1066
675	1071
675	1072
675	1075
675	1080
675	1087
675	1099
675	1113
675	1132
675	1160
675	1161
675	1163
675	1173
678	705
678	710
678	719
678	727
678	734
678	737
678	750
678	761
678	766
678	767
678	771
678	777
678	801
678	803
678	808
678	821
678	825
678	842
678	845
678	852
678	860
678	864
678	875
678	894
678	898
678	904
678	921
678	942
678	958
678	973
678	983
678	984
678	991
678	1004
678	1019
678	1021
678	1029
678	1035
678	1041
678	1048
678	1050
678	1065
678	1066
678	1071
678	1072
678	1075
678	1080
678	1087
678	1099
678	1113
678	1132
678	1160
678	1161
678	1163
678	1173
705	710
705	719
705	727
705	734
705	737
705	750
705	761
705	766
705	767
705	771
705	777
705	801
705	803
705	808
705	821
705	825
705	842
705	845
705	852
705	860
705	864
705	875
705	894
705	898
705	904
705	921
705	942
705	958
705	973
705	983
705	984
705	991
705	1004
705	1019
705	1021
705	1029
705	1035
705	1041
705	1048
705	1050
705	1065
705	1066
705	1071
705	1072
705	1075
705	1080
705	1087
705	1099
705	1113
705	1132
705	1160
705	1161
705	1163
705	1173
710	719
710	727
710	734
710	737
710	750
710	761
710	766
710	767
710	771
710	777
710	801
710	803
710	808
710	821
710	825
710	842
710	845
710	852
710	860
710	864
710	875
710	894
710	898
710	904
710	921
710	942
710	958
710	973
710	983
710	984
710	991
710	1004
710	1019
710	1021
710	1029
710	1035
710	1041
710	1048
710	1050
710	1065
710	1066
710	1071
710	1072
710	1075
710	1080
710	1087
710	1099
710	1113
710	1132
710	1160
710	1161
710	1163
710	1173
719	727
719	734
719	737
719	750
719	761
719	766
719	767
719	771
719	777
719	801
719	803
719	808
719	821
719	825
719	842
719	845
719	852
719	860
719	864
719	875
719	894
719	898
719	904
719	921
719	942
719	958
719	973
719	983
719	984
719	991
719	1004
719	1019
719	1021
719	1029
719	1035
719	1041
719	1048
719	1050
719	1065
719	1066
719	1071
719	1072
719	1075
719	1080
719	1087
719	1099
719	1113
719	1132
719	1160
719	1161
719	1163
719	1173
719	1212
719	1219
727	734
727	737
727	750
727	761
727	766
727	767
727	771
727	777
727	801
727	803
727	808
727	821
727	825
727	842
727	845
727	852
727	860
727	864
727	875
727	894
727	898
727	904
727	921
727	942
727	958
727	973
727	983
727	984
727	991
727	1004
727	1019
727	1021
727	1029
727	1035
727	1041
727	1048
727	1050
727	1065
727	1066
727	1071
727	1072
727	1075
727	1080
727	1087
727	1099
727	1113
727	1132
727	1160
727	1161
727	1163
727	1173
727	1212
727	1219
734	737
734	750
734	761
734	766
734	767
734	771
734	777
734	801
734	803
734	808
734	821
734	825
734	842
734	845
734	852
734	860
734	864
734	875
734	894
734	898
734	904
734	921
734	942
734	958
734	973
734	983
734	984
734	991
734	1004
734	1019
734	1021
734	1029
734	1035
734	1041
734	1048
734	1050
734	1065
734	1066
734	1071
734	1072
734	1075
734	1080
734	1087
734	1099
734	1113
734	1132
734	1160
734	1161
734	1163
734	1173
734	1212
734	1219
737	750
737	761
737	766
737	767
737	771
737	777
737	801
737	803
737	808
737	821
737	825
737	842
737	845
737	852
737	860
737	864
737	875
737	894
737	898
737	904
737	921
737	942
737	958
737	973
737	983
737	984
737	991
737	1004
737	1019
737	1021
737	1029
737	1035
737	1041
737	1048
737	1050
737	1065
737	1066
737	1071
737	1072
737	1075
737	1080
737	1087
737	1099
737	1113
737	1132
737	1160
737	1161
737	1163
737	1173
737	1212
737	1219
737	1235
750	761
750	766
750	767
750	771
750	777
750	801
750	803
750	808
750	821
750	825
750	842
750	845
750	852
750	860
750	864
750	875
750	894
750	898
750	904
750	921
750	942
750	958
750	973
750	983
750	984
750	991
750	1004
750	1019
750	1021
750	1029
750	1035
750	1041
750	1048
750	1050
750	1065
750	1066
750	1071
750	1072
750	1075
750	1080
750	1087
750	1099
750	1113
750	1132
750	1160
750	1161
750	1163
750	1173
750	1212
750	1219
750	1235
750	1248
761	766
761	767
761	771
761	777
761	801
761	803
761	808
761	821
761	825
761	842
761	845
761	852
761	860
761	864
761	875
761	894
761	898
761	904
761	921
761	942
761	958
761	973
761	983
761	984
761	991
761	1004
761	1019
761	1021
761	1029
761	1035
761	1041
761	1048
761	1050
761	1065
761	1066
761	1071
761	1072
761	1075
761	1080
761	1087
761	1099
761	1113
761	1132
761	1160
761	1161
761	1163
761	1173
761	1212
761	1219
761	1235
761	1248
766	767
766	771
766	777
766	801
766	803
766	808
766	821
766	825
766	842
766	845
766	852
766	860
766	864
766	875
766	894
766	898
766	904
766	921
766	942
766	958
766	973
766	983
766	984
766	991
766	1004
766	1019
766	1021
766	1029
766	1035
766	1041
766	1048
766	1050
766	1065
766	1066
766	1071
766	1072
766	1075
766	1080
766	1087
766	1099
766	1113
766	1132
766	1160
766	1161
766	1163
766	1173
766	1212
766	1219
766	1235
766	1248
767	771
767	777
767	801
767	803
767	808
767	821
767	825
767	842
767	845
767	852
767	860
767	864
767	875
767	894
767	898
767	904
767	921
767	942
767	958
767	973
767	983
767	984
767	991
767	1004
767	1019
767	1021
767	1029
767	1035
767	1041
767	1048
767	1050
767	1065
767	1066
767	1071
767	1072
767	1075
767	1080
767	1087
767	1099
767	1113
767	1132
767	1160
767	1161
767	1163
767	1173
767	1212
767	1219
767	1235
767	1248
771	777
771	801
771	803
771	808
771	821
771	825
771	842
771	845
771	852
771	860
771	864
771	875
771	894
771	898
771	904
771	921
771	942
771	958
771	973
771	983
771	984
771	991
771	1004
771	1019
771	1021
771	1029
771	1035
771	1041
771	1048
771	1050
771	1065
771	1066
771	1071
771	1072
771	1075
771	1080
771	1087
771	1099
771	1113
771	1132
771	1160
771	1161
771	1163
771	1173
771	1212
771	1219
771	1235
771	1248
777	801
777	803
777	808
777	821
777	825
777	842
777	845
777	852
777	860
777	864
777	875
777	894
777	898
777	904
777	921
777	942
777	958
777	973
777	983
777	984
777	991
777	1004
777	1019
777	1021
777	1029
777	1035
777	1041
777	1048
777	1050
777	1065
777	1066
777	1071
777	1072
777	1075
777	1080
777	1087
777	1099
777	1113
777	1132
777	1160
777	1161
777	1163
777	1173
777	1212
777	1219
777	1235
777	1248
777	1274
777	1276
777	1277
801	803
801	808
801	821
801	825
801	842
801	845
801	852
801	860
801	864
801	875
801	894
801	898
801	904
801	921
801	942
801	958
801	973
801	983
801	984
801	991
801	1004
801	1019
801	1021
801	1029
801	1035
801	1041
801	1048
801	1050
801	1065
801	1066
801	1071
801	1072
801	1075
801	1080
801	1087
801	1099
801	1113
801	1132
801	1160
801	1161
801	1163
801	1173
801	1212
801	1219
801	1235
801	1248
801	1274
801	1276
801	1277
801	1278
803	808
803	821
803	825
803	842
803	845
803	852
803	860
803	864
803	875
803	894
803	898
803	904
803	921
803	942
803	958
803	973
803	983
803	984
803	991
803	1004
803	1019
803	1021
803	1029
803	1035
803	1041
803	1048
803	1050
803	1065
803	1066
803	1071
803	1072
803	1075
803	1080
803	1087
803	1099
803	1113
803	1132
803	1160
803	1161
803	1163
803	1173
803	1212
803	1219
803	1235
803	1248
803	1274
803	1276
803	1277
803	1278
808	821
808	825
808	842
808	845
808	852
808	860
808	864
808	875
808	894
808	898
808	904
808	921
808	942
808	958
808	973
808	983
808	984
808	991
808	1004
808	1019
808	1021
808	1029
808	1035
808	1041
808	1048
808	1050
808	1065
808	1066
808	1071
808	1072
808	1075
808	1080
808	1087
808	1099
808	1113
808	1132
808	1160
808	1161
808	1163
808	1173
808	1212
808	1219
808	1235
808	1248
808	1274
808	1276
808	1277
808	1278
808	1306
821	825
821	842
821	845
821	852
821	860
821	864
821	875
821	894
821	898
821	904
821	921
821	942
821	958
821	973
821	983
821	984
821	991
821	1004
821	1019
821	1021
821	1029
821	1035
821	1041
821	1048
821	1050
821	1065
821	1066
821	1071
821	1072
821	1075
821	1080
821	1087
821	1099
821	1113
821	1132
821	1160
821	1161
821	1163
821	1173
821	1212
821	1219
821	1235
821	1248
821	1274
821	1276
821	1277
821	1278
821	1306
821	1315
825	842
825	845
825	852
825	860
825	864
825	875
825	894
825	898
825	904
825	921
825	942
825	958
825	973
825	983
825	984
825	991
825	1004
825	1019
825	1021
825	1029
825	1035
825	1041
825	1048
825	1050
825	1065
825	1066
825	1071
825	1072
825	1075
825	1080
825	1087
825	1099
825	1113
825	1132
825	1160
825	1161
825	1163
825	1173
825	1212
825	1219
825	1235
825	1248
825	1274
825	1276
825	1277
825	1278
825	1306
825	1315
842	845
842	852
842	860
842	864
842	875
842	894
842	898
842	904
842	921
842	942
842	958
842	973
842	983
842	984
842	991
842	1004
842	1019
842	1021
842	1029
842	1035
842	1041
842	1048
842	1050
842	1065
842	1066
842	1071
842	1072
842	1075
842	1080
842	1087
842	1099
842	1113
842	1132
842	1160
842	1161
842	1163
842	1173
842	1212
842	1219
842	1235
842	1248
842	1274
842	1276
842	1277
842	1278
842	1306
842	1315
842	1335
845	852
845	860
845	864
845	875
845	894
845	898
845	904
845	921
845	942
845	958
845	973
845	983
845	984
845	991
845	1004
845	1019
845	1021
845	1029
845	1035
845	1041
845	1048
845	1050
845	1065
845	1066
845	1071
845	1072
845	1075
845	1080
845	1087
845	1099
845	1113
845	1132
845	1160
845	1161
845	1163
845	1173
845	1212
845	1219
845	1235
845	1248
845	1274
845	1276
845	1277
845	1278
845	1306
845	1315
845	1335
852	860
852	864
852	875
852	894
852	898
852	904
852	921
852	942
852	958
852	973
852	983
852	984
852	991
852	1004
852	1019
852	1021
852	1029
852	1035
852	1041
852	1048
852	1050
852	1065
852	1066
852	1071
852	1072
852	1075
852	1080
852	1087
852	1099
852	1113
852	1132
852	1160
852	1161
852	1163
852	1173
852	1212
852	1219
852	1235
852	1248
852	1274
852	1276
852	1277
852	1278
852	1306
852	1315
852	1335
860	864
860	875
860	894
860	898
860	904
860	921
860	942
860	958
860	973
860	983
860	984
860	991
860	1004
860	1019
860	1021
860	1029
860	1035
860	1041
860	1048
860	1050
860	1065
860	1066
860	1071
860	1072
860	1075
860	1080
860	1087
860	1099
860	1113
860	1132
860	1160
860	1161
860	1163
860	1173
860	1212
860	1219
860	1235
860	1248
860	1274
860	1276
860	1277
860	1278
860	1306
860	1315
860	1335
864	875
864	894
864	898
864	904
864	921
864	942
864	958
864	973
864	983
864	984
864	991
864	1004
864	1019
864	1021
864	1029
864	1035
864	1041
864	1048
864	1050
864	1065
864	1066
864	1071
864	1072
864	1075
864	1080
864	1087
864	1099
864	1113
864	1132
864	1160
864	1161
864	1163
864	1173
864	1212
864	1219
864	1235
864	1248
864	1274
864	1276
864	1277
864	1278
864	1306
864	1315
864	1335
875	894
875	898
875	904
875	921
875	942
875	958
875	973
875	983
875	984
875	991
875	1004
875	1019
875	1021
875	1029
875	1035
875	1041
875	1048
875	1050
875	1065
875	1066
875	1071
875	1072
875	1075
875	1080
875	1087
875	1099
875	1113
875	1132
875	1160
875	1161
875	1163
875	1173
875	1212
875	1219
875	1235
875	1248
875	1274
875	1276
875	1277
875	1278
875	1306
875	1315
875	1335
875	1366
875	1372
894	898
894	904
894	921
894	942
894	958
894	973
894	983
894	984
894	991
894	1004
894	1019
894	1021
894	1029
894	1035
894	1041
894	1048
894	1050
894	1065
894	1066
894	1071
894	1072
894	1075
894	1080
894	1087
894	1099
894	1113
894	1132
894	1160
894	1161
894	1163
894	1173
894	1212
894	1219
894	1235
894	1248
894	1274
894	1276
894	1277
894	1278
894	1306
894	1315
894	1335
894	1366
894	1372
894	1390
894	1392
898	904
898	921
898	942
898	958
898	973
898	983
898	984
898	991
898	1004
898	1019
898	1021
898	1029
898	1035
898	1041
898	1048
898	1050
898	1065
898	1066
898	1071
898	1072
898	1075
898	1080
898	1087
898	1099
898	1113
898	1132
898	1160
898	1161
898	1163
898	1173
898	1212
898	1219
898	1235
898	1248
898	1274
898	1276
898	1277
898	1278
898	1306
898	1315
898	1335
898	1366
898	1372
898	1390
898	1392
898	1395
898	1397
898	1398
904	921
904	942
904	958
904	973
904	983
904	984
904	991
904	1004
904	1019
904	1021
904	1029
904	1035
904	1041
904	1048
904	1050
904	1065
904	1066
904	1071
904	1072
904	1075
904	1080
904	1087
904	1099
904	1113
904	1132
904	1160
904	1161
904	1163
904	1173
904	1212
904	1219
904	1235
904	1248
904	1274
904	1276
904	1277
904	1278
904	1306
904	1315
904	1335
904	1366
904	1372
904	1390
904	1392
904	1395
904	1397
904	1398
904	1400
921	942
921	958
921	973
921	983
921	984
921	991
921	1004
921	1019
921	1021
921	1029
921	1035
921	1041
921	1048
921	1050
921	1065
921	1066
921	1071
921	1072
921	1075
921	1080
921	1087
921	1099
921	1113
921	1132
921	1160
921	1161
921	1163
921	1173
921	1212
921	1219
921	1235
921	1248
921	1274
921	1276
921	1277
921	1278
921	1306
921	1315
921	1335
921	1366
921	1372
921	1390
921	1392
921	1395
921	1397
921	1398
921	1400
921	1410
921	1419
942	958
942	973
942	983
942	984
942	991
942	1004
942	1019
942	1021
942	1029
942	1035
942	1041
942	1048
942	1050
942	1065
942	1066
942	1071
942	1072
942	1075
942	1080
942	1087
942	1099
942	1113
942	1132
942	1160
942	1161
942	1163
942	1173
942	1212
942	1219
942	1235
942	1248
942	1274
942	1276
942	1277
942	1278
942	1306
942	1315
942	1335
942	1366
942	1372
942	1390
942	1392
942	1395
942	1397
942	1398
942	1400
942	1410
942	1419
958	973
958	983
958	984
958	991
958	1004
958	1019
958	1021
958	1029
958	1035
958	1041
958	1048
958	1050
958	1065
958	1066
958	1071
958	1072
958	1075
958	1080
958	1087
958	1099
958	1113
958	1132
958	1160
958	1161
958	1163
958	1173
958	1212
958	1219
958	1235
958	1248
958	1274
958	1276
958	1277
958	1278
958	1306
958	1315
958	1335
958	1366
958	1372
958	1390
958	1392
958	1395
958	1397
958	1398
958	1400
958	1410
958	1419
973	983
973	984
973	991
973	1004
973	1019
973	1021
973	1029
973	1035
973	1041
973	1048
973	1050
973	1065
973	1066
973	1071
973	1072
973	1075
973	1080
973	1087
973	1099
973	1113
973	1132
973	1160
973	1161
973	1163
973	1173
973	1212
973	1219
973	1235
973	1248
973	1274
973	1276
973	1277
973	1278
973	1306
973	1315
973	1335
973	1366
973	1372
973	1390
973	1392
973	1395
973	1397
973	1398
973	1400
973	1410
973	1419
983	984
983	991
983	1004
983	1019
983	1021
983	1029
983	1035
983	1041
983	1048
983	1050
983	1065
983	1066
983	1071
983	1072
983	1075
983	1080
983	1087
983	1099
983	1113
983	1132
983	1160
983	1161
983	1163
983	1173
983	1212
983	1219
983	1235
983	1248
983	1274
983	1276
983	1277
983	1278
983	1306
983	1315
983	1335
983	1366
983	1372
983	1390
983	1392
983	1395
983	1397
983	1398
983	1400
983	1410
983	1419
983	1477
983	1482
984	991
984	1004
984	1019
984	1021
984	1029
984	1035
984	1041
984	1048
984	1050
984	1065
984	1066
984	1071
984	1072
984	1075
984	1080
984	1087
984	1099
984	1113
984	1132
984	1160
984	1161
984	1163
984	1173
984	1212
984	1219
984	1235
984	1248
984	1274
984	1276
984	1277
984	1278
984	1306
984	1315
984	1335
984	1366
984	1372
984	1390
984	1392
984	1395
984	1397
984	1398
984	1400
984	1410
984	1419
984	1477
984	1482
991	1004
991	1019
991	1021
991	1029
991	1035
991	1041
991	1048
991	1050
991	1065
991	1066
991	1071
991	1072
991	1075
991	1080
991	1087
991	1099
991	1113
991	1132
991	1160
991	1161
991	1163
991	1173
991	1212
991	1219
991	1235
991	1248
991	1274
991	1276
991	1277
991	1278
991	1306
991	1315
991	1335
991	1366
991	1372
991	1390
991	1392
991	1395
991	1397
991	1398
991	1400
991	1410
991	1419
991	1477
991	1482
991	1487
991	1489
991	1490
1004	1019
1004	1021
1004	1029
1004	1035
1004	1041
1004	1048
1004	1050
1004	1065
1004	1066
1004	1071
1004	1072
1004	1075
1004	1080
1004	1087
1004	1099
1004	1113
1004	1132
1004	1160
1004	1161
1004	1163
1004	1173
1004	1212
1004	1219
1004	1235
1004	1248
1004	1274
1004	1276
1004	1277
1004	1278
1004	1306
1004	1315
1004	1335
1004	1366
1004	1372
1004	1390
1004	1392
1004	1395
1004	1397
1004	1398
1004	1400
1004	1410
1004	1419
1004	1477
1004	1482
1004	1487
1004	1489
1004	1490
1004	1500
1004	1501
1019	1021
1019	1029
1019	1035
1019	1041
1019	1048
1019	1050
1019	1065
1019	1066
1019	1071
1019	1072
1019	1075
1019	1080
1019	1087
1019	1099
1019	1113
1019	1132
1019	1160
1019	1161
1019	1163
1019	1173
1019	1212
1019	1219
1019	1235
1019	1248
1019	1274
1019	1276
1019	1277
1019	1278
1019	1306
1019	1315
1019	1335
1019	1366
1019	1372
1019	1390
1019	1392
1019	1395
1019	1397
1019	1398
1019	1400
1019	1410
1019	1419
1019	1477
1019	1482
1019	1487
1019	1489
1019	1490
1019	1500
1019	1501
1019	1505
1019	1511
1019	1513
1019	1514
1019	1517
1021	1029
1021	1035
1021	1041
1021	1048
1021	1050
1021	1065
1021	1066
1021	1071
1021	1072
1021	1075
1021	1080
1021	1087
1021	1099
1021	1113
1021	1132
1021	1160
1021	1161
1021	1163
1021	1173
1021	1212
1021	1219
1021	1235
1021	1248
1021	1274
1021	1276
1021	1277
1021	1278
1021	1306
1021	1315
1021	1335
1021	1366
1021	1372
1021	1390
1021	1392
1021	1395
1021	1397
1021	1398
1021	1400
1021	1410
1021	1419
1021	1477
1021	1482
1021	1487
1021	1489
1021	1490
1021	1500
1021	1501
1021	1505
1021	1511
1021	1513
1021	1514
1021	1517
1021	1521
1029	1035
1029	1041
1029	1048
1029	1050
1029	1065
1029	1066
1029	1071
1029	1072
1029	1075
1029	1080
1029	1087
1029	1099
1029	1113
1029	1132
1029	1160
1029	1161
1029	1163
1029	1173
1029	1212
1029	1219
1029	1235
1029	1248
1029	1274
1029	1276
1029	1277
1029	1278
1029	1306
1029	1315
1029	1335
1029	1366
1029	1372
1029	1390
1029	1392
1029	1395
1029	1397
1029	1398
1029	1400
1029	1410
1029	1419
1029	1477
1029	1482
1029	1487
1029	1489
1029	1490
1029	1500
1029	1501
1029	1505
1029	1511
1029	1513
1029	1514
1029	1517
1029	1521
1029	1522
1029	1526
1029	1529
1035	1041
1035	1048
1035	1050
1035	1065
1035	1066
1035	1071
1035	1072
1035	1075
1035	1080
1035	1087
1035	1099
1035	1113
1035	1132
1035	1160
1035	1161
1035	1163
1035	1173
1035	1212
1035	1219
1035	1235
1035	1248
1035	1274
1035	1276
1035	1277
1035	1278
1035	1306
1035	1315
1035	1335
1035	1366
1035	1372
1035	1390
1035	1392
1035	1395
1035	1397
1035	1398
1035	1400
1035	1410
1035	1419
1035	1477
1035	1482
1035	1487
1035	1489
1035	1490
1035	1500
1035	1501
1035	1505
1035	1511
1035	1513
1035	1514
1035	1517
1035	1521
1035	1522
1035	1526
1035	1529
1041	1048
1041	1050
1041	1065
1041	1066
1041	1071
1041	1072
1041	1075
1041	1080
1041	1087
1041	1099
1041	1113
1041	1132
1041	1160
1041	1161
1041	1163
1041	1173
1041	1212
1041	1219
1041	1235
1041	1248
1041	1274
1041	1276
1041	1277
1041	1278
1041	1306
1041	1315
1041	1335
1041	1366
1041	1372
1041	1390
1041	1392
1041	1395
1041	1397
1041	1398
1041	1400
1041	1410
1041	1419
1041	1477
1041	1482
1041	1487
1041	1489
1041	1490
1041	1500
1041	1501
1041	1505
1041	1511
1041	1513
1041	1514
1041	1517
1041	1521
1041	1522
1041	1526
1041	1529
1048	1050
1048	1065
1048	1066
1048	1071
1048	1072
1048	1075
1048	1080
1048	1087
1048	1099
1048	1113
1048	1132
1048	1160
1048	1161
1048	1163
1048	1173
1048	1212
1048	1219
1048	1235
1048	1248
1048	1274
1048	1276
1048	1277
1048	1278
1048	1306
1048	1315
1048	1335
1048	1366
1048	1372
1048	1390
1048	1392
1048	1395
1048	1397
1048	1398
1048	1400
1048	1410
1048	1419
1048	1477
1048	1482
1048	1487
1048	1489
1048	1490
1048	1500
1048	1501
1048	1505
1048	1511
1048	1513
1048	1514
1048	1517
1048	1521
1048	1522
1048	1526
1048	1529
1050	1065
1050	1066
1050	1071
1050	1072
1050	1075
1050	1080
1050	1087
1050	1099
1050	1113
1050	1132
1050	1160
1050	1161
1050	1163
1050	1173
1050	1212
1050	1219
1050	1235
1050	1248
1050	1274
1050	1276
1050	1277
1050	1278
1050	1306
1050	1315
1050	1335
1050	1366
1050	1372
1050	1390
1050	1392
1050	1395
1050	1397
1050	1398
1050	1400
1050	1410
1050	1419
1050	1477
1050	1482
1050	1487
1050	1489
1050	1490
1050	1500
1050	1501
1050	1505
1050	1511
1050	1513
1050	1514
1050	1517
1050	1521
1050	1522
1050	1526
1050	1529
1065	1066
1065	1071
1065	1072
1065	1075
1065	1080
1065	1087
1065	1099
1065	1113
1065	1132
1065	1160
1065	1161
1065	1163
1065	1173
1065	1212
1065	1219
1065	1235
1065	1248
1065	1274
1065	1276
1065	1277
1065	1278
1065	1306
1065	1315
1065	1335
1065	1366
1065	1372
1065	1390
1065	1392
1065	1395
1065	1397
1065	1398
1065	1400
1065	1410
1065	1419
1065	1477
1065	1482
1065	1487
1065	1489
1065	1490
1065	1500
1065	1501
1065	1505
1065	1511
1065	1513
1065	1514
1065	1517
1065	1521
1065	1522
1065	1526
1065	1529
1065	1554
1065	1555
1066	1071
1066	1072
1066	1075
1066	1080
1066	1087
1066	1099
1066	1113
1066	1132
1066	1160
1066	1161
1066	1163
1066	1173
1066	1212
1066	1219
1066	1235
1066	1248
1066	1274
1066	1276
1066	1277
1066	1278
1066	1306
1066	1315
1066	1335
1066	1366
1066	1372
1066	1390
1066	1392
1066	1395
1066	1397
1066	1398
1066	1400
1066	1410
1066	1419
1066	1477
1066	1482
1066	1487
1066	1489
1066	1490
1066	1500
1066	1501
1066	1505
1066	1511
1066	1513
1066	1514
1066	1517
1066	1521
1066	1522
1066	1526
1066	1529
1066	1554
1066	1555
1066	1566
1071	1072
1071	1075
1071	1080
1071	1087
1071	1099
1071	1113
1071	1132
1071	1160
1071	1161
1071	1163
1071	1173
1071	1212
1071	1219
1071	1235
1071	1248
1071	1274
1071	1276
1071	1277
1071	1278
1071	1306
1071	1315
1071	1335
1071	1366
1071	1372
1071	1390
1071	1392
1071	1395
1071	1397
1071	1398
1071	1400
1071	1410
1071	1419
1071	1477
1071	1482
1071	1487
1071	1489
1071	1490
1071	1500
1071	1501
1071	1505
1071	1511
1071	1513
1071	1514
1071	1517
1071	1521
1071	1522
1071	1526
1071	1529
1071	1554
1071	1555
1071	1566
1071	1567
1072	1075
1072	1080
1072	1087
1072	1099
1072	1113
1072	1132
1072	1160
1072	1161
1072	1163
1072	1173
1072	1212
1072	1219
1072	1235
1072	1248
1072	1274
1072	1276
1072	1277
1072	1278
1072	1306
1072	1315
1072	1335
1072	1366
1072	1372
1072	1390
1072	1392
1072	1395
1072	1397
1072	1398
1072	1400
1072	1410
1072	1419
1072	1477
1072	1482
1072	1487
1072	1489
1072	1490
1072	1500
1072	1501
1072	1505
1072	1511
1072	1513
1072	1514
1072	1517
1072	1521
1072	1522
1072	1526
1072	1529
1072	1554
1072	1555
1072	1566
1072	1567
1075	1080
1075	1087
1075	1099
1075	1113
1075	1132
1075	1160
1075	1161
1075	1163
1075	1173
1075	1212
1075	1219
1075	1235
1075	1248
1075	1274
1075	1276
1075	1277
1075	1278
1075	1306
1075	1315
1075	1335
1075	1366
1075	1372
1075	1390
1075	1392
1075	1395
1075	1397
1075	1398
1075	1400
1075	1410
1075	1419
1075	1477
1075	1482
1075	1487
1075	1489
1075	1490
1075	1500
1075	1501
1075	1505
1075	1511
1075	1513
1075	1514
1075	1517
1075	1521
1075	1522
1075	1526
1075	1529
1075	1554
1075	1555
1075	1566
1075	1567
1080	1087
1080	1099
1080	1113
1080	1132
1080	1160
1080	1161
1080	1163
1080	1173
1080	1212
1080	1219
1080	1235
1080	1248
1080	1274
1080	1276
1080	1277
1080	1278
1080	1306
1080	1315
1080	1335
1080	1366
1080	1372
1080	1390
1080	1392
1080	1395
1080	1397
1080	1398
1080	1400
1080	1410
1080	1419
1080	1477
1080	1482
1080	1487
1080	1489
1080	1490
1080	1500
1080	1501
1080	1505
1080	1511
1080	1513
1080	1514
1080	1517
1080	1521
1080	1522
1080	1526
1080	1529
1080	1554
1080	1555
1080	1566
1080	1567
1087	1099
1087	1113
1087	1132
1087	1160
1087	1161
1087	1163
1087	1173
1087	1212
1087	1219
1087	1235
1087	1248
1087	1274
1087	1276
1087	1277
1087	1278
1087	1306
1087	1315
1087	1335
1087	1366
1087	1372
1087	1390
1087	1392
1087	1395
1087	1397
1087	1398
1087	1400
1087	1410
1087	1419
1087	1477
1087	1482
1087	1487
1087	1489
1087	1490
1087	1500
1087	1501
1087	1505
1087	1511
1087	1513
1087	1514
1087	1517
1087	1521
1087	1522
1087	1526
1087	1529
1087	1554
1087	1555
1087	1566
1087	1567
1099	1113
1099	1132
1099	1160
1099	1161
1099	1163
1099	1173
1099	1212
1099	1219
1099	1235
1099	1248
1099	1274
1099	1276
1099	1277
1099	1278
1099	1306
1099	1315
1099	1335
1099	1366
1099	1372
1099	1390
1099	1392
1099	1395
1099	1397
1099	1398
1099	1400
1099	1410
1099	1419
1099	1477
1099	1482
1099	1487
1099	1489
1099	1490
1099	1500
1099	1501
1099	1505
1099	1511
1099	1513
1099	1514
1099	1517
1099	1521
1099	1522
1099	1526
1099	1529
1099	1554
1099	1555
1099	1566
1099	1567
1099	1594
1113	1132
1113	1160
1113	1161
1113	1163
1113	1173
1113	1212
1113	1219
1113	1235
1113	1248
1113	1274
1113	1276
1113	1277
1113	1278
1113	1306
1113	1315
1113	1335
1113	1366
1113	1372
1113	1390
1113	1392
1113	1395
1113	1397
1113	1398
1113	1400
1113	1410
1113	1419
1113	1477
1113	1482
1113	1487
1113	1489
1113	1490
1113	1500
1113	1501
1113	1505
1113	1511
1113	1513
1113	1514
1113	1517
1113	1521
1113	1522
1113	1526
1113	1529
1113	1554
1113	1555
1113	1566
1113	1567
1113	1594
1113	1603
1113	1606
1132	1160
1132	1161
1132	1163
1132	1173
1132	1212
1132	1219
1132	1235
1132	1248
1132	1274
1132	1276
1132	1277
1132	1278
1132	1306
1132	1315
1132	1335
1132	1366
1132	1372
1132	1390
1132	1392
1132	1395
1132	1397
1132	1398
1132	1400
1132	1410
1132	1419
1132	1477
1132	1482
1132	1487
1132	1489
1132	1490
1132	1500
1132	1501
1132	1505
1132	1511
1132	1513
1132	1514
1132	1517
1132	1521
1132	1522
1132	1526
1132	1529
1132	1554
1132	1555
1132	1566
1132	1567
1132	1594
1132	1603
1132	1606
1132	1620
1160	1161
1160	1163
1160	1173
1160	1212
1160	1219
1160	1235
1160	1248
1160	1274
1160	1276
1160	1277
1160	1278
1160	1306
1160	1315
1160	1335
1160	1366
1160	1372
1160	1390
1160	1392
1160	1395
1160	1397
1160	1398
1160	1400
1160	1410
1160	1419
1160	1477
1160	1482
1160	1487
1160	1489
1160	1490
1160	1500
1160	1501
1160	1505
1160	1511
1160	1513
1160	1514
1160	1517
1160	1521
1160	1522
1160	1526
1160	1529
1160	1554
1160	1555
1160	1566
1160	1567
1160	1594
1160	1603
1160	1606
1160	1620
1161	1163
1161	1173
1161	1212
1161	1219
1161	1235
1161	1248
1161	1274
1161	1276
1161	1277
1161	1278
1161	1306
1161	1315
1161	1335
1161	1366
1161	1372
1161	1390
1161	1392
1161	1395
1161	1397
1161	1398
1161	1400
1161	1410
1161	1419
1161	1477
1161	1482
1161	1487
1161	1489
1161	1490
1161	1500
1161	1501
1161	1505
1161	1511
1161	1513
1161	1514
1161	1517
1161	1521
1161	1522
1161	1526
1161	1529
1161	1554
1161	1555
1161	1566
1161	1567
1161	1594
1161	1603
1161	1606
1161	1620
1163	1173
1163	1212
1163	1219
1163	1235
1163	1248
1163	1274
1163	1276
1163	1277
1163	1278
1163	1306
1163	1315
1163	1335
1163	1366
1163	1372
1163	1390
1163	1392
1163	1395
1163	1397
1163	1398
1163	1400
1163	1410
1163	1419
1163	1477
1163	1482
1163	1487
1163	1489
1163	1490
1163	1500
1163	1501
1163	1505
1163	1511
1163	1513
1163	1514
1163	1517
1163	1521
1163	1522
1163	1526
1163	1529
1163	1554
1163	1555
1163	1566
1163	1567
1163	1594
1163	1603
1163	1606
1163	1620
1163	1662
1173	1212
1173	1219
1173	1235
1173	1248
1173	1274
1173	1276
1173	1277
1173	1278
1173	1306
1173	1315
1173	1335
1173	1366
1173	1372
1173	1390
1173	1392
1173	1395
1173	1397
1173	1398
1173	1400
1173	1410
1173	1419
1173	1477
1173	1482
1173	1487
1173	1489
1173	1490
1173	1500
1173	1501
1173	1505
1173	1511
1173	1513
1173	1514
1173	1517
1173	1521
1173	1522
1173	1526
1173	1529
1173	1554
1173	1555
1173	1566
1173	1567
1173	1594
1173	1603
1173	1606
1173	1620
1173	1662
1173	1670
1212	1219
1212	1235
1212	1248
1212	1274
1212	1276
1212	1277
1212	1278
1212	1306
1212	1315
1212	1335
1212	1366
1212	1372
1212	1390
1212	1392
1212	1395
1212	1397
1212	1398
1212	1400
1212	1410
1212	1419
1212	1477
1212	1482
1212	1487
1212	1489
1212	1490
1212	1500
1212	1501
1212	1505
1212	1511
1212	1513
1212	1514
1212	1517
1212	1521
1212	1522
1212	1526
1212	1529
1212	1554
1212	1555
1212	1566
1212	1567
1212	1594
1212	1603
1212	1606
1212	1620
1212	1662
1212	1670
1212	1676
1212	1683
1212	1692
1212	1704
1219	1235
1219	1248
1219	1274
1219	1276
1219	1277
1219	1278
1219	1306
1219	1315
1219	1335
1219	1366
1219	1372
1219	1390
1219	1392
1219	1395
1219	1397
1219	1398
1219	1400
1219	1410
1219	1419
1219	1477
1219	1482
1219	1487
1219	1489
1219	1490
1219	1500
1219	1501
1219	1505
1219	1511
1219	1513
1219	1514
1219	1517
1219	1521
1219	1522
1219	1526
1219	1529
1219	1554
1219	1555
1219	1566
1219	1567
1219	1594
1219	1603
1219	1606
1219	1620
1219	1662
1219	1670
1219	1676
1219	1683
1219	1692
1219	1704
1219	1715
1235	1248
1235	1274
1235	1276
1235	1277
1235	1278
1235	1306
1235	1315
1235	1335
1235	1366
1235	1372
1235	1390
1235	1392
1235	1395
1235	1397
1235	1398
1235	1400
1235	1410
1235	1419
1235	1477
1235	1482
1235	1487
1235	1489
1235	1490
1235	1500
1235	1501
1235	1505
1235	1511
1235	1513
1235	1514
1235	1517
1235	1521
1235	1522
1235	1526
1235	1529
1235	1554
1235	1555
1235	1566
1235	1567
1235	1594
1235	1603
1235	1606
1235	1620
1235	1662
1235	1670
1235	1676
1235	1683
1235	1692
1235	1704
1235	1715
1235	1723
1235	1725
1235	1733
1248	1274
1248	1276
1248	1277
1248	1278
1248	1306
1248	1315
1248	1335
1248	1366
1248	1372
1248	1390
1248	1392
1248	1395
1248	1397
1248	1398
1248	1400
1248	1410
1248	1419
1248	1477
1248	1482
1248	1487
1248	1489
1248	1490
1248	1500
1248	1501
1248	1505
1248	1511
1248	1513
1248	1514
1248	1517
1248	1521
1248	1522
1248	1526
1248	1529
1248	1554
1248	1555
1248	1566
1248	1567
1248	1594
1248	1603
1248	1606
1248	1620
1248	1662
1248	1670
1248	1676
1248	1683
1248	1692
1248	1704
1248	1715
1248	1723
1248	1725
1248	1733
1248	1745
1248	1748
1274	1276
1274	1277
1274	1278
1274	1306
1274	1315
1274	1335
1274	1366
1274	1372
1274	1390
1274	1392
1274	1395
1274	1397
1274	1398
1274	1400
1274	1410
1274	1419
1274	1477
1274	1482
1274	1487
1274	1489
1274	1490
1274	1500
1274	1501
1274	1505
1274	1511
1274	1513
1274	1514
1274	1517
1274	1521
1274	1522
1274	1526
1274	1529
1274	1554
1274	1555
1274	1566
1274	1567
1274	1594
1274	1603
1274	1606
1274	1620
1274	1662
1274	1670
1274	1676
1274	1683
1274	1692
1274	1704
1274	1715
1274	1723
1274	1725
1274	1733
1274	1745
1274	1748
1274	1753
1276	1277
1276	1278
1276	1306
1276	1315
1276	1335
1276	1366
1276	1372
1276	1390
1276	1392
1276	1395
1276	1397
1276	1398
1276	1400
1276	1410
1276	1419
1276	1477
1276	1482
1276	1487
1276	1489
1276	1490
1276	1500
1276	1501
1276	1505
1276	1511
1276	1513
1276	1514
1276	1517
1276	1521
1276	1522
1276	1526
1276	1529
1276	1554
1276	1555
1276	1566
1276	1567
1276	1594
1276	1603
1276	1606
1276	1620
1276	1662
1276	1670
1276	1676
1276	1683
1276	1692
1276	1704
1276	1715
1276	1723
1276	1725
1276	1733
1276	1745
1276	1748
1276	1753
1276	1776
1277	1278
1277	1306
1277	1315
1277	1335
1277	1366
1277	1372
1277	1390
1277	1392
1277	1395
1277	1397
1277	1398
1277	1400
1277	1410
1277	1419
1277	1477
1277	1482
1277	1487
1277	1489
1277	1490
1277	1500
1277	1501
1277	1505
1277	1511
1277	1513
1277	1514
1277	1517
1277	1521
1277	1522
1277	1526
1277	1529
1277	1554
1277	1555
1277	1566
1277	1567
1277	1594
1277	1603
1277	1606
1277	1620
1277	1662
1277	1670
1277	1676
1277	1683
1277	1692
1277	1704
1277	1715
1277	1723
1277	1725
1277	1733
1277	1745
1277	1748
1277	1753
1277	1776
1278	1306
1278	1315
1278	1335
1278	1366
1278	1372
1278	1390
1278	1392
1278	1395
1278	1397
1278	1398
1278	1400
1278	1410
1278	1419
1278	1477
1278	1482
1278	1487
1278	1489
1278	1490
1278	1500
1278	1501
1278	1505
1278	1511
1278	1513
1278	1514
1278	1517
1278	1521
1278	1522
1278	1526
1278	1529
1278	1554
1278	1555
1278	1566
1278	1567
1278	1594
1278	1603
1278	1606
1278	1620
1278	1662
1278	1670
1278	1676
1278	1683
1278	1692
1278	1704
1278	1715
1278	1723
1278	1725
1278	1733
1278	1745
1278	1748
1278	1753
1278	1776
1306	1315
1306	1335
1306	1366
1306	1372
1306	1390
1306	1392
1306	1395
1306	1397
1306	1398
1306	1400
1306	1410
1306	1419
1306	1477
1306	1482
1306	1487
1306	1489
1306	1490
1306	1500
1306	1501
1306	1505
1306	1511
1306	1513
1306	1514
1306	1517
1306	1521
1306	1522
1306	1526
1306	1529
1306	1554
1306	1555
1306	1566
1306	1567
1306	1594
1306	1603
1306	1606
1306	1620
1306	1662
1306	1670
1306	1676
1306	1683
1306	1692
1306	1704
1306	1715
1306	1723
1306	1725
1306	1733
1306	1745
1306	1748
1306	1753
1306	1776
1306	1782
1306	1784
1306	1794
1315	1335
1315	1366
1315	1372
1315	1390
1315	1392
1315	1395
1315	1397
1315	1398
1315	1400
1315	1410
1315	1419
1315	1477
1315	1482
1315	1487
1315	1489
1315	1490
1315	1500
1315	1501
1315	1505
1315	1511
1315	1513
1315	1514
1315	1517
1315	1521
1315	1522
1315	1526
1315	1529
1315	1554
1315	1555
1315	1566
1315	1567
1315	1594
1315	1603
1315	1606
1315	1620
1315	1662
1315	1670
1315	1676
1315	1683
1315	1692
1315	1704
1315	1715
1315	1723
1315	1725
1315	1733
1315	1745
1315	1748
1315	1753
1315	1776
1315	1782
1315	1784
1315	1794
1335	1366
1335	1372
1335	1390
1335	1392
1335	1395
1335	1397
1335	1398
1335	1400
1335	1410
1335	1419
1335	1477
1335	1482
1335	1487
1335	1489
1335	1490
1335	1500
1335	1501
1335	1505
1335	1511
1335	1513
1335	1514
1335	1517
1335	1521
1335	1522
1335	1526
1335	1529
1335	1554
1335	1555
1335	1566
1335	1567
1335	1594
1335	1603
1335	1606
1335	1620
1335	1662
1335	1670
1335	1676
1335	1683
1335	1692
1335	1704
1335	1715
1335	1723
1335	1725
1335	1733
1335	1745
1335	1748
1335	1753
1335	1776
1335	1782
1335	1784
1335	1794
1335	1823
1335	1826
1335	1835
1366	1372
1366	1390
1366	1392
1366	1395
1366	1397
1366	1398
1366	1400
1366	1410
1366	1419
1366	1477
1366	1482
1366	1487
1366	1489
1366	1490
1366	1500
1366	1501
1366	1505
1366	1511
1366	1513
1366	1514
1366	1517
1366	1521
1366	1522
1366	1526
1366	1529
1366	1554
1366	1555
1366	1566
1366	1567
1366	1594
1366	1603
1366	1606
1366	1620
1366	1662
1366	1670
1366	1676
1366	1683
1366	1692
1366	1704
1366	1715
1366	1723
1366	1725
1366	1733
1366	1745
1366	1748
1366	1753
1366	1776
1366	1782
1366	1784
1366	1794
1366	1823
1366	1826
1366	1835
1366	1854
1366	1859
1372	1390
1372	1392
1372	1395
1372	1397
1372	1398
1372	1400
1372	1410
1372	1419
1372	1477
1372	1482
1372	1487
1372	1489
1372	1490
1372	1500
1372	1501
1372	1505
1372	1511
1372	1513
1372	1514
1372	1517
1372	1521
1372	1522
1372	1526
1372	1529
1372	1554
1372	1555
1372	1566
1372	1567
1372	1594
1372	1603
1372	1606
1372	1620
1372	1662
1372	1670
1372	1676
1372	1683
1372	1692
1372	1704
1372	1715
1372	1723
1372	1725
1372	1733
1372	1745
1372	1748
1372	1753
1372	1776
1372	1782
1372	1784
1372	1794
1372	1823
1372	1826
1372	1835
1372	1854
1372	1859
1390	1392
1390	1395
1390	1397
1390	1398
1390	1400
1390	1410
1390	1419
1390	1477
1390	1482
1390	1487
1390	1489
1390	1490
1390	1500
1390	1501
1390	1505
1390	1511
1390	1513
1390	1514
1390	1517
1390	1521
1390	1522
1390	1526
1390	1529
1390	1554
1390	1555
1390	1566
1390	1567
1390	1594
1390	1603
1390	1606
1390	1620
1390	1662
1390	1670
1390	1676
1390	1683
1390	1692
1390	1704
1390	1715
1390	1723
1390	1725
1390	1733
1390	1745
1390	1748
1390	1753
1390	1776
1390	1782
1390	1784
1390	1794
1390	1823
1390	1826
1390	1835
1390	1854
1390	1859
1390	1881
1392	1395
1392	1397
1392	1398
1392	1400
1392	1410
1392	1419
1392	1477
1392	1482
1392	1487
1392	1489
1392	1490
1392	1500
1392	1501
1392	1505
1392	1511
1392	1513
1392	1514
1392	1517
1392	1521
1392	1522
1392	1526
1392	1529
1392	1554
1392	1555
1392	1566
1392	1567
1392	1594
1392	1603
1392	1606
1392	1620
1392	1662
1392	1670
1392	1676
1392	1683
1392	1692
1392	1704
1392	1715
1392	1723
1392	1725
1392	1733
1392	1745
1392	1748
1392	1753
1392	1776
1392	1782
1392	1784
1392	1794
1392	1823
1392	1826
1392	1835
1392	1854
1392	1859
1392	1881
1395	1397
1395	1398
1395	1400
1395	1410
1395	1419
1395	1477
1395	1482
1395	1487
1395	1489
1395	1490
1395	1500
1395	1501
1395	1505
1395	1511
1395	1513
1395	1514
1395	1517
1395	1521
1395	1522
1395	1526
1395	1529
1395	1554
1395	1555
1395	1566
1395	1567
1395	1594
1395	1603
1395	1606
1395	1620
1395	1662
1395	1670
1395	1676
1395	1683
1395	1692
1395	1704
1395	1715
1395	1723
1395	1725
1395	1733
1395	1745
1395	1748
1395	1753
1395	1776
1395	1782
1395	1784
1395	1794
1395	1823
1395	1826
1395	1835
1395	1854
1395	1859
1395	1881
1395	1893
1397	1398
1397	1400
1397	1410
1397	1419
1397	1477
1397	1482
1397	1487
1397	1489
1397	1490
1397	1500
1397	1501
1397	1505
1397	1511
1397	1513
1397	1514
1397	1517
1397	1521
1397	1522
1397	1526
1397	1529
1397	1554
1397	1555
1397	1566
1397	1567
1397	1594
1397	1603
1397	1606
1397	1620
1397	1662
1397	1670
1397	1676
1397	1683
1397	1692
1397	1704
1397	1715
1397	1723
1397	1725
1397	1733
1397	1745
1397	1748
1397	1753
1397	1776
1397	1782
1397	1784
1397	1794
1397	1823
1397	1826
1397	1835
1397	1854
1397	1859
1397	1881
1397	1893
1398	1400
1398	1410
1398	1419
1398	1477
1398	1482
1398	1487
1398	1489
1398	1490
1398	1500
1398	1501
1398	1505
1398	1511
1398	1513
1398	1514
1398	1517
1398	1521
1398	1522
1398	1526
1398	1529
1398	1554
1398	1555
1398	1566
1398	1567
1398	1594
1398	1603
1398	1606
1398	1620
1398	1662
1398	1670
1398	1676
1398	1683
1398	1692
1398	1704
1398	1715
1398	1723
1398	1725
1398	1733
1398	1745
1398	1748
1398	1753
1398	1776
1398	1782
1398	1784
1398	1794
1398	1823
1398	1826
1398	1835
1398	1854
1398	1859
1398	1881
1398	1893
1400	1410
1400	1419
1400	1477
1400	1482
1400	1487
1400	1489
1400	1490
1400	1500
1400	1501
1400	1505
1400	1511
1400	1513
1400	1514
1400	1517
1400	1521
1400	1522
1400	1526
1400	1529
1400	1554
1400	1555
1400	1566
1400	1567
1400	1594
1400	1603
1400	1606
1400	1620
1400	1662
1400	1670
1400	1676
1400	1683
1400	1692
1400	1704
1400	1715
1400	1723
1400	1725
1400	1733
1400	1745
1400	1748
1400	1753
1400	1776
1400	1782
1400	1784
1400	1794
1400	1823
1400	1826
1400	1835
1400	1854
1400	1859
1400	1881
1400	1893
1410	1419
1410	1477
1410	1482
1410	1487
1410	1489
1410	1490
1410	1500
1410	1501
1410	1505
1410	1511
1410	1513
1410	1514
1410	1517
1410	1521
1410	1522
1410	1526
1410	1529
1410	1554
1410	1555
1410	1566
1410	1567
1410	1594
1410	1603
1410	1606
1410	1620
1410	1662
1410	1670
1410	1676
1410	1683
1410	1692
1410	1704
1410	1715
1410	1723
1410	1725
1410	1733
1410	1745
1410	1748
1410	1753
1410	1776
1410	1782
1410	1784
1410	1794
1410	1823
1410	1826
1410	1835
1410	1854
1410	1859
1410	1881
1410	1893
1410	1902
1410	1907
1419	1477
1419	1482
1419	1487
1419	1489
1419	1490
1419	1500
1419	1501
1419	1505
1419	1511
1419	1513
1419	1514
1419	1517
1419	1521
1419	1522
1419	1526
1419	1529
1419	1554
1419	1555
1419	1566
1419	1567
1419	1594
1419	1603
1419	1606
1419	1620
1419	1662
1419	1670
1419	1676
1419	1683
1419	1692
1419	1704
1419	1715
1419	1723
1419	1725
1419	1733
1419	1745
1419	1748
1419	1753
1419	1776
1419	1782
1419	1784
1419	1794
1419	1823
1419	1826
1419	1835
1419	1854
1419	1859
1419	1881
1419	1893
1419	1902
1419	1907
1419	1911
1477	1482
1477	1487
1477	1489
1477	1490
1477	1500
1477	1501
1477	1505
1477	1511
1477	1513
1477	1514
1477	1517
1477	1521
1477	1522
1477	1526
1477	1529
1477	1554
1477	1555
1477	1566
1477	1567
1477	1594
1477	1603
1477	1606
1477	1620
1477	1662
1477	1670
1477	1676
1477	1683
1477	1692
1477	1704
1477	1715
1477	1723
1477	1725
1477	1733
1477	1745
1477	1748
1477	1753
1477	1776
1477	1782
1477	1784
1477	1794
1477	1823
1477	1826
1477	1835
1477	1854
1477	1859
1477	1881
1477	1893
1477	1902
1477	1907
1477	1911
1477	1922
1477	1937
1477	1939
1477	1951
1477	1963
1477	1972
1477	1977
1482	1487
1482	1489
1482	1490
1482	1500
1482	1501
1482	1505
1482	1511
1482	1513
1482	1514
1482	1517
1482	1521
1482	1522
1482	1526
1482	1529
1482	1554
1482	1555
1482	1566
1482	1567
1482	1594
1482	1603
1482	1606
1482	1620
1482	1662
1482	1670
1482	1676
1482	1683
1482	1692
1482	1704
1482	1715
1482	1723
1482	1725
1482	1733
1482	1745
1482	1748
1482	1753
1482	1776
1482	1782
1482	1784
1482	1794
1482	1823
1482	1826
1482	1835
1482	1854
1482	1859
1482	1881
1482	1893
1482	1902
1482	1907
1482	1911
1482	1922
1482	1937
1482	1939
1482	1951
1482	1963
1482	1972
1482	1977
1482	1981
1487	1489
1487	1490
1487	1500
1487	1501
1487	1505
1487	1511
1487	1513
1487	1514
1487	1517
1487	1521
1487	1522
1487	1526
1487	1529
1487	1554
1487	1555
1487	1566
1487	1567
1487	1594
1487	1603
1487	1606
1487	1620
1487	1662
1487	1670
1487	1676
1487	1683
1487	1692
1487	1704
1487	1715
1487	1723
1487	1725
1487	1733
1487	1745
1487	1748
1487	1753
1487	1776
1487	1782
1487	1784
1487	1794
1487	1823
1487	1826
1487	1835
1487	1854
1487	1859
1487	1881
1487	1893
1487	1902
1487	1907
1487	1911
1487	1922
1487	1937
1487	1939
1487	1951
1487	1963
1487	1972
1487	1977
1487	1981
1487	1984
1489	1490
1489	1500
1489	1501
1489	1505
1489	1511
1489	1513
1489	1514
1489	1517
1489	1521
1489	1522
1489	1526
1489	1529
1489	1554
1489	1555
1489	1566
1489	1567
1489	1594
1489	1603
1489	1606
1489	1620
1489	1662
1489	1670
1489	1676
1489	1683
1489	1692
1489	1704
1489	1715
1489	1723
1489	1725
1489	1733
1489	1745
1489	1748
1489	1753
1489	1776
1489	1782
1489	1784
1489	1794
1489	1823
1489	1826
1489	1835
1489	1854
1489	1859
1489	1881
1489	1893
1489	1902
1489	1907
1489	1911
1489	1922
1489	1937
1489	1939
1489	1951
1489	1963
1489	1972
1489	1977
1489	1981
1489	1984
1490	1500
1490	1501
1490	1505
1490	1511
1490	1513
1490	1514
1490	1517
1490	1521
1490	1522
1490	1526
1490	1529
1490	1554
1490	1555
1490	1566
1490	1567
1490	1594
1490	1603
1490	1606
1490	1620
1490	1662
1490	1670
1490	1676
1490	1683
1490	1692
1490	1704
1490	1715
1490	1723
1490	1725
1490	1733
1490	1745
1490	1748
1490	1753
1490	1776
1490	1782
1490	1784
1490	1794
1490	1823
1490	1826
1490	1835
1490	1854
1490	1859
1490	1881
1490	1893
1490	1902
1490	1907
1490	1911
1490	1922
1490	1937
1490	1939
1490	1951
1490	1963
1490	1972
1490	1977
1490	1981
1490	1984
