# Undirected graph (each unordered pair of nodes is saved once): output/networks/SmallWorldRewire01removeRandom-95percent.txt
# Nodes: 100 Edges: 2347
# NodeId	NodeId
21	61
21	79
21	90
21	99
21	126
21	127
21	131
21	146
21	151
21	152
21	174
21	176
21	179
21	219
21	231
21	247
21	279
21	290
21	328
21	333
21	342
21	364
21	368
21	385
21	387
21	407
21	446
21	493
21	815
21	1341
21	1490
21	1564
21	1608
21	1620
21	1630
21	1678
21	1684
21	1687
21	1762
21	1783
21	1815
21	1847
21	1857
21	1871
21	1934
21	1957
61	79
61	90
61	99
61	126
61	127
61	131
61	146
61	151
61	152
61	174
61	176
61	179
61	219
61	231
61	247
61	279
61	290
61	328
61	333
61	364
61	368
61	385
61	387
61	407
61	446
61	493
61	679
61	681
61	1030
61	1097
61	1478
61	1564
61	1608
61	1620
61	1630
61	1676
61	1678
61	1684
61	1687
61	1762
61	1783
61	1815
61	1847
61	1854
61	1857
61	1934
61	1957
61	1992
79	90
79	99
79	131
79	151
79	152
79	174
79	176
79	179
79	219
79	231
79	247
79	279
79	290
79	328
79	333
79	342
79	364
79	368
79	385
79	387
79	407
79	446
79	493
79	1050
79	1478
79	1620
79	1630
79	1676
79	1678
79	1687
79	1762
79	1783
79	1815
79	1847
79	1854
79	1857
79	1934
79	1957
79	1992
90	99
90	126
90	127
90	131
90	146
90	151
90	152
90	174
90	176
90	179
90	219
90	247
90	279
90	328
90	333
90	342
90	364
90	368
90	385
90	387
90	407
90	446
90	493
90	582
90	708
90	1127
90	1608
90	1620
90	1630
90	1676
90	1678
90	1684
90	1687
90	1762
90	1783
90	1815
90	1847
90	1854
90	1857
90	1871
90	1934
90	1957
90	1992
99	126
99	127
99	131
99	146
99	151
99	152
99	174
99	176
99	179
99	219
99	231
99	247
99	290
99	333
99	342
99	364
99	368
99	385
99	387
99	446
99	493
99	582
99	1132
99	1564
99	1608
99	1620
99	1630
99	1676
99	1678
99	1684
99	1687
99	1762
99	1783
99	1815
99	1847
99	1854
99	1857
99	1871
99	1934
99	1957
99	1992
127	131
127	146
127	151
127	152
127	174
127	176
127	179
127	219
127	247
127	290
127	328
127	333
127	342
127	364
127	368
127	385
127	387
127	407
127	446
127	493
127	582
127	625
127	1028
127	1295
127	1538
127	1630
127	1676
127	1678
127	1684
127	1687
127	1783
127	1815
127	1847
127	1854
127	1857
127	1871
127	1934
127	1957
127	1992
131	146
131	151
131	174
131	179
131	219
131	231
131	247
131	279
131	290
131	328
131	333
131	342
131	364
131	368
131	385
131	407
131	446
131	493
131	582
131	625
131	631
131	886
131	1292
131	1630
131	1676
131	1678
131	1684
131	1687
131	1762
131	1783
131	1815
131	1847
131	1854
131	1857
131	1871
131	1957
131	1992
151	152
151	174
151	176
151	179
151	231
151	247
151	279
151	328
151	333
151	342
151	364
151	368
151	385
151	387
151	407
151	446
151	493
151	582
151	625
151	631
151	1127
151	1630
151	1676
151	1678
151	1684
151	1687
151	1762
151	1783
151	1815
151	1847
151	1854
151	1857
151	1871
151	1934
151	1957
151	1992
152	174
152	176
152	179
152	219
152	231
152	247
152	279
152	290
152	328
152	333
152	342
152	368
152	387
152	407
152	446
152	493
152	582
152	625
152	631
152	886
152	1050
152	1234
152	1441
152	1478
152	1676
152	1678
152	1687
152	1762
152	1783
152	1815
152	1854
152	1857
152	1871
152	1934
152	1957
152	1992
174	176
174	179
174	219
174	231
174	247
174	279
174	290
174	333
174	342
174	368
174	385
174	387
174	446
174	493
174	582
174	625
174	631
174	669
174	670
174	672
174	970
174	1065
174	1341
174	1379
174	1676
174	1678
174	1684
174	1687
174	1762
174	1783
174	1815
174	1847
174	1854
174	1857
174	1871
174	1934
174	1957
174	1992
176	179
176	219
176	231
176	247
176	279
176	290
176	328
176	333
176	342
176	364
176	368
176	385
176	387
176	407
176	446
176	493
176	582
176	625
176	631
176	668
176	669
176	670
176	672
176	1344
176	1630
176	1676
176	1678
176	1684
176	1687
176	1762
176	1783
176	1815
176	1847
176	1854
176	1857
176	1871
176	1934
176	1957
176	1992
179	219
179	231
179	247
179	279
179	290
179	328
179	333
179	342
179	368
179	385
179	387
179	407
179	446
179	493
179	625
179	631
179	668
179	669
179	670
179	672
179	679
179	793
179	1157
179	1305
179	1341
179	1441
179	1684
179	1687
179	1762
179	1783
179	1815
179	1847
179	1854
179	1857
179	1934
179	1957
179	1992
219	231
219	247
219	279
219	290
219	328
219	333
219	342
219	364
219	385
219	407
219	446
219	582
219	625
219	631
219	668
219	669
219	670
219	672
219	681
219	708
219	1305
219	1452
219	1762
219	1783
219	1854
219	1857
219	1871
219	1934
219	1957
219	1992
231	290
231	328
231	333
231	342
231	364
231	385
231	387
231	407
231	446
231	493
231	582
231	625
231	631
231	668
231	669
231	670
231	672
231	679
231	681
231	708
231	989
231	1538
231	1762
231	1783
231	1815
231	1847
231	1854
231	1857
231	1871
231	1934
231	1957
231	1992
247	279
247	290
247	328
247	342
247	364
247	368
247	387
247	407
247	446
247	582
247	625
247	631
247	669
247	670
247	672
247	681
247	708
247	835
247	1295
247	1341
247	1762
247	1815
247	1847
247	1854
247	1857
247	1871
247	1934
247	1957
247	1992
279	290
279	333
279	342
279	368
279	387
279	407
279	446
279	493
279	582
279	625
279	631
279	668
279	669
279	670
279	672
279	679
279	681
279	708
279	756
279	777
279	1030
279	1132
279	1783
279	1815
279	1847
279	1854
279	1857
279	1871
279	1992
290	328
290	333
290	342
290	364
290	368
290	385
290	407
290	446
290	493
290	582
290	625
290	631
290	668
290	669
290	670
290	672
290	679
290	681
290	708
290	756
290	777
290	1620
290	1815
290	1847
290	1854
290	1857
290	1871
290	1934
290	1957
290	1992
328	333
328	342
328	364
328	368
328	385
328	387
328	407
328	446
328	493
328	582
328	625
328	631
328	668
328	669
328	670
328	672
328	681
328	708
328	756
328	777
328	793
328	815
328	820
328	1028
328	1847
328	1854
328	1857
328	1871
328	1934
328	1957
328	1992
333	342
333	364
333	368
333	385
333	387
333	446
333	493
333	582
333	625
333	631
333	668
333	669
333	670
333	672
333	681
333	708
333	756
333	777
333	815
333	820
333	1050
333	1630
333	1847
333	1854
333	1857
333	1871
333	1957
333	1992
364	368
364	385
364	387
364	407
364	493
364	582
364	625
364	631
364	668
364	669
364	672
364	679
364	681
364	708
364	756
364	815
364	820
364	835
364	843
364	860
364	949
364	1234
364	1305
364	1478
364	1871
364	1934
364	1957
364	1992
368	385
368	387
368	407
368	446
368	493
368	582
368	625
368	631
368	668
368	669
368	670
368	672
368	679
368	681
368	708
368	756
368	777
368	793
368	815
368	820
368	835
368	843
368	860
368	1305
368	1441
368	1452
368	1478
368	1783
368	1871
368	1934
368	1957
368	1992
385	387
385	407
385	446
385	493
385	582
385	668
385	669
385	670
385	672
385	681
385	756
385	777
385	793
385	820
385	843
385	860
385	1050
385	1676
385	1684
385	1854
385	1934
385	1957
385	1992
387	446
387	493
387	582
387	625
387	631
387	668
387	669
387	670
387	672
387	679
387	708
387	756
387	777
387	793
387	815
387	820
387	835
387	843
387	860
387	886
387	1097
387	1452
387	1684
387	1854
387	1934
387	1957
387	1992
407	446
407	493
407	582
407	631
407	668
407	669
407	670
407	672
407	679
407	681
407	708
407	756
407	777
407	793
407	815
407	843
407	860
407	886
407	1783
407	1934
407	1957
407	1992
970	989
970	1028
970	1030
970	1043
970	1050
970	1059
970	1070
970	1091
970	1097
970	1127
970	1132
970	1133
970	1146
970	1157
970	1218
970	1234
970	1278
970	1292
970	1295
970	1305
970	1341
970	1344
970	1379
970	1441
970	1452
970	1676
1065	1070
1065	1091
1065	1097
1065	1127
1065	1132
1065	1133
1065	1146
1065	1157
1065	1218
1065	1234
1065	1278
1065	1295
1065	1305
1065	1341
1065	1344
1065	1379
1065	1441
1065	1452
1065	1465
1065	1478
1065	1490
1065	1538
1065	1564
1065	1684
1133	1146
1133	1157
1133	1218
1133	1234
1133	1292
1133	1295
1133	1305
1133	1341
1133	1344
1133	1441
1133	1452
1133	1465
1133	1478
1133	1490
1133	1538
1133	1564
1133	1608
1133	1620
1133	1630
1441	1452
1441	1465
1441	1478
1441	1490
1441	1538
1441	1564
1441	1608
1441	1620
1441	1630
1441	1676
1441	1678
1441	1684
1441	1687
1441	1762
1441	1783
1441	1815
1441	1847
1441	1854
1441	1857
1441	1871
1441	1934
1538	1564
1538	1608
1538	1620
1538	1630
1538	1676
1538	1684
1538	1687
1538	1762
1538	1783
1538	1815
1538	1854
1538	1857
1538	1871
1538	1934
1538	1957
1538	1992
1564	1620
1564	1630
1564	1676
1564	1678
1564	1684
1564	1687
1564	1762
1564	1815
1564	1847
1564	1854
1564	1857
1564	1871
1564	1934
1564	1957
1564	1992
1608	1620
1608	1630
1608	1676
1608	1678
1608	1684
1608	1687
1608	1762
1608	1783
1608	1815
1608	1847
1608	1854
1608	1857
1608	1934
1608	1957
1608	1992
1620	1630
1620	1676
1620	1678
1620	1684
1620	1687
1620	1762
1620	1815
1620	1847
1620	1854
1620	1857
1620	1934
1620	1957
1620	1992
1630	1676
1630	1678
1630	1684
1630	1687
1630	1762
1630	1783
1630	1815
1630	1847
1630	1854
1630	1857
1630	1934
1630	1957
1630	1992
1678	1684
1678	1687
1678	1762
1678	1783
1678	1815
1678	1847
1678	1854
1678	1871
1678	1957
1684	1687
1684	1762
1684	1783
1684	1847
1684	1854
1684	1857
1684	1871
1684	1934
1684	1992
1687	1762
1687	1783
1687	1815
1687	1847
1687	1854
1687	1857
1687	1871
1687	1934
1687	1957
1762	1783
1762	1815
1762	1847
1762	1854
1762	1857
1762	1871
1762	1934
1762	1992
1783	1847
1783	1854
1783	1857
1783	1871
1783	1934
1783	1957
1783	1992
1815	1854
1815	1857
1815	1871
1815	1934
1815	1957
1815	1992
1847	1854
1847	1857
1847	1871
1847	1934
1847	1957
1847	1992
1857	1871
1857	1934
1857	1957
1857	1992
1871	1934
1871	1992
1957	1992
126	127
126	131
126	146
126	151
126	152
126	174
126	176
126	179
126	219
126	231
126	247
126	279
126	290
126	333
126	342
126	364
126	368
126	385
126	387
126	407
126	446
126	493
126	582
126	625
126	1050
126	1295
126	1379
126	1630
126	1676
126	1678
126	1684
126	1687
126	1762
126	1783
126	1815
126	1847
126	1854
126	1857
126	1871
126	1992
146	151
146	152
146	174
146	176
146	179
146	219
146	231
146	247
146	279
146	328
146	333
146	342
146	364
146	385
146	387
146	407
146	446
146	582
146	625
146	631
146	681
146	920
146	1028
146	1218
146	1676
146	1678
146	1687
146	1762
146	1783
146	1815
146	1847
146	1854
146	1871
146	1934
146	1957
146	1992
342	385
342	387
342	407
342	446
342	493
342	582
342	625
342	631
342	669
342	670
342	679
342	681
342	708
342	756
342	777
342	793
342	815
342	820
342	835
342	1070
342	1847
342	1857
342	1871
342	1934
342	1957
342	1992
446	582
446	625
446	631
446	668
446	670
446	672
446	679
446	681
446	708
446	756
446	777
446	793
446	815
446	820
446	835
446	843
446	886
446	920
446	1871
446	1957
493	582
493	625
493	631
493	668
493	669
493	670
493	672
493	681
493	708
493	756
493	777
493	793
493	815
493	820
493	835
493	843
493	860
493	886
493	920
493	949
493	959
493	970
493	989
493	1050
493	1278
493	1379
668	669
668	670
668	672
668	679
668	681
668	708
668	756
668	777
668	793
668	815
668	820
668	835
668	843
668	860
668	886
668	920
668	949
668	959
668	970
668	989
668	1028
668	1030
668	1043
668	1059
668	1070
668	1091
668	1097
668	1127
668	1132
668	1133
668	1146
668	1157
668	1278
668	1538
959	970
959	1028
959	1030
959	1050
959	1059
959	1065
959	1070
959	1091
959	1097
959	1127
959	1133
959	1146
959	1157
959	1218
959	1234
959	1278
959	1292
959	1295
959	1344
959	1379
959	1441
959	1452
959	1857
1028	1030
1028	1043
1028	1050
1028	1059
1028	1065
1028	1070
1028	1091
1028	1097
1028	1127
1028	1132
1028	1133
1028	1146
1028	1157
1028	1218
1028	1234
1028	1278
1028	1292
1028	1295
1028	1341
1028	1344
1028	1441
1028	1452
1028	1465
1028	1478
1028	1490
1028	1934
1146	1157
1146	1218
1146	1234
1146	1278
1146	1292
1146	1295
1146	1305
1146	1341
1146	1344
1146	1379
1146	1441
1146	1452
1146	1465
1146	1478
1146	1490
1146	1538
1146	1564
1146	1608
1146	1630
1676	1678
1676	1684
1676	1687
1676	1762
1676	1783
1676	1815
1676	1847
1676	1854
1676	1857
1676	1871
1676	1934
1676	1957
1676	1992
1854	1857
1854	1871
1854	1934
1854	1957
1854	1992
1934	1957
625	631
625	668
625	670
625	672
625	679
625	681
625	708
625	756
625	777
625	815
625	820
625	835
625	843
625	860
625	886
625	920
625	949
625	959
625	970
625	989
625	1028
625	1030
625	1043
625	1050
625	1059
625	1065
625	1070
625	1091
625	1097
625	1234
625	1278
631	668
631	669
631	670
631	672
631	679
631	681
631	708
631	756
631	777
631	793
631	815
631	820
631	835
631	860
631	886
631	920
631	949
631	959
631	970
631	989
631	1028
631	1030
631	1043
631	1050
631	1059
631	1065
631	1070
631	1091
631	1097
631	1127
631	1305
631	1676
631	1762
989	1030
989	1043
989	1059
989	1065
989	1070
989	1091
989	1132
989	1133
989	1146
989	1157
989	1218
989	1234
989	1278
989	1295
989	1305
989	1341
989	1344
989	1379
989	1441
989	1452
989	1465
989	1478
989	1815
989	1847
672	679
672	681
672	708
672	756
672	777
672	793
672	815
672	820
672	835
672	843
672	860
672	886
672	920
672	949
672	959
672	970
672	989
672	1028
672	1030
672	1043
672	1050
672	1059
672	1065
672	1070
672	1091
672	1127
672	1132
672	1133
672	1146
672	1157
672	1630
1127	1132
1127	1133
1127	1146
1127	1157
1127	1218
1127	1234
1127	1292
1127	1295
1127	1305
1127	1341
1127	1344
1127	1379
1127	1441
1127	1452
1127	1465
1127	1478
1127	1490
1127	1538
1127	1564
1127	1608
1127	1620
1127	1762
1344	1379
1344	1441
1344	1452
1344	1478
1344	1490
1344	1538
1344	1564
1344	1608
1344	1620
1344	1630
1344	1676
1344	1678
1344	1684
1344	1687
1344	1783
1344	1815
1465	1478
1465	1490
1465	1538
1465	1564
1465	1608
1465	1620
1465	1630
1465	1676
1465	1678
1465	1684
1465	1687
1465	1762
1465	1783
1465	1815
1465	1847
1465	1854
1465	1857
1465	1871
1465	1934
1465	1957
843	886
843	949
843	959
843	970
843	1028
843	1030
843	1043
843	1050
843	1059
843	1065
843	1091
843	1097
843	1132
843	1133
843	1146
843	1157
843	1234
843	1278
843	1292
843	1295
843	1305
843	1341
843	1538
1030	1043
1030	1050
1030	1059
1030	1070
1030	1091
1030	1097
1030	1127
1030	1132
1030	1133
1030	1146
1030	1157
1030	1234
1030	1278
1030	1292
1030	1295
1030	1305
1030	1341
1030	1344
1030	1441
1030	1452
1030	1465
1030	1478
1030	1490
1132	1133
1132	1157
1132	1218
1132	1278
1132	1292
1132	1295
1132	1305
1132	1341
1132	1344
1132	1379
1132	1441
1132	1452
1132	1478
1132	1538
1132	1564
1132	1608
1132	1620
1132	1630
1132	1676
1490	1538
1490	1608
1490	1620
1490	1630
1490	1676
1490	1678
1490	1684
1490	1687
1490	1762
1490	1783
1490	1815
1490	1854
1490	1857
1490	1871
1490	1934
1490	1957
949	959
949	970
949	989
949	1028
949	1030
949	1043
949	1050
949	1059
949	1065
949	1070
949	1091
949	1097
949	1127
949	1132
949	1133
949	1146
949	1157
949	1218
949	1234
949	1278
949	1292
949	1295
949	1305
949	1341
949	1344
949	1379
949	1441
1452	1465
1452	1490
1452	1538
1452	1564
1452	1608
1452	1620
1452	1630
1452	1676
1452	1678
1452	1684
1452	1762
1452	1783
1452	1847
1452	1854
1452	1857
1452	1871
1452	1934
820	835
820	843
820	860
820	920
820	949
820	959
820	970
820	989
820	1028
820	1030
820	1043
820	1059
820	1065
820	1091
820	1097
820	1127
820	1132
820	1133
820	1146
820	1157
820	1218
820	1234
820	1278
820	1295
820	1305
820	1871
886	920
886	949
886	959
886	989
886	1028
886	1030
886	1043
886	1050
886	1059
886	1065
886	1070
886	1091
886	1097
886	1127
886	1132
886	1133
886	1146
886	1157
886	1218
886	1234
886	1278
886	1292
886	1305
886	1341
886	1344
886	1379
886	1538
1305	1341
1305	1344
1305	1379
1305	1441
1305	1452
1305	1465
1305	1478
1305	1490
1305	1538
1305	1564
1305	1608
1305	1620
1305	1630
1305	1676
1305	1678
1305	1684
1305	1687
1305	1762
1305	1783
1305	1871
815	820
815	835
815	843
815	860
815	886
815	920
815	949
815	959
815	970
815	989
815	1028
815	1030
815	1043
815	1050
815	1065
815	1070
815	1091
815	1097
815	1127
815	1132
815	1133
815	1146
815	1157
815	1218
815	1234
815	1278
815	1295
815	1305
815	1676
1050	1059
1050	1065
1050	1070
1050	1097
1050	1127
1050	1132
1050	1133
1050	1146
1050	1157
1050	1218
1050	1234
1050	1278
1050	1292
1050	1295
1050	1305
1050	1341
1050	1344
1050	1441
1050	1452
1050	1465
1050	1478
1050	1854
1478	1490
1478	1538
1478	1564
1478	1608
1478	1620
1478	1630
1478	1676
1478	1678
1478	1684
1478	1687
1478	1762
1478	1783
1478	1815
1478	1847
1478	1857
1478	1871
1478	1934
1478	1957
669	679
669	681
669	708
669	756
669	777
669	793
669	815
669	820
669	835
669	843
669	860
669	886
669	920
669	949
669	959
669	989
669	1028
669	1030
669	1043
669	1050
669	1065
669	1070
669	1097
669	1127
669	1132
669	1133
669	1146
669	1157
669	1465
669	1630
920	949
920	959
920	970
920	989
920	1028
920	1030
920	1043
920	1050
920	1059
920	1065
920	1070
920	1091
920	1097
920	1127
920	1132
920	1133
920	1157
920	1218
920	1234
920	1278
920	1292
920	1295
920	1305
920	1341
920	1344
920	1379
793	815
793	835
793	843
793	860
793	886
793	920
793	949
793	970
793	989
793	1028
793	1030
793	1043
793	1050
793	1059
793	1065
793	1091
793	1097
793	1132
793	1133
793	1146
793	1157
793	1218
793	1278
793	1292
793	1465
793	1684
793	1857
777	820
777	835
777	843
777	860
777	886
777	920
777	949
777	959
777	970
777	989
777	1028
777	1043
777	1050
777	1059
777	1065
777	1070
777	1091
777	1097
777	1127
777	1132
777	1133
777	1146
777	1157
777	1218
777	1441
777	1871
777	1934
1341	1344
1341	1379
1341	1441
1341	1452
1341	1465
1341	1478
1341	1490
1341	1538
1341	1564
1341	1608
1341	1620
1341	1630
1341	1676
1341	1684
1341	1687
1341	1762
1341	1783
1070	1091
1070	1097
1070	1127
1070	1132
1070	1133
1070	1146
1070	1157
1070	1218
1070	1234
1070	1278
1070	1292
1070	1295
1070	1341
1070	1344
1070	1379
1070	1441
1070	1452
1070	1465
1070	1478
1070	1538
1070	1564
1070	1815
1070	1957
1379	1441
1379	1452
1379	1465
1379	1478
1379	1490
1379	1538
1379	1564
1379	1608
1379	1620
1379	1630
1379	1676
1379	1678
1379	1684
1379	1762
1379	1783
1379	1815
1379	1847
1379	1854
1379	1857
1379	1871
1097	1127
1097	1133
1097	1146
1097	1157
1097	1218
1097	1234
1097	1278
1097	1292
1097	1295
1097	1341
1097	1344
1097	1379
1097	1441
1097	1452
1097	1465
1097	1478
1097	1490
1097	1538
1097	1564
1097	1934
1278	1292
1278	1295
1278	1305
1278	1341
1278	1344
1278	1379
1278	1441
1278	1452
1278	1465
1278	1478
1278	1490
1278	1538
1278	1564
1278	1608
1278	1620
1278	1630
1278	1678
1278	1684
1278	1687
1043	1059
1043	1065
1043	1070
1043	1097
1043	1127
1043	1132
1043	1133
1043	1146
1043	1157
1043	1218
1043	1234
1043	1278
1043	1292
1043	1305
1043	1341
1043	1441
1043	1452
1043	1465
1043	1478
1043	1538
1043	1871
860	886
860	920
860	949
860	959
860	970
860	989
860	1028
860	1030
860	1043
860	1050
860	1059
860	1065
860	1070
860	1091
860	1097
860	1127
860	1132
860	1133
860	1146
860	1157
860	1218
860	1234
860	1278
860	1295
860	1305
860	1344
860	1478
860	1678
860	1957
582	625
582	631
582	668
582	669
582	670
582	672
582	681
582	708
582	756
582	777
582	815
582	835
582	843
582	860
582	886
582	920
582	949
582	959
582	970
582	989
582	1028
582	1030
582	1043
582	1050
582	1059
582	1065
582	1070
835	843
835	860
835	886
835	920
835	949
835	959
835	970
835	989
835	1028
835	1030
835	1043
835	1050
835	1059
835	1065
835	1070
835	1091
835	1097
835	1127
835	1132
835	1133
835	1146
835	1157
835	1218
835	1234
835	1278
835	1292
835	1295
835	1305
1295	1305
1295	1344
1295	1379
1295	1441
1295	1452
1295	1465
1295	1490
1295	1538
1295	1608
1295	1620
1295	1630
1295	1676
1295	1678
1295	1684
1295	1687
1295	1762
1295	1783
681	708
681	756
681	777
681	793
681	815
681	820
681	835
681	843
681	860
681	886
681	920
681	949
681	970
681	989
681	1028
681	1030
681	1043
681	1050
681	1059
681	1065
681	1070
681	1091
681	1097
681	1132
681	1133
681	1146
681	1157
681	1295
681	1564
681	1676
681	1684
1157	1218
1157	1234
1157	1292
1157	1295
1157	1305
1157	1344
1157	1379
1157	1441
1157	1452
1157	1465
1157	1478
1157	1564
1157	1608
1157	1630
1157	1684
670	672
670	679
670	681
670	708
670	756
670	777
670	793
670	815
670	820
670	835
670	843
670	860
670	886
670	920
670	949
670	970
670	1028
670	1030
670	1043
670	1050
670	1065
670	1070
670	1091
670	1097
670	1132
670	1133
670	1146
670	1157
1218	1292
1218	1295
1218	1305
1218	1341
1218	1344
1218	1379
1218	1441
1218	1452
1218	1465
1218	1490
1218	1538
1218	1564
1218	1608
1218	1620
1218	1630
1218	1676
1218	1678
1218	1684
1218	1687
679	681
679	708
679	777
679	793
679	820
679	835
679	843
679	860
679	886
679	920
679	949
679	959
679	970
679	989
679	1028
679	1030
679	1043
679	1050
679	1059
679	1065
679	1070
679	1091
679	1097
679	1132
679	1133
679	1146
679	1157
679	1465
1059	1065
1059	1070
1059	1091
1059	1097
1059	1127
1059	1132
1059	1133
1059	1146
1059	1157
1059	1218
1059	1234
1059	1278
1059	1292
1059	1295
1059	1305
1059	1379
1059	1441
1059	1465
1059	1478
1059	1490
1059	1538
1059	1676
756	777
756	793
756	815
756	820
756	835
756	843
756	860
756	886
756	920
756	949
756	959
756	970
756	989
756	1028
756	1030
756	1043
756	1050
756	1059
756	1065
756	1070
756	1091
756	1097
756	1133
756	1146
756	1157
756	1218
756	1234
756	1295
756	1678
756	1854
756	1857
1292	1295
1292	1305
1292	1341
1292	1344
1292	1441
1292	1452
1292	1465
1292	1478
1292	1490
1292	1538
1292	1564
1292	1608
1292	1630
1292	1676
1292	1678
1292	1684
1292	1687
1292	1762
1292	1783
708	756
708	777
708	815
708	820
708	835
708	843
708	860
708	886
708	920
708	949
708	959
708	970
708	989
708	1028
708	1030
708	1043
708	1050
708	1059
708	1065
708	1070
708	1091
708	1097
708	1127
708	1132
708	1133
708	1146
708	1157
708	1278
708	1564
708	1620
708	1847
1091	1097
1091	1127
1091	1133
1091	1146
1091	1157
1091	1218
1091	1234
1091	1278
1091	1292
1091	1295
1091	1305
1091	1341
1091	1344
1091	1441
1091	1452
1091	1465
1091	1478
1091	1538
1091	1564
1091	1762
1234	1278
1234	1292
1234	1295
1234	1305
1234	1341
1234	1344
1234	1379
1234	1441
1234	1452
1234	1478
1234	1564
1234	1608
1234	1630
1234	1676
1234	1684
1234	1687
