# Undirected graph (each unordered pair of nodes is saved once): output/networks/SmallWorldRewire07removeRandom-95percent.txt
# Nodes: 100 Edges: 2420
# NodeId	NodeId
31	49
31	59
31	77
31	90
31	98
31	170
31	172
31	202
31	207
31	240
31	242
31	270
31	275
31	293
31	296
31	298
31	315
31	321
31	353
31	372
31	385
31	386
31	398
31	466
31	473
31	479
31	494
31	499
31	574
31	746
31	1586
31	1637
31	1668
31	1686
31	1706
31	1713
31	1719
31	1738
31	1748
31	1775
31	1838
31	1839
31	1856
31	1858
31	1897
31	1903
31	1915
31	1921
49	59
49	77
49	90
49	98
49	144
49	170
49	172
49	202
49	242
49	270
49	275
49	293
49	296
49	315
49	321
49	353
49	372
49	385
49	386
49	398
49	453
49	466
49	473
49	479
49	494
49	499
49	904
49	1586
49	1637
49	1686
49	1706
49	1713
49	1719
49	1738
49	1748
49	1775
49	1838
49	1839
49	1856
49	1858
49	1897
49	1915
59	77
59	90
59	98
59	170
59	172
59	202
59	207
59	240
59	242
59	270
59	275
59	293
59	296
59	298
59	315
59	321
59	353
59	372
59	385
59	386
59	398
59	453
59	466
59	473
59	479
59	494
59	499
59	611
59	1292
59	1586
59	1637
59	1668
59	1686
59	1706
59	1713
59	1719
59	1738
59	1748
59	1775
59	1838
59	1839
59	1856
59	1858
59	1897
59	1903
59	1915
59	1921
77	90
77	98
77	144
77	170
77	172
77	202
77	207
77	240
77	242
77	270
77	275
77	293
77	296
77	298
77	315
77	321
77	353
77	372
77	385
77	386
77	453
77	466
77	473
77	479
77	494
77	499
77	564
77	574
77	736
77	783
77	1292
77	1372
77	1586
77	1637
77	1668
77	1686
77	1706
77	1713
77	1719
77	1738
77	1748
77	1838
77	1839
77	1856
77	1858
77	1903
77	1915
77	1921
90	98
90	144
90	170
90	172
90	202
90	207
90	240
90	242
90	270
90	293
90	296
90	298
90	315
90	321
90	353
90	372
90	385
90	386
90	398
90	453
90	473
90	479
90	494
90	499
90	564
90	574
90	783
90	1053
90	1311
90	1389
90	1495
90	1637
90	1668
90	1686
90	1706
90	1713
90	1719
90	1738
90	1748
90	1775
90	1839
90	1856
90	1858
90	1897
90	1903
90	1915
90	1921
98	144
98	170
98	172
98	207
98	240
98	242
98	270
98	275
98	293
98	298
98	315
98	321
98	353
98	386
98	398
98	453
98	466
98	473
98	479
98	494
98	499
98	564
98	652
98	792
98	952
98	1292
98	1637
98	1668
98	1686
98	1713
98	1719
98	1738
98	1748
98	1775
98	1838
98	1839
98	1856
98	1858
98	1897
98	1903
98	1915
144	170
144	172
144	202
144	207
144	242
144	270
144	275
144	293
144	296
144	298
144	315
144	321
144	353
144	372
144	385
144	386
144	398
144	453
144	466
144	473
144	479
144	494
144	499
144	564
144	574
144	611
144	809
144	1354
144	1440
144	1586
144	1668
144	1686
144	1706
144	1719
144	1738
144	1748
144	1775
144	1838
144	1839
144	1856
144	1858
144	1897
144	1903
144	1915
144	1921
170	202
170	207
170	240
170	242
170	270
170	275
170	293
170	296
170	298
170	321
170	353
170	372
170	385
170	386
170	453
170	466
170	473
170	479
170	494
170	564
170	574
170	611
170	645
170	652
170	653
170	662
170	746
170	1686
170	1706
170	1713
170	1719
170	1738
170	1748
170	1775
170	1838
170	1839
170	1856
170	1858
170	1903
170	1915
170	1921
172	202
172	207
172	240
172	242
172	275
172	293
172	296
172	298
172	315
172	321
172	353
172	372
172	385
172	386
172	453
172	466
172	473
172	479
172	494
172	499
172	564
172	574
172	611
172	645
172	652
172	653
172	662
172	1045
172	1637
172	1686
172	1713
172	1738
172	1748
172	1775
172	1838
172	1839
172	1856
172	1858
172	1897
172	1903
172	1915
172	1921
202	207
202	240
202	242
202	270
202	275
202	293
202	296
202	298
202	315
202	321
202	353
202	372
202	386
202	398
202	453
202	466
202	473
202	479
202	494
202	499
202	564
202	574
202	611
202	645
202	652
202	653
202	673
202	683
202	691
202	702
202	725
202	746
202	1053
202	1706
202	1713
202	1719
202	1738
202	1748
202	1775
202	1838
202	1839
202	1856
202	1858
202	1897
202	1903
202	1915
207	240
207	242
207	270
207	275
207	293
207	296
207	298
207	315
207	372
207	385
207	398
207	453
207	466
207	473
207	479
207	494
207	499
207	564
207	574
207	611
207	645
207	652
207	653
207	662
207	673
207	683
207	691
207	702
207	809
207	842
207	1372
207	1713
207	1719
207	1738
207	1748
207	1775
207	1838
207	1839
207	1856
207	1858
207	1897
207	1903
207	1915
207	1921
240	242
240	270
240	275
240	293
240	296
240	298
240	315
240	321
240	353
240	372
240	385
240	398
240	453
240	466
240	473
240	494
240	499
240	564
240	645
240	652
240	653
240	662
240	673
240	683
240	691
240	702
240	721
240	725
240	736
240	739
240	1146
240	1507
240	1748
240	1775
240	1838
240	1839
240	1856
240	1858
240	1897
240	1903
240	1915
240	1921
242	270
242	275
242	293
242	296
242	298
242	315
242	321
242	353
242	372
242	385
242	386
242	398
242	453
242	466
242	473
242	479
242	494
242	499
242	564
242	574
242	611
242	645
242	652
242	653
242	673
242	683
242	702
242	721
242	725
242	736
242	739
242	792
242	1100
242	1706
242	1748
242	1775
242	1838
242	1839
242	1856
242	1858
242	1903
242	1915
242	1921
270	275
270	296
270	315
270	321
270	353
270	372
270	385
270	386
270	398
270	453
270	466
270	473
270	479
270	494
270	499
270	564
270	574
270	611
270	645
270	652
270	662
270	673
270	683
270	691
270	702
270	721
270	725
270	736
270	739
270	746
270	753
270	821
270	1748
270	1775
270	1838
270	1839
270	1856
270	1858
270	1897
270	1903
270	1915
270	1921
275	293
275	296
275	298
275	315
275	321
275	353
275	372
275	385
275	386
275	398
275	453
275	466
275	473
275	479
275	494
275	564
275	574
275	611
275	645
275	652
275	653
275	662
275	673
275	683
275	691
275	702
275	721
275	736
275	746
275	772
275	809
275	842
275	966
275	1775
275	1839
275	1856
275	1858
275	1897
275	1903
275	1915
275	1921
293	296
293	298
293	315
293	321
293	353
293	372
293	385
293	386
293	398
293	466
293	473
293	479
293	494
293	499
293	564
293	574
293	611
293	645
293	652
293	653
293	662
293	673
293	683
293	691
293	721
293	725
293	736
293	739
293	746
293	772
293	783
293	792
293	848
293	1128
293	1838
293	1839
293	1856
293	1858
293	1897
293	1903
293	1915
293	1921
296	298
296	315
296	321
296	353
296	372
296	385
296	386
296	398
296	453
296	466
296	473
296	479
296	494
296	499
296	564
296	574
296	611
296	645
296	652
296	653
296	662
296	673
296	683
296	691
296	702
296	721
296	725
296	736
296	739
296	746
296	753
296	772
296	783
296	792
296	1838
296	1839
296	1858
296	1897
296	1921
298	315
298	321
298	353
298	372
298	385
298	386
298	398
298	453
298	466
298	473
298	479
298	494
298	499
298	564
298	611
298	645
298	652
298	653
298	662
298	683
298	691
298	702
298	721
298	725
298	736
298	739
298	746
298	753
298	772
298	783
298	792
298	842
298	1386
298	1495
298	1586
298	1838
298	1839
298	1856
298	1858
298	1897
298	1903
298	1915
298	1921
315	353
315	372
315	385
315	386
315	398
315	466
315	473
315	479
315	494
315	564
315	574
315	611
315	645
315	652
315	653
315	673
315	683
315	691
315	702
315	721
315	725
315	736
315	739
315	746
315	753
315	772
315	783
315	809
315	812
315	1354
315	1389
315	1775
315	1838
315	1856
315	1858
315	1897
315	1903
315	1915
321	353
321	372
321	385
321	386
321	398
321	453
321	466
321	473
321	479
321	494
321	499
321	564
321	574
321	611
321	645
321	652
321	653
321	662
321	673
321	683
321	691
321	702
321	721
321	725
321	736
321	739
321	746
321	753
321	772
321	783
321	792
321	809
321	812
321	821
321	1838
321	1839
321	1897
321	1903
321	1915
321	1921
353	372
353	385
353	386
353	398
353	453
353	466
353	473
353	479
353	494
353	564
353	574
353	611
353	645
353	652
353	653
353	662
353	673
353	683
353	691
353	702
353	721
353	725
353	736
353	739
353	746
353	753
353	772
353	783
353	792
353	809
353	812
353	821
353	1279
353	1376
353	1856
353	1858
353	1897
353	1903
353	1921
372	385
372	386
372	453
372	466
372	479
372	494
372	499
372	564
372	574
372	611
372	645
372	653
372	662
372	673
372	683
372	691
372	702
372	721
372	725
372	736
372	739
372	746
372	753
372	772
372	783
372	792
372	812
372	821
372	848
372	1045
372	1386
372	1637
372	1897
372	1903
372	1921
385	386
385	398
385	453
385	466
385	473
385	479
385	494
385	564
385	574
385	611
385	645
385	652
385	653
385	662
385	673
385	683
385	691
385	702
385	721
385	725
385	739
385	746
385	753
385	772
385	783
385	792
385	809
385	812
385	821
385	842
385	848
385	1045
385	1279
385	1897
385	1903
385	1915
385	1921
398	466
398	473
398	479
398	494
398	499
398	564
398	574
398	611
398	645
398	652
398	653
398	662
398	673
398	691
398	702
398	721
398	725
398	736
398	739
398	746
398	753
398	772
398	783
398	792
398	809
398	821
398	842
398	848
398	1915
398	1921
453	479
453	494
453	499
453	564
453	574
453	611
453	645
453	652
453	653
453	673
453	683
453	691
453	721
453	725
453	736
453	739
453	746
453	753
453	772
453	783
453	792
453	809
453	812
453	821
453	842
453	904
453	944
453	952
453	1310
453	1372
453	1713
466	473
466	479
466	494
466	499
466	564
466	574
466	611
466	645
466	652
466	653
466	662
466	673
466	683
466	702
466	721
466	725
466	739
466	746
466	792
466	809
466	812
466	821
466	842
466	848
466	904
466	944
466	952
466	966
466	1372
466	1668
473	479
473	494
473	499
473	574
473	611
473	645
473	652
473	662
473	673
473	683
473	702
473	721
473	725
473	736
473	739
473	746
473	753
473	772
473	783
473	792
473	812
473	821
473	904
473	966
473	1637
473	1738
479	494
479	499
479	564
479	574
479	645
479	652
479	653
479	673
479	683
479	691
479	702
479	725
479	739
479	746
479	753
479	772
479	783
479	792
479	809
479	812
479	821
479	842
479	848
479	904
479	944
479	952
479	966
479	1311
479	1495
479	1748
479	1897
494	499
494	564
494	574
494	611
494	645
494	652
494	653
494	662
494	673
494	683
494	691
494	721
494	725
494	736
494	739
494	746
494	753
494	772
494	792
494	809
494	812
494	821
494	842
494	848
494	904
494	944
494	952
494	966
494	1035
494	1310
494	1372
494	1775
494	1839
725	736
725	739
725	746
725	753
725	772
725	783
725	792
725	809
725	812
725	821
725	842
725	904
725	944
725	952
725	966
725	1030
725	1035
725	1088
725	1089
725	1100
725	1128
725	1146
725	1311
1045	1053
1045	1088
1045	1089
1045	1100
1045	1128
1045	1146
1045	1163
1045	1310
1045	1311
1045	1354
1045	1372
1045	1376
1045	1386
1045	1495
1045	1507
1045	1775
1163	1279
1163	1292
1163	1310
1163	1311
1163	1354
1163	1372
1163	1386
1163	1440
1163	1495
1163	1507
1163	1586
1163	1637
1507	1586
1507	1637
1507	1668
1507	1706
1507	1713
1507	1748
1507	1775
1507	1838
1507	1839
1507	1858
1507	1897
1507	1903
1507	1915
1507	1921
1586	1637
1586	1668
1586	1686
1586	1706
1586	1713
1586	1719
1586	1738
1586	1748
1586	1775
1586	1838
1586	1839
1586	1856
1586	1903
1586	1915
1586	1921
1637	1668
1637	1686
1637	1719
1637	1748
1637	1775
1637	1838
1637	1839
1637	1856
1637	1858
1637	1897
1637	1903
1637	1915
1637	1921
1668	1706
1668	1713
1668	1719
1668	1738
1668	1748
1668	1775
1668	1838
1668	1839
1668	1856
1668	1858
1668	1897
1668	1903
1668	1915
1668	1921
1686	1706
1686	1713
1686	1719
1686	1738
1686	1838
1686	1839
1686	1856
1686	1858
1686	1903
1686	1915
1686	1921
1706	1713
1706	1719
1706	1738
1706	1748
1706	1775
1706	1838
1706	1839
1706	1856
1706	1858
1706	1897
1706	1903
1706	1915
1706	1921
1713	1719
1713	1738
1713	1748
1713	1775
1713	1838
1713	1839
1713	1856
1713	1858
1713	1897
1713	1903
1713	1915
1713	1921
1719	1738
1719	1748
1719	1775
1719	1838
1719	1839
1719	1856
1719	1858
1719	1903
1719	1915
1738	1775
1738	1838
1738	1839
1738	1856
1738	1858
1738	1897
1738	1915
1748	1775
1748	1838
1748	1839
1748	1856
1748	1897
1748	1903
1748	1915
1748	1921
1775	1838
1775	1839
1775	1856
1775	1858
1775	1897
1775	1903
1775	1915
1775	1921
1838	1839
1838	1856
1838	1858
1838	1897
1838	1915
1838	1921
1839	1856
1839	1858
1839	1897
1839	1903
1839	1915
1839	1921
1856	1858
1856	1897
1856	1915
1856	1921
1858	1903
1858	1915
1858	1921
1897	1903
1897	1915
1897	1921
1903	1915
1903	1921
386	398
386	453
386	473
386	479
386	494
386	499
386	564
386	574
386	611
386	652
386	653
386	662
386	673
386	683
386	691
386	702
386	721
386	725
386	736
386	739
386	746
386	753
386	772
386	783
386	792
386	809
386	812
386	821
386	848
386	1163
386	1897
386	1903
386	1915
386	1921
499	564
499	574
499	611
499	645
499	652
499	653
499	662
499	673
499	683
499	691
499	702
499	721
499	725
499	736
499	739
499	753
499	772
499	792
499	809
499	812
499	821
499	842
499	848
499	904
499	944
499	952
499	966
499	1100
499	1163
499	1668
499	1706
499	1839
662	683
662	702
662	721
662	725
662	739
662	746
662	753
662	772
662	783
662	792
662	809
662	812
662	821
662	848
662	904
662	944
662	952
662	966
662	1030
662	1035
662	1045
662	1053
662	1088
662	1089
662	1100
662	1128
662	1146
662	1713
904	944
904	952
904	966
904	1030
904	1035
904	1045
904	1088
904	1089
904	1100
904	1128
904	1146
904	1163
904	1279
904	1292
904	1310
904	1311
904	1354
904	1372
904	1376
904	1386
904	1389
904	1495
904	1921
1089	1100
1089	1128
1089	1146
1089	1163
1089	1279
1089	1292
1089	1310
1089	1311
1089	1354
1089	1372
1089	1376
1089	1386
1089	1389
1089	1440
1089	1495
1089	1507
1089	1586
1146	1163
1146	1279
1146	1292
1146	1310
1146	1311
1146	1354
1146	1372
1146	1376
1146	1389
1146	1440
1146	1495
1146	1637
1146	1668
1915	1921
564	574
564	611
564	645
564	652
564	653
564	662
564	673
564	683
564	702
564	725
564	736
564	739
564	746
564	753
564	772
564	792
564	809
564	812
564	821
564	842
564	848
564	904
564	952
564	966
564	1030
564	1035
564	1045
564	1053
772	783
772	792
772	809
772	821
772	842
772	848
772	904
772	944
772	952
772	966
772	1030
772	1035
772	1045
772	1053
772	1088
772	1089
772	1100
772	1128
772	1163
772	1775
966	1030
966	1045
966	1053
966	1088
966	1100
966	1128
966	1163
966	1279
966	1292
966	1311
966	1354
966	1372
966	1376
966	1386
966	1389
966	1440
966	1921
1372	1376
1372	1386
1372	1389
1372	1440
1372	1495
1372	1507
1372	1637
1372	1686
1372	1706
1372	1713
1372	1719
1372	1738
1372	1748
1372	1775
1372	1838
1372	1839
1372	1856
1372	1858
611	645
611	652
611	653
611	662
611	673
611	683
611	691
611	702
611	721
611	725
611	736
611	739
611	746
611	753
611	772
611	783
611	792
611	812
611	821
611	842
611	848
611	904
611	952
611	966
611	1035
611	1045
611	1053
611	1088
611	1146
611	1903
683	691
683	702
683	721
683	725
683	736
683	739
683	753
683	772
683	783
683	792
683	809
683	812
683	821
683	842
683	848
683	904
683	952
683	966
683	1030
683	1035
683	1045
683	1053
683	1088
683	1100
683	1128
683	1146
683	1163
683	1292
683	1586
1495	1507
1495	1586
1495	1637
1495	1668
1495	1686
1495	1706
1495	1713
1495	1719
1495	1738
1495	1748
1495	1775
1495	1838
1495	1858
1495	1897
1495	1903
1495	1915
653	662
653	673
653	691
653	702
653	721
653	725
653	736
653	739
653	746
653	753
653	772
653	783
653	792
653	809
653	812
653	821
653	842
653	848
653	904
653	966
653	1030
653	1035
653	1045
653	1053
653	1088
653	1089
653	1128
653	1146
653	1354
653	1389
653	1775
736	739
736	746
736	753
736	772
736	783
736	792
736	809
736	812
736	821
736	842
736	848
736	904
736	944
736	952
736	966
736	1030
736	1053
736	1088
736	1089
736	1100
736	1128
736	1146
736	1163
736	1292
736	1389
736	1903
1030	1035
1030	1045
1030	1053
1030	1088
1030	1089
1030	1100
1030	1128
1030	1146
1030	1163
1030	1279
1030	1292
1030	1310
1030	1311
1030	1354
1030	1372
1030	1376
1030	1386
1030	1389
1030	1440
1030	1495
1030	1507
739	746
739	753
739	772
739	783
739	792
739	809
739	812
739	821
739	842
739	848
739	944
739	966
739	1030
739	1035
739	1045
739	1053
739	1088
739	1089
739	1100
739	1128
739	1146
739	1163
792	809
792	812
792	821
792	848
792	904
792	944
792	952
792	966
792	1030
792	1035
792	1045
792	1053
792	1088
792	1089
792	1100
792	1128
792	1146
792	1163
792	1292
792	1775
952	966
952	1030
952	1035
952	1053
952	1088
952	1089
952	1100
952	1128
952	1146
952	1163
952	1279
952	1292
952	1310
952	1311
952	1354
952	1372
952	1376
952	1386
952	1389
952	1507
574	611
574	645
574	652
574	662
574	673
574	683
574	702
574	721
574	725
574	736
574	739
574	746
574	753
574	772
574	783
574	792
574	809
574	812
574	821
574	848
574	904
574	944
574	952
574	966
574	1030
574	1035
574	1045
574	1053
574	1279
574	1389
574	1495
652	653
652	662
652	673
652	683
652	691
652	702
652	721
652	725
652	736
652	739
652	746
652	772
652	783
652	792
652	809
652	812
652	821
652	848
652	904
652	944
652	952
652	966
652	1030
652	1035
652	1045
652	1053
652	1088
652	1089
652	1128
652	1146
652	1440
652	1637
652	1706
652	1858
1035	1045
1035	1053
1035	1088
1035	1089
1035	1100
1035	1128
1035	1163
1035	1279
1035	1310
1035	1311
1035	1376
1035	1386
1035	1389
1035	1440
1035	1495
1035	1507
1386	1389
1386	1440
1386	1495
1386	1507
1386	1586
1386	1637
1386	1668
1386	1686
1386	1706
1386	1713
1386	1719
1386	1738
1386	1748
1386	1775
1386	1838
1386	1839
1386	1856
1386	1858
1386	1897
1389	1440
1389	1507
1389	1586
1389	1637
1389	1668
1389	1686
1389	1706
1389	1713
1389	1738
1389	1748
1389	1775
1389	1838
1389	1839
1389	1856
1389	1858
1100	1128
1100	1146
1100	1163
1100	1279
1100	1292
1100	1310
1100	1311
1100	1354
1100	1372
1100	1376
1100	1386
1100	1389
1100	1440
1100	1495
1100	1507
1100	1586
673	683
673	691
673	702
673	721
673	736
673	739
673	746
673	753
673	783
673	792
673	809
673	812
673	821
673	842
673	848
673	904
673	944
673	952
673	966
673	1030
673	1035
673	1045
673	1053
673	1088
673	1089
673	1100
673	1128
673	1146
673	1163
673	1738
812	821
812	842
812	848
812	904
812	944
812	952
812	966
812	1030
812	1035
812	1045
812	1053
812	1088
812	1089
812	1100
812	1128
812	1146
812	1163
812	1279
812	1292
812	1310
812	1311
812	1668
812	1839
812	1921
1311	1354
1311	1372
1311	1376
1311	1386
1311	1389
1311	1440
1311	1495
1311	1507
1311	1586
1311	1637
1311	1668
1311	1686
1311	1706
1311	1719
1311	1738
1311	1748
1311	1775
1311	1839
1376	1386
1376	1389
1376	1440
1376	1495
1376	1507
1376	1586
1376	1637
1376	1668
1376	1686
1376	1706
1376	1713
1376	1719
1376	1738
1376	1748
1376	1775
1376	1838
1376	1839
1376	1856
1376	1903
821	842
821	848
821	904
821	944
821	952
821	966
821	1035
821	1045
821	1053
821	1088
821	1089
821	1100
821	1128
821	1146
821	1163
821	1279
821	1292
821	1310
821	1311
821	1897
746	772
746	792
746	809
746	821
746	842
746	848
746	904
746	944
746	952
746	966
746	1030
746	1035
746	1045
746	1053
746	1088
746	1089
746	1100
746	1128
746	1146
746	1163
746	1376
746	1915
1088	1089
1088	1100
1088	1128
1088	1146
1088	1163
1088	1279
1088	1310
1088	1311
1088	1354
1088	1372
1088	1386
1088	1389
1088	1440
1088	1495
1088	1507
1088	1586
1088	1738
783	809
783	812
783	821
783	842
783	848
783	904
783	952
783	966
783	1030
783	1035
783	1053
783	1088
783	1089
783	1100
783	1146
783	1163
783	1279
1279	1310
1279	1354
1279	1372
1279	1386
1279	1389
1279	1507
1279	1586
1279	1637
1279	1668
1279	1686
1279	1706
1279	1713
1279	1719
1279	1738
1279	1748
1279	1775
1310	1311
1310	1354
1310	1372
1310	1386
1310	1389
1310	1440
1310	1495
1310	1507
1310	1586
1310	1637
1310	1668
1310	1686
1310	1713
1310	1719
1310	1738
1310	1748
1310	1775
1053	1088
1053	1089
1053	1100
1053	1128
1053	1146
1053	1163
1053	1279
1053	1292
1053	1310
1053	1311
1053	1354
1053	1372
1053	1376
1053	1386
1053	1389
1053	1440
1053	1495
1053	1507
753	772
753	783
753	792
753	809
753	812
753	821
753	842
753	848
753	904
753	944
753	952
753	966
753	1030
753	1035
753	1045
753	1053
753	1088
753	1089
753	1100
753	1128
753	1146
645	652
645	653
645	662
645	673
645	683
645	691
645	721
645	725
645	736
645	739
645	746
645	753
645	772
645	783
645	792
645	809
645	812
645	821
645	842
645	848
645	904
645	944
645	952
645	966
645	1030
645	1035
645	1045
645	1088
645	1089
645	1100
645	1128
645	1706
721	736
721	746
721	753
721	772
721	809
721	812
721	821
721	842
721	848
721	904
721	944
721	952
721	966
721	1045
721	1053
721	1088
721	1089
721	1100
721	1128
721	1163
721	1706
721	1713
842	848
842	904
842	944
842	952
842	966
842	1030
842	1035
842	1045
842	1053
842	1088
842	1089
842	1100
842	1128
842	1146
842	1163
842	1279
842	1292
842	1310
842	1839
848	904
848	944
848	952
848	966
848	1030
848	1035
848	1045
848	1088
848	1100
848	1128
848	1146
848	1163
848	1292
848	1310
848	1311
848	1389
848	1838
1128	1146
1128	1163
1128	1292
1128	1310
1128	1311
1128	1354
1128	1372
1128	1376
1128	1386
1128	1389
1128	1440
1128	1495
1128	1507
1128	1586
1128	1839
1354	1372
1354	1376
1354	1386
1354	1389
1354	1440
1354	1495
1354	1507
1354	1586
1354	1637
1354	1668
1354	1706
1354	1713
1354	1719
1354	1738
1354	1748
1354	1775
1440	1495
1440	1507
1440	1586
1440	1637
1440	1668
1440	1686
1440	1706
1440	1713
1440	1719
1440	1738
1440	1748
1440	1775
1440	1838
1440	1839
1440	1856
1440	1858
1440	1897
1440	1903
1440	1915
1440	1921
944	952
944	966
944	1030
944	1045
944	1053
944	1088
944	1089
944	1100
944	1128
944	1146
944	1163
944	1279
944	1292
944	1310
944	1311
944	1354
944	1372
944	1386
944	1440
944	1738
1292	1310
1292	1311
1292	1354
1292	1376
1292	1386
1292	1389
1292	1495
1292	1507
1292	1586
1292	1637
1292	1668
1292	1686
1292	1713
1292	1719
1292	1738
1292	1748
1292	1775
702	721
702	725
702	736
702	739
702	746
702	753
702	772
702	783
702	792
702	809
702	812
702	821
702	842
702	848
702	904
702	944
702	952
702	966
702	1030
702	1035
702	1045
702	1053
702	1088
702	1089
702	1128
702	1146
702	1163
702	1713
691	702
691	725
691	736
691	739
691	746
691	753
691	772
691	783
691	792
691	812
691	821
691	842
691	848
691	944
691	952
691	966
691	1030
691	1035
691	1045
691	1053
691	1088
691	1089
691	1100
691	1128
691	1146
691	1163
691	1311
691	1738
691	1915
809	821
809	842
809	904
809	944
809	966
809	1030
809	1035
809	1045
809	1053
809	1088
809	1089
809	1100
809	1128
809	1146
809	1163
809	1279
809	1775
