# Undirected graph (each unordered pair of nodes is saved once): output/networks/SmallWorldRewire01removeDegree-95percent.txt
# Nodes: 100 Edges: 1353
# NodeId	NodeId
321	325
321	330
321	337
321	338
321	343
321	345
321	347
321	387
321	396
321	398
321	406
321	407
321	411
321	437
321	438
321	439
321	447
321	455
321	457
321	464
321	468
321	471
321	473
321	475
321	1145
321	1816
321	1821
321	1822
325	330
325	337
325	338
325	343
325	345
325	347
325	367
325	380
325	387
325	395
325	396
325	406
325	407
325	410
325	411
325	414
325	437
325	438
325	439
325	443
325	451
325	468
325	471
325	984
330	337
330	338
330	343
330	345
330	347
330	387
330	395
330	396
330	406
330	407
330	410
330	411
330	437
330	438
330	439
330	451
330	455
330	457
330	464
330	468
330	469
330	471
330	473
330	475
330	1001
337	338
337	343
337	347
337	380
337	387
337	395
337	398
337	406
337	407
337	410
337	411
337	414
337	437
337	438
337	439
337	443
337	447
337	451
337	455
337	457
337	464
337	468
337	469
337	471
337	473
337	475
338	343
338	345
338	347
338	367
338	380
338	387
338	395
338	396
338	398
338	406
338	407
338	410
338	411
338	414
338	437
338	439
338	443
338	447
338	457
338	468
338	469
338	471
338	473
338	475
338	1002
343	345
343	347
343	367
343	387
343	395
343	406
343	407
343	410
343	414
343	438
343	439
343	451
343	455
343	457
343	464
343	468
343	469
343	471
343	473
343	475
345	347
345	367
345	380
345	395
345	396
345	398
345	406
345	407
345	410
345	411
345	414
345	438
345	439
345	443
345	451
345	455
345	457
345	464
345	468
345	469
345	471
345	475
347	367
347	380
347	387
347	395
347	398
347	407
347	410
347	411
347	437
347	438
347	439
347	443
347	451
347	455
347	457
347	469
347	471
347	473
347	475
347	1122
347	1660
347	1794
367	387
367	395
367	396
367	398
367	406
367	407
367	410
367	411
367	414
367	437
367	438
367	439
367	447
367	451
367	455
367	457
367	464
367	468
367	469
367	471
367	473
367	475
367	1028
367	1075
380	387
380	395
380	396
380	398
380	406
380	411
380	437
380	438
380	439
380	443
380	447
380	451
380	455
380	457
380	464
380	468
380	469
380	471
380	473
380	475
380	994
380	1077
387	396
387	398
387	406
387	410
387	411
387	414
387	437
387	438
387	443
387	447
387	451
387	455
387	464
387	469
387	471
387	473
387	475
387	1648
387	1683
387	1794
395	396
395	398
395	406
395	407
395	410
395	414
395	439
395	443
395	447
395	451
395	455
395	457
395	464
395	468
395	471
395	475
395	1116
395	1792
396	398
396	406
396	410
396	411
396	414
396	437
396	439
396	443
396	447
396	451
396	455
396	468
396	469
396	473
396	475
396	1771
398	406
398	407
398	410
398	411
398	414
398	438
398	439
398	443
398	447
398	451
398	457
398	464
398	468
398	469
398	473
398	475
398	1702
406	407
406	410
406	411
406	414
406	437
406	438
406	439
406	447
406	451
406	455
406	457
406	468
406	469
406	475
407	410
407	411
407	414
407	438
407	439
407	443
407	447
407	451
407	455
407	464
407	468
407	469
407	471
407	473
407	1794
410	414
410	439
410	443
410	447
410	451
410	455
410	457
410	468
410	471
410	473
410	475
410	984
410	1709
411	414
411	437
411	439
411	443
411	447
411	451
411	457
411	464
411	468
411	469
411	471
411	1120
411	1822
414	437
414	439
414	443
414	447
414	451
414	457
414	464
414	468
414	471
414	473
414	475
414	1048
414	1702
414	1714
414	1745
437	438
437	443
437	447
437	451
437	455
437	457
437	464
437	468
437	469
437	473
437	475
437	1125
437	1745
438	439
438	443
438	447
438	451
438	455
438	457
438	464
438	468
438	469
438	471
438	473
438	1028
438	1115
439	443
439	447
439	451
439	457
439	464
439	468
439	469
439	473
439	475
439	1075
443	451
443	455
443	457
443	464
443	468
443	469
443	471
443	473
443	475
443	1053
443	1747
447	451
447	455
447	457
447	464
447	468
447	469
447	473
447	475
447	994
447	1015
447	1792
451	455
451	464
451	469
451	471
451	473
451	1048
455	457
455	464
455	469
455	471
455	473
455	475
455	990
457	464
457	469
457	473
457	475
457	1709
457	1821
464	468
464	469
464	471
464	473
464	475
464	1001
464	1719
468	469
468	471
468	473
468	475
469	471
469	473
469	475
471	473
471	475
475	984
475	1709
1133	1816
1648	1658
1648	1659
1648	1683
1648	1699
1648	1702
1648	1709
1648	1714
1648	1719
1648	1727
1648	1736
1648	1745
1648	1747
1648	1749
1648	1768
1648	1771
1648	1773
1648	1792
1648	1794
1648	1813
1648	1816
1648	1821
1648	1822
1657	1658
1657	1660
1657	1701
1657	1702
1657	1709
1657	1714
1657	1727
1657	1736
1657	1745
1657	1747
1657	1768
1657	1771
1657	1773
1657	1791
1657	1792
1657	1794
1657	1800
1657	1813
1657	1821
1657	1822
1658	1659
1658	1660
1658	1683
1658	1699
1658	1701
1658	1702
1658	1709
1658	1710
1658	1714
1658	1719
1658	1736
1658	1745
1658	1747
1658	1749
1658	1763
1658	1768
1658	1773
1658	1779
1658	1792
1658	1794
1658	1800
1658	1809
1658	1821
1659	1660
1659	1683
1659	1699
1659	1700
1659	1701
1659	1702
1659	1710
1659	1714
1659	1719
1659	1727
1659	1736
1659	1745
1659	1747
1659	1749
1659	1768
1659	1771
1659	1773
1659	1779
1659	1792
1659	1800
1659	1809
1659	1822
1660	1683
1660	1699
1660	1700
1660	1701
1660	1702
1660	1709
1660	1710
1660	1714
1660	1719
1660	1736
1660	1745
1660	1747
1660	1749
1660	1763
1660	1768
1660	1791
1660	1792
1660	1800
1660	1809
1660	1813
1660	1816
1660	1821
1660	1822
1683	1701
1683	1702
1683	1709
1683	1710
1683	1714
1683	1719
1683	1727
1683	1736
1683	1745
1683	1747
1683	1768
1683	1773
1683	1779
1683	1791
1683	1792
1683	1800
1683	1813
1683	1816
1683	1821
1683	1822
1699	1700
1699	1701
1699	1702
1699	1709
1699	1710
1699	1714
1699	1727
1699	1736
1699	1745
1699	1747
1699	1763
1699	1771
1699	1773
1699	1779
1699	1791
1699	1792
1699	1794
1699	1800
1699	1809
1699	1813
1699	1822
1702	1710
1702	1719
1702	1727
1702	1736
1702	1745
1702	1747
1702	1749
1702	1763
1702	1773
1702	1779
1702	1800
1702	1809
1702	1813
1702	1816
1702	1821
1702	1822
1709	1710
1709	1714
1709	1719
1709	1727
1709	1736
1709	1747
1709	1749
1709	1763
1709	1771
1709	1773
1709	1779
1709	1792
1709	1800
1709	1809
1709	1813
1709	1816
1709	1821
1710	1714
1710	1719
1710	1727
1710	1736
1710	1745
1710	1747
1710	1749
1710	1763
1710	1771
1710	1779
1710	1791
1710	1792
1710	1794
1710	1800
1710	1809
1710	1813
1710	1816
1710	1821
1710	1822
1714	1719
1714	1727
1714	1736
1714	1747
1714	1749
1714	1763
1714	1768
1714	1771
1714	1773
1714	1779
1714	1791
1714	1792
1714	1800
1714	1809
1714	1813
1714	1816
1714	1821
1714	1822
1719	1727
1719	1736
1719	1745
1719	1747
1719	1749
1719	1763
1719	1768
1719	1771
1719	1779
1719	1791
1719	1794
1719	1800
1719	1809
1719	1813
1719	1816
1719	1821
1719	1822
1727	1736
1727	1745
1727	1747
1727	1749
1727	1768
1727	1771
1727	1779
1727	1791
1727	1792
1727	1800
1727	1809
1727	1813
1727	1816
1727	1821
1727	1822
1736	1745
1736	1768
1736	1771
1736	1779
1736	1791
1736	1792
1736	1794
1736	1800
1736	1809
1736	1816
1736	1821
1745	1749
1745	1768
1745	1771
1745	1773
1745	1779
1745	1791
1745	1792
1745	1794
1745	1800
1745	1809
1745	1816
1747	1749
1747	1763
1747	1771
1747	1792
1747	1794
1747	1809
1747	1813
1747	1821
1747	1822
1763	1768
1763	1771
1763	1773
1763	1779
1763	1791
1763	1792
1763	1794
1763	1800
1763	1809
1763	1813
1763	1816
1763	1821
1763	1822
1768	1773
1768	1779
1768	1791
1768	1792
1768	1800
1768	1809
1768	1813
1768	1816
1768	1822
1771	1779
1771	1791
1771	1792
1771	1794
1771	1800
1771	1809
1771	1813
1771	1816
1771	1821
1771	1822
1773	1779
1773	1791
1773	1794
1773	1809
1773	1813
1773	1816
1773	1821
1773	1822
1779	1791
1779	1792
1779	1794
1779	1800
1779	1809
1779	1816
1779	1822
1791	1792
1791	1794
1791	1800
1791	1809
1791	1813
1791	1816
1791	1821
1792	1809
1792	1813
1792	1816
1792	1821
1792	1822
1800	1809
1800	1813
1800	1816
1800	1821
1800	1822
1809	1816
1809	1821
1813	1816
1813	1822
1816	1821
1821	1822
1028	1032
1028	1048
1028	1050
1028	1053
1028	1064
1028	1075
1028	1077
1028	1100
1028	1116
1028	1120
1028	1122
1028	1129
1028	1133
1028	1145
1028	1700
1028	1749
1040	1050
1040	1053
1040	1064
1040	1071
1040	1073
1040	1077
1040	1100
1040	1115
1040	1116
1040	1120
1040	1122
1040	1125
1040	1129
1040	1133
1040	1768
1700	1701
1700	1702
1700	1709
1700	1710
1700	1714
1700	1719
1700	1727
1700	1736
1700	1745
1700	1747
1700	1749
1700	1763
1700	1768
1700	1771
1700	1773
1700	1779
1700	1791
1700	1792
1700	1794
1700	1809
1700	1813
1700	1816
1700	1821
1700	1822
1701	1702
1701	1709
1701	1710
1701	1714
1701	1727
1701	1736
1701	1745
1701	1749
1701	1763
1701	1768
1701	1771
1701	1773
1701	1779
1701	1791
1701	1792
1701	1794
1701	1800
1701	1809
1701	1813
1701	1816
1749	1763
1749	1768
1749	1771
1749	1773
1749	1779
1749	1792
1749	1794
1749	1800
1749	1809
1749	1813
1749	1821
1749	1822
1794	1800
1794	1809
1794	1813
1794	1816
1794	1822
989	990
989	994
989	1001
989	1002
989	1005
989	1006
989	1015
989	1020
989	1026
989	1027
989	1032
989	1048
989	1053
989	1064
989	1071
989	1073
989	1074
989	1075
989	1077
989	1100
989	1115
989	1120
989	1125
989	1129
989	1133
989	1145
994	1005
994	1006
994	1008
994	1015
994	1020
994	1026
994	1027
994	1028
994	1032
994	1048
994	1050
994	1053
994	1064
994	1071
994	1073
994	1074
994	1075
994	1077
994	1100
994	1115
994	1116
994	1120
994	1129
994	1145
994	1773
1001	1002
1001	1005
1001	1006
1001	1008
1001	1015
1001	1020
1001	1026
1001	1028
1001	1048
1001	1050
1001	1064
1001	1071
1001	1073
1001	1074
1001	1075
1001	1077
1001	1100
1001	1115
1001	1116
1001	1120
1001	1122
1001	1125
1001	1133
1001	1145
1005	1006
1005	1008
1005	1015
1005	1032
1005	1040
1005	1048
1005	1050
1005	1053
1005	1064
1005	1073
1005	1074
1005	1100
1005	1115
1005	1116
1005	1120
1005	1122
1005	1125
1005	1129
1005	1133
1005	1145
1008	1015
1008	1020
1008	1026
1008	1027
1008	1028
1008	1032
1008	1040
1008	1048
1008	1050
1008	1053
1008	1071
1008	1074
1008	1075
1008	1077
1008	1100
1008	1115
1008	1116
1008	1122
1008	1129
1008	1133
1008	1145
1008	1794
990	1001
990	1002
990	1005
990	1006
990	1008
990	1015
990	1020
990	1026
990	1027
990	1028
990	1032
990	1048
990	1053
990	1064
990	1071
990	1073
990	1100
990	1115
990	1116
990	1122
990	1125
990	1129
990	1133
1006	1008
1006	1015
1006	1020
1006	1026
1006	1028
1006	1032
1006	1040
1006	1048
1006	1064
1006	1073
1006	1074
1006	1075
1006	1077
1006	1100
1006	1115
1006	1116
1006	1120
1006	1125
1006	1129
1006	1133
1006	1699
1006	1736
1122	1125
1122	1129
1122	1133
1122	1768
1064	1071
1064	1073
1064	1074
1064	1075
1064	1077
1064	1100
1064	1115
1064	1116
1064	1120
1064	1125
1064	1133
1064	1145
1073	1074
1073	1075
1073	1100
1073	1115
1073	1120
1073	1122
1073	1125
1073	1129
1073	1133
1073	1145
1073	1771
1077	1100
1077	1115
1077	1120
1077	1125
1077	1129
1077	1145
1100	1116
1100	1120
1100	1122
1100	1129
1100	1145
1100	1821
1071	1074
1071	1075
1071	1077
1071	1115
1071	1116
1071	1120
1071	1125
1071	1129
1071	1133
1071	1145
1071	1747
1050	1071
1050	1073
1050	1074
1050	1075
1050	1077
1050	1100
1050	1115
1050	1116
1050	1120
1050	1122
1050	1125
1050	1129
1050	1133
1050	1145
1075	1077
1075	1100
1075	1115
1075	1122
1075	1125
1075	1129
1075	1133
1075	1145
1026	1028
1026	1032
1026	1040
1026	1048
1026	1050
1026	1053
1026	1064
1026	1071
1026	1073
1026	1074
1026	1075
1026	1077
1026	1116
1026	1120
1026	1122
1026	1125
1026	1129
1026	1133
1032	1040
1032	1048
1032	1053
1032	1064
1032	1071
1032	1073
1032	1077
1032	1100
1032	1116
1032	1120
1032	1122
1032	1125
1032	1129
1032	1133
1032	1145
1032	1791
1053	1064
1053	1071
1053	1073
1053	1074
1053	1075
1053	1077
1053	1100
1053	1115
1053	1116
1053	1120
1053	1122
1053	1129
1053	1145
1120	1122
1120	1125
1120	1129
1120	1133
1120	1145
984	989
984	994
984	1001
984	1002
984	1005
984	1006
984	1008
984	1026
984	1028
984	1032
984	1040
984	1048
984	1050
984	1053
984	1071
984	1074
984	1077
984	1100
984	1115
984	1120
984	1122
984	1125
984	1129
984	1133
1048	1050
1048	1053
1048	1064
1048	1073
1048	1074
1048	1075
1048	1077
1048	1100
1048	1115
1048	1116
1048	1120
1048	1122
1048	1145
1048	1658
1048	1749
1125	1129
1125	1133
1125	1145
1125	1700
1002	1015
1002	1020
1002	1027
1002	1032
1002	1040
1002	1048
1002	1050
1002	1053
1002	1064
1002	1071
1002	1073
1002	1074
1002	1077
1002	1100
1002	1115
1002	1116
1002	1120
1002	1122
1002	1125
1002	1129
1002	1133
1002	1145
1002	1821
1074	1075
1074	1077
1074	1100
1074	1116
1074	1120
1074	1125
1074	1129
1074	1133
1074	1145
1115	1120
1115	1122
1115	1125
1115	1129
1115	1133
1115	1658
1116	1122
1116	1129
1116	1145
1116	1791
1116	1813
1129	1133
1129	1145
1129	1822
1015	1026
1015	1027
1015	1032
1015	1040
1015	1053
1015	1064
1015	1071
1015	1073
1015	1074
1015	1075
1015	1077
1015	1100
1015	1116
1015	1122
1015	1125
1015	1133
1015	1822
1145	1773
1027	1028
1027	1032
1027	1040
1027	1050
1027	1053
1027	1064
1027	1071
1027	1073
1027	1074
1027	1075
1027	1077
1027	1115
1027	1116
1027	1120
1027	1122
1027	1125
1027	1129
1027	1133
1027	1145
1020	1026
1020	1027
1020	1028
1020	1032
1020	1040
1020	1048
1020	1050
1020	1053
1020	1064
1020	1071
1020	1073
1020	1075
1020	1100
1020	1115
1020	1120
1020	1122
1020	1125
1020	1133
1020	1145
1020	1683
