# Undirected graph (each unordered pair of nodes is saved once): output/networks/SmallWorldRewire00removeDegree-95percent.txt
# Nodes: 100 Edges: 1617
# NodeId	NodeId
71	75
71	77
71	78
71	83
71	86
71	89
71	94
71	101
71	108
71	109
71	111
71	114
71	123
71	127
71	130
71	133
71	134
71	140
71	142
71	143
71	149
71	151
71	153
71	164
71	167
71	188
71	192
71	200
71	201
71	208
71	221
71	229
71	232
75	77
75	78
75	83
75	86
75	89
75	94
75	101
75	108
75	109
75	111
75	114
75	123
75	127
75	130
75	133
75	134
75	140
75	142
75	143
75	149
75	151
75	153
75	164
75	167
75	188
75	192
75	200
75	201
75	208
75	221
75	229
75	232
77	78
77	83
77	86
77	89
77	94
77	101
77	108
77	109
77	111
77	114
77	123
77	127
77	130
77	133
77	134
77	140
77	142
77	143
77	149
77	151
77	153
77	164
77	167
77	188
77	192
77	200
77	201
77	208
77	221
77	229
77	232
78	83
78	86
78	89
78	94
78	101
78	108
78	109
78	111
78	114
78	123
78	127
78	130
78	133
78	134
78	140
78	142
78	143
78	149
78	151
78	153
78	164
78	167
78	188
78	192
78	200
78	201
78	208
78	221
78	229
78	232
83	86
83	89
83	94
83	101
83	108
83	109
83	111
83	114
83	123
83	127
83	130
83	133
83	134
83	140
83	142
83	143
83	149
83	151
83	153
83	164
83	167
83	188
83	192
83	200
83	201
83	208
83	221
83	229
83	232
86	89
86	94
86	101
86	108
86	109
86	111
86	114
86	123
86	127
86	130
86	133
86	134
86	140
86	142
86	143
86	149
86	151
86	153
86	164
86	167
86	188
86	192
86	200
86	201
86	208
86	221
86	229
86	232
89	94
89	101
89	108
89	109
89	111
89	114
89	123
89	127
89	130
89	133
89	134
89	140
89	142
89	143
89	149
89	151
89	153
89	164
89	167
89	188
89	192
89	200
89	201
89	208
89	221
89	229
89	232
94	101
94	108
94	109
94	111
94	114
94	123
94	127
94	130
94	133
94	134
94	140
94	142
94	143
94	149
94	151
94	153
94	164
94	167
94	188
94	192
94	200
94	201
94	208
94	221
94	229
94	232
101	108
101	109
101	111
101	114
101	123
101	127
101	130
101	133
101	134
101	140
101	142
101	143
101	149
101	151
101	153
101	164
101	167
101	188
101	192
101	200
101	201
101	208
101	221
101	229
101	232
108	109
108	111
108	114
108	123
108	127
108	130
108	133
108	134
108	140
108	142
108	143
108	149
108	151
108	153
108	164
108	167
108	188
108	192
108	200
108	201
108	208
108	221
108	229
108	232
109	111
109	114
109	123
109	127
109	130
109	133
109	134
109	140
109	142
109	143
109	149
109	151
109	153
109	164
109	167
109	188
109	192
109	200
109	201
109	208
109	221
109	229
109	232
111	114
111	123
111	127
111	130
111	133
111	134
111	140
111	142
111	143
111	149
111	151
111	153
111	164
111	167
111	188
111	192
111	200
111	201
111	208
111	221
111	229
111	232
114	123
114	127
114	130
114	133
114	134
114	140
114	142
114	143
114	149
114	151
114	153
114	164
114	167
114	188
114	192
114	200
114	201
114	208
114	221
114	229
114	232
123	127
123	130
123	133
123	134
123	140
123	142
123	143
123	149
123	151
123	153
123	164
123	167
123	188
123	192
123	200
123	201
123	208
123	221
123	229
123	232
127	130
127	133
127	134
127	140
127	142
127	143
127	149
127	151
127	153
127	164
127	167
127	188
127	192
127	200
127	201
127	208
127	221
127	229
127	232
130	133
130	134
130	140
130	142
130	143
130	149
130	151
130	153
130	164
130	167
130	188
130	192
130	200
130	201
130	208
130	221
130	229
130	232
133	134
133	140
133	142
133	143
133	149
133	151
133	153
133	164
133	167
133	188
133	192
133	200
133	201
133	208
133	221
133	229
133	232
134	140
134	142
134	143
134	149
134	151
134	153
134	164
134	167
134	188
134	192
134	200
134	201
134	208
134	221
134	229
134	232
140	142
140	143
140	149
140	151
140	153
140	164
140	167
140	188
140	192
140	200
140	201
140	208
140	221
140	229
140	232
142	143
142	149
142	151
142	153
142	164
142	167
142	188
142	192
142	200
142	201
142	208
142	221
142	229
142	232
143	149
143	151
143	153
143	164
143	167
143	188
143	192
143	200
143	201
143	208
143	221
143	229
143	232
149	151
149	153
149	164
149	167
149	188
149	192
149	200
149	201
149	208
149	221
149	229
149	232
151	153
151	164
151	167
151	188
151	192
151	200
151	201
151	208
151	221
151	229
151	232
153	164
153	167
153	188
153	192
153	200
153	201
153	208
153	221
153	229
153	232
164	167
164	188
164	192
164	200
164	201
164	208
164	221
164	229
164	232
167	188
167	192
167	200
167	201
167	208
167	221
167	229
167	232
188	192
188	200
188	201
188	208
188	221
188	229
188	232
192	200
192	201
192	208
192	221
192	229
192	232
200	201
200	208
200	221
200	229
200	232
201	208
201	221
201	229
201	232
208	221
208	229
208	232
221	229
221	232
229	232
1505	1509
1505	1510
1505	1511
1505	1521
1505	1523
1505	1527
1505	1534
1505	1536
1505	1543
1505	1547
1505	1551
1505	1561
1505	1562
1505	1563
1505	1565
1509	1510
1509	1511
1509	1521
1509	1523
1509	1527
1509	1534
1509	1536
1509	1543
1509	1547
1509	1551
1509	1561
1509	1562
1509	1563
1509	1565
1510	1511
1510	1521
1510	1523
1510	1527
1510	1534
1510	1536
1510	1543
1510	1547
1510	1551
1510	1561
1510	1562
1510	1563
1510	1565
1511	1521
1511	1523
1511	1527
1511	1534
1511	1536
1511	1543
1511	1547
1511	1551
1511	1561
1511	1562
1511	1563
1511	1565
1521	1523
1521	1527
1521	1534
1521	1536
1521	1543
1521	1547
1521	1551
1521	1561
1521	1562
1521	1563
1521	1565
1523	1527
1523	1534
1523	1536
1523	1543
1523	1547
1523	1551
1523	1561
1523	1562
1523	1563
1523	1565
1527	1534
1527	1536
1527	1543
1527	1547
1527	1551
1527	1561
1527	1562
1527	1563
1527	1565
1534	1536
1534	1543
1534	1547
1534	1551
1534	1561
1534	1562
1534	1563
1534	1565
1536	1543
1536	1547
1536	1551
1536	1561
1536	1562
1536	1563
1536	1565
1543	1547
1543	1551
1543	1561
1543	1562
1543	1563
1543	1565
1547	1551
1547	1561
1547	1562
1547	1563
1547	1565
1551	1561
1551	1562
1551	1563
1551	1565
1561	1562
1561	1563
1561	1565
1562	1563
1562	1565
1563	1565
736	740
736	746
736	751
736	752
736	756
736	757
736	763
736	774
736	778
736	779
736	781
736	785
736	786
736	787
736	793
736	794
736	806
736	814
736	819
736	824
736	825
736	826
736	830
736	831
736	836
736	845
736	847
736	848
736	855
736	861
736	864
736	889
740	746
740	751
740	752
740	756
740	757
740	763
740	774
740	778
740	779
740	781
740	785
740	786
740	787
740	793
740	794
740	806
740	814
740	819
740	824
740	825
740	826
740	830
740	831
740	836
740	845
740	847
740	848
740	855
740	861
740	864
740	889
746	751
746	752
746	756
746	757
746	763
746	774
746	778
746	779
746	781
746	785
746	786
746	787
746	793
746	794
746	806
746	814
746	819
746	824
746	825
746	826
746	830
746	831
746	836
746	845
746	847
746	848
746	855
746	861
746	864
746	889
751	752
751	756
751	757
751	763
751	774
751	778
751	779
751	781
751	785
751	786
751	787
751	793
751	794
751	806
751	814
751	819
751	824
751	825
751	826
751	830
751	831
751	836
751	845
751	847
751	848
751	855
751	861
751	864
751	889
752	756
752	757
752	763
752	774
752	778
752	779
752	781
752	785
752	786
752	787
752	793
752	794
752	806
752	814
752	819
752	824
752	825
752	826
752	830
752	831
752	836
752	845
752	847
752	848
752	855
752	861
752	864
752	889
756	757
756	763
756	774
756	778
756	779
756	781
756	785
756	786
756	787
756	793
756	794
756	806
756	814
756	819
756	824
756	825
756	826
756	830
756	831
756	836
756	845
756	847
756	848
756	855
756	861
756	864
756	889
757	763
757	774
757	778
757	779
757	781
757	785
757	786
757	787
757	793
757	794
757	806
757	814
757	819
757	824
757	825
757	826
757	830
757	831
757	836
757	845
757	847
757	848
757	855
757	861
757	864
757	889
763	774
763	778
763	779
763	781
763	785
763	786
763	787
763	793
763	794
763	806
763	814
763	819
763	824
763	825
763	826
763	830
763	831
763	836
763	845
763	847
763	848
763	855
763	861
763	864
763	889
774	778
774	779
774	781
774	785
774	786
774	787
774	793
774	794
774	806
774	814
774	819
774	824
774	825
774	826
774	830
774	831
774	836
774	845
774	847
774	848
774	855
774	861
774	864
774	889
778	779
778	781
778	785
778	786
778	787
778	793
778	794
778	806
778	814
778	819
778	824
778	825
778	826
778	830
778	831
778	836
778	845
778	847
778	848
778	855
778	861
778	864
778	889
779	781
779	785
779	786
779	787
779	793
779	794
779	806
779	814
779	819
779	824
779	825
779	826
779	830
779	831
779	836
779	845
779	847
779	848
779	855
779	861
779	864
779	889
781	785
781	786
781	787
781	793
781	794
781	806
781	814
781	819
781	824
781	825
781	826
781	830
781	831
781	836
781	845
781	847
781	848
781	855
781	861
781	864
781	889
785	786
785	787
785	793
785	794
785	806
785	814
785	819
785	824
785	825
785	826
785	830
785	831
785	836
785	845
785	847
785	848
785	855
785	861
785	864
785	889
786	787
786	793
786	794
786	806
786	814
786	819
786	824
786	825
786	826
786	830
786	831
786	836
786	845
786	847
786	848
786	855
786	861
786	864
786	889
787	793
787	794
787	806
787	814
787	819
787	824
787	825
787	826
787	830
787	831
787	836
787	845
787	847
787	848
787	855
787	861
787	864
787	889
793	794
793	806
793	814
793	819
793	824
793	825
793	826
793	830
793	831
793	836
793	845
793	847
793	848
793	855
793	861
793	864
793	889
794	806
794	814
794	819
794	824
794	825
794	826
794	830
794	831
794	836
794	845
794	847
794	848
794	855
794	861
794	864
794	889
806	814
806	819
806	824
806	825
806	826
806	830
806	831
806	836
806	845
806	847
806	848
806	855
806	861
806	864
806	889
814	819
814	824
814	825
814	826
814	830
814	831
814	836
814	845
814	847
814	848
814	855
814	861
814	864
814	889
819	824
819	825
819	826
819	830
819	831
819	836
819	845
819	847
819	848
819	855
819	861
819	864
819	889
824	825
824	826
824	830
824	831
824	836
824	845
824	847
824	848
824	855
824	861
824	864
824	889
825	826
825	830
825	831
825	836
825	845
825	847
825	848
825	855
825	861
825	864
825	889
826	830
826	831
826	836
826	845
826	847
826	848
826	855
826	861
826	864
826	889
830	831
830	836
830	845
830	847
830	848
830	855
830	861
830	864
830	889
831	836
831	845
831	847
831	848
831	855
831	861
831	864
831	889
836	845
836	847
836	848
836	855
836	861
836	864
836	889
845	847
845	848
845	855
845	861
845	864
845	889
847	848
847	855
847	861
847	864
847	889
848	855
848	861
848	864
848	889
855	861
855	864
855	889
861	864
861	889
864	889
1403	1409
1403	1414
1403	1416
1403	1419
1403	1421
1403	1426
1403	1429
1403	1431
1403	1440
1403	1449
1403	1454
1403	1477
1403	1487
1403	1495
1403	1497
1403	1499
1403	1505
1403	1509
1403	1510
1403	1511
1403	1521
1403	1523
1403	1527
1403	1534
1403	1536
1403	1543
1403	1547
1403	1551
1403	1561
1403	1562
1403	1563
1403	1565
1409	1414
1409	1416
1409	1419
1409	1421
1409	1426
1409	1429
1409	1431
1409	1440
1409	1449
1409	1454
1409	1477
1409	1487
1409	1495
1409	1497
1409	1499
1409	1505
1409	1509
1409	1510
1409	1511
1409	1521
1409	1523
1409	1527
1409	1534
1409	1536
1409	1543
1409	1547
1409	1551
1409	1561
1409	1562
1409	1563
1409	1565
1414	1416
1414	1419
1414	1421
1414	1426
1414	1429
1414	1431
1414	1440
1414	1449
1414	1454
1414	1477
1414	1487
1414	1495
1414	1497
1414	1499
1414	1505
1414	1509
1414	1510
1414	1511
1414	1521
1414	1523
1414	1527
1414	1534
1414	1536
1414	1543
1414	1547
1414	1551
1414	1561
1414	1562
1414	1563
1414	1565
1416	1419
1416	1421
1416	1426
1416	1429
1416	1431
1416	1440
1416	1449
1416	1454
1416	1477
1416	1487
1416	1495
1416	1497
1416	1499
1416	1505
1416	1509
1416	1510
1416	1511
1416	1521
1416	1523
1416	1527
1416	1534
1416	1536
1416	1543
1416	1547
1416	1551
1416	1561
1416	1562
1416	1563
1416	1565
1419	1421
1419	1426
1419	1429
1419	1431
1419	1440
1419	1449
1419	1454
1419	1477
1419	1487
1419	1495
1419	1497
1419	1499
1419	1505
1419	1509
1419	1510
1419	1511
1419	1521
1419	1523
1419	1527
1419	1534
1419	1536
1419	1543
1419	1547
1419	1551
1419	1561
1419	1562
1419	1563
1419	1565
1421	1426
1421	1429
1421	1431
1421	1440
1421	1449
1421	1454
1421	1477
1421	1487
1421	1495
1421	1497
1421	1499
1421	1505
1421	1509
1421	1510
1421	1511
1421	1521
1421	1523
1421	1527
1421	1534
1421	1536
1421	1543
1421	1547
1421	1551
1421	1561
1421	1562
1421	1563
1421	1565
1426	1429
1426	1431
1426	1440
1426	1449
1426	1454
1426	1477
1426	1487
1426	1495
1426	1497
1426	1499
1426	1505
1426	1509
1426	1510
1426	1511
1426	1521
1426	1523
1426	1527
1426	1534
1426	1536
1426	1543
1426	1547
1426	1551
1426	1561
1426	1562
1426	1563
1426	1565
1429	1431
1429	1440
1429	1449
1429	1454
1429	1477
1429	1487
1429	1495
1429	1497
1429	1499
1429	1505
1429	1509
1429	1510
1429	1511
1429	1521
1429	1523
1429	1527
1429	1534
1429	1536
1429	1543
1429	1547
1429	1551
1429	1561
1429	1562
1429	1563
1429	1565
1431	1440
1431	1449
1431	1454
1431	1477
1431	1487
1431	1495
1431	1497
1431	1499
1431	1505
1431	1509
1431	1510
1431	1511
1431	1521
1431	1523
1431	1527
1431	1534
1431	1536
1431	1543
1431	1547
1431	1551
1431	1561
1431	1562
1431	1563
1431	1565
1440	1449
1440	1454
1440	1477
1440	1487
1440	1495
1440	1497
1440	1499
1440	1505
1440	1509
1440	1510
1440	1511
1440	1521
1440	1523
1440	1527
1440	1534
1440	1536
1440	1543
1440	1547
1440	1551
1440	1561
1440	1562
1440	1563
1440	1565
1449	1454
1449	1477
1449	1487
1449	1495
1449	1497
1449	1499
1449	1505
1449	1509
1449	1510
1449	1511
1449	1521
1449	1523
1449	1527
1449	1534
1449	1536
1449	1543
1449	1547
1449	1551
1449	1561
1449	1562
1449	1563
1449	1565
1454	1477
1454	1487
1454	1495
1454	1497
1454	1499
1454	1505
1454	1509
1454	1510
1454	1511
1454	1521
1454	1523
1454	1527
1454	1534
1454	1536
1454	1543
1454	1547
1454	1551
1454	1561
1454	1562
1454	1563
1454	1565
1477	1487
1477	1495
1477	1497
1477	1499
1477	1505
1477	1509
1477	1510
1477	1511
1477	1521
1477	1523
1477	1527
1477	1534
1477	1536
1477	1543
1477	1547
1477	1551
1477	1561
1477	1562
1477	1563
1477	1565
1487	1495
1487	1497
1487	1499
1487	1505
1487	1509
1487	1510
1487	1511
1487	1521
1487	1523
1487	1527
1487	1534
1487	1536
1487	1543
1487	1547
1487	1551
1487	1561
1487	1562
1487	1563
1487	1565
1495	1497
1495	1499
1495	1505
1495	1509
1495	1510
1495	1511
1495	1521
1495	1523
1495	1527
1495	1534
1495	1536
1495	1543
1495	1547
1495	1551
1495	1561
1495	1562
1495	1563
1495	1565
1497	1499
1497	1505
1497	1509
1497	1510
1497	1511
1497	1521
1497	1523
1497	1527
1497	1534
1497	1536
1497	1543
1497	1547
1497	1551
1497	1561
1497	1562
1497	1563
1497	1565
1499	1505
1499	1509
1499	1510
1499	1511
1499	1521
1499	1523
1499	1527
1499	1534
1499	1536
1499	1543
1499	1547
1499	1551
1499	1561
1499	1562
1499	1563
1499	1565
