# Undirected graph (each unordered pair of nodes is saved once): output/networks/SmallWorldRewire07removeDegree-90percent.txt
# Nodes: 200 Edges: 6086
# NodeId	NodeId
390	392
390	394
390	396
390	397
390	398
390	402
390	406
390	408
390	410
390	414
390	416
390	417
390	422
390	426
390	428
390	433
390	439
390	441
390	446
390	449
390	452
390	454
390	457
390	459
390	463
390	464
390	467
390	468
390	471
390	472
390	473
390	474
390	476
390	477
390	478
390	481
390	484
390	486
390	487
390	491
390	492
390	493
390	497
390	500
390	504
390	505
390	508
390	516
390	519
390	520
390	527
390	528
390	529
390	530
390	531
390	534
390	549
390	553
390	557
390	1890
392	394
392	397
392	398
392	402
392	406
392	408
392	410
392	414
392	416
392	417
392	426
392	428
392	433
392	437
392	438
392	439
392	441
392	446
392	449
392	453
392	454
392	457
392	459
392	463
392	464
392	467
392	468
392	471
392	473
392	477
392	478
392	481
392	484
392	486
392	487
392	489
392	491
392	492
392	493
392	497
392	500
392	505
392	519
392	520
392	527
392	528
392	529
392	530
392	531
392	534
392	538
392	549
392	553
392	563
392	1056
392	1071
392	1074
392	1117
392	1179
392	1217
392	1818
392	1860
394	396
394	397
394	398
394	402
394	406
394	414
394	416
394	417
394	422
394	426
394	428
394	433
394	437
394	438
394	439
394	441
394	446
394	449
394	452
394	453
394	454
394	457
394	459
394	463
394	464
394	467
394	468
394	471
394	472
394	473
394	474
394	476
394	477
394	481
394	484
394	489
394	491
394	493
394	497
394	505
394	508
394	516
394	519
394	528
394	529
394	531
394	534
394	538
394	549
394	553
394	557
394	563
394	1071
394	1159
394	1180
394	1192
394	1745
396	398
396	402
396	406
396	408
396	410
396	414
396	416
396	417
396	426
396	433
396	437
396	439
396	441
396	446
396	449
396	452
396	453
396	454
396	459
396	463
396	467
396	468
396	473
396	474
396	476
396	477
396	478
396	481
396	484
396	486
396	487
396	489
396	491
396	492
396	493
396	497
396	500
396	504
396	505
396	508
396	516
396	519
396	520
396	528
396	529
396	530
396	531
396	534
396	538
396	553
396	557
396	563
396	1063
396	1111
396	1815
396	1879
397	398
397	402
397	406
397	410
397	414
397	416
397	417
397	422
397	426
397	428
397	433
397	437
397	438
397	439
397	441
397	449
397	452
397	453
397	457
397	459
397	463
397	464
397	467
397	468
397	471
397	472
397	473
397	474
397	476
397	478
397	481
397	486
397	487
397	489
397	492
397	493
397	497
397	500
397	504
397	505
397	508
397	520
397	527
397	528
397	529
397	530
397	531
397	534
397	538
397	549
397	553
397	557
397	563
397	1063
397	1114
397	1204
397	1828
397	1888
398	402
398	406
398	408
398	410
398	414
398	417
398	422
398	426
398	428
398	438
398	439
398	441
398	446
398	449
398	452
398	454
398	457
398	459
398	463
398	464
398	467
398	468
398	472
398	473
398	474
398	476
398	477
398	478
398	481
398	484
398	486
398	487
398	489
398	491
398	492
398	493
398	497
398	504
398	505
398	508
398	516
398	519
398	520
398	527
398	528
398	529
398	531
398	534
398	538
398	549
398	557
398	563
398	1112
402	406
402	408
402	410
402	414
402	416
402	417
402	422
402	426
402	428
402	433
402	437
402	438
402	439
402	441
402	446
402	449
402	452
402	454
402	457
402	459
402	463
402	467
402	471
402	472
402	473
402	477
402	484
402	486
402	487
402	489
402	492
402	493
402	497
402	500
402	504
402	505
402	508
402	520
402	527
402	528
402	529
402	530
402	534
402	538
402	549
402	553
402	563
402	1062
402	1080
402	1095
402	1114
402	1836
402	1856
406	408
406	410
406	414
406	416
406	422
406	426
406	428
406	433
406	437
406	438
406	439
406	441
406	446
406	449
406	452
406	453
406	454
406	457
406	463
406	467
406	468
406	472
406	476
406	477
406	478
406	481
406	484
406	486
406	487
406	489
406	492
406	493
406	497
406	500
406	504
406	505
406	508
406	516
406	519
406	520
406	527
406	528
406	529
406	531
406	534
406	538
406	549
406	553
406	557
406	563
406	1098
406	1731
406	1812
410	414
410	416
410	417
410	422
410	426
410	428
410	439
410	441
410	449
410	452
410	453
410	454
410	457
410	459
410	467
410	468
410	471
410	472
410	473
410	474
410	476
410	477
410	478
410	481
410	484
410	486
410	491
410	492
410	493
410	497
410	500
410	504
410	505
410	508
410	519
410	520
410	527
410	528
410	529
410	530
410	534
410	538
410	549
410	553
410	557
410	563
410	1159
410	1836
410	1881
414	416
414	417
414	422
414	426
414	428
414	433
414	437
414	439
414	441
414	446
414	449
414	452
414	453
414	454
414	457
414	459
414	463
414	464
414	467
414	468
414	471
414	472
414	473
414	474
414	476
414	477
414	478
414	481
414	484
414	486
414	487
414	489
414	491
414	493
414	500
414	504
414	505
414	508
414	516
414	519
414	528
414	529
414	530
414	531
414	534
414	538
414	549
414	553
414	557
414	1063
414	1745
414	1808
414	1846
416	422
416	426
416	428
416	433
416	437
416	439
416	441
416	446
416	449
416	452
416	453
416	454
416	457
416	459
416	463
416	464
416	467
416	468
416	471
416	472
416	473
416	474
416	476
416	477
416	478
416	481
416	484
416	486
416	487
416	489
416	491
416	492
416	493
416	500
416	504
416	505
416	508
416	516
416	519
416	520
416	528
416	529
416	531
416	534
416	549
416	553
416	557
416	563
416	1129
416	1177
416	1188
416	1828
417	422
417	428
417	433
417	437
417	438
417	439
417	446
417	449
417	452
417	453
417	454
417	459
417	463
417	464
417	467
417	468
417	471
417	473
417	477
417	478
417	481
417	484
417	486
417	487
417	489
417	491
417	492
417	493
417	497
417	500
417	504
417	505
417	508
417	519
417	520
417	527
417	529
417	530
417	531
417	534
417	538
417	549
417	557
417	563
417	1077
417	1186
417	1850
417	1887
422	426
422	428
422	433
422	437
422	439
422	441
422	446
422	449
422	453
422	454
422	459
422	463
422	464
422	467
422	468
422	471
422	472
422	473
422	474
422	476
422	477
422	478
422	484
422	486
422	487
422	489
422	491
422	492
422	493
422	497
422	500
422	504
422	505
422	516
422	519
422	527
422	529
422	530
422	531
422	534
422	538
422	549
422	553
422	563
422	1085
422	1113
422	1141
422	1779
426	428
426	433
426	437
426	438
426	439
426	441
426	446
426	449
426	452
426	453
426	454
426	457
426	463
426	464
426	468
426	472
426	473
426	476
426	477
426	478
426	481
426	484
426	486
426	487
426	489
426	491
426	492
426	493
426	500
426	505
426	508
426	516
426	519
426	520
426	527
426	528
426	529
426	530
426	531
426	534
426	538
426	553
426	557
426	563
426	1095
426	1167
426	1182
426	1217
426	1773
426	1784
426	1876
428	433
428	437
428	438
428	439
428	441
428	446
428	449
428	453
428	457
428	459
428	463
428	464
428	467
428	468
428	471
428	472
428	474
428	476
428	477
428	481
428	484
428	486
428	487
428	489
428	491
428	492
428	493
428	500
428	504
428	505
428	508
428	516
428	519
428	520
428	527
428	528
428	529
428	530
428	531
428	534
428	538
428	549
428	553
428	563
428	1062
428	1080
428	1152
428	1863
433	437
433	438
433	439
433	441
433	446
433	449
433	453
433	457
433	459
433	463
433	464
433	467
433	468
433	471
433	472
433	473
433	474
433	476
433	477
433	478
433	484
433	486
433	487
433	489
433	492
433	493
433	497
433	500
433	504
433	505
433	508
433	516
433	519
433	527
433	528
433	530
433	534
433	538
433	549
433	553
433	557
433	563
433	1818
433	1836
433	1849
433	1875
433	1888
437	438
437	441
437	446
437	449
437	453
437	454
437	457
437	459
437	463
437	464
437	467
437	468
437	472
437	473
437	474
437	476
437	477
437	481
437	484
437	486
437	487
437	489
437	491
437	492
437	493
437	500
437	504
437	505
437	508
437	516
437	519
437	520
437	527
437	528
437	529
437	530
437	534
437	538
437	549
437	553
437	557
437	563
437	1745
437	1872
438	439
438	441
438	446
438	449
438	452
438	453
438	454
438	457
438	459
438	463
438	464
438	467
438	468
438	471
438	472
438	473
438	474
438	476
438	477
438	478
438	481
438	486
438	489
438	492
438	497
438	500
438	504
438	505
438	508
438	516
438	519
438	520
438	527
438	528
438	530
438	531
438	534
438	538
438	549
438	553
438	557
438	1115
438	1165
438	1762
438	1835
439	441
439	446
439	449
439	452
439	453
439	454
439	457
439	459
439	463
439	464
439	467
439	468
439	472
439	473
439	474
439	476
439	477
439	478
439	481
439	484
439	486
439	487
439	489
439	491
439	492
439	493
439	497
439	500
439	504
439	505
439	508
439	516
439	519
439	520
439	527
439	528
439	529
439	530
439	534
439	538
439	549
439	553
439	557
439	563
439	1159
439	1186
449	452
449	453
449	454
449	457
449	459
449	463
449	464
449	467
449	471
449	472
449	473
449	476
449	477
449	478
449	481
449	484
449	487
449	489
449	491
449	492
449	493
449	500
449	504
449	508
449	516
449	519
449	520
449	527
449	528
449	529
449	530
449	531
449	534
449	538
449	553
449	557
449	563
449	1095
449	1217
449	1811
449	1846
449	1849
452	454
452	457
452	459
452	463
452	464
452	467
452	468
452	472
452	473
452	474
452	476
452	477
452	478
452	481
452	484
452	489
452	491
452	492
452	493
452	497
452	500
452	504
452	505
452	508
452	516
452	520
452	527
452	528
452	529
452	530
452	531
452	534
452	549
452	557
452	563
452	1192
452	1206
453	454
453	457
453	464
453	467
453	471
453	472
453	474
453	476
453	477
453	478
453	481
453	484
453	487
453	491
453	492
453	493
453	497
453	500
453	504
453	505
453	508
453	516
453	519
453	520
453	527
453	528
453	529
453	530
453	531
453	534
453	538
453	549
453	557
453	563
453	1059
453	1165
453	1747
453	1811
453	1840
453	1884
454	457
454	464
454	467
454	468
454	471
454	472
454	473
454	474
454	476
454	477
454	481
454	484
454	486
454	487
454	489
454	491
454	492
454	493
454	497
454	500
454	504
454	505
454	508
454	516
454	520
454	527
454	528
454	529
454	530
454	531
454	534
454	538
454	553
454	557
454	563
454	1179
454	1190
454	1211
454	1849
454	1860
454	1863
457	459
457	463
457	464
457	467
457	472
457	473
457	474
457	476
457	477
457	484
457	486
457	487
457	491
457	492
457	493
457	497
457	500
457	504
457	505
457	508
457	516
457	519
457	520
457	527
457	528
457	529
457	530
457	531
457	534
457	538
457	549
457	553
457	557
457	563
457	1752
459	463
459	467
459	468
459	471
459	472
459	473
459	474
459	476
459	477
459	478
459	484
459	487
459	489
459	491
459	492
459	493
459	497
459	500
459	505
459	516
459	519
459	520
459	527
459	528
459	529
459	530
459	531
459	534
459	538
459	549
459	553
459	557
459	563
459	1073
459	1111
459	1137
459	1157
459	1177
463	464
463	467
463	468
463	471
463	473
463	474
463	476
463	478
463	486
463	487
463	489
463	491
463	492
463	493
463	497
463	500
463	504
463	505
463	508
463	516
463	519
463	520
463	527
463	528
463	529
463	530
463	531
463	538
463	549
463	553
463	557
463	1071
463	1094
463	1101
463	1108
463	1131
463	1226
463	1804
463	1870
464	467
464	468
464	471
464	472
464	473
464	474
464	476
464	477
464	478
464	481
464	484
464	486
464	487
464	489
464	491
464	492
464	493
464	497
464	500
464	504
464	508
464	516
464	519
464	520
464	527
464	528
464	529
464	530
464	531
464	534
464	538
464	549
464	553
464	563
464	1058
464	1095
464	1209
464	1811
464	1846
467	468
467	472
467	473
467	474
467	476
467	478
467	481
467	484
467	489
467	491
467	492
467	493
467	497
467	500
467	504
467	505
467	516
467	519
467	520
467	527
467	528
467	530
467	531
467	534
467	538
467	549
467	553
467	557
467	563
467	1159
467	1784
467	1840
467	1863
467	1868
468	471
468	472
468	473
468	474
468	476
468	478
468	481
468	484
468	486
468	487
468	489
468	491
468	492
468	493
468	497
468	500
468	504
468	505
468	508
468	516
468	528
468	530
468	531
468	538
468	549
468	553
468	557
468	563
468	1080
468	1113
468	1127
468	1137
471	472
471	473
471	474
471	476
471	477
471	478
471	481
471	484
471	486
471	487
471	489
471	491
471	492
471	493
471	497
471	500
471	504
471	508
471	516
471	519
471	520
471	527
471	528
471	529
471	530
471	531
471	534
471	538
471	549
471	553
471	557
471	1748
471	1798
471	1814
471	1850
472	473
472	474
472	476
472	477
472	478
472	481
472	484
472	486
472	487
472	489
472	491
472	492
472	493
472	497
472	500
472	504
472	505
472	508
472	516
472	519
472	520
472	528
472	529
472	530
472	531
472	549
472	557
472	563
472	1080
472	1095
472	1188
472	1811
472	1819
472	1876
473	474
473	476
473	477
473	478
473	481
473	484
473	486
473	487
473	489
473	493
473	497
473	500
473	504
473	505
473	508
473	516
473	519
473	520
473	527
473	528
473	529
473	530
473	534
473	549
473	553
473	557
473	563
473	1738
473	1758
473	1832
474	476
474	477
474	478
474	481
474	484
474	486
474	487
474	489
474	491
474	492
474	493
474	497
474	500
474	504
474	505
474	508
474	516
474	519
474	520
474	527
474	529
474	530
474	531
474	534
474	538
474	557
474	563
474	1071
474	1095
474	1141
474	1161
474	1186
474	1747
474	1816
474	1867
477	478
477	481
477	484
477	486
477	487
477	489
477	491
477	492
477	493
477	497
477	500
477	504
477	505
477	508
477	516
477	520
477	527
477	528
477	530
477	531
477	534
477	538
477	549
477	553
477	557
477	1120
477	1226
477	1863
477	1870
478	481
478	484
478	486
478	487
478	489
478	491
478	492
478	497
478	500
478	504
478	505
478	508
478	516
478	519
478	520
478	527
478	528
478	529
478	530
478	531
478	534
478	538
478	549
478	553
478	557
478	563
478	1129
478	1137
478	1800
481	484
481	486
481	487
481	489
481	491
481	492
481	497
481	500
481	504
481	505
481	508
481	516
481	519
481	520
481	527
481	528
481	529
481	530
481	531
481	534
481	538
481	549
481	553
481	557
481	563
481	1164
481	1211
481	1829
481	1843
486	487
486	489
486	491
486	492
486	493
486	497
486	504
486	505
486	508
486	516
486	519
486	527
486	528
486	529
486	530
486	531
486	534
486	538
486	549
486	553
486	557
486	563
486	1071
486	1094
486	1174
486	1209
486	1762
487	491
487	492
487	493
487	497
487	500
487	504
487	505
487	519
487	520
487	527
487	528
487	529
487	530
487	531
487	534
487	549
487	553
487	557
487	563
487	1077
487	1120
487	1192
487	1736
487	1755
487	1886
489	491
489	492
489	493
489	497
489	504
489	505
489	508
489	516
489	519
489	520
489	527
489	528
489	529
489	531
489	534
489	538
489	549
489	553
489	557
489	563
489	1070
489	1805
489	1819
489	1879
491	492
491	493
491	497
491	504
491	505
491	508
491	516
491	519
491	520
491	527
491	528
491	529
491	530
491	534
491	538
491	553
491	557
491	563
491	1056
491	1095
491	1101
491	1182
491	1190
491	1755
491	1818
497	500
497	516
497	519
497	520
497	527
497	528
497	529
497	530
497	531
497	534
497	538
497	549
497	553
497	557
497	563
497	1110
497	1129
497	1751
497	1772
497	1869
500	505
500	516
500	519
500	520
500	527
500	529
500	530
500	531
500	534
500	538
500	557
500	563
500	1157
500	1890
1086	1094
1086	1095
1086	1098
1086	1101
1086	1107
1086	1108
1086	1110
1086	1111
1086	1112
1086	1113
1086	1114
1086	1116
1086	1120
1086	1122
1086	1127
1086	1129
1086	1131
1086	1136
1086	1137
1086	1139
1086	1141
1086	1152
1086	1156
1086	1157
1086	1158
1086	1159
1086	1161
1086	1165
1086	1167
1086	1170
1086	1174
1086	1177
1086	1179
1086	1180
1086	1186
1086	1188
1086	1190
1086	1192
1086	1195
1086	1204
1086	1206
1086	1209
1086	1211
1086	1214
1086	1217
1086	1226
1086	1234
1086	1745
1086	1849
1729	1731
1729	1736
1729	1738
1729	1739
1729	1745
1729	1747
1729	1748
1729	1752
1729	1755
1729	1758
1729	1762
1729	1773
1729	1779
1729	1784
1729	1798
1729	1800
1729	1804
1729	1805
1729	1808
1729	1811
1729	1812
1729	1813
1729	1814
1729	1815
1729	1816
1729	1817
1729	1818
1729	1819
1729	1828
1729	1829
1729	1832
1729	1833
1729	1835
1729	1836
1729	1838
1729	1840
1729	1843
1729	1849
1729	1850
1729	1856
1729	1859
1729	1862
1729	1863
1729	1864
1729	1865
1729	1867
1729	1868
1729	1869
1729	1870
1729	1872
1729	1876
1729	1877
1729	1879
1729	1881
1729	1883
1729	1884
1729	1886
1729	1887
1729	1888
1729	1889
1729	1890
1731	1736
1731	1738
1731	1745
1731	1747
1731	1748
1731	1752
1731	1755
1731	1758
1731	1762
1731	1772
1731	1773
1731	1779
1731	1784
1731	1798
1731	1800
1731	1804
1731	1805
1731	1808
1731	1811
1731	1812
1731	1813
1731	1814
1731	1815
1731	1816
1731	1817
1731	1819
1731	1828
1731	1829
1731	1836
1731	1838
1731	1840
1731	1846
1731	1849
1731	1850
1731	1856
1731	1859
1731	1860
1731	1862
1731	1863
1731	1864
1731	1865
1731	1867
1731	1868
1731	1869
1731	1870
1731	1872
1731	1875
1731	1876
1731	1877
1731	1881
1731	1883
1731	1884
1731	1886
1731	1887
1731	1888
1731	1889
1731	1890
1736	1738
1736	1739
1736	1745
1736	1748
1736	1751
1736	1755
1736	1758
1736	1762
1736	1772
1736	1779
1736	1784
1736	1798
1736	1800
1736	1804
1736	1805
1736	1811
1736	1812
1736	1814
1736	1815
1736	1816
1736	1817
1736	1818
1736	1819
1736	1828
1736	1829
1736	1832
1736	1833
1736	1835
1736	1836
1736	1838
1736	1840
1736	1843
1736	1846
1736	1849
1736	1850
1736	1856
1736	1859
1736	1860
1736	1862
1736	1863
1736	1864
1736	1865
1736	1867
1736	1868
1736	1869
1736	1870
1736	1872
1736	1875
1736	1876
1736	1877
1736	1879
1736	1881
1736	1883
1736	1886
1736	1887
1736	1888
1736	1889
1736	1890
1738	1745
1738	1747
1738	1751
1738	1752
1738	1755
1738	1758
1738	1762
1738	1772
1738	1773
1738	1779
1738	1798
1738	1800
1738	1804
1738	1808
1738	1811
1738	1812
1738	1814
1738	1816
1738	1817
1738	1818
1738	1819
1738	1828
1738	1829
1738	1832
1738	1833
1738	1835
1738	1836
1738	1838
1738	1840
1738	1849
1738	1850
1738	1856
1738	1859
1738	1860
1738	1862
1738	1863
1738	1865
1738	1867
1738	1868
1738	1869
1738	1870
1738	1872
1738	1875
1738	1876
1738	1877
1738	1879
1738	1881
1738	1883
1738	1886
1738	1887
1738	1888
1739	1745
1739	1747
1739	1748
1739	1751
1739	1752
1739	1755
1739	1772
1739	1773
1739	1779
1739	1784
1739	1798
1739	1800
1739	1804
1739	1805
1739	1808
1739	1811
1739	1812
1739	1813
1739	1814
1739	1815
1739	1816
1739	1817
1739	1818
1739	1819
1739	1828
1739	1829
1739	1833
1739	1835
1739	1836
1739	1838
1739	1840
1739	1843
1739	1849
1739	1856
1739	1859
1739	1860
1739	1862
1739	1863
1739	1864
1739	1865
1739	1867
1739	1868
1739	1869
1739	1870
1739	1875
1739	1876
1739	1877
1739	1879
1739	1881
1739	1883
1739	1884
1739	1886
1739	1887
1739	1888
1739	1890
1745	1748
1745	1751
1745	1752
1745	1755
1745	1758
1745	1762
1745	1773
1745	1779
1745	1784
1745	1798
1745	1800
1745	1805
1745	1808
1745	1811
1745	1812
1745	1814
1745	1815
1745	1816
1745	1817
1745	1818
1745	1819
1745	1828
1745	1829
1745	1832
1745	1833
1745	1835
1745	1838
1745	1840
1745	1843
1745	1846
1745	1849
1745	1850
1745	1860
1745	1862
1745	1863
1745	1865
1745	1868
1745	1869
1745	1870
1745	1872
1745	1875
1745	1876
1745	1877
1745	1879
1745	1883
1745	1886
1745	1887
1745	1888
1745	1889
1745	1890
1747	1748
1747	1751
1747	1752
1747	1755
1747	1758
1747	1762
1747	1772
1747	1784
1747	1798
1747	1804
1747	1808
1747	1811
1747	1812
1747	1813
1747	1814
1747	1815
1747	1817
1747	1818
1747	1819
1747	1828
1747	1829
1747	1832
1747	1833
1747	1835
1747	1836
1747	1838
1747	1840
1747	1843
1747	1849
1747	1850
1747	1859
1747	1860
1747	1862
1747	1864
1747	1865
1747	1867
1747	1868
1747	1869
1747	1872
1747	1875
1747	1877
1747	1879
1747	1881
1747	1883
1747	1884
1747	1886
1747	1887
1747	1888
1747	1889
1748	1752
1748	1758
1748	1762
1748	1772
1748	1773
1748	1779
1748	1798
1748	1800
1748	1805
1748	1811
1748	1812
1748	1813
1748	1814
1748	1817
1748	1818
1748	1819
1748	1828
1748	1829
1748	1832
1748	1833
1748	1835
1748	1836
1748	1838
1748	1840
1748	1846
1748	1849
1748	1850
1748	1856
1748	1859
1748	1860
1748	1862
1748	1863
1748	1864
1748	1865
1748	1868
1748	1869
1748	1870
1748	1872
1748	1876
1748	1877
1748	1879
1748	1881
1748	1883
1748	1884
1748	1886
1748	1887
1748	1888
1748	1889
1748	1890
1751	1752
1751	1755
1751	1758
1751	1762
1751	1772
1751	1784
1751	1798
1751	1800
1751	1804
1751	1805
1751	1808
1751	1811
1751	1812
1751	1813
1751	1814
1751	1815
1751	1816
1751	1817
1751	1818
1751	1819
1751	1828
1751	1829
1751	1832
1751	1833
1751	1835
1751	1836
1751	1840
1751	1846
1751	1849
1751	1850
1751	1856
1751	1859
1751	1862
1751	1863
1751	1864
1751	1865
1751	1867
1751	1868
1751	1869
1751	1872
1751	1875
1751	1876
1751	1877
1751	1881
1751	1883
1751	1884
1751	1886
1751	1887
1751	1889
1751	1890
1752	1758
1752	1762
1752	1773
1752	1779
1752	1784
1752	1798
1752	1800
1752	1804
1752	1805
1752	1811
1752	1812
1752	1813
1752	1814
1752	1815
1752	1816
1752	1817
1752	1819
1752	1828
1752	1829
1752	1832
1752	1833
1752	1835
1752	1836
1752	1838
1752	1840
1752	1843
1752	1846
1752	1849
1752	1850
1752	1856
1752	1859
1752	1862
1752	1863
1752	1864
1752	1865
1752	1867
1752	1868
1752	1870
1752	1872
1752	1875
1752	1877
1752	1879
1752	1883
1752	1884
1752	1886
1752	1887
1752	1888
1752	1890
1758	1762
1758	1772
1758	1773
1758	1779
1758	1798
1758	1800
1758	1804
1758	1805
1758	1808
1758	1811
1758	1812
1758	1813
1758	1814
1758	1815
1758	1816
1758	1817
1758	1818
1758	1819
1758	1829
1758	1832
1758	1833
1758	1835
1758	1836
1758	1838
1758	1840
1758	1843
1758	1846
1758	1849
1758	1850
1758	1856
1758	1859
1758	1860
1758	1863
1758	1865
1758	1867
1758	1868
1758	1869
1758	1870
1758	1875
1758	1876
1758	1879
1758	1881
1758	1883
1758	1884
1758	1886
1758	1887
1758	1888
1758	1889
1758	1890
1762	1772
1762	1773
1762	1779
1762	1784
1762	1798
1762	1800
1762	1804
1762	1811
1762	1812
1762	1813
1762	1814
1762	1815
1762	1816
1762	1818
1762	1819
1762	1828
1762	1829
1762	1832
1762	1833
1762	1835
1762	1840
1762	1843
1762	1849
1762	1850
1762	1856
1762	1859
1762	1860
1762	1862
1762	1863
1762	1864
1762	1867
1762	1869
1762	1870
1762	1872
1762	1875
1762	1876
1762	1877
1762	1879
1762	1881
1762	1883
1762	1884
1762	1887
1762	1888
1762	1889
1762	1890
1772	1773
1772	1779
1772	1784
1772	1798
1772	1800
1772	1804
1772	1805
1772	1808
1772	1812
1772	1813
1772	1814
1772	1815
1772	1816
1772	1817
1772	1819
1772	1828
1772	1829
1772	1832
1772	1835
1772	1836
1772	1838
1772	1840
1772	1843
1772	1846
1772	1849
1772	1850
1772	1856
1772	1859
1772	1860
1772	1862
1772	1863
1772	1864
1772	1865
1772	1867
1772	1868
1772	1872
1772	1875
1772	1876
1772	1877
1772	1881
1772	1883
1772	1884
1772	1886
1772	1887
1772	1888
1772	1889
1772	1890
1773	1779
1773	1784
1773	1798
1773	1804
1773	1805
1773	1808
1773	1811
1773	1812
1773	1813
1773	1814
1773	1815
1773	1816
1773	1817
1773	1818
1773	1819
1773	1828
1773	1829
1773	1832
1773	1833
1773	1835
1773	1836
1773	1838
1773	1840
1773	1846
1773	1849
1773	1850
1773	1856
1773	1859
1773	1860
1773	1862
1773	1863
1773	1864
1773	1867
1773	1868
1773	1869
1773	1870
1773	1872
1773	1875
1773	1876
1773	1877
1773	1879
1773	1881
1773	1883
1773	1884
1773	1886
1773	1887
1773	1888
1773	1889
1773	1890
1779	1784
1779	1798
1779	1800
1779	1804
1779	1805
1779	1808
1779	1811
1779	1812
1779	1815
1779	1816
1779	1817
1779	1818
1779	1828
1779	1829
1779	1833
1779	1835
1779	1836
1779	1838
1779	1840
1779	1843
1779	1846
1779	1849
1779	1850
1779	1856
1779	1859
1779	1860
1779	1862
1779	1863
1779	1864
1779	1865
1779	1867
1779	1868
1779	1869
1779	1870
1779	1872
1779	1875
1779	1876
1779	1877
1779	1879
1779	1881
1779	1883
1779	1884
1779	1887
1779	1888
1779	1889
1779	1890
1784	1798
1784	1800
1784	1804
1784	1805
1784	1808
1784	1813
1784	1814
1784	1815
1784	1816
1784	1817
1784	1818
1784	1819
1784	1828
1784	1829
1784	1832
1784	1833
1784	1835
1784	1836
1784	1838
1784	1840
1784	1843
1784	1846
1784	1849
1784	1856
1784	1859
1784	1860
1784	1862
1784	1863
1784	1864
1784	1865
1784	1867
1784	1868
1784	1869
1784	1870
1784	1872
1784	1876
1784	1877
1784	1879
1784	1881
1784	1883
1784	1884
1784	1886
1784	1887
1784	1888
1784	1890
1798	1804
1798	1811
1798	1812
1798	1813
1798	1814
1798	1815
1798	1816
1798	1818
1798	1819
1798	1828
1798	1829
1798	1832
1798	1833
1798	1835
1798	1838
1798	1840
1798	1846
1798	1849
1798	1856
1798	1859
1798	1860
1798	1862
1798	1863
1798	1864
1798	1865
1798	1868
1798	1869
1798	1870
1798	1872
1798	1875
1798	1876
1798	1877
1798	1879
1798	1881
1798	1884
1798	1888
1798	1889
1798	1890
1800	1804
1800	1805
1800	1808
1800	1811
1800	1812
1800	1813
1800	1814
1800	1815
1800	1816
1800	1817
1800	1818
1800	1828
1800	1829
1800	1832
1800	1833
1800	1835
1800	1840
1800	1843
1800	1846
1800	1849
1800	1850
1800	1856
1800	1859
1800	1860
1800	1862
1800	1863
1800	1864
1800	1865
1800	1867
1800	1868
1800	1869
1800	1870
1800	1872
1800	1877
1800	1879
1800	1881
1800	1883
1800	1884
1800	1886
1800	1889
1800	1890
1805	1808
1805	1811
1805	1812
1805	1813
1805	1814
1805	1815
1805	1816
1805	1817
1805	1818
1805	1819
1805	1829
1805	1832
1805	1833
1805	1835
1805	1838
1805	1840
1805	1843
1805	1849
1805	1850
1805	1856
1805	1859
1805	1860
1805	1862
1805	1863
1805	1864
1805	1865
1805	1867
1805	1868
1805	1869
1805	1870
1805	1872
1805	1875
1805	1876
1805	1877
1805	1879
1805	1881
1805	1883
1805	1886
1805	1887
1805	1888
1805	1889
1808	1812
1808	1813
1808	1814
1808	1815
1808	1816
1808	1817
1808	1818
1808	1819
1808	1828
1808	1829
1808	1832
1808	1835
1808	1836
1808	1838
1808	1840
1808	1843
1808	1846
1808	1849
1808	1850
1808	1856
1808	1859
1808	1862
1808	1863
1808	1865
1808	1867
1808	1868
1808	1869
1808	1870
1808	1872
1808	1875
1808	1877
1808	1879
1808	1881
1808	1883
1808	1884
1808	1886
1808	1887
1808	1888
1808	1889
1808	1890
1811	1812
1811	1814
1811	1818
1811	1819
1811	1828
1811	1829
1811	1833
1811	1835
1811	1836
1811	1838
1811	1840
1811	1843
1811	1846
1811	1849
1811	1856
1811	1859
1811	1862
1811	1863
1811	1864
1811	1865
1811	1867
1811	1868
1811	1869
1811	1870
1811	1872
1811	1875
1811	1876
1811	1877
1811	1879
1811	1881
1811	1883
1811	1884
1811	1886
1811	1887
1811	1888
1812	1813
1812	1814
1812	1815
1812	1816
1812	1817
1812	1818
1812	1828
1812	1829
1812	1832
1812	1833
1812	1836
1812	1838
1812	1843
1812	1846
1812	1849
1812	1850
1812	1856
1812	1859
1812	1860
1812	1862
1812	1863
1812	1865
1812	1867
1812	1868
1812	1869
1812	1870
1812	1872
1812	1875
1812	1877
1812	1879
1812	1881
1812	1883
1812	1884
1812	1886
1812	1887
1812	1888
1812	1889
1812	1890
1813	1814
1813	1815
1813	1816
1813	1817
1813	1818
1813	1819
1813	1828
1813	1829
1813	1833
1813	1835
1813	1836
1813	1838
1813	1840
1813	1843
1813	1849
1813	1850
1813	1856
1813	1859
1813	1860
1813	1862
1813	1863
1813	1865
1813	1867
1813	1868
1813	1869
1813	1870
1813	1875
1813	1876
1813	1877
1813	1879
1813	1881
1813	1883
1813	1884
1813	1886
1813	1887
1813	1888
1813	1889
1813	1890
1814	1815
1814	1818
1814	1819
1814	1828
1814	1829
1814	1832
1814	1833
1814	1835
1814	1836
1814	1838
1814	1840
1814	1846
1814	1850
1814	1856
1814	1859
1814	1860
1814	1862
1814	1863
1814	1865
1814	1867
1814	1868
1814	1869
1814	1872
1814	1875
1814	1876
1814	1877
1814	1879
1814	1883
1814	1884
1814	1886
1814	1887
1814	1888
1814	1889
1815	1816
1815	1817
1815	1818
1815	1819
1815	1828
1815	1829
1815	1832
1815	1833
1815	1835
1815	1836
1815	1838
1815	1840
1815	1843
1815	1846
1815	1849
1815	1859
1815	1860
1815	1862
1815	1863
1815	1864
1815	1865
1815	1867
1815	1868
1815	1869
1815	1870
1815	1872
1815	1876
1815	1879
1815	1881
1815	1883
1815	1884
1815	1887
1815	1888
1815	1889
1815	1890
1816	1819
1816	1828
1816	1829
1816	1832
1816	1833
1816	1835
1816	1836
1816	1843
1816	1846
1816	1849
1816	1850
1816	1856
1816	1859
1816	1860
1816	1862
1816	1863
1816	1864
1816	1865
1816	1868
1816	1869
1816	1870
1816	1875
1816	1876
1816	1877
1816	1879
1816	1881
1816	1883
1816	1886
1816	1887
1816	1888
1816	1890
1817	1818
1817	1819
1817	1828
1817	1829
1817	1832
1817	1833
1817	1835
1817	1836
1817	1838
1817	1843
1817	1846
1817	1849
1817	1850
1817	1856
1817	1859
1817	1860
1817	1862
1817	1863
1817	1864
1817	1865
1817	1867
1817	1868
1817	1869
1817	1872
1817	1875
1817	1876
1817	1877
1817	1879
1817	1881
1817	1883
1817	1884
1817	1886
1817	1887
1817	1888
1817	1889
1817	1890
1818	1819
1818	1828
1818	1832
1818	1833
1818	1835
1818	1836
1818	1838
1818	1840
1818	1843
1818	1846
1818	1850
1818	1856
1818	1859
1818	1862
1818	1864
1818	1865
1818	1867
1818	1868
1818	1869
1818	1870
1818	1872
1818	1875
1818	1876
1818	1877
1818	1879
1818	1881
1818	1883
1818	1884
1818	1886
1818	1887
1818	1888
1818	1889
1818	1890
1819	1828
1819	1829
1819	1832
1819	1833
1819	1835
1819	1836
1819	1838
1819	1840
1819	1843
1819	1846
1819	1849
1819	1850
1819	1856
1819	1859
1819	1860
1819	1863
1819	1864
1819	1865
1819	1867
1819	1868
1819	1869
1819	1870
1819	1872
1819	1875
1819	1876
1819	1877
1819	1881
1819	1883
1819	1886
1819	1887
1819	1888
1819	1889
1832	1833
1832	1835
1832	1836
1832	1838
1832	1840
1832	1843
1832	1846
1832	1849
1832	1850
1832	1856
1832	1859
1832	1860
1832	1863
1832	1864
1832	1865
1832	1867
1832	1868
1832	1870
1832	1872
1832	1879
1832	1881
1832	1883
1832	1884
1832	1886
1832	1887
1832	1888
1832	1889
1832	1890
1833	1835
1833	1836
1833	1838
1833	1840
1833	1843
1833	1846
1833	1849
1833	1850
1833	1856
1833	1859
1833	1863
1833	1864
1833	1865
1833	1867
1833	1869
1833	1870
1833	1872
1833	1875
1833	1876
1833	1877
1833	1879
1833	1881
1833	1883
1833	1884
1833	1886
1833	1887
1833	1888
1833	1889
1833	1890
1835	1836
1835	1838
1835	1840
1835	1843
1835	1846
1835	1849
1835	1850
1835	1856
1835	1859
1835	1860
1835	1862
1835	1864
1835	1867
1835	1870
1835	1872
1835	1875
1835	1876
1835	1877
1835	1881
1835	1883
1835	1884
1835	1886
1835	1888
1835	1889
1835	1890
1836	1840
1836	1843
1836	1846
1836	1849
1836	1850
1836	1856
1836	1859
1836	1860
1836	1862
1836	1863
1836	1864
1836	1865
1836	1867
1836	1869
1836	1870
1836	1872
1836	1875
1836	1876
1836	1877
1836	1879
1836	1881
1836	1883
1836	1884
1836	1886
1836	1887
1836	1888
1836	1889
1838	1840
1838	1843
1838	1846
1838	1849
1838	1850
1838	1856
1838	1859
1838	1860
1838	1862
1838	1863
1838	1864
1838	1865
1838	1867
1838	1868
1838	1869
1838	1870
1838	1872
1838	1876
1838	1877
1838	1881
1838	1883
1838	1884
1838	1886
1838	1888
1838	1889
1838	1890
1840	1843
1840	1849
1840	1850
1840	1856
1840	1859
1840	1860
1840	1862
1840	1863
1840	1864
1840	1865
1840	1867
1840	1868
1840	1872
1840	1875
1840	1876
1840	1877
1840	1879
1840	1881
1840	1884
1840	1886
1840	1887
1840	1888
1840	1889
1840	1890
1843	1846
1843	1849
1843	1850
1843	1856
1843	1859
1843	1860
1843	1862
1843	1863
1843	1864
1843	1865
1843	1867
1843	1868
1843	1869
1843	1870
1843	1875
1843	1876
1843	1879
1843	1881
1843	1883
1843	1884
1843	1886
1843	1887
1843	1888
1843	1889
1843	1890
1846	1849
1846	1850
1846	1856
1846	1859
1846	1860
1846	1862
1846	1864
1846	1865
1846	1868
1846	1869
1846	1870
1846	1872
1846	1875
1846	1876
1846	1877
1846	1879
1846	1881
1846	1883
1846	1884
1846	1886
1846	1887
1846	1889
1846	1890
1850	1856
1850	1859
1850	1860
1850	1863
1850	1865
1850	1867
1850	1868
1850	1869
1850	1870
1850	1872
1850	1875
1850	1877
1850	1879
1850	1881
1850	1883
1850	1884
1850	1886
1850	1888
1850	1889
1850	1890
1856	1859
1856	1860
1856	1862
1856	1864
1856	1865
1856	1867
1856	1868
1856	1869
1856	1870
1856	1872
1856	1875
1856	1876
1856	1879
1856	1881
1856	1883
1856	1884
1856	1886
1856	1887
1856	1888
1856	1889
1856	1890
1859	1860
1859	1862
1859	1863
1859	1865
1859	1867
1859	1868
1859	1869
1859	1870
1859	1872
1859	1876
1859	1877
1859	1881
1859	1883
1859	1884
1859	1886
1859	1888
1859	1889
1859	1890
1860	1862
1860	1863
1860	1865
1860	1867
1860	1869
1860	1870
1860	1872
1860	1875
1860	1876
1860	1879
1860	1881
1860	1886
1860	1887
1860	1889
1860	1890
1862	1863
1862	1864
1862	1865
1862	1867
1862	1868
1862	1870
1862	1875
1862	1876
1862	1877
1862	1879
1862	1881
1862	1883
1862	1884
1862	1886
1862	1887
1862	1888
1862	1889
1862	1890
1863	1865
1863	1867
1863	1868
1863	1869
1863	1870
1863	1875
1863	1876
1863	1877
1863	1879
1863	1881
1863	1883
1863	1884
1863	1886
1863	1887
1863	1889
1863	1890
1864	1865
1864	1867
1864	1868
1864	1869
1864	1870
1864	1872
1864	1875
1864	1876
1864	1877
1864	1881
1864	1883
1864	1884
1864	1886
1864	1887
1864	1888
1864	1889
1864	1890
1865	1867
1865	1868
1865	1869
1865	1870
1865	1872
1865	1875
1865	1876
1865	1877
1865	1879
1865	1881
1865	1883
1865	1884
1865	1886
1865	1887
1865	1888
1865	1889
1865	1890
1867	1868
1867	1869
1867	1870
1867	1872
1867	1875
1867	1876
1867	1877
1867	1879
1867	1881
1867	1883
1867	1884
1867	1886
1867	1888
1867	1889
1867	1890
1868	1869
1868	1870
1868	1872
1868	1875
1868	1876
1868	1877
1868	1879
1868	1881
1868	1883
1868	1884
1868	1886
1868	1887
1868	1888
1868	1890
1869	1870
1869	1872
1869	1875
1869	1876
1869	1877
1869	1879
1869	1881
1869	1883
1869	1886
1869	1887
1869	1888
1869	1889
1869	1890
1870	1872
1870	1875
1870	1877
1870	1879
1870	1883
1870	1884
1870	1886
1870	1887
1870	1888
1870	1889
1870	1890
1872	1876
1872	1877
1872	1879
1872	1881
1872	1883
1872	1884
1872	1887
1872	1888
1872	1889
1872	1890
1875	1876
1875	1877
1875	1879
1875	1881
1875	1884
1875	1886
1875	1887
1875	1889
1875	1890
1876	1877
1876	1879
1876	1881
1876	1883
1876	1884
1876	1886
1876	1887
1876	1889
1876	1890
1877	1879
1877	1881
1877	1883
1877	1886
1877	1887
1877	1888
1877	1889
1877	1890
1879	1883
1879	1886
1879	1887
1879	1888
1879	1889
1881	1883
1881	1884
1881	1888
1881	1889
1883	1884
1883	1886
1883	1887
1883	1888
1883	1889
1883	1890
1884	1886
1884	1887
1884	1888
1884	1889
1884	1890
1886	1887
1886	1888
1886	1889
1886	1890
1887	1888
1887	1889
1887	1890
1888	1889
1888	1890
1889	1890
408	414
408	417
408	422
408	426
408	428
408	433
408	437
408	438
408	439
408	446
408	449
408	452
408	453
408	454
408	457
408	459
408	463
408	464
408	467
408	468
408	471
408	472
408	473
408	476
408	477
408	478
408	481
408	484
408	486
408	487
408	489
408	491
408	492
408	497
408	500
408	504
408	505
408	508
408	516
408	519
408	520
408	527
408	528
408	529
408	530
408	531
408	534
408	538
408	549
408	553
408	563
408	1113
408	1204
408	1856
408	1869
441	446
441	449
441	452
441	453
441	457
441	459
441	463
441	464
441	468
441	471
441	472
441	473
441	474
441	476
441	477
441	478
441	481
441	484
441	486
441	487
441	489
441	492
441	497
441	505
441	508
441	519
441	520
441	527
441	528
441	529
441	530
441	531
441	534
441	538
441	549
441	553
441	557
441	563
441	1158
441	1188
441	1745
441	1805
441	1819
446	452
446	453
446	454
446	457
446	459
446	463
446	464
446	467
446	468
446	471
446	472
446	473
446	474
446	476
446	477
446	478
446	481
446	484
446	486
446	487
446	489
446	491
446	492
446	500
446	504
446	505
446	516
446	519
446	520
446	527
446	528
446	529
446	530
446	531
446	534
446	538
446	553
446	557
446	563
446	1773
446	1808
446	1829
446	1860
476	477
476	478
476	481
476	484
476	486
476	487
476	492
476	493
476	497
476	500
476	504
476	508
476	516
476	519
476	520
476	527
476	528
476	529
476	530
476	531
476	549
476	553
476	557
476	563
476	1043
476	1835
476	1860
484	486
484	487
484	489
484	491
484	493
484	497
484	500
484	505
484	508
484	516
484	519
484	520
484	527
484	529
484	530
484	534
484	549
484	553
484	557
484	563
484	1772
484	1850
484	1869
492	493
492	497
492	500
492	504
492	505
492	508
492	519
492	520
492	527
492	528
492	529
492	530
492	538
492	549
492	553
492	563
492	1062
492	1161
492	1211
492	1738
492	1829
492	1876
493	497
493	500
493	504
493	508
493	519
493	520
493	528
493	530
493	531
493	538
493	549
493	553
493	557
493	563
493	1056
493	1098
493	1107
493	1108
493	1136
493	1819
504	505
504	508
504	516
504	519
504	520
504	527
504	528
504	529
504	530
504	531
504	534
504	538
504	549
504	553
504	557
504	563
504	1161
504	1872
504	1875
531	538
531	549
531	553
531	557
531	563
531	1779
531	1816
531	1867
1117	1120
1117	1122
1117	1129
1117	1131
1117	1137
1117	1139
1117	1141
1117	1151
1117	1152
1117	1156
1117	1157
1117	1158
1117	1161
1117	1164
1117	1165
1117	1167
1117	1170
1117	1174
1117	1177
1117	1180
1117	1182
1117	1186
1117	1188
1117	1190
1117	1192
1117	1195
1117	1204
1117	1206
1117	1209
1117	1211
1117	1214
1117	1217
1117	1234
1117	1800
1117	1864
1161	1165
1161	1167
1161	1170
1161	1174
1161	1177
1161	1179
1161	1180
1161	1182
1161	1186
1161	1188
1161	1190
1161	1192
1161	1195
1161	1204
1161	1206
1161	1209
1161	1214
1161	1217
1161	1226
1161	1234
1161	1739
1161	1836
1167	1170
1167	1174
1167	1177
1167	1179
1167	1180
1167	1182
1167	1186
1167	1188
1167	1192
1167	1195
1167	1206
1167	1209
1167	1211
1167	1217
1167	1226
1167	1234
1755	1758
1755	1762
1755	1772
1755	1773
1755	1779
1755	1784
1755	1798
1755	1800
1755	1804
1755	1805
1755	1808
1755	1811
1755	1812
1755	1813
1755	1814
1755	1815
1755	1816
1755	1817
1755	1818
1755	1819
1755	1828
1755	1829
1755	1832
1755	1835
1755	1836
1755	1838
1755	1840
1755	1843
1755	1846
1755	1850
1755	1856
1755	1859
1755	1860
1755	1862
1755	1863
1755	1867
1755	1869
1755	1870
1755	1875
1755	1876
1755	1877
1755	1879
1755	1881
1755	1883
1755	1884
1755	1886
1755	1887
1755	1888
1755	1889
1755	1890
1828	1829
1828	1832
1828	1833
1828	1835
1828	1838
1828	1840
1828	1843
1828	1846
1828	1849
1828	1850
1828	1859
1828	1862
1828	1863
1828	1864
1828	1867
1828	1868
1828	1869
1828	1870
1828	1876
1828	1877
1828	1879
1828	1881
1828	1883
1828	1884
1828	1886
1828	1887
1828	1888
1828	1889
1828	1890
1829	1832
1829	1833
1829	1835
1829	1836
1829	1838
1829	1849
1829	1850
1829	1856
1829	1859
1829	1862
1829	1865
1829	1867
1829	1868
1829	1869
1829	1870
1829	1872
1829	1875
1829	1876
1829	1877
1829	1879
1829	1881
1829	1883
1829	1884
1829	1886
1829	1887
1829	1889
1829	1890
1849	1850
1849	1856
1849	1859
1849	1862
1849	1863
1849	1864
1849	1865
1849	1868
1849	1869
1849	1870
1849	1872
1849	1875
1849	1876
1849	1879
1849	1884
1849	1887
1849	1888
1849	1889
1849	1890
529	530
529	531
529	534
529	538
529	549
529	553
529	557
529	563
529	1070
529	1085
529	1204
529	1886
1192	1195
1192	1204
1192	1206
1192	1209
1192	1211
1192	1214
1192	1217
1192	1226
1192	1234
1804	1805
1804	1808
1804	1811
1804	1812
1804	1813
1804	1814
1804	1815
1804	1816
1804	1817
1804	1818
1804	1828
1804	1829
1804	1832
1804	1833
1804	1835
1804	1836
1804	1838
1804	1840
1804	1843
1804	1846
1804	1849
1804	1850
1804	1856
1804	1859
1804	1860
1804	1863
1804	1864
1804	1867
1804	1868
1804	1869
1804	1870
1804	1872
1804	1875
1804	1876
1804	1877
1804	1879
1804	1881
1804	1887
1804	1888
1804	1889
1063	1064
1063	1070
1063	1071
1063	1073
1063	1074
1063	1077
1063	1085
1063	1086
1063	1094
1063	1095
1063	1098
1063	1101
1063	1107
1063	1108
1063	1110
1063	1111
1063	1112
1063	1113
1063	1114
1063	1115
1063	1116
1063	1122
1063	1127
1063	1129
1063	1131
1063	1136
1063	1137
1063	1139
1063	1141
1063	1151
1063	1152
1063	1156
1063	1158
1063	1159
1063	1161
1063	1164
1063	1165
1063	1167
1063	1170
1063	1174
1063	1180
1063	1182
1063	1186
1063	1188
1063	1190
1063	1192
1063	1195
1063	1204
1063	1206
1063	1209
1063	1211
1063	1214
1063	1226
1063	1234
1095	1098
1095	1101
1095	1107
1095	1108
1095	1110
1095	1111
1095	1112
1095	1113
1095	1114
1095	1116
1095	1117
1095	1120
1095	1122
1095	1127
1095	1129
1095	1131
1095	1136
1095	1137
1095	1141
1095	1156
1095	1157
1095	1158
1095	1159
1095	1161
1095	1165
1095	1170
1095	1174
1095	1177
1095	1180
1095	1186
1095	1188
1095	1190
1095	1192
1095	1195
1095	1204
1095	1209
1095	1211
1095	1214
1095	1234
1095	1752
1095	1808
1095	1815
1095	1828
1095	1850
1226	1234
1226	1748
1226	1784
1226	1800
1226	1863
527	528
527	529
527	530
527	531
527	538
527	549
527	553
527	557
527	563
527	1094
527	1120
527	1170
527	1804
527	1869
528	529
528	530
528	531
528	534
528	538
528	549
528	553
528	557
528	1077
528	1113
528	1165
1122	1127
1122	1129
1122	1131
1122	1136
1122	1137
1122	1139
1122	1141
1122	1151
1122	1152
1122	1158
1122	1159
1122	1161
1122	1164
1122	1165
1122	1167
1122	1170
1122	1174
1122	1177
1122	1179
1122	1180
1122	1182
1122	1186
1122	1188
1122	1190
1122	1192
1122	1195
1122	1204
1122	1206
1122	1209
1122	1211
1122	1217
1122	1226
1122	1234
1122	1751
1122	1868
1127	1131
1127	1136
1127	1137
1127	1139
1127	1141
1127	1152
1127	1156
1127	1157
1127	1158
1127	1159
1127	1161
1127	1164
1127	1165
1127	1167
1127	1170
1127	1174
1127	1179
1127	1180
1127	1182
1127	1186
1127	1190
1127	1192
1127	1204
1127	1209
1127	1211
1127	1214
1127	1217
1127	1234
1127	1755
1127	1762
1159	1161
1159	1164
1159	1165
1159	1167
1159	1174
1159	1177
1159	1179
1159	1182
1159	1186
1159	1190
1159	1192
1159	1204
1159	1206
1159	1209
1159	1211
1159	1214
1159	1217
1159	1226
1159	1234
1159	1884
1206	1209
1206	1211
1206	1214
1206	1217
1206	1226
1206	1234
1206	1772
1206	1773
1206	1840
1206	1860
1206	1884
1206	1886
505	508
505	516
505	519
505	520
505	527
505	528
505	529
505	530
505	531
505	534
505	538
505	549
505	553
505	557
505	1098
505	1122
505	1195
505	1758
505	1846
1064	1070
1064	1071
1064	1073
1064	1074
1064	1077
1064	1080
1064	1085
1064	1086
1064	1094
1064	1095
1064	1101
1064	1108
1064	1111
1064	1112
1064	1113
1064	1115
1064	1116
1064	1117
1064	1120
1064	1127
1064	1131
1064	1137
1064	1139
1064	1141
1064	1151
1064	1152
1064	1156
1064	1159
1064	1161
1064	1164
1064	1165
1064	1167
1064	1170
1064	1174
1064	1177
1064	1179
1064	1180
1064	1182
1064	1186
1064	1188
1064	1190
1064	1192
1064	1195
1064	1204
1064	1206
1064	1209
1064	1211
1064	1214
1064	1217
1064	1226
1064	1234
1064	1875
1080	1085
1080	1086
1080	1094
1080	1095
1080	1098
1080	1101
1080	1107
1080	1108
1080	1110
1080	1111
1080	1112
1080	1113
1080	1114
1080	1115
1080	1116
1080	1117
1080	1120
1080	1122
1080	1129
1080	1131
1080	1136
1080	1137
1080	1139
1080	1141
1080	1151
1080	1152
1080	1156
1080	1157
1080	1158
1080	1159
1080	1161
1080	1164
1080	1165
1080	1167
1080	1170
1080	1177
1080	1179
1080	1180
1080	1182
1080	1186
1080	1188
1080	1192
1080	1195
1080	1204
1080	1206
1080	1209
1080	1217
1080	1226
1080	1234
1164	1167
1164	1170
1164	1174
1164	1177
1164	1179
1164	1180
1164	1186
1164	1188
1164	1190
1164	1192
1164	1204
1164	1209
1164	1211
1164	1214
1164	1226
1164	1234
1164	1738
1164	1752
1164	1865
1164	1887
1139	1141
1139	1151
1139	1152
1139	1156
1139	1157
1139	1158
1139	1159
1139	1161
1139	1164
1139	1165
1139	1167
1139	1170
1139	1174
1139	1177
1139	1179
1139	1180
1139	1182
1139	1186
1139	1188
1139	1190
1139	1192
1139	1195
1139	1204
1139	1214
1139	1217
1139	1226
1139	1234
1139	1779
1139	1812
508	516
508	520
508	527
508	528
508	530
508	531
508	534
508	538
508	549
508	553
508	557
508	563
508	1139
508	1174
508	1819
1056	1058
1056	1059
1056	1062
1056	1064
1056	1070
1056	1073
1056	1074
1056	1077
1056	1080
1056	1085
1056	1086
1056	1094
1056	1101
1056	1107
1056	1108
1056	1111
1056	1112
1056	1113
1056	1114
1056	1116
1056	1117
1056	1120
1056	1122
1056	1127
1056	1129
1056	1131
1056	1136
1056	1139
1056	1141
1056	1151
1056	1152
1056	1156
1056	1157
1056	1158
1056	1159
1056	1161
1056	1164
1056	1165
1056	1167
1056	1170
1056	1174
1056	1177
1056	1179
1056	1180
1056	1182
1056	1186
1056	1188
1056	1195
1056	1204
1056	1209
1056	1211
1056	1214
1056	1217
1056	1226
1056	1234
1056	1832
1098	1101
1098	1107
1098	1108
1098	1112
1098	1113
1098	1115
1098	1116
1098	1117
1098	1120
1098	1127
1098	1129
1098	1136
1098	1137
1098	1139
1098	1141
1098	1151
1098	1152
1098	1157
1098	1158
1098	1159
1098	1161
1098	1164
1098	1167
1098	1170
1098	1174
1098	1179
1098	1182
1098	1188
1098	1190
1098	1192
1098	1195
1098	1204
1098	1206
1098	1209
1098	1211
1098	1214
1098	1217
1098	1226
1098	1234
1098	1864
1098	1877
1098	1884
1170	1174
1170	1177
1170	1180
1170	1182
1170	1188
1170	1190
1170	1192
1170	1195
1170	1206
1170	1209
1170	1217
1170	1226
1170	1234
1170	1751
1170	1877
1211	1217
1211	1234
1211	1805
1211	1818
530	531
530	538
530	549
530	553
530	557
530	1818
530	1838
557	563
557	1043
557	1056
557	1063
557	1862
557	1875
1073	1074
1073	1080
1073	1085
1073	1086
1073	1094
1073	1095
1073	1098
1073	1101
1073	1107
1073	1108
1073	1110
1073	1111
1073	1112
1073	1113
1073	1115
1073	1117
1073	1120
1073	1122
1073	1127
1073	1129
1073	1131
1073	1136
1073	1139
1073	1141
1073	1151
1073	1152
1073	1157
1073	1159
1073	1164
1073	1165
1073	1167
1073	1170
1073	1174
1073	1177
1073	1179
1073	1182
1073	1186
1073	1188
1073	1190
1073	1192
1073	1195
1073	1204
1073	1206
1073	1209
1073	1211
1073	1214
1073	1217
1073	1226
1073	1234
1073	1814
1073	1887
1077	1080
1077	1085
1077	1086
1077	1094
1077	1095
1077	1098
1077	1101
1077	1107
1077	1108
1077	1110
1077	1112
1077	1113
1077	1114
1077	1115
1077	1117
1077	1120
1077	1127
1077	1129
1077	1131
1077	1136
1077	1137
1077	1139
1077	1141
1077	1151
1077	1157
1077	1158
1077	1159
1077	1161
1077	1164
1077	1165
1077	1167
1077	1170
1077	1174
1077	1177
1077	1179
1077	1180
1077	1182
1077	1186
1077	1188
1077	1190
1077	1192
1077	1195
1077	1204
1077	1206
1077	1209
1077	1211
1077	1214
1077	1226
1077	1234
1077	1860
1077	1881
1151	1152
1151	1156
1151	1158
1151	1159
1151	1164
1151	1165
1151	1167
1151	1170
1151	1174
1151	1177
1151	1179
1151	1180
1151	1182
1151	1186
1151	1188
1151	1190
1151	1195
1151	1204
1151	1206
1151	1209
1151	1211
1151	1226
1151	1811
1151	1816
1151	1843
1179	1180
1179	1182
1179	1188
1179	1190
1179	1192
1179	1195
1179	1204
1179	1206
1179	1209
1179	1217
1179	1226
1179	1784
1179	1813
1179	1887
1190	1192
1190	1204
1190	1206
1190	1209
1190	1211
1190	1214
1190	1217
1190	1226
1190	1234
1190	1805
1190	1876
1190	1881
1190	1884
520	527
520	528
520	529
520	530
520	531
520	534
520	538
520	553
520	557
520	563
520	1167
520	1865
1101	1107
1101	1108
1101	1111
1101	1112
1101	1113
1101	1115
1101	1117
1101	1120
1101	1122
1101	1127
1101	1136
1101	1137
1101	1141
1101	1151
1101	1152
1101	1156
1101	1157
1101	1158
1101	1159
1101	1161
1101	1164
1101	1167
1101	1170
1101	1179
1101	1180
1101	1182
1101	1188
1101	1190
1101	1195
1101	1204
1101	1206
1101	1209
1101	1214
1101	1217
1101	1226
1101	1784
1101	1856
1085	1086
1085	1094
1085	1095
1085	1098
1085	1101
1085	1108
1085	1110
1085	1111
1085	1112
1085	1113
1085	1114
1085	1115
1085	1116
1085	1117
1085	1120
1085	1122
1085	1127
1085	1129
1085	1136
1085	1137
1085	1139
1085	1141
1085	1151
1085	1152
1085	1156
1085	1158
1085	1159
1085	1161
1085	1164
1085	1165
1085	1167
1085	1170
1085	1174
1085	1177
1085	1179
1085	1180
1085	1182
1085	1186
1085	1188
1085	1190
1085	1192
1085	1206
1085	1209
1085	1211
1085	1217
1085	1226
1085	1234
1085	1758
1085	1838
1204	1209
1204	1214
1204	1217
1204	1226
1204	1234
1204	1867
1071	1074
1071	1077
1071	1080
1071	1085
1071	1086
1071	1094
1071	1098
1071	1101
1071	1107
1071	1108
1071	1110
1071	1112
1071	1113
1071	1114
1071	1115
1071	1116
1071	1117
1071	1120
1071	1127
1071	1129
1071	1136
1071	1139
1071	1141
1071	1151
1071	1156
1071	1158
1071	1159
1071	1161
1071	1164
1071	1165
1071	1167
1071	1170
1071	1174
1071	1179
1071	1180
1071	1186
1071	1188
1071	1190
1071	1192
1071	1195
1071	1204
1071	1209
1071	1211
1071	1214
1071	1217
1071	1226
1071	1234
1071	1747
1214	1226
1214	1234
1214	1815
1214	1890
538	549
538	553
538	557
538	563
538	1186
538	1840
538	1870
516	519
516	520
516	527
516	528
516	529
516	530
516	531
516	538
516	549
516	553
516	557
516	563
516	1120
516	1177
516	1192
516	1745
516	1751
516	1812
516	1888
1058	1059
1058	1062
1058	1063
1058	1064
1058	1071
1058	1073
1058	1074
1058	1077
1058	1080
1058	1085
1058	1086
1058	1094
1058	1095
1058	1098
1058	1101
1058	1107
1058	1108
1058	1110
1058	1112
1058	1113
1058	1114
1058	1115
1058	1116
1058	1117
1058	1120
1058	1122
1058	1129
1058	1131
1058	1136
1058	1137
1058	1139
1058	1141
1058	1151
1058	1152
1058	1156
1058	1157
1058	1158
1058	1161
1058	1164
1058	1165
1058	1167
1058	1170
1058	1174
1058	1177
1058	1179
1058	1180
1058	1182
1058	1190
1058	1192
1058	1195
1058	1204
1058	1206
1058	1209
1058	1211
1058	1214
1058	1217
1058	1226
1058	1811
1094	1095
1094	1098
1094	1101
1094	1107
1094	1108
1094	1110
1094	1111
1094	1112
1094	1113
1094	1114
1094	1115
1094	1116
1094	1117
1094	1120
1094	1122
1094	1127
1094	1129
1094	1131
1094	1136
1094	1139
1094	1141
1094	1152
1094	1156
1094	1157
1094	1158
1094	1164
1094	1165
1094	1167
1094	1170
1094	1177
1094	1179
1094	1180
1094	1182
1094	1186
1094	1188
1094	1192
1094	1195
1094	1206
1094	1209
1094	1211
1094	1214
1094	1217
1094	1234
1094	1748
1094	1833
1094	1836
1131	1136
1131	1137
1131	1139
1131	1141
1131	1152
1131	1156
1131	1157
1131	1158
1131	1159
1131	1161
1131	1164
1131	1165
1131	1170
1131	1174
1131	1177
1131	1179
1131	1180
1131	1182
1131	1186
1131	1188
1131	1192
1131	1195
1131	1204
1131	1206
1131	1209
1131	1211
1131	1214
1131	1217
1131	1226
1131	1798
1131	1813
1131	1815
1137	1139
1137	1151
1137	1156
1137	1157
1137	1158
1137	1159
1137	1164
1137	1165
1137	1167
1137	1170
1137	1174
1137	1180
1137	1188
1137	1190
1137	1192
1137	1195
1137	1204
1137	1209
1137	1211
1137	1214
1137	1217
1137	1226
1137	1234
1137	1747
1137	1817
1137	1833
1137	1838
1137	1849
1137	1888
1186	1188
1186	1190
1186	1192
1186	1195
1186	1204
1186	1209
1186	1211
1186	1214
1186	1217
1186	1234
1186	1738
1186	1805
1186	1856
1174	1179
1174	1180
1174	1182
1174	1186
1174	1188
1174	1192
1174	1195
1174	1204
1174	1206
1174	1209
1174	1211
1174	1214
1174	1217
1174	1234
1174	1729
1174	1828
519	520
519	527
519	528
519	529
519	530
519	534
519	538
519	549
519	553
519	557
519	563
519	1190
519	1843
519	1846
1195	1206
1195	1211
1195	1214
1195	1217
1195	1226
1195	1234
1195	1772
1195	1843
1120	1122
1120	1127
1120	1129
1120	1131
1120	1136
1120	1137
1120	1139
1120	1141
1120	1151
1120	1152
1120	1156
1120	1157
1120	1158
1120	1159
1120	1161
1120	1165
1120	1167
1120	1170
1120	1174
1120	1179
1120	1180
1120	1186
1120	1190
1120	1192
1120	1195
1120	1204
1120	1206
1120	1209
1120	1211
1120	1214
1120	1226
1120	1846
1120	1884
1062	1063
1062	1064
1062	1070
1062	1071
1062	1073
1062	1074
1062	1080
1062	1085
1062	1095
1062	1098
1062	1101
1062	1108
1062	1110
1062	1111
1062	1112
1062	1113
1062	1114
1062	1115
1062	1116
1062	1117
1062	1120
1062	1122
1062	1127
1062	1131
1062	1136
1062	1139
1062	1141
1062	1152
1062	1156
1062	1157
1062	1158
1062	1159
1062	1161
1062	1164
1062	1165
1062	1167
1062	1174
1062	1177
1062	1179
1062	1182
1062	1186
1062	1190
1062	1195
1062	1204
1062	1206
1062	1209
1062	1211
1062	1214
1062	1217
1062	1234
1062	1751
1062	1876
1209	1214
1209	1217
1209	1226
1209	1234
1209	1752
1209	1755
1209	1813
1070	1071
1070	1074
1070	1077
1070	1080
1070	1085
1070	1086
1070	1094
1070	1095
1070	1098
1070	1101
1070	1107
1070	1110
1070	1111
1070	1113
1070	1114
1070	1115
1070	1116
1070	1117
1070	1122
1070	1127
1070	1131
1070	1136
1070	1137
1070	1139
1070	1141
1070	1151
1070	1152
1070	1156
1070	1157
1070	1158
1070	1159
1070	1161
1070	1164
1070	1165
1070	1167
1070	1170
1070	1174
1070	1177
1070	1179
1070	1180
1070	1182
1070	1186
1070	1188
1070	1190
1070	1192
1070	1195
1070	1204
1070	1209
1070	1211
1070	1214
1070	1234
1070	1815
1070	1835
1152	1156
1152	1157
1152	1158
1152	1159
1152	1161
1152	1164
1152	1165
1152	1170
1152	1174
1152	1177
1152	1179
1152	1180
1152	1182
1152	1186
1152	1188
1152	1192
1152	1195
1152	1204
1152	1209
1152	1211
1152	1214
1152	1217
1152	1234
1152	1729
1110	1111
1110	1112
1110	1113
1110	1114
1110	1115
1110	1116
1110	1117
1110	1120
1110	1122
1110	1127
1110	1129
1110	1131
1110	1136
1110	1137
1110	1139
1110	1152
1110	1156
1110	1157
1110	1158
1110	1159
1110	1164
1110	1165
1110	1167
1110	1170
1110	1177
1110	1179
1110	1180
1110	1182
1110	1188
1110	1190
1110	1192
1110	1195
1110	1204
1110	1209
1110	1211
1110	1214
1110	1217
1110	1226
1110	1234
1110	1752
1110	1808
1110	1813
1110	1859
1112	1113
1112	1114
1112	1115
1112	1116
1112	1117
1112	1120
1112	1122
1112	1127
1112	1129
1112	1131
1112	1137
1112	1139
1112	1141
1112	1151
1112	1152
1112	1156
1112	1157
1112	1158
1112	1159
1112	1161
1112	1164
1112	1165
1112	1170
1112	1174
1112	1177
1112	1179
1112	1182
1112	1186
1112	1190
1112	1192
1112	1195
1112	1204
1112	1209
1112	1211
1112	1214
1112	1226
1112	1234
1112	1829
1112	1859
1112	1883
534	538
534	549
534	553
534	557
534	563
534	1136
534	1211
534	1817
534	1840
534	1881
553	557
553	563
553	1217
1180	1186
1180	1188
1180	1190
1180	1192
1180	1195
1180	1204
1180	1206
1180	1209
1180	1211
1180	1214
1180	1217
1180	1226
1180	1234
1180	1829
563	1043
563	1056
563	1058
563	1062
563	1063
563	1137
563	1186
563	1758
563	1817
1136	1137
1136	1139
1136	1141
1136	1151
1136	1152
1136	1156
1136	1158
1136	1159
1136	1164
1136	1165
1136	1167
1136	1170
1136	1174
1136	1177
1136	1179
1136	1180
1136	1182
1136	1186
1136	1188
1136	1192
1136	1195
1136	1204
1136	1206
1136	1211
1136	1214
1136	1217
1136	1226
1136	1234
1136	1800
1136	1859
1136	1884
1158	1159
1158	1161
1158	1164
1158	1165
1158	1167
1158	1170
1158	1174
1158	1177
1158	1179
1158	1180
1158	1182
1158	1186
1158	1188
1158	1190
1158	1204
1158	1206
1158	1209
1158	1214
1158	1217
1158	1226
1158	1738
1158	1828
1158	1877
1043	1056
1043	1058
1043	1059
1043	1062
1043	1064
1043	1070
1043	1071
1043	1073
1043	1074
1043	1077
1043	1080
1043	1086
1043	1094
1043	1095
1043	1098
1043	1107
1043	1108
1043	1110
1043	1111
1043	1112
1043	1113
1043	1114
1043	1115
1043	1116
1043	1117
1043	1120
1043	1122
1043	1127
1043	1129
1043	1131
1043	1136
1043	1137
1043	1139
1043	1152
1043	1157
1043	1158
1043	1164
1043	1165
1043	1167
1043	1170
1043	1174
1043	1177
1043	1179
1043	1180
1043	1182
1043	1188
1043	1190
1043	1192
1043	1204
1043	1209
1043	1211
1043	1214
1043	1226
1043	1234
1043	1829
1043	1865
1043	1870
1074	1077
1074	1080
1074	1085
1074	1086
1074	1094
1074	1095
1074	1098
1074	1101
1074	1107
1074	1108
1074	1110
1074	1111
1074	1112
1074	1113
1074	1114
1074	1116
1074	1117
1074	1120
1074	1127
1074	1129
1074	1131
1074	1136
1074	1137
1074	1139
1074	1151
1074	1152
1074	1156
1074	1157
1074	1158
1074	1159
1074	1161
1074	1164
1074	1165
1074	1167
1074	1170
1074	1177
1074	1179
1074	1180
1074	1182
1074	1186
1074	1188
1074	1190
1074	1192
1074	1195
1074	1204
1074	1206
1074	1209
1074	1211
1074	1214
1074	1217
1074	1226
1074	1234
1182	1186
1182	1190
1182	1192
1182	1195
1182	1204
1182	1206
1182	1209
1182	1211
1182	1214
1182	1217
1182	1226
1182	1234
1182	1747
1182	1832
1182	1889
1115	1117
1115	1120
1115	1122
1115	1127
1115	1129
1115	1131
1115	1136
1115	1137
1115	1139
1115	1141
1115	1152
1115	1157
1115	1158
1115	1159
1115	1161
1115	1164
1115	1167
1115	1170
1115	1174
1115	1177
1115	1179
1115	1180
1115	1182
1115	1186
1115	1188
1115	1190
1115	1192
1115	1195
1115	1204
1115	1206
1115	1211
1115	1214
1115	1226
1115	1234
1115	1875
1115	1883
1116	1117
1116	1122
1116	1129
1116	1131
1116	1136
1116	1137
1116	1139
1116	1141
1116	1151
1116	1152
1116	1156
1116	1157
1116	1158
1116	1159
1116	1161
1116	1164
1116	1165
1116	1167
1116	1170
1116	1174
1116	1177
1116	1179
1116	1180
1116	1182
1116	1186
1116	1188
1116	1190
1116	1192
1116	1195
1116	1204
1116	1206
1116	1209
1116	1211
1116	1214
1116	1217
1116	1226
1116	1234
1116	1738
1116	1813
1188	1190
1188	1195
1188	1206
1188	1211
1188	1214
1188	1217
1188	1226
1188	1234
1107	1108
1107	1110
1107	1111
1107	1112
1107	1113
1107	1114
1107	1115
1107	1116
1107	1117
1107	1120
1107	1122
1107	1127
1107	1131
1107	1136
1107	1139
1107	1141
1107	1151
1107	1152
1107	1156
1107	1157
1107	1158
1107	1159
1107	1161
1107	1164
1107	1165
1107	1167
1107	1170
1107	1174
1107	1177
1107	1179
1107	1182
1107	1188
1107	1190
1107	1195
1107	1204
1107	1206
1107	1209
1107	1211
1107	1214
1107	1217
1107	1226
1107	1234
1107	1804
1107	1862
1141	1151
1141	1152
1141	1156
1141	1157
1141	1158
1141	1161
1141	1164
1141	1165
1141	1170
1141	1174
1141	1177
1141	1179
1141	1180
1141	1186
1141	1188
1141	1192
1141	1195
1141	1204
1141	1206
1141	1209
1141	1211
1141	1214
1141	1226
1141	1234
1141	1816
1141	1864
1141	1872
1177	1179
1177	1180
1177	1182
1177	1186
1177	1188
1177	1190
1177	1195
1177	1206
1177	1209
1177	1211
1177	1214
1177	1217
1177	1226
1177	1234
1129	1131
1129	1136
1129	1137
1129	1139
1129	1141
1129	1151
1129	1152
1129	1156
1129	1157
1129	1158
1129	1159
1129	1161
1129	1164
1129	1165
1129	1167
1129	1170
1129	1174
1129	1177
1129	1179
1129	1182
1129	1186
1129	1188
1129	1190
1129	1192
1129	1195
1129	1204
1129	1206
1129	1209
1129	1211
1129	1214
1129	1217
1129	1226
1129	1234
1129	1887
1157	1158
1157	1159
1157	1161
1157	1167
1157	1170
1157	1174
1157	1179
1157	1180
1157	1182
1157	1186
1157	1188
1157	1190
1157	1192
1157	1195
1157	1206
1157	1209
1157	1211
1157	1214
1157	1226
1157	1234
1157	1747
1157	1832
1157	1843
1157	1877
1157	1883
1165	1170
1165	1177
1165	1179
1165	1180
1165	1186
1165	1188
1165	1192
1165	1195
1165	1204
1165	1209
1165	1211
1165	1217
1165	1226
1165	1234
1165	1800
1165	1860
1165	1872
1165	1876
549	557
549	563
549	1043
549	1157
549	1772
549	1884
1059	1062
1059	1064
1059	1070
1059	1071
1059	1073
1059	1074
1059	1077
1059	1080
1059	1085
1059	1086
1059	1094
1059	1095
1059	1098
1059	1101
1059	1107
1059	1110
1059	1112
1059	1113
1059	1114
1059	1115
1059	1116
1059	1117
1059	1120
1059	1122
1059	1127
1059	1129
1059	1131
1059	1136
1059	1137
1059	1141
1059	1151
1059	1152
1059	1156
1059	1157
1059	1159
1059	1161
1059	1164
1059	1165
1059	1167
1059	1170
1059	1174
1059	1177
1059	1179
1059	1180
1059	1182
1059	1186
1059	1188
1059	1190
1059	1195
1059	1204
1059	1206
1059	1211
1059	1214
1059	1217
1059	1226
1059	1234
1059	1752
1108	1110
1108	1111
1108	1114
1108	1116
1108	1117
1108	1120
1108	1122
1108	1127
1108	1129
1108	1131
1108	1137
1108	1139
1108	1141
1108	1151
1108	1152
1108	1156
1108	1157
1108	1158
1108	1159
1108	1161
1108	1164
1108	1165
1108	1167
1108	1170
1108	1174
1108	1177
1108	1179
1108	1182
1108	1186
1108	1188
1108	1192
1108	1195
1108	1204
1108	1209
1108	1211
1108	1214
1108	1217
1108	1226
1108	1234
1108	1751
1108	1814
1114	1115
1114	1116
1114	1117
1114	1120
1114	1122
1114	1127
1114	1129
1114	1131
1114	1136
1114	1139
1114	1141
1114	1151
1114	1152
1114	1157
1114	1158
1114	1159
1114	1164
1114	1165
1114	1170
1114	1174
1114	1177
1114	1179
1114	1180
1114	1182
1114	1186
1114	1190
1114	1192
1114	1195
1114	1204
1114	1206
1114	1209
1114	1211
1114	1214
1114	1217
1114	1226
1114	1234
1114	1890
1217	1226
1217	1234
1217	1752
1111	1112
1111	1116
1111	1117
1111	1120
1111	1122
1111	1127
1111	1129
1111	1131
1111	1136
1111	1137
1111	1139
1111	1141
1111	1151
1111	1152
1111	1156
1111	1157
1111	1158
1111	1159
1111	1161
1111	1164
1111	1165
1111	1167
1111	1170
1111	1174
1111	1177
1111	1179
1111	1180
1111	1182
1111	1186
1111	1188
1111	1190
1111	1192
1111	1195
1111	1204
1111	1206
1111	1211
1111	1214
1111	1234
1111	1738
1111	1815
1111	1850
1111	1863
1156	1157
1156	1158
1156	1159
1156	1161
1156	1164
1156	1165
1156	1167
1156	1170
1156	1174
1156	1177
1156	1180
1156	1182
1156	1186
1156	1188
1156	1192
1156	1195
1156	1204
1156	1206
1156	1209
1156	1211
1156	1214
1156	1217
1156	1226
1156	1234
1156	1875
1234	1731
1234	1748
1234	1752
1234	1812
1113	1114
1113	1115
1113	1116
1113	1117
1113	1122
1113	1127
1113	1129
1113	1136
1113	1137
1113	1139
1113	1141
1113	1151
1113	1152
1113	1156
1113	1157
1113	1158
1113	1161
1113	1164
1113	1165
1113	1167
1113	1170
1113	1174
1113	1177
1113	1179
1113	1182
1113	1186
1113	1188
1113	1190
1113	1192
1113	1195
1113	1204
1113	1209
1113	1214
1113	1226
1113	1234
1113	1816
1113	1860
