# Undirected graph (each unordered pair of nodes is saved once): output/networks/SmallWorldRewire00removeRandom-95percent.txt
# Nodes: 100 Edges: 2464
# NodeId	NodeId
22	36
22	42
22	50
22	51
22	95
22	105
22	112
22	266
22	283
22	313
22	316
22	338
22	342
22	343
22	354
22	377
22	379
22	406
22	439
22	467
22	475
22	481
22	504
22	506
22	508
22	513
22	522
22	1522
22	1526
22	1529
22	1555
22	1566
22	1603
22	1606
22	1620
22	1704
22	1715
22	1725
22	1733
22	1745
22	1782
22	1823
22	1826
22	1854
22	1881
22	1907
22	1937
22	1972
22	1981
22	1984
36	42
36	50
36	51
36	95
36	105
36	112
36	266
36	283
36	313
36	316
36	338
36	342
36	343
36	354
36	377
36	379
36	406
36	439
36	467
36	475
36	481
36	504
36	506
36	508
36	513
36	522
36	1555
36	1566
36	1603
36	1606
36	1620
36	1704
36	1715
36	1725
36	1733
36	1745
36	1782
36	1823
36	1826
36	1854
36	1881
36	1907
36	1937
36	1972
36	1981
36	1984
42	50
42	51
42	95
42	105
42	112
42	266
42	283
42	313
42	316
42	338
42	342
42	343
42	354
42	377
42	379
42	406
42	439
42	467
42	475
42	481
42	504
42	506
42	508
42	513
42	522
42	1555
42	1566
42	1603
42	1606
42	1620
42	1704
42	1715
42	1725
42	1733
42	1745
42	1782
42	1823
42	1826
42	1854
42	1881
42	1907
42	1937
42	1972
42	1981
42	1984
50	51
50	95
50	105
50	112
50	266
50	283
50	313
50	316
50	338
50	342
50	343
50	354
50	377
50	379
50	406
50	439
50	467
50	475
50	481
50	504
50	506
50	508
50	513
50	522
50	1555
50	1566
50	1603
50	1606
50	1620
50	1704
50	1715
50	1725
50	1733
50	1745
50	1782
50	1823
50	1826
50	1854
50	1881
50	1907
50	1937
50	1972
50	1981
50	1984
51	95
51	105
51	112
51	266
51	283
51	313
51	316
51	338
51	342
51	343
51	354
51	377
51	379
51	406
51	439
51	467
51	475
51	481
51	504
51	506
51	508
51	513
51	522
51	1555
51	1566
51	1603
51	1606
51	1620
51	1704
51	1715
51	1725
51	1733
51	1745
51	1782
51	1823
51	1826
51	1854
51	1881
51	1907
51	1937
51	1972
51	1981
51	1984
95	105
95	112
95	266
95	283
95	313
95	316
95	338
95	342
95	343
95	354
95	377
95	379
95	406
95	439
95	467
95	475
95	481
95	504
95	506
95	508
95	513
95	522
95	1603
95	1606
95	1620
95	1704
95	1715
95	1725
95	1733
95	1745
95	1782
95	1823
95	1826
95	1854
95	1881
95	1907
95	1937
95	1972
95	1981
95	1984
105	112
105	266
105	283
105	313
105	316
105	338
105	342
105	343
105	354
105	377
105	379
105	406
105	439
105	467
105	475
105	481
105	504
105	506
105	508
105	513
105	522
105	602
105	603
105	1606
105	1620
105	1704
105	1715
105	1725
105	1733
105	1745
105	1782
105	1823
105	1826
105	1854
105	1881
105	1907
105	1937
105	1972
105	1981
105	1984
112	266
112	283
112	313
112	316
112	338
112	342
112	343
112	354
112	377
112	379
112	406
112	439
112	467
112	475
112	481
112	504
112	506
112	508
112	513
112	522
112	602
112	603
112	611
112	1620
112	1704
112	1715
112	1725
112	1733
112	1745
112	1782
112	1823
112	1826
112	1854
112	1881
112	1907
112	1937
112	1972
112	1981
112	1984
266	283
266	313
266	316
266	338
266	342
266	343
266	354
266	377
266	379
266	406
266	439
266	467
266	475
266	481
266	504
266	506
266	508
266	513
266	522
266	602
266	603
266	611
266	641
266	652
266	678
266	705
266	710
266	719
266	761
266	766
266	1782
266	1823
266	1826
266	1854
266	1881
266	1907
266	1937
266	1972
266	1981
266	1984
283	313
283	316
283	338
283	342
283	343
283	354
283	377
283	379
283	406
283	439
283	467
283	475
283	481
283	504
283	506
283	508
283	513
283	522
283	602
283	603
283	611
283	641
283	652
283	678
283	705
283	710
283	719
283	761
283	766
283	1823
283	1826
283	1854
283	1881
283	1907
283	1937
283	1972
283	1981
283	1984
313	316
313	338
313	342
313	343
313	354
313	377
313	379
313	406
313	439
313	467
313	475
313	481
313	504
313	506
313	508
313	513
313	522
313	602
313	603
313	611
313	641
313	652
313	678
313	705
313	710
313	719
313	761
313	766
313	808
313	1823
313	1826
313	1854
313	1881
313	1907
313	1937
313	1972
313	1981
313	1984
316	338
316	342
316	343
316	354
316	377
316	379
316	406
316	439
316	467
316	475
316	481
316	504
316	506
316	508
316	513
316	522
316	602
316	603
316	611
316	641
316	652
316	678
316	705
316	710
316	719
316	761
316	766
316	808
316	1823
316	1826
316	1854
316	1881
316	1907
316	1937
316	1972
316	1981
316	1984
338	342
338	343
338	354
338	377
338	379
338	406
338	439
338	467
338	475
338	481
338	504
338	506
338	508
338	513
338	522
338	602
338	603
338	611
338	641
338	652
338	678
338	705
338	710
338	719
338	761
338	766
338	808
338	821
338	1854
338	1881
338	1907
338	1937
338	1972
338	1981
338	1984
342	343
342	354
342	377
342	379
342	406
342	439
342	467
342	475
342	481
342	504
342	506
342	508
342	513
342	522
342	602
342	603
342	611
342	641
342	652
342	678
342	705
342	710
342	719
342	761
342	766
342	808
342	821
342	1854
342	1881
342	1907
342	1937
342	1972
342	1981
342	1984
343	354
343	377
343	379
343	406
343	439
343	467
343	475
343	481
343	504
343	506
343	508
343	513
343	522
343	602
343	603
343	611
343	641
343	652
343	678
343	705
343	710
343	719
343	761
343	766
343	808
343	821
343	1854
343	1881
343	1907
343	1937
343	1972
343	1981
343	1984
354	377
354	379
354	406
354	439
354	467
354	475
354	481
354	504
354	506
354	508
354	513
354	522
354	602
354	603
354	611
354	641
354	652
354	678
354	705
354	710
354	719
354	761
354	766
354	808
354	821
354	1854
354	1881
354	1907
354	1937
354	1972
354	1981
354	1984
377	379
377	406
377	439
377	467
377	475
377	481
377	504
377	506
377	508
377	513
377	522
377	602
377	603
377	611
377	641
377	652
377	678
377	705
377	710
377	719
377	761
377	766
377	808
377	821
377	860
377	864
377	1881
377	1907
377	1937
377	1972
377	1981
377	1984
379	406
379	439
379	467
379	475
379	481
379	504
379	506
379	508
379	513
379	522
379	602
379	603
379	611
379	641
379	652
379	678
379	705
379	710
379	719
379	761
379	766
379	808
379	821
379	860
379	864
379	1881
379	1907
379	1937
379	1972
379	1981
379	1984
406	439
406	467
406	475
406	481
406	504
406	506
406	508
406	513
406	522
406	602
406	603
406	611
406	641
406	652
406	678
406	705
406	710
406	719
406	761
406	766
406	808
406	821
406	860
406	864
406	898
406	1907
406	1937
406	1972
406	1981
406	1984
439	467
439	475
439	481
439	504
439	506
439	508
439	513
439	522
439	602
439	603
439	611
439	641
439	652
439	678
439	705
439	710
439	719
439	761
439	766
439	808
439	821
439	860
439	864
439	898
439	921
439	1972
439	1981
439	1984
467	475
467	481
467	504
467	506
467	508
467	513
467	522
467	602
467	603
467	611
467	641
467	652
467	678
467	705
467	710
467	719
467	761
467	766
467	808
467	821
467	860
467	864
467	898
467	921
467	958
467	1972
467	1981
467	1984
475	481
475	504
475	506
475	508
475	513
475	522
475	602
475	603
475	611
475	641
475	652
475	678
475	705
475	710
475	719
475	761
475	766
475	808
475	821
475	860
475	864
475	898
475	921
475	958
475	1981
475	1984
481	504
481	506
481	508
481	513
481	522
481	602
481	603
481	611
481	641
481	652
481	678
481	705
481	710
481	719
481	761
481	766
481	808
481	821
481	860
481	864
481	898
481	921
481	958
481	1981
481	1984
1501	1511
1501	1517
1501	1521
1501	1522
1501	1526
1501	1529
1501	1555
1501	1566
1501	1603
1501	1606
1501	1620
1501	1704
1501	1715
1501	1725
1501	1733
1501	1745
1501	1782
1501	1823
1501	1826
1501	1854
1501	1881
1501	1907
1501	1937
1501	1972
1501	1981
1501	1984
1511	1517
1511	1521
1511	1522
1511	1526
1511	1529
1511	1555
1511	1566
1511	1603
1511	1606
1511	1620
1511	1704
1511	1715
1511	1725
1511	1733
1511	1745
1511	1782
1511	1823
1511	1826
1511	1854
1511	1881
1511	1907
1511	1937
1511	1972
1511	1981
1511	1984
1517	1521
1517	1522
1517	1526
1517	1529
1517	1555
1517	1566
1517	1603
1517	1606
1517	1620
1517	1704
1517	1715
1517	1725
1517	1733
1517	1745
1517	1782
1517	1823
1517	1826
1517	1854
1517	1881
1517	1907
1517	1937
1517	1972
1517	1981
1517	1984
1521	1522
1521	1526
1521	1529
1521	1555
1521	1566
1521	1603
1521	1606
1521	1620
1521	1704
1521	1715
1521	1725
1521	1733
1521	1745
1521	1782
1521	1823
1521	1826
1521	1854
1521	1881
1521	1907
1521	1937
1521	1972
1521	1981
1521	1984
1522	1526
1522	1529
1522	1555
1522	1566
1522	1603
1522	1606
1522	1620
1522	1704
1522	1715
1522	1725
1522	1733
1522	1745
1522	1782
1522	1823
1522	1826
1522	1854
1522	1881
1522	1907
1522	1937
1522	1972
1522	1981
1522	1984
1526	1529
1526	1555
1526	1566
1526	1603
1526	1606
1526	1620
1526	1704
1526	1715
1526	1725
1526	1733
1526	1745
1526	1782
1526	1823
1526	1826
1526	1854
1526	1881
1526	1907
1526	1937
1526	1972
1526	1981
1526	1984
1529	1555
1529	1566
1529	1603
1529	1606
1529	1620
1529	1704
1529	1715
1529	1725
1529	1733
1529	1745
1529	1782
1529	1823
1529	1826
1529	1854
1529	1881
1529	1907
1529	1937
1529	1972
1529	1981
1529	1984
1555	1566
1555	1603
1555	1606
1555	1620
1555	1704
1555	1715
1555	1725
1555	1733
1555	1745
1555	1782
1555	1823
1555	1826
1555	1854
1555	1881
1555	1907
1555	1937
1555	1972
1555	1981
1555	1984
1566	1603
1566	1606
1566	1620
1566	1704
1566	1715
1566	1725
1566	1733
1566	1745
1566	1782
1566	1823
1566	1826
1566	1854
1566	1881
1566	1907
1566	1937
1566	1972
1566	1981
1566	1984
1603	1606
1603	1620
1603	1704
1603	1715
1603	1725
1603	1733
1603	1745
1603	1782
1603	1823
1603	1826
1603	1854
1603	1881
1603	1907
1603	1937
1603	1972
1603	1981
1603	1984
1606	1620
1606	1704
1606	1715
1606	1725
1606	1733
1606	1745
1606	1782
1606	1823
1606	1826
1606	1854
1606	1881
1606	1907
1606	1937
1606	1972
1606	1981
1606	1984
1620	1704
1620	1715
1620	1725
1620	1733
1620	1745
1620	1782
1620	1823
1620	1826
1620	1854
1620	1881
1620	1907
1620	1937
1620	1972
1620	1981
1620	1984
1704	1715
1704	1725
1704	1733
1704	1745
1704	1782
1704	1823
1704	1826
1704	1854
1704	1881
1704	1907
1704	1937
1704	1972
1704	1981
1704	1984
1715	1725
1715	1733
1715	1745
1715	1782
1715	1823
1715	1826
1715	1854
1715	1881
1715	1907
1715	1937
1715	1972
1715	1981
1715	1984
1725	1733
1725	1745
1725	1782
1725	1823
1725	1826
1725	1854
1725	1881
1725	1907
1725	1937
1725	1972
1725	1981
1725	1984
1733	1745
1733	1782
1733	1823
1733	1826
1733	1854
1733	1881
1733	1907
1733	1937
1733	1972
1733	1981
1733	1984
1745	1782
1745	1823
1745	1826
1745	1854
1745	1881
1745	1907
1745	1937
1745	1972
1745	1981
1745	1984
1782	1823
1782	1826
1782	1854
1782	1881
1782	1907
1782	1937
1782	1972
1782	1981
1782	1984
1823	1826
1823	1854
1823	1881
1823	1907
1823	1937
1823	1972
1823	1981
1823	1984
1826	1854
1826	1881
1826	1907
1826	1937
1826	1972
1826	1981
1826	1984
1854	1881
1854	1907
1854	1937
1854	1972
1854	1981
1854	1984
1881	1907
1881	1937
1881	1972
1881	1981
1881	1984
1907	1937
1907	1972
1907	1981
1907	1984
1937	1972
1937	1981
1937	1984
1972	1981
1972	1984
1981	1984
504	506
504	508
504	513
504	522
504	602
504	603
504	611
504	641
504	652
504	678
504	705
504	710
504	719
504	761
504	766
504	808
504	821
504	860
504	864
504	898
504	921
504	958
504	984
504	991
506	508
506	513
506	522
506	602
506	603
506	611
506	641
506	652
506	678
506	705
506	710
506	719
506	761
506	766
506	808
506	821
506	860
506	864
506	898
506	921
506	958
506	984
506	991
508	513
508	522
508	602
508	603
508	611
508	641
508	652
508	678
508	705
508	710
508	719
508	761
508	766
508	808
508	821
508	860
508	864
508	898
508	921
508	958
508	984
508	991
513	522
513	602
513	603
513	611
513	641
513	652
513	678
513	705
513	710
513	719
513	761
513	766
513	808
513	821
513	860
513	864
513	898
513	921
513	958
513	984
513	991
522	602
522	603
522	611
522	641
522	652
522	678
522	705
522	710
522	719
522	761
522	766
522	808
522	821
522	860
522	864
522	898
522	921
522	958
522	984
522	991
522	1021
602	603
602	611
602	641
602	652
602	678
602	705
602	710
602	719
602	761
602	766
602	808
602	821
602	860
602	864
602	898
602	921
602	958
602	984
602	991
602	1021
602	1029
602	1035
602	1041
602	1048
602	1050
602	1066
602	1072
602	1080
602	1099
603	611
603	641
603	652
603	678
603	705
603	710
603	719
603	761
603	766
603	808
603	821
603	860
603	864
603	898
603	921
603	958
603	984
603	991
603	1021
603	1029
603	1035
603	1041
603	1048
603	1050
603	1066
603	1072
603	1080
603	1099
611	641
611	652
611	678
611	705
611	710
611	719
611	761
611	766
611	808
611	821
611	860
611	864
611	898
611	921
611	958
611	984
611	991
611	1021
611	1029
611	1035
611	1041
611	1048
611	1050
611	1066
611	1072
611	1080
611	1099
641	652
641	678
641	705
641	710
641	719
641	761
641	766
641	808
641	821
641	860
641	864
641	898
641	921
641	958
641	984
641	991
641	1021
641	1029
641	1035
641	1041
641	1048
641	1050
641	1066
641	1072
641	1080
641	1099
641	1132
652	678
652	705
652	710
652	719
652	761
652	766
652	808
652	821
652	860
652	864
652	898
652	921
652	958
652	984
652	991
652	1021
652	1029
652	1035
652	1041
652	1048
652	1050
652	1066
652	1072
652	1080
652	1099
652	1132
678	705
678	710
678	719
678	761
678	766
678	808
678	821
678	860
678	864
678	898
678	921
678	958
678	984
678	991
678	1021
678	1029
678	1035
678	1041
678	1048
678	1050
678	1066
678	1072
678	1080
678	1099
678	1132
678	1161
678	1173
705	710
705	719
705	761
705	766
705	808
705	821
705	860
705	864
705	898
705	921
705	958
705	984
705	991
705	1021
705	1029
705	1035
705	1041
705	1048
705	1050
705	1066
705	1072
705	1080
705	1099
705	1132
705	1161
705	1173
710	719
710	761
710	766
710	808
710	821
710	860
710	864
710	898
710	921
710	958
710	984
710	991
710	1021
710	1029
710	1035
710	1041
710	1048
710	1050
710	1066
710	1072
710	1080
710	1099
710	1132
710	1161
710	1173
719	761
719	766
719	808
719	821
719	860
719	864
719	898
719	921
719	958
719	984
719	991
719	1021
719	1029
719	1035
719	1041
719	1048
719	1050
719	1066
719	1072
719	1080
719	1099
719	1132
719	1161
719	1173
719	1219
761	766
761	808
761	821
761	860
761	864
761	898
761	921
761	958
761	984
761	991
761	1021
761	1029
761	1035
761	1041
761	1048
761	1050
761	1066
761	1072
761	1080
761	1099
761	1132
761	1161
761	1173
761	1219
761	1235
761	1248
766	808
766	821
766	860
766	864
766	898
766	921
766	958
766	984
766	991
766	1021
766	1029
766	1035
766	1041
766	1048
766	1050
766	1066
766	1072
766	1080
766	1099
766	1132
766	1161
766	1173
766	1219
766	1235
766	1248
808	821
808	860
808	864
808	898
808	921
808	958
808	984
808	991
808	1021
808	1029
808	1035
808	1041
808	1048
808	1050
808	1066
808	1072
808	1080
808	1099
808	1132
808	1161
808	1173
808	1219
808	1235
808	1248
808	1274
808	1276
808	1278
808	1306
821	860
821	864
821	898
821	921
821	958
821	984
821	991
821	1021
821	1029
821	1035
821	1041
821	1048
821	1050
821	1066
821	1072
821	1080
821	1099
821	1132
821	1161
821	1173
821	1219
821	1235
821	1248
821	1274
821	1276
821	1278
821	1306
860	864
860	898
860	921
860	958
860	984
860	991
860	1021
860	1029
860	1035
860	1041
860	1048
860	1050
860	1066
860	1072
860	1080
860	1099
860	1132
860	1161
860	1173
860	1219
860	1235
860	1248
860	1274
860	1276
860	1278
860	1306
864	898
864	921
864	958
864	984
864	991
864	1021
864	1029
864	1035
864	1041
864	1048
864	1050
864	1066
864	1072
864	1080
864	1099
864	1132
864	1161
864	1173
864	1219
864	1235
864	1248
864	1274
864	1276
864	1278
864	1306
898	921
898	958
898	984
898	991
898	1021
898	1029
898	1035
898	1041
898	1048
898	1050
898	1066
898	1072
898	1080
898	1099
898	1132
898	1161
898	1173
898	1219
898	1235
898	1248
898	1274
898	1276
898	1278
898	1306
898	1366
898	1392
898	1395
921	958
921	984
921	991
921	1021
921	1029
921	1035
921	1041
921	1048
921	1050
921	1066
921	1072
921	1080
921	1099
921	1132
921	1161
921	1173
921	1219
921	1235
921	1248
921	1274
921	1276
921	1278
921	1306
921	1366
921	1392
921	1395
921	1419
958	984
958	991
958	1021
958	1029
958	1035
958	1041
958	1048
958	1050
958	1066
958	1072
958	1080
958	1099
958	1132
958	1161
958	1173
958	1219
958	1235
958	1248
958	1274
958	1276
958	1278
958	1306
958	1366
958	1392
958	1395
958	1419
984	991
984	1021
984	1029
984	1035
984	1041
984	1048
984	1050
984	1066
984	1072
984	1080
984	1099
984	1132
984	1161
984	1173
984	1219
984	1235
984	1248
984	1274
984	1276
984	1278
984	1306
984	1366
984	1392
984	1395
984	1419
984	1477
991	1021
991	1029
991	1035
991	1041
991	1048
991	1050
991	1066
991	1072
991	1080
991	1099
991	1132
991	1161
991	1173
991	1219
991	1235
991	1248
991	1274
991	1276
991	1278
991	1306
991	1366
991	1392
991	1395
991	1419
991	1477
1021	1029
1021	1035
1021	1041
1021	1048
1021	1050
1021	1066
1021	1072
1021	1080
1021	1099
1021	1132
1021	1161
1021	1173
1021	1219
1021	1235
1021	1248
1021	1274
1021	1276
1021	1278
1021	1306
1021	1366
1021	1392
1021	1395
1021	1419
1021	1477
1021	1501
1021	1511
1021	1517
1021	1521
1029	1035
1029	1041
1029	1048
1029	1050
1029	1066
1029	1072
1029	1080
1029	1099
1029	1132
1029	1161
1029	1173
1029	1219
1029	1235
1029	1248
1029	1274
1029	1276
1029	1278
1029	1306
1029	1366
1029	1392
1029	1395
1029	1419
1029	1477
1029	1501
1029	1511
1029	1517
1029	1521
1029	1522
1029	1526
1029	1529
1035	1041
1035	1048
1035	1050
1035	1066
1035	1072
1035	1080
1035	1099
1035	1132
1035	1161
1035	1173
1035	1219
1035	1235
1035	1248
1035	1274
1035	1276
1035	1278
1035	1306
1035	1366
1035	1392
1035	1395
1035	1419
1035	1477
1035	1501
1035	1511
1035	1517
1035	1521
1035	1522
1035	1526
1035	1529
1041	1048
1041	1050
1041	1066
1041	1072
1041	1080
1041	1099
1041	1132
1041	1161
1041	1173
1041	1219
1041	1235
1041	1248
1041	1274
1041	1276
1041	1278
1041	1306
1041	1366
1041	1392
1041	1395
1041	1419
1041	1477
1041	1501
1041	1511
1041	1517
1041	1521
1041	1522
1041	1526
1041	1529
1048	1050
1048	1066
1048	1072
1048	1080
1048	1099
1048	1132
1048	1161
1048	1173
1048	1219
1048	1235
1048	1248
1048	1274
1048	1276
1048	1278
1048	1306
1048	1366
1048	1392
1048	1395
1048	1419
1048	1477
1048	1501
1048	1511
1048	1517
1048	1521
1048	1522
1048	1526
1048	1529
1050	1066
1050	1072
1050	1080
1050	1099
1050	1132
1050	1161
1050	1173
1050	1219
1050	1235
1050	1248
1050	1274
1050	1276
1050	1278
1050	1306
1050	1366
1050	1392
1050	1395
1050	1419
1050	1477
1050	1501
1050	1511
1050	1517
1050	1521
1050	1522
1050	1526
1050	1529
1066	1072
1066	1080
1066	1099
1066	1132
1066	1161
1066	1173
1066	1219
1066	1235
1066	1248
1066	1274
1066	1276
1066	1278
1066	1306
1066	1366
1066	1392
1066	1395
1066	1419
1066	1477
1066	1501
1066	1511
1066	1517
1066	1521
1066	1522
1066	1526
1066	1529
1066	1555
1066	1566
1072	1080
1072	1099
1072	1132
1072	1161
1072	1173
1072	1219
1072	1235
1072	1248
1072	1274
1072	1276
1072	1278
1072	1306
1072	1366
1072	1392
1072	1395
1072	1419
1072	1477
1072	1501
1072	1511
1072	1517
1072	1521
1072	1522
1072	1526
1072	1529
1072	1555
1072	1566
1080	1099
1080	1132
1080	1161
1080	1173
1080	1219
1080	1235
1080	1248
1080	1274
1080	1276
1080	1278
1080	1306
1080	1366
1080	1392
1080	1395
1080	1419
1080	1477
1080	1501
1080	1511
1080	1517
1080	1521
1080	1522
1080	1526
1080	1529
1080	1555
1080	1566
1099	1132
1099	1161
1099	1173
1099	1219
1099	1235
1099	1248
1099	1274
1099	1276
1099	1278
1099	1306
1099	1366
1099	1392
1099	1395
1099	1419
1099	1477
1099	1501
1099	1511
1099	1517
1099	1521
1099	1522
1099	1526
1099	1529
1099	1555
1099	1566
1132	1161
1132	1173
1132	1219
1132	1235
1132	1248
1132	1274
1132	1276
1132	1278
1132	1306
1132	1366
1132	1392
1132	1395
1132	1419
1132	1477
1132	1501
1132	1511
1132	1517
1132	1521
1132	1522
1132	1526
1132	1529
1132	1555
1132	1566
1132	1603
1132	1606
1132	1620
1161	1173
1161	1219
1161	1235
1161	1248
1161	1274
1161	1276
1161	1278
1161	1306
1161	1366
1161	1392
1161	1395
1161	1419
1161	1477
1161	1501
1161	1511
1161	1517
1161	1521
1161	1522
1161	1526
1161	1529
1161	1555
1161	1566
1161	1603
1161	1606
1161	1620
1173	1219
1173	1235
1173	1248
1173	1274
1173	1276
1173	1278
1173	1306
1173	1366
1173	1392
1173	1395
1173	1419
1173	1477
1173	1501
1173	1511
1173	1517
1173	1521
1173	1522
1173	1526
1173	1529
1173	1555
1173	1566
1173	1603
1173	1606
1173	1620
1219	1235
1219	1248
1219	1274
1219	1276
1219	1278
1219	1306
1219	1366
1219	1392
1219	1395
1219	1419
1219	1477
1219	1501
1219	1511
1219	1517
1219	1521
1219	1522
1219	1526
1219	1529
1219	1555
1219	1566
1219	1603
1219	1606
1219	1620
1219	1704
1219	1715
1235	1248
1235	1274
1235	1276
1235	1278
1235	1306
1235	1366
1235	1392
1235	1395
1235	1419
1235	1477
1235	1501
1235	1511
1235	1517
1235	1521
1235	1522
1235	1526
1235	1529
1235	1555
1235	1566
1235	1603
1235	1606
1235	1620
1235	1704
1235	1715
1235	1725
1235	1733
1248	1274
1248	1276
1248	1278
1248	1306
1248	1366
1248	1392
1248	1395
1248	1419
1248	1477
1248	1501
1248	1511
1248	1517
1248	1521
1248	1522
1248	1526
1248	1529
1248	1555
1248	1566
1248	1603
1248	1606
1248	1620
1248	1704
1248	1715
1248	1725
1248	1733
1248	1745
1274	1276
1274	1278
1274	1306
1274	1366
1274	1392
1274	1395
1274	1419
1274	1477
1274	1501
1274	1511
1274	1517
1274	1521
1274	1522
1274	1526
1274	1529
1274	1555
1274	1566
1274	1603
1274	1606
1274	1620
1274	1704
1274	1715
1274	1725
1274	1733
1274	1745
1276	1278
1276	1306
1276	1366
1276	1392
1276	1395
1276	1419
1276	1477
1276	1501
1276	1511
1276	1517
1276	1521
1276	1522
1276	1526
1276	1529
1276	1555
1276	1566
1276	1603
1276	1606
1276	1620
1276	1704
1276	1715
1276	1725
1276	1733
1276	1745
1278	1306
1278	1366
1278	1392
1278	1395
1278	1419
1278	1477
1278	1501
1278	1511
1278	1517
1278	1521
1278	1522
1278	1526
1278	1529
1278	1555
1278	1566
1278	1603
1278	1606
1278	1620
1278	1704
1278	1715
1278	1725
1278	1733
1278	1745
1306	1366
1306	1392
1306	1395
1306	1419
1306	1477
1306	1501
1306	1511
1306	1517
1306	1521
1306	1522
1306	1526
1306	1529
1306	1555
1306	1566
1306	1603
1306	1606
1306	1620
1306	1704
1306	1715
1306	1725
1306	1733
1306	1745
1306	1782
1366	1392
1366	1395
1366	1419
1366	1477
1366	1501
1366	1511
1366	1517
1366	1521
1366	1522
1366	1526
1366	1529
1366	1555
1366	1566
1366	1603
1366	1606
1366	1620
1366	1704
1366	1715
1366	1725
1366	1733
1366	1745
1366	1782
1366	1823
1366	1826
1366	1854
1392	1395
1392	1419
1392	1477
1392	1501
1392	1511
1392	1517
1392	1521
1392	1522
1392	1526
1392	1529
1392	1555
1392	1566
1392	1603
1392	1606
1392	1620
1392	1704
1392	1715
1392	1725
1392	1733
1392	1745
1392	1782
1392	1823
1392	1826
1392	1854
1392	1881
1395	1419
1395	1477
1395	1501
1395	1511
1395	1517
1395	1521
1395	1522
1395	1526
1395	1529
1395	1555
1395	1566
1395	1603
1395	1606
1395	1620
1395	1704
1395	1715
1395	1725
1395	1733
1395	1745
1395	1782
1395	1823
1395	1826
1395	1854
1395	1881
1419	1477
1419	1501
1419	1511
1419	1517
1419	1521
1419	1522
1419	1526
1419	1529
1419	1555
1419	1566
1419	1603
1419	1606
1419	1620
1419	1704
1419	1715
1419	1725
1419	1733
1419	1745
1419	1782
1419	1823
1419	1826
1419	1854
1419	1881
1419	1907
1477	1501
1477	1511
1477	1517
1477	1521
1477	1522
1477	1526
1477	1529
1477	1555
1477	1566
1477	1603
1477	1606
1477	1620
1477	1704
1477	1715
1477	1725
1477	1733
1477	1745
1477	1782
1477	1823
1477	1826
1477	1854
1477	1881
1477	1907
1477	1937
1477	1972
