# Undirected graph (each unordered pair of nodes is saved once): output/networks/SmallWorldRewire01removeDegree-90percent.txt
# Nodes: 200 Edges: 6078
# NodeId	NodeId
309	319
309	321
309	325
309	326
309	329
309	330
309	337
309	338
309	339
309	342
309	343
309	345
309	347
309	350
309	351
309	352
309	353
309	361
309	363
309	364
309	367
309	368
309	371
309	380
309	381
309	387
309	395
309	402
309	406
309	407
309	409
309	411
309	414
309	416
309	419
309	421
309	437
309	438
309	441
309	443
309	447
309	450
309	451
309	454
309	455
309	457
309	459
309	461
309	464
309	468
309	469
309	471
309	472
309	473
309	475
309	1006
309	1660
309	1809
309	1817
309	1821
309	1822
309	1825
319	324
319	325
319	326
319	329
319	330
319	337
319	338
319	339
319	342
319	343
319	345
319	347
319	350
319	351
319	352
319	353
319	363
319	364
319	367
319	368
319	371
319	373
319	380
319	384
319	387
319	395
319	396
319	402
319	407
319	408
319	410
319	411
319	414
319	416
319	419
319	437
319	438
319	439
319	441
319	443
319	447
319	450
319	451
319	454
319	455
319	457
319	459
319	461
319	463
319	468
319	469
319	471
319	472
319	473
319	475
319	482
319	1053
319	1098
319	1122
319	1749
319	1825
321	324
321	325
321	326
321	329
321	330
321	337
321	338
321	339
321	342
321	343
321	345
321	347
321	351
321	352
321	353
321	363
321	364
321	371
321	373
321	384
321	387
321	396
321	398
321	402
321	406
321	407
321	409
321	411
321	416
321	419
321	421
321	437
321	438
321	439
321	441
321	447
321	450
321	455
321	457
321	459
321	461
321	463
321	464
321	468
321	471
321	473
321	475
321	481
321	1043
321	1060
321	1145
321	1729
321	1752
321	1816
321	1821
321	1822
321	1825
324	326
324	329
324	330
324	337
324	338
324	339
324	342
324	345
324	347
324	350
324	351
324	352
324	361
324	364
324	367
324	368
324	371
324	373
324	380
324	381
324	384
324	387
324	395
324	396
324	398
324	402
324	406
324	407
324	408
324	409
324	410
324	411
324	414
324	416
324	419
324	421
324	437
324	438
324	439
324	441
324	443
324	447
324	450
324	451
324	454
324	455
324	457
324	459
324	463
324	464
324	468
324	471
324	472
324	473
324	481
324	482
324	1009
324	1048
324	1657
324	1747
324	1825
325	326
325	329
325	330
325	337
325	338
325	339
325	342
325	343
325	345
325	347
325	350
325	351
325	352
325	353
325	361
325	363
325	364
325	367
325	368
325	371
325	373
325	380
325	381
325	387
325	395
325	396
325	402
325	406
325	407
325	408
325	409
325	410
325	411
325	414
325	416
325	419
325	421
325	437
325	438
325	439
325	441
325	443
325	451
325	454
325	459
325	461
325	468
325	471
325	472
325	481
325	482
325	984
325	1038
325	1098
325	1686
325	1825
326	329
326	330
326	337
326	338
326	339
326	342
326	343
326	345
326	347
326	350
326	351
326	352
326	353
326	363
326	364
326	367
326	368
326	371
326	373
326	380
326	381
326	387
326	395
326	396
326	398
326	402
326	406
326	408
326	410
326	411
326	414
326	416
326	419
326	421
326	437
326	438
326	439
326	441
326	443
326	447
326	450
326	451
326	457
326	459
326	461
326	463
326	464
326	468
326	469
326	471
326	473
326	475
326	482
326	1020
326	1097
326	1734
326	1745
326	1802
326	1822
329	330
329	337
329	338
329	339
329	343
329	345
329	347
329	350
329	351
329	352
329	353
329	361
329	363
329	364
329	368
329	371
329	380
329	381
329	387
329	395
329	396
329	402
329	406
329	407
329	408
329	409
329	410
329	411
329	414
329	416
329	421
329	437
329	438
329	439
329	441
329	447
329	450
329	451
329	454
329	455
329	457
329	459
329	461
329	463
329	468
329	469
329	471
329	472
329	473
329	475
329	481
329	482
329	989
329	1135
329	1701
329	1719
330	337
330	338
330	339
330	342
330	343
330	345
330	347
330	350
330	351
330	352
330	353
330	361
330	363
330	364
330	368
330	371
330	373
330	381
330	384
330	387
330	395
330	396
330	406
330	407
330	408
330	409
330	410
330	411
330	416
330	419
330	421
330	437
330	438
330	439
330	450
330	451
330	454
330	455
330	457
330	459
330	461
330	463
330	464
330	468
330	469
330	471
330	472
330	473
330	475
330	481
330	482
330	1001
330	1093
330	1752
337	338
337	339
337	342
337	343
337	347
337	350
337	352
337	353
337	364
337	368
337	371
337	373
337	380
337	381
337	384
337	387
337	395
337	398
337	402
337	406
337	407
337	408
337	409
337	410
337	411
337	414
337	416
337	419
337	421
337	437
337	438
337	439
337	441
337	443
337	447
337	450
337	451
337	454
337	455
337	457
337	459
337	461
337	463
337	464
337	468
337	469
337	471
337	472
337	473
337	475
337	481
337	482
338	339
338	342
338	343
338	345
338	347
338	350
338	351
338	352
338	361
338	363
338	364
338	367
338	368
338	371
338	380
338	381
338	384
338	387
338	395
338	396
338	398
338	402
338	406
338	407
338	408
338	409
338	410
338	411
338	414
338	419
338	421
338	437
338	439
338	441
338	443
338	447
338	450
338	454
338	457
338	459
338	461
338	463
338	468
338	469
338	471
338	472
338	473
338	475
338	481
338	482
338	1002
338	1043
338	1825
339	342
339	343
339	345
339	350
339	351
339	352
339	353
339	363
339	364
339	367
339	371
339	373
339	380
339	381
339	384
339	387
339	395
339	396
339	398
339	406
339	407
339	408
339	409
339	411
339	416
339	419
339	421
339	437
339	438
339	439
339	443
339	447
339	450
339	451
339	454
339	455
339	457
339	459
339	461
339	463
339	468
339	469
339	471
339	472
339	473
339	475
339	481
339	482
339	984
339	1091
339	1093
339	1714
343	345
343	347
343	350
343	352
343	353
343	361
343	363
343	367
343	368
343	371
343	373
343	381
343	384
343	387
343	395
343	402
343	406
343	407
343	408
343	410
343	414
343	419
343	421
343	438
343	439
343	441
343	450
343	451
343	454
343	455
343	457
343	459
343	461
343	463
343	464
343	468
343	469
343	471
343	473
343	475
343	481
343	482
343	1103
343	1146
343	1662
343	1733
343	1798
345	347
345	350
345	351
345	352
345	353
345	363
345	367
345	368
345	371
345	373
345	380
345	381
345	384
345	395
345	396
345	398
345	402
345	406
345	407
345	408
345	409
345	410
345	411
345	414
345	419
345	421
345	438
345	439
345	441
345	443
345	450
345	451
345	454
345	455
345	457
345	461
345	463
345	464
345	468
345	469
345	471
345	472
345	475
345	481
345	482
345	1114
347	350
347	351
347	352
347	353
347	361
347	363
347	367
347	368
347	371
347	373
347	380
347	381
347	384
347	387
347	395
347	398
347	402
347	407
347	408
347	410
347	411
347	419
347	421
347	437
347	438
347	439
347	443
347	450
347	451
347	454
347	455
347	457
347	459
347	461
347	463
347	469
347	471
347	472
347	473
347	475
347	481
347	482
347	1103
347	1122
347	1660
347	1676
347	1794
350	353
350	361
350	363
350	364
350	367
350	368
350	371
350	373
350	380
350	381
350	384
350	387
350	395
350	398
350	402
350	407
350	408
350	409
350	410
350	411
350	414
350	416
350	419
350	421
350	437
350	438
350	439
350	443
350	447
350	450
350	451
350	454
350	455
350	457
350	459
350	463
350	468
350	469
350	471
350	472
350	473
350	475
350	481
350	990
350	1005
350	1020
350	1101
350	1709
351	352
351	353
351	361
351	363
351	364
351	367
351	368
351	380
351	384
351	387
351	395
351	396
351	398
351	402
351	406
351	407
351	409
351	410
351	411
351	414
351	416
351	419
351	421
351	437
351	438
351	439
351	441
351	443
351	447
351	450
351	451
351	455
351	457
351	461
351	463
351	464
351	468
351	469
351	471
351	472
351	473
351	475
351	481
351	995
351	1091
351	1658
351	1700
351	1719
351	1749
351	1762
351	1805
351	1809
353	361
353	363
353	364
353	367
353	371
353	373
353	380
353	381
353	384
353	387
353	395
353	396
353	398
353	402
353	406
353	407
353	408
353	409
353	410
353	411
353	414
353	416
353	421
353	437
353	438
353	439
353	443
353	447
353	450
353	451
353	454
353	455
353	457
353	459
353	461
353	463
353	464
353	468
353	469
353	471
353	472
353	473
353	475
353	481
353	482
353	1699
353	1762
353	1813
361	363
361	364
361	368
361	373
361	380
361	381
361	387
361	395
361	396
361	398
361	402
361	406
361	407
361	408
361	409
361	410
361	411
361	414
361	416
361	419
361	421
361	437
361	438
361	439
361	441
361	443
361	447
361	450
361	451
361	454
361	455
361	457
361	459
361	461
361	463
361	464
361	468
361	469
361	471
361	472
361	473
361	475
361	481
361	1027
361	1101
361	1134
361	1727
363	364
363	367
363	368
363	371
363	373
363	380
363	384
363	387
363	395
363	396
363	398
363	406
363	407
363	408
363	409
363	410
363	411
363	414
363	416
363	419
363	438
363	439
363	441
363	443
363	447
363	450
363	451
363	454
363	455
363	457
363	459
363	461
363	463
363	464
363	468
363	469
363	471
363	472
363	473
363	482
363	1100
363	1116
363	1658
363	1660
363	1752
364	367
364	368
364	371
364	373
364	380
364	381
364	384
364	387
364	395
364	398
364	402
364	406
364	407
364	408
364	409
364	410
364	411
364	414
364	416
364	419
364	421
364	437
364	438
364	439
364	441
364	443
364	447
364	450
364	451
364	454
364	455
364	459
364	461
364	463
364	464
364	468
364	469
364	471
364	472
364	473
364	475
364	482
364	1658
364	1683
364	1700
364	1767
367	373
367	381
367	384
367	387
367	395
367	396
367	398
367	402
367	406
367	407
367	408
367	409
367	410
367	411
367	414
367	416
367	419
367	421
367	437
367	438
367	439
367	441
367	447
367	450
367	451
367	454
367	455
367	457
367	459
367	461
367	463
367	464
367	468
367	469
367	471
367	472
367	473
367	475
367	481
367	981
367	1028
367	1075
367	1733
367	1738
368	373
368	380
368	381
368	384
368	387
368	395
368	396
368	398
368	402
368	406
368	407
368	408
368	409
368	411
368	416
368	419
368	421
368	437
368	439
368	441
368	443
368	447
368	450
368	451
368	454
368	455
368	457
368	459
368	461
368	463
368	464
368	468
368	469
368	471
368	472
368	473
368	475
368	481
368	482
368	1098
368	1103
368	1125
368	1821
371	373
371	381
371	384
371	387
371	395
371	396
371	398
371	402
371	406
371	407
371	408
371	409
371	410
371	411
371	416
371	419
371	421
371	437
371	438
371	439
371	441
371	443
371	447
371	450
371	454
371	455
371	457
371	459
371	461
371	464
371	468
371	469
371	471
371	472
371	473
371	475
371	481
371	1126
371	1145
371	1709
371	1762
371	1794
371	1813
373	380
373	381
373	384
373	395
373	396
373	398
373	406
373	407
373	408
373	409
373	410
373	411
373	414
373	416
373	419
373	421
373	437
373	438
373	441
373	443
373	447
373	450
373	451
373	454
373	455
373	457
373	459
373	461
373	463
373	464
373	468
373	469
373	471
373	472
373	473
373	475
373	481
373	482
373	1071
373	1798
380	381
380	384
380	387
380	395
380	396
380	398
380	402
380	406
380	408
380	409
380	411
380	416
380	421
380	437
380	438
380	439
380	441
380	443
380	447
380	450
380	451
380	454
380	455
380	457
380	459
380	461
380	464
380	468
380	469
380	471
380	472
380	473
380	475
380	481
380	482
380	994
380	1003
380	1009
380	1077
380	1138
381	384
381	387
381	395
381	396
381	398
381	402
381	406
381	407
381	408
381	409
381	410
381	411
381	414
381	416
381	421
381	437
381	438
381	439
381	441
381	443
381	447
381	450
381	451
381	454
381	455
381	457
381	461
381	463
381	464
381	468
381	469
381	471
381	472
381	473
381	475
381	481
381	482
381	994
381	1075
381	1133
381	1736
381	1800
384	387
384	395
384	396
384	398
384	402
384	407
384	408
384	409
384	410
384	411
384	414
384	416
384	419
384	437
384	438
384	439
384	441
384	447
384	451
384	454
384	455
384	457
384	459
384	461
384	463
384	464
384	468
384	469
384	471
384	472
384	473
384	475
384	481
384	482
384	1064
384	1114
384	1696
387	396
387	398
387	402
387	406
387	408
387	410
387	411
387	414
387	416
387	419
387	421
387	437
387	438
387	441
387	443
387	447
387	451
387	454
387	455
387	459
387	461
387	463
387	464
387	469
387	471
387	472
387	473
387	475
387	481
387	1039
387	1097
387	1148
387	1648
387	1683
387	1794
395	396
395	398
395	402
395	406
395	407
395	408
395	409
395	410
395	414
395	416
395	419
395	439
395	441
395	443
395	447
395	450
395	451
395	454
395	455
395	457
395	459
395	461
395	463
395	464
395	468
395	471
395	472
395	475
395	481
395	482
395	1116
395	1792
396	398
396	402
396	406
396	408
396	409
396	410
396	411
396	414
396	416
396	419
396	421
396	437
396	439
396	441
396	443
396	447
396	450
396	451
396	454
396	455
396	459
396	461
396	463
396	468
396	469
396	473
396	475
396	481
396	482
396	1017
396	1038
396	1103
396	1715
396	1750
396	1771
396	1785
398	402
398	406
398	407
398	408
398	409
398	410
398	411
398	414
398	419
398	438
398	439
398	441
398	443
398	447
398	450
398	451
398	454
398	457
398	459
398	461
398	463
398	464
398	468
398	469
398	472
398	473
398	475
398	481
398	482
398	1702
398	1825
402	406
402	407
402	408
402	410
402	411
402	414
402	416
402	419
402	421
402	437
402	438
402	439
402	441
402	443
402	447
402	450
402	451
402	454
402	457
402	459
402	461
402	463
402	469
402	471
402	472
402	473
402	475
402	482
402	1006
402	1114
402	1138
402	1700
402	1701
402	1791
406	407
406	408
406	409
406	410
406	411
406	414
406	416
406	419
406	421
406	437
406	438
406	439
406	441
406	447
406	450
406	451
406	454
406	455
406	457
406	461
406	463
406	468
406	469
406	472
406	475
406	481
406	1017
406	1098
406	1686
406	1721
407	408
407	409
407	410
407	411
407	414
407	416
407	419
407	421
407	438
407	439
407	443
407	447
407	450
407	451
407	454
407	455
407	461
407	463
407	464
407	468
407	469
407	471
407	473
407	481
407	482
407	1767
407	1794
409	410
409	411
409	414
409	416
409	419
409	437
409	438
409	441
409	443
409	447
409	450
409	451
409	454
409	455
409	457
409	459
409	463
409	464
409	468
409	469
409	471
409	472
409	473
409	475
409	481
409	990
409	1658
409	1765
409	1794
410	414
410	416
410	419
410	421
410	439
410	441
410	443
410	447
410	450
410	451
410	454
410	455
410	457
410	459
410	461
410	468
410	471
410	472
410	473
410	475
410	481
410	482
410	984
410	1692
410	1709
411	414
411	416
411	419
411	437
411	439
411	441
411	443
411	447
411	450
411	451
411	457
411	459
411	461
411	463
411	464
411	468
411	469
411	471
411	472
411	481
411	482
411	1120
411	1688
411	1739
411	1754
411	1822
414	416
414	419
414	421
414	437
414	439
414	441
414	443
414	447
414	450
414	451
414	454
414	457
414	459
414	461
414	463
414	464
414	468
414	471
414	472
414	473
414	475
414	481
414	482
414	1048
414	1702
414	1714
414	1743
414	1745
416	419
416	421
416	437
416	439
416	441
416	443
416	447
416	450
416	451
416	454
416	455
416	457
416	459
416	461
416	463
416	464
416	468
416	469
416	471
416	472
416	473
416	475
416	481
416	482
416	1129
416	1658
416	1714
416	1763
416	1794
437	438
437	441
437	443
437	447
437	450
437	451
437	454
437	455
437	457
437	459
437	461
437	463
437	464
437	468
437	469
437	472
437	473
437	475
437	481
437	482
437	1103
437	1125
437	1696
437	1745
437	1765
438	439
438	441
438	443
438	447
438	451
438	454
438	455
438	457
438	459
438	461
438	463
438	464
438	468
438	469
438	471
438	472
438	473
438	481
438	482
438	1028
438	1096
438	1115
438	1662
438	1696
438	1762
439	441
439	443
439	447
439	450
439	451
439	454
439	457
439	459
439	461
439	463
439	464
439	468
439	469
439	472
439	473
439	475
439	481
439	482
439	1025
439	1075
439	1126
443	450
443	451
443	454
443	455
443	457
443	459
443	461
443	463
443	464
443	468
443	469
443	471
443	472
443	473
443	475
443	482
443	1053
443	1747
443	1805
447	450
447	451
447	454
447	455
447	457
447	459
447	461
447	463
447	464
447	468
447	469
447	472
447	473
447	475
447	481
447	482
447	994
447	1015
447	1018
447	1792
447	1798
450	451
450	454
450	455
450	457
450	459
450	461
450	463
450	468
450	469
450	471
450	472
450	473
450	475
450	481
450	482
450	1005
450	1091
450	1738
450	1748
450	1762
451	454
451	455
451	459
451	463
451	464
451	469
451	471
451	472
451	473
451	481
451	482
451	1048
451	1101
454	455
454	457
454	464
454	468
454	469
454	471
454	472
454	473
454	475
454	481
454	482
454	1719
454	1727
454	1763
454	1792
455	457
455	459
455	461
455	463
455	464
455	469
455	471
455	472
455	473
455	475
455	481
455	482
455	990
455	1114
455	1738
455	1806
457	459
457	461
457	463
457	464
457	469
457	472
457	473
457	475
457	482
457	1709
457	1752
457	1765
457	1802
457	1821
459	461
459	463
459	468
459	469
459	471
459	472
459	473
459	475
459	482
459	985
459	1040
459	1050
459	1073
459	1750
459	1785
461	463
461	468
461	469
461	471
461	472
461	473
461	475
461	481
461	482
461	1146
461	1779
463	464
463	468
463	469
463	471
463	473
463	475
463	482
463	1071
463	1101
463	1145
464	468
464	469
464	471
464	472
464	473
464	475
464	481
464	482
464	1001
464	1134
464	1719
468	469
468	471
468	472
468	473
468	475
468	481
468	482
468	1142
468	1743
468	1785
469	471
469	472
469	473
469	475
469	481
469	482
471	472
471	473
471	475
471	481
471	482
471	1091
471	1748
471	1798
472	473
472	475
472	481
472	482
472	1075
472	1126
473	481
473	482
473	1738
473	1767
475	482
475	984
475	1092
475	1709
475	1748
481	482
481	981
481	1018
481	1040
481	1050
481	1660
481	1721
481	1734
482	981
482	1073
482	1074
482	1075
482	1660
482	1822
1012	1015
1012	1017
1012	1020
1012	1025
1012	1026
1012	1027
1012	1028
1012	1032
1012	1038
1012	1040
1012	1043
1012	1048
1012	1050
1012	1053
1012	1064
1012	1071
1012	1073
1012	1074
1012	1075
1012	1077
1012	1086
1012	1091
1012	1092
1012	1093
1012	1096
1012	1097
1012	1098
1012	1100
1012	1103
1012	1110
1012	1114
1012	1115
1012	1116
1012	1120
1012	1122
1012	1125
1012	1129
1012	1133
1012	1134
1012	1135
1012	1138
1012	1142
1012	1145
1012	1146
1012	1148
1012	1152
1012	1659
1012	1688
1012	1710
1025	1026
1025	1027
1025	1028
1025	1032
1025	1038
1025	1039
1025	1040
1025	1043
1025	1048
1025	1050
1025	1053
1025	1060
1025	1064
1025	1073
1025	1074
1025	1077
1025	1086
1025	1092
1025	1096
1025	1097
1025	1098
1025	1100
1025	1101
1025	1114
1025	1115
1025	1116
1025	1120
1025	1122
1025	1126
1025	1129
1025	1133
1025	1134
1025	1135
1025	1138
1025	1142
1025	1145
1025	1146
1025	1148
1025	1152
1025	1680
1025	1779
1038	1039
1038	1040
1038	1043
1038	1048
1038	1050
1038	1053
1038	1060
1038	1064
1038	1071
1038	1073
1038	1074
1038	1075
1038	1086
1038	1091
1038	1092
1038	1093
1038	1097
1038	1098
1038	1101
1038	1103
1038	1110
1038	1114
1038	1115
1038	1116
1038	1120
1038	1122
1038	1125
1038	1126
1038	1129
1038	1133
1038	1135
1038	1142
1038	1145
1038	1146
1038	1152
1038	1688
1038	1747
1038	1765
1038	1779
1038	1785
1038	1800
1086	1091
1086	1092
1086	1093
1086	1096
1086	1097
1086	1098
1086	1100
1086	1101
1086	1103
1086	1110
1086	1114
1086	1116
1086	1120
1086	1122
1086	1125
1086	1126
1086	1129
1086	1133
1086	1134
1086	1138
1086	1142
1086	1146
1086	1148
1086	1152
1086	1715
1086	1745
1126	1129
1126	1133
1126	1135
1126	1138
1126	1142
1126	1145
1126	1146
1126	1148
1126	1152
1126	1700
1126	1721
1126	1749
1133	1134
1133	1138
1133	1142
1133	1146
1133	1148
1133	1152
1133	1739
1133	1752
1133	1816
1647	1648
1647	1657
1647	1658
1647	1659
1647	1660
1647	1662
1647	1680
1647	1683
1647	1686
1647	1688
1647	1690
1647	1692
1647	1696
1647	1699
1647	1700
1647	1702
1647	1709
1647	1710
1647	1714
1647	1715
1647	1717
1647	1719
1647	1727
1647	1729
1647	1733
1647	1734
1647	1736
1647	1738
1647	1739
1647	1743
1647	1748
1647	1750
1647	1752
1647	1762
1647	1763
1647	1767
1647	1768
1647	1773
1647	1785
1647	1791
1647	1794
1647	1798
1647	1800
1647	1802
1647	1805
1647	1809
1647	1813
1647	1816
1647	1817
1647	1821
1647	1825
1648	1658
1648	1659
1648	1662
1648	1676
1648	1680
1648	1683
1648	1685
1648	1686
1648	1688
1648	1690
1648	1692
1648	1696
1648	1699
1648	1702
1648	1709
1648	1714
1648	1715
1648	1717
1648	1719
1648	1721
1648	1727
1648	1729
1648	1733
1648	1734
1648	1736
1648	1738
1648	1739
1648	1743
1648	1745
1648	1747
1648	1748
1648	1749
1648	1750
1648	1752
1648	1754
1648	1762
1648	1765
1648	1767
1648	1768
1648	1771
1648	1773
1648	1792
1648	1794
1648	1798
1648	1802
1648	1805
1648	1806
1648	1813
1648	1816
1648	1817
1648	1821
1648	1822
1648	1825
1657	1658
1657	1660
1657	1662
1657	1676
1657	1680
1657	1685
1657	1686
1657	1688
1657	1690
1657	1692
1657	1696
1657	1701
1657	1702
1657	1709
1657	1714
1657	1715
1657	1717
1657	1721
1657	1727
1657	1729
1657	1733
1657	1734
1657	1736
1657	1738
1657	1739
1657	1743
1657	1745
1657	1747
1657	1748
1657	1750
1657	1752
1657	1754
1657	1762
1657	1765
1657	1768
1657	1771
1657	1773
1657	1785
1657	1791
1657	1792
1657	1794
1657	1798
1657	1800
1657	1802
1657	1806
1657	1813
1657	1817
1657	1821
1657	1822
1657	1825
1658	1659
1658	1660
1658	1662
1658	1676
1658	1680
1658	1683
1658	1685
1658	1686
1658	1688
1658	1690
1658	1692
1658	1696
1658	1699
1658	1701
1658	1702
1658	1709
1658	1710
1658	1714
1658	1715
1658	1719
1658	1721
1658	1729
1658	1733
1658	1734
1658	1736
1658	1739
1658	1743
1658	1745
1658	1747
1658	1749
1658	1750
1658	1752
1658	1754
1658	1762
1658	1763
1658	1767
1658	1768
1658	1773
1658	1779
1658	1785
1658	1792
1658	1794
1658	1800
1658	1802
1658	1805
1658	1806
1658	1809
1658	1821
1658	1825
1659	1660
1659	1662
1659	1676
1659	1680
1659	1683
1659	1685
1659	1686
1659	1688
1659	1690
1659	1692
1659	1696
1659	1699
1659	1700
1659	1701
1659	1702
1659	1710
1659	1714
1659	1715
1659	1717
1659	1719
1659	1727
1659	1733
1659	1734
1659	1736
1659	1738
1659	1739
1659	1743
1659	1745
1659	1747
1659	1748
1659	1749
1659	1752
1659	1754
1659	1762
1659	1765
1659	1767
1659	1768
1659	1771
1659	1773
1659	1779
1659	1785
1659	1792
1659	1798
1659	1800
1659	1802
1659	1805
1659	1809
1659	1817
1659	1822
1659	1825
1660	1662
1660	1676
1660	1683
1660	1685
1660	1686
1660	1688
1660	1690
1660	1692
1660	1696
1660	1699
1660	1700
1660	1701
1660	1702
1660	1709
1660	1710
1660	1714
1660	1715
1660	1717
1660	1719
1660	1721
1660	1729
1660	1733
1660	1734
1660	1736
1660	1738
1660	1739
1660	1745
1660	1747
1660	1748
1660	1749
1660	1750
1660	1752
1660	1754
1660	1763
1660	1765
1660	1767
1660	1768
1660	1785
1660	1791
1660	1792
1660	1798
1660	1800
1660	1802
1660	1805
1660	1806
1660	1809
1660	1813
1660	1816
1660	1817
1660	1821
1660	1822
1660	1825
1662	1676
1662	1680
1662	1685
1662	1686
1662	1690
1662	1692
1662	1699
1662	1700
1662	1702
1662	1709
1662	1714
1662	1715
1662	1717
1662	1719
1662	1721
1662	1727
1662	1729
1662	1733
1662	1734
1662	1738
1662	1739
1662	1743
1662	1745
1662	1747
1662	1748
1662	1749
1662	1750
1662	1754
1662	1763
1662	1765
1662	1767
1662	1768
1662	1771
1662	1773
1662	1779
1662	1791
1662	1792
1662	1794
1662	1798
1662	1800
1662	1802
1662	1805
1662	1806
1662	1809
1662	1813
1662	1816
1662	1817
1662	1821
1662	1822
1680	1683
1680	1685
1680	1686
1680	1688
1680	1690
1680	1692
1680	1696
1680	1699
1680	1701
1680	1702
1680	1709
1680	1710
1680	1714
1680	1715
1680	1717
1680	1719
1680	1721
1680	1727
1680	1733
1680	1734
1680	1736
1680	1739
1680	1743
1680	1745
1680	1747
1680	1748
1680	1749
1680	1750
1680	1752
1680	1754
1680	1762
1680	1763
1680	1765
1680	1768
1680	1771
1680	1773
1680	1779
1680	1785
1680	1791
1680	1792
1680	1794
1680	1800
1680	1802
1680	1805
1680	1806
1680	1809
1680	1813
1680	1816
1680	1817
1680	1821
1680	1822
1680	1825
1683	1685
1683	1686
1683	1688
1683	1690
1683	1692
1683	1701
1683	1702
1683	1709
1683	1710
1683	1714
1683	1717
1683	1719
1683	1721
1683	1727
1683	1729
1683	1733
1683	1734
1683	1736
1683	1738
1683	1739
1683	1743
1683	1745
1683	1747
1683	1748
1683	1750
1683	1754
1683	1765
1683	1767
1683	1768
1683	1773
1683	1779
1683	1785
1683	1791
1683	1792
1683	1798
1683	1800
1683	1802
1683	1805
1683	1806
1683	1813
1683	1816
1683	1817
1683	1821
1683	1822
1683	1825
1685	1686
1685	1690
1685	1692
1685	1696
1685	1699
1685	1700
1685	1701
1685	1702
1685	1709
1685	1710
1685	1714
1685	1717
1685	1719
1685	1721
1685	1727
1685	1729
1685	1733
1685	1734
1685	1736
1685	1738
1685	1739
1685	1743
1685	1745
1685	1747
1685	1748
1685	1750
1685	1752
1685	1754
1685	1762
1685	1763
1685	1765
1685	1767
1685	1768
1685	1771
1685	1773
1685	1785
1685	1791
1685	1792
1685	1794
1685	1798
1685	1800
1685	1802
1685	1805
1685	1806
1685	1809
1685	1813
1685	1816
1685	1817
1685	1822
1685	1825
1686	1688
1686	1690
1686	1692
1686	1696
1686	1699
1686	1700
1686	1701
1686	1702
1686	1709
1686	1710
1686	1714
1686	1715
1686	1717
1686	1719
1686	1721
1686	1727
1686	1729
1686	1733
1686	1736
1686	1738
1686	1739
1686	1743
1686	1745
1686	1749
1686	1750
1686	1752
1686	1754
1686	1762
1686	1763
1686	1765
1686	1767
1686	1768
1686	1773
1686	1779
1686	1785
1686	1791
1686	1794
1686	1798
1686	1800
1686	1806
1686	1809
1686	1816
1686	1821
1686	1825
1688	1690
1688	1692
1688	1696
1688	1699
1688	1700
1688	1701
1688	1702
1688	1709
1688	1710
1688	1714
1688	1715
1688	1717
1688	1719
1688	1727
1688	1729
1688	1734
1688	1736
1688	1738
1688	1743
1688	1745
1688	1747
1688	1748
1688	1749
1688	1750
1688	1754
1688	1762
1688	1763
1688	1765
1688	1767
1688	1768
1688	1773
1688	1779
1688	1785
1688	1792
1688	1794
1688	1798
1688	1800
1688	1802
1688	1805
1688	1806
1688	1809
1688	1813
1688	1816
1688	1821
1688	1822
1688	1825
1692	1696
1692	1699
1692	1700
1692	1701
1692	1702
1692	1709
1692	1710
1692	1714
1692	1715
1692	1717
1692	1719
1692	1721
1692	1727
1692	1729
1692	1733
1692	1738
1692	1739
1692	1743
1692	1745
1692	1747
1692	1748
1692	1749
1692	1752
1692	1754
1692	1763
1692	1767
1692	1768
1692	1771
1692	1773
1692	1779
1692	1785
1692	1791
1692	1792
1692	1794
1692	1798
1692	1800
1692	1802
1692	1805
1692	1806
1692	1813
1692	1816
1692	1817
1692	1821
1692	1822
1696	1699
1696	1700
1696	1701
1696	1709
1696	1710
1696	1714
1696	1715
1696	1719
1696	1721
1696	1729
1696	1734
1696	1736
1696	1738
1696	1739
1696	1743
1696	1745
1696	1747
1696	1749
1696	1750
1696	1752
1696	1754
1696	1763
1696	1765
1696	1767
1696	1768
1696	1771
1696	1773
1696	1779
1696	1785
1696	1791
1696	1792
1696	1794
1696	1798
1696	1800
1696	1802
1696	1805
1696	1806
1696	1809
1696	1813
1696	1816
1696	1821
1696	1822
1696	1825
1699	1700
1699	1701
1699	1702
1699	1709
1699	1710
1699	1714
1699	1717
1699	1721
1699	1727
1699	1729
1699	1733
1699	1736
1699	1738
1699	1739
1699	1743
1699	1745
1699	1747
1699	1748
1699	1750
1699	1752
1699	1754
1699	1762
1699	1763
1699	1767
1699	1771
1699	1773
1699	1779
1699	1785
1699	1791
1699	1792
1699	1794
1699	1798
1699	1800
1699	1802
1699	1805
1699	1806
1699	1809
1699	1813
1699	1817
1699	1822
1699	1825
1702	1710
1702	1715
1702	1719
1702	1721
1702	1727
1702	1729
1702	1733
1702	1734
1702	1736
1702	1738
1702	1739
1702	1743
1702	1745
1702	1747
1702	1748
1702	1749
1702	1750
1702	1752
1702	1754
1702	1762
1702	1763
1702	1765
1702	1767
1702	1773
1702	1779
1702	1785
1702	1800
1702	1802
1702	1805
1702	1806
1702	1809
1702	1813
1702	1816
1702	1817
1702	1821
1702	1822
1702	1825
1709	1710
1709	1714
1709	1715
1709	1717
1709	1719
1709	1721
1709	1727
1709	1729
1709	1733
1709	1734
1709	1736
1709	1739
1709	1743
1709	1747
1709	1748
1709	1749
1709	1750
1709	1752
1709	1754
1709	1762
1709	1763
1709	1765
1709	1767
1709	1771
1709	1773
1709	1779
1709	1785
1709	1792
1709	1798
1709	1800
1709	1802
1709	1805
1709	1806
1709	1809
1709	1813
1709	1816
1709	1817
1709	1821
1709	1825
1710	1714
1710	1715
1710	1717
1710	1719
1710	1721
1710	1727
1710	1729
1710	1733
1710	1734
1710	1736
1710	1738
1710	1739
1710	1743
1710	1745
1710	1747
1710	1748
1710	1749
1710	1750
1710	1752
1710	1754
1710	1763
1710	1765
1710	1767
1710	1771
1710	1779
1710	1785
1710	1791
1710	1792
1710	1794
1710	1798
1710	1800
1710	1802
1710	1805
1710	1806
1710	1809
1710	1813
1710	1816
1710	1817
1710	1821
1710	1822
1710	1825
1714	1715
1714	1717
1714	1719
1714	1721
1714	1727
1714	1729
1714	1733
1714	1734
1714	1736
1714	1738
1714	1743
1714	1747
1714	1748
1714	1749
1714	1750
1714	1752
1714	1754
1714	1762
1714	1763
1714	1765
1714	1767
1714	1768
1714	1771
1714	1773
1714	1779
1714	1785
1714	1791
1714	1792
1714	1798
1714	1800
1714	1802
1714	1806
1714	1809
1714	1813
1714	1816
1714	1817
1714	1821
1714	1822
1715	1717
1715	1719
1715	1721
1715	1727
1715	1733
1715	1734
1715	1736
1715	1738
1715	1739
1715	1743
1715	1745
1715	1747
1715	1748
1715	1749
1715	1750
1715	1752
1715	1754
1715	1762
1715	1763
1715	1767
1715	1768
1715	1771
1715	1773
1715	1779
1715	1785
1715	1791
1715	1792
1715	1794
1715	1798
1715	1800
1715	1802
1715	1805
1715	1809
1715	1816
1715	1817
1715	1821
1715	1822
1717	1719
1717	1721
1717	1727
1717	1729
1717	1733
1717	1734
1717	1736
1717	1738
1717	1739
1717	1747
1717	1749
1717	1754
1717	1762
1717	1763
1717	1765
1717	1768
1717	1771
1717	1773
1717	1779
1717	1785
1717	1791
1717	1792
1717	1794
1717	1798
1717	1800
1717	1802
1717	1805
1717	1806
1717	1809
1717	1813
1717	1816
1717	1817
1717	1821
1717	1822
1717	1825
1719	1721
1719	1727
1719	1729
1719	1734
1719	1736
1719	1738
1719	1743
1719	1745
1719	1747
1719	1748
1719	1749
1719	1750
1719	1752
1719	1754
1719	1762
1719	1763
1719	1765
1719	1768
1719	1771
1719	1779
1719	1785
1719	1791
1719	1794
1719	1798
1719	1800
1719	1805
1719	1806
1719	1809
1719	1813
1719	1816
1719	1817
1719	1821
1719	1822
1719	1825
1721	1727
1721	1729
1721	1733
1721	1734
1721	1736
1721	1739
1721	1743
1721	1745
1721	1747
1721	1748
1721	1749
1721	1752
1721	1754
1721	1762
1721	1765
1721	1767
1721	1768
1721	1771
1721	1773
1721	1779
1721	1785
1721	1791
1721	1792
1721	1794
1721	1798
1721	1800
1721	1802
1721	1805
1721	1806
1721	1809
1721	1813
1721	1816
1721	1817
1721	1821
1721	1825
1727	1729
1727	1733
1727	1734
1727	1736
1727	1738
1727	1739
1727	1743
1727	1745
1727	1747
1727	1748
1727	1749
1727	1750
1727	1752
1727	1754
1727	1762
1727	1767
1727	1768
1727	1771
1727	1779
1727	1785
1727	1791
1727	1792
1727	1798
1727	1800
1727	1802
1727	1805
1727	1806
1727	1809
1727	1813
1727	1816
1727	1817
1727	1821
1727	1822
1727	1825
1729	1733
1729	1734
1729	1736
1729	1738
1729	1739
1729	1743
1729	1745
1729	1747
1729	1748
1729	1749
1729	1750
1729	1752
1729	1762
1729	1763
1729	1767
1729	1768
1729	1771
1729	1773
1729	1779
1729	1785
1729	1791
1729	1792
1729	1794
1729	1798
1729	1800
1729	1805
1729	1809
1729	1813
1729	1816
1729	1817
1729	1821
1729	1822
1729	1825
1733	1734
1733	1736
1733	1739
1733	1743
1733	1745
1733	1747
1733	1748
1733	1749
1733	1750
1733	1752
1733	1762
1733	1763
1733	1765
1733	1767
1733	1768
1733	1773
1733	1779
1733	1785
1733	1792
1733	1794
1733	1798
1733	1800
1733	1802
1733	1805
1733	1806
1733	1809
1733	1813
1733	1816
1733	1821
1733	1822
1733	1825
1734	1736
1734	1738
1734	1739
1734	1743
1734	1745
1734	1747
1734	1749
1734	1750
1734	1752
1734	1754
1734	1762
1734	1767
1734	1768
1734	1771
1734	1773
1734	1779
1734	1785
1734	1791
1734	1792
1734	1794
1734	1800
1734	1802
1734	1805
1734	1806
1734	1809
1734	1813
1734	1816
1734	1817
1734	1822
1734	1825
1736	1738
1736	1739
1736	1743
1736	1745
1736	1748
1736	1750
1736	1754
1736	1762
1736	1765
1736	1768
1736	1771
1736	1779
1736	1785
1736	1791
1736	1792
1736	1794
1736	1798
1736	1800
1736	1802
1736	1805
1736	1806
1736	1809
1736	1816
1736	1817
1736	1821
1736	1825
1738	1743
1738	1745
1738	1747
1738	1749
1738	1750
1738	1752
1738	1762
1738	1763
1738	1765
1738	1767
1738	1768
1738	1771
1738	1773
1738	1779
1738	1785
1738	1791
1738	1792
1738	1794
1738	1798
1738	1800
1738	1802
1738	1806
1738	1809
1738	1816
1738	1817
1738	1821
1738	1822
1738	1825
1739	1743
1739	1745
1739	1747
1739	1748
1739	1749
1739	1750
1739	1752
1739	1754
1739	1763
1739	1765
1739	1767
1739	1768
1739	1771
1739	1773
1739	1779
1739	1785
1739	1791
1739	1794
1739	1798
1739	1800
1739	1802
1739	1805
1739	1806
1739	1809
1739	1813
1739	1816
1739	1817
1739	1821
1739	1822
1739	1825
1743	1745
1743	1747
1743	1748
1743	1749
1743	1750
1743	1752
1743	1754
1743	1762
1743	1763
1743	1765
1743	1767
1743	1768
1743	1771
1743	1773
1743	1779
1743	1791
1743	1792
1743	1794
1743	1798
1743	1800
1743	1802
1743	1805
1743	1806
1743	1809
1743	1816
1743	1817
1743	1821
1743	1822
1743	1825
1745	1748
1745	1749
1745	1750
1745	1752
1745	1754
1745	1762
1745	1765
1745	1767
1745	1768
1745	1771
1745	1773
1745	1779
1745	1785
1745	1791
1745	1792
1745	1794
1745	1798
1745	1800
1745	1802
1745	1805
1745	1806
1745	1809
1745	1816
1745	1817
1745	1825
1747	1748
1747	1749
1747	1750
1747	1752
1747	1754
1747	1762
1747	1763
1747	1767
1747	1771
1747	1785
1747	1792
1747	1794
1747	1798
1747	1806
1747	1809
1747	1813
1747	1817
1747	1821
1747	1822
1747	1825
1748	1749
1748	1750
1748	1752
1748	1754
1748	1762
1748	1763
1748	1765
1748	1767
1748	1768
1748	1771
1748	1773
1748	1779
1748	1785
1748	1791
1748	1792
1748	1794
1748	1798
1748	1800
1748	1802
1748	1805
1748	1806
1748	1809
1748	1813
1748	1817
1748	1821
1748	1822
1750	1752
1750	1754
1750	1763
1750	1765
1750	1767
1750	1768
1750	1771
1750	1773
1750	1779
1750	1785
1750	1791
1750	1792
1750	1794
1750	1800
1750	1802
1750	1805
1750	1806
1750	1809
1750	1816
1750	1817
1750	1821
1750	1822
1750	1825
1752	1754
1752	1762
1752	1763
1752	1767
1752	1768
1752	1771
1752	1773
1752	1779
1752	1791
1752	1792
1752	1794
1752	1798
1752	1800
1752	1802
1752	1805
1752	1806
1752	1809
1752	1813
1752	1816
1752	1817
1752	1821
1752	1822
1752	1825
1754	1762
1754	1765
1754	1767
1754	1768
1754	1771
1754	1773
1754	1779
1754	1785
1754	1791
1754	1792
1754	1794
1754	1798
1754	1800
1754	1802
1754	1805
1754	1806
1754	1809
1754	1813
1754	1817
1754	1822
1754	1825
1762	1763
1762	1765
1762	1768
1762	1771
1762	1773
1762	1779
1762	1785
1762	1791
1762	1792
1762	1798
1762	1800
1762	1802
1762	1806
1762	1809
1762	1813
1762	1816
1762	1821
1762	1822
1763	1765
1763	1767
1763	1768
1763	1771
1763	1773
1763	1779
1763	1785
1763	1791
1763	1792
1763	1794
1763	1798
1763	1800
1763	1802
1763	1805
1763	1806
1763	1809
1763	1813
1763	1816
1763	1817
1763	1821
1763	1822
1765	1767
1765	1768
1765	1771
1765	1773
1765	1779
1765	1785
1765	1791
1765	1792
1765	1794
1765	1798
1765	1800
1765	1802
1765	1805
1765	1806
1765	1809
1765	1813
1765	1816
1765	1817
1765	1821
1765	1822
1765	1825
1767	1768
1767	1771
1767	1773
1767	1779
1767	1785
1767	1792
1767	1794
1767	1798
1767	1800
1767	1802
1767	1805
1767	1806
1767	1809
1767	1813
1767	1817
1767	1822
1767	1825
1768	1773
1768	1779
1768	1785
1768	1791
1768	1792
1768	1798
1768	1800
1768	1802
1768	1805
1768	1806
1768	1809
1768	1813
1768	1816
1768	1817
1768	1822
1768	1825
1771	1779
1771	1785
1771	1791
1771	1792
1771	1794
1771	1798
1771	1800
1771	1802
1771	1805
1771	1806
1771	1809
1771	1813
1771	1816
1771	1817
1771	1821
1771	1822
1771	1825
1773	1779
1773	1785
1773	1791
1773	1794
1773	1798
1773	1802
1773	1805
1773	1806
1773	1809
1773	1813
1773	1816
1773	1817
1773	1821
1773	1822
1773	1825
1779	1785
1779	1791
1779	1792
1779	1794
1779	1798
1779	1800
1779	1802
1779	1805
1779	1806
1779	1809
1779	1816
1779	1817
1779	1822
1779	1825
1785	1791
1785	1792
1785	1794
1785	1798
1785	1800
1785	1802
1785	1805
1785	1806
1785	1813
1785	1816
1785	1821
1785	1822
1791	1792
1791	1794
1791	1798
1791	1800
1791	1802
1791	1805
1791	1809
1791	1813
1791	1816
1791	1817
1791	1821
1791	1825
1792	1798
1792	1802
1792	1805
1792	1806
1792	1809
1792	1813
1792	1816
1792	1817
1792	1821
1792	1822
1792	1825
1798	1802
1798	1806
1798	1809
1798	1813
1798	1816
1798	1821
1798	1822
1798	1825
1800	1802
1800	1805
1800	1806
1800	1809
1800	1813
1800	1816
1800	1817
1800	1821
1800	1822
1800	1825
1802	1805
1802	1806
1802	1809
1802	1813
1802	1816
1802	1817
1802	1821
1802	1822
1802	1825
1805	1809
1805	1813
1805	1816
1805	1817
1805	1822
1806	1809
1806	1813
1806	1816
1806	1817
1806	1822
1806	1825
1809	1816
1809	1817
1809	1821
1809	1825
1813	1816
1813	1817
1813	1822
1813	1825
1816	1821
1817	1821
1817	1822
1817	1825
1821	1822
1821	1825
342	343
342	345
342	347
342	350
342	352
342	353
342	361
342	363
342	367
342	371
342	373
342	380
342	384
342	387
342	395
342	396
342	398
342	402
342	406
342	407
342	409
342	410
342	411
342	414
342	421
342	437
342	438
342	439
342	443
342	447
342	451
342	454
342	455
342	457
342	459
342	461
342	463
342	464
342	468
342	469
342	471
342	472
342	473
342	475
342	481
342	482
342	1075
342	1138
342	1680
342	1750
342	1768
352	353
352	361
352	363
352	364
352	371
352	373
352	380
352	387
352	395
352	398
352	402
352	406
352	407
352	408
352	409
352	410
352	411
352	414
352	416
352	419
352	421
352	437
352	438
352	439
352	441
352	443
352	447
352	450
352	451
352	454
352	455
352	457
352	461
352	463
352	464
352	469
352	471
352	473
352	481
352	482
352	1012
352	1053
352	1100
352	1657
352	1717
352	1785
352	1809
408	409
408	411
408	414
408	419
408	421
408	437
408	438
408	439
408	443
408	450
408	451
408	454
408	455
408	457
408	459
408	461
408	463
408	464
408	468
408	469
408	471
408	472
408	473
408	475
408	481
408	482
408	1075
408	1648
408	1702
408	1719
408	1794
419	421
419	437
419	438
419	439
419	441
419	443
419	447
419	450
419	451
419	454
419	455
419	461
419	463
419	464
419	468
419	469
419	471
419	472
419	473
419	475
419	481
419	1043
419	1686
419	1717
419	1729
419	1822
421	437
421	438
421	439
421	441
421	447
421	451
421	454
421	455
421	457
421	459
421	461
421	463
421	464
421	468
421	469
421	471
421	472
421	475
421	482
421	989
421	1115
421	1738
421	1798
421	1813
441	443
441	447
441	450
441	451
441	455
441	457
441	459
441	463
441	464
441	468
441	469
441	471
441	472
441	473
441	475
441	481
441	482
441	1027
441	1696
441	1717
441	1745
441	1805
1028	1032
1028	1039
1028	1043
1028	1048
1028	1050
1028	1053
1028	1060
1028	1064
1028	1075
1028	1077
1028	1086
1028	1091
1028	1092
1028	1093
1028	1097
1028	1098
1028	1100
1028	1101
1028	1110
1028	1116
1028	1120
1028	1122
1028	1129
1028	1133
1028	1134
1028	1135
1028	1138
1028	1142
1028	1145
1028	1146
1028	1148
1028	1152
1028	1685
1028	1700
1028	1749
1028	1798
1028	1817
1040	1043
1040	1050
1040	1053
1040	1060
1040	1064
1040	1071
1040	1073
1040	1077
1040	1091
1040	1092
1040	1093
1040	1096
1040	1097
1040	1098
1040	1100
1040	1101
1040	1103
1040	1110
1040	1114
1040	1115
1040	1116
1040	1120
1040	1122
1040	1125
1040	1126
1040	1129
1040	1133
1040	1134
1040	1135
1040	1138
1040	1142
1040	1146
1040	1148
1040	1152
1040	1768
1146	1152
1146	1683
1146	1747
1676	1680
1676	1683
1676	1685
1676	1686
1676	1688
1676	1690
1676	1692
1676	1696
1676	1699
1676	1700
1676	1701
1676	1709
1676	1710
1676	1715
1676	1717
1676	1719
1676	1721
1676	1727
1676	1729
1676	1733
1676	1734
1676	1736
1676	1745
1676	1747
1676	1748
1676	1749
1676	1750
1676	1752
1676	1754
1676	1762
1676	1763
1676	1765
1676	1767
1676	1768
1676	1771
1676	1773
1676	1779
1676	1791
1676	1792
1676	1794
1676	1798
1676	1800
1676	1802
1676	1805
1676	1806
1676	1809
1676	1813
1676	1816
1676	1817
1676	1821
1676	1822
1676	1825
1690	1692
1690	1696
1690	1699
1690	1700
1690	1701
1690	1702
1690	1709
1690	1714
1690	1717
1690	1719
1690	1721
1690	1727
1690	1729
1690	1734
1690	1736
1690	1738
1690	1739
1690	1743
1690	1747
1690	1748
1690	1749
1690	1750
1690	1752
1690	1754
1690	1762
1690	1763
1690	1767
1690	1768
1690	1771
1690	1773
1690	1779
1690	1785
1690	1791
1690	1792
1690	1794
1690	1798
1690	1800
1690	1802
1690	1805
1690	1806
1690	1809
1690	1813
1690	1816
1690	1817
1690	1821
1690	1822
1690	1825
1700	1701
1700	1702
1700	1709
1700	1710
1700	1714
1700	1715
1700	1717
1700	1719
1700	1721
1700	1727
1700	1729
1700	1733
1700	1734
1700	1736
1700	1738
1700	1739
1700	1743
1700	1745
1700	1747
1700	1749
1700	1750
1700	1752
1700	1754
1700	1762
1700	1763
1700	1765
1700	1767
1700	1768
1700	1771
1700	1773
1700	1779
1700	1791
1700	1792
1700	1794
1700	1798
1700	1805
1700	1806
1700	1809
1700	1813
1700	1816
1700	1817
1700	1821
1700	1822
1701	1702
1701	1709
1701	1710
1701	1714
1701	1717
1701	1721
1701	1727
1701	1729
1701	1733
1701	1734
1701	1736
1701	1738
1701	1743
1701	1745
1701	1748
1701	1749
1701	1750
1701	1752
1701	1754
1701	1762
1701	1763
1701	1767
1701	1768
1701	1771
1701	1773
1701	1779
1701	1785
1701	1791
1701	1792
1701	1794
1701	1800
1701	1802
1701	1805
1701	1806
1701	1809
1701	1813
1701	1816
1701	1817
1701	1825
1749	1750
1749	1752
1749	1754
1749	1762
1749	1763
1749	1765
1749	1767
1749	1768
1749	1771
1749	1773
1749	1779
1749	1792
1749	1794
1749	1800
1749	1802
1749	1805
1749	1806
1749	1809
1749	1813
1749	1817
1749	1821
1749	1822
1749	1825
1794	1798
1794	1800
1794	1805
1794	1806
1794	1809
1794	1813
1794	1816
1794	1817
1794	1822
1794	1825
981	984
981	989
981	990
981	994
981	995
981	999
981	1001
981	1002
981	1003
981	1005
981	1006
981	1008
981	1009
981	1012
981	1015
981	1018
981	1020
981	1025
981	1026
981	1027
981	1028
981	1039
981	1040
981	1043
981	1050
981	1060
981	1064
981	1071
981	1073
981	1075
981	1077
981	1086
981	1092
981	1093
981	1097
981	1098
981	1100
981	1101
981	1103
981	1110
981	1114
981	1115
981	1116
981	1120
981	1122
981	1125
981	1126
981	1129
981	1133
981	1134
981	1135
981	1138
981	1142
981	1145
981	1146
981	1148
981	1152
981	1660
981	1710
981	1747
989	990
989	994
989	995
989	999
989	1001
989	1002
989	1003
989	1005
989	1006
989	1009
989	1012
989	1015
989	1017
989	1018
989	1020
989	1025
989	1026
989	1027
989	1032
989	1038
989	1039
989	1043
989	1048
989	1053
989	1060
989	1064
989	1071
989	1073
989	1074
989	1075
989	1077
989	1086
989	1091
989	1092
989	1093
989	1096
989	1098
989	1100
989	1101
989	1103
989	1110
989	1114
989	1115
989	1120
989	1125
989	1126
989	1129
989	1133
989	1134
989	1135
989	1138
989	1142
989	1145
989	1146
989	1148
989	1152
994	995
994	1003
994	1005
994	1006
994	1008
994	1009
994	1012
994	1015
994	1017
994	1018
994	1020
994	1025
994	1026
994	1027
994	1028
994	1032
994	1038
994	1039
994	1043
994	1048
994	1050
994	1053
994	1060
994	1064
994	1071
994	1073
994	1074
994	1075
994	1077
994	1086
994	1091
994	1092
994	1093
994	1096
994	1097
994	1100
994	1101
994	1103
994	1114
994	1115
994	1116
994	1120
994	1126
994	1129
994	1134
994	1135
994	1138
994	1142
994	1145
994	1146
994	1148
994	1152
994	1773
1001	1002
1001	1003
1001	1005
1001	1006
1001	1008
1001	1009
1001	1012
1001	1015
1001	1018
1001	1020
1001	1025
1001	1026
1001	1028
1001	1038
1001	1039
1001	1043
1001	1048
1001	1050
1001	1060
1001	1064
1001	1071
1001	1073
1001	1074
1001	1075
1001	1077
1001	1086
1001	1091
1001	1096
1001	1097
1001	1098
1001	1100
1001	1101
1001	1103
1001	1110
1001	1114
1001	1115
1001	1116
1001	1120
1001	1122
1001	1125
1001	1126
1001	1133
1001	1134
1001	1135
1001	1142
1001	1145
1001	1146
1001	1647
1005	1006
1005	1008
1005	1009
1005	1012
1005	1015
1005	1018
1005	1032
1005	1038
1005	1039
1005	1040
1005	1043
1005	1048
1005	1050
1005	1053
1005	1060
1005	1064
1005	1073
1005	1074
1005	1086
1005	1091
1005	1092
1005	1093
1005	1096
1005	1097
1005	1098
1005	1100
1005	1103
1005	1110
1005	1114
1005	1115
1005	1116
1005	1120
1005	1122
1005	1125
1005	1126
1005	1129
1005	1133
1005	1135
1005	1138
1005	1142
1005	1145
1005	1146
1005	1152
1005	1762
1005	1765
1008	1009
1008	1012
1008	1015
1008	1017
1008	1018
1008	1020
1008	1025
1008	1026
1008	1027
1008	1028
1008	1032
1008	1038
1008	1039
1008	1040
1008	1043
1008	1048
1008	1050
1008	1053
1008	1060
1008	1071
1008	1074
1008	1075
1008	1077
1008	1086
1008	1091
1008	1092
1008	1093
1008	1096
1008	1097
1008	1098
1008	1100
1008	1101
1008	1103
1008	1110
1008	1114
1008	1115
1008	1116
1008	1122
1008	1126
1008	1129
1008	1133
1008	1134
1008	1135
1008	1138
1008	1145
1008	1146
1008	1152
1008	1680
1008	1762
1008	1794
1008	1806
990	995
990	999
990	1001
990	1002
990	1003
990	1005
990	1006
990	1008
990	1009
990	1012
990	1015
990	1017
990	1018
990	1020
990	1025
990	1026
990	1027
990	1028
990	1032
990	1038
990	1039
990	1043
990	1048
990	1053
990	1060
990	1064
990	1071
990	1073
990	1086
990	1091
990	1092
990	1093
990	1096
990	1098
990	1100
990	1101
990	1103
990	1114
990	1115
990	1116
990	1122
990	1125
990	1126
990	1129
990	1133
990	1134
990	1138
990	1146
990	1148
990	1152
990	1685
990	1686
990	1715
990	1767
990	1825
999	1001
999	1002
999	1005
999	1006
999	1008
999	1009
999	1015
999	1017
999	1018
999	1020
999	1025
999	1026
999	1027
999	1028
999	1032
999	1038
999	1039
999	1040
999	1048
999	1050
999	1053
999	1060
999	1064
999	1071
999	1073
999	1074
999	1075
999	1077
999	1086
999	1092
999	1093
999	1096
999	1097
999	1098
999	1100
999	1101
999	1103
999	1110
999	1114
999	1115
999	1116
999	1120
999	1122
999	1125
999	1129
999	1138
999	1142
999	1145
999	1146
999	1148
999	1152
999	1686
999	1747
999	1750
999	1817
1006	1008
1006	1012
1006	1015
1006	1017
1006	1018
1006	1020
1006	1025
1006	1026
1006	1028
1006	1032
1006	1038
1006	1039
1006	1040
1006	1043
1006	1048
1006	1060
1006	1064
1006	1073
1006	1074
1006	1075
1006	1077
1006	1086
1006	1091
1006	1092
1006	1093
1006	1096
1006	1097
1006	1100
1006	1101
1006	1103
1006	1110
1006	1114
1006	1115
1006	1116
1006	1120
1006	1125
1006	1126
1006	1129
1006	1133
1006	1134
1006	1138
1006	1146
1006	1148
1006	1152
1006	1692
1006	1699
1006	1736
1017	1018
1017	1020
1017	1025
1017	1026
1017	1027
1017	1028
1017	1039
1017	1040
1017	1043
1017	1048
1017	1050
1017	1053
1017	1060
1017	1064
1017	1071
1017	1073
1017	1074
1017	1075
1017	1077
1017	1086
1017	1091
1017	1092
1017	1093
1017	1096
1017	1097
1017	1098
1017	1100
1017	1101
1017	1103
1017	1110
1017	1114
1017	1115
1017	1116
1017	1122
1017	1125
1017	1126
1017	1129
1017	1133
1017	1134
1017	1135
1017	1138
1017	1142
1017	1145
1017	1146
1017	1148
1017	1738
1017	1762
1017	1821
1092	1093
1092	1096
1092	1097
1092	1098
1092	1101
1092	1103
1092	1110
1092	1114
1092	1115
1092	1116
1092	1120
1092	1122
1092	1125
1092	1126
1092	1129
1092	1133
1092	1135
1092	1138
1092	1142
1092	1145
1092	1146
1092	1148
1092	1152
1092	1648
1092	1719
1092	1806
1096	1097
1096	1098
1096	1100
1096	1101
1096	1103
1096	1110
1096	1114
1096	1116
1096	1120
1096	1122
1096	1125
1096	1126
1096	1129
1096	1133
1096	1134
1096	1135
1096	1138
1096	1145
1096	1148
1096	1152
1096	1683
1096	1806
1122	1125
1122	1126
1122	1129
1122	1133
1122	1134
1122	1135
1122	1138
1122	1142
1122	1146
1122	1148
1122	1152
1122	1754
1122	1768
1064	1071
1064	1073
1064	1074
1064	1075
1064	1077
1064	1086
1064	1091
1064	1092
1064	1093
1064	1096
1064	1100
1064	1101
1064	1103
1064	1115
1064	1116
1064	1120
1064	1125
1064	1126
1064	1133
1064	1134
1064	1135
1064	1138
1064	1142
1064	1145
1064	1146
1064	1148
1064	1152
1064	1765
1064	1767
1142	1145
1142	1146
1142	1148
1142	1710
1142	1773
1142	1809
1098	1100
1098	1101
1098	1115
1098	1116
1098	1120
1098	1125
1098	1126
1098	1129
1098	1133
1098	1134
1098	1135
1098	1138
1098	1142
1098	1145
1098	1146
1098	1148
1098	1152
1103	1110
1103	1115
1103	1116
1103	1120
1103	1122
1103	1129
1103	1133
1103	1134
1103	1135
1103	1138
1103	1142
1103	1145
1103	1146
1103	1148
1103	1152
1103	1690
1103	1794
1103	1813
1073	1074
1073	1075
1073	1086
1073	1091
1073	1092
1073	1093
1073	1096
1073	1097
1073	1098
1073	1100
1073	1101
1073	1103
1073	1110
1073	1115
1073	1120
1073	1122
1073	1125
1073	1126
1073	1129
1073	1133
1073	1135
1073	1138
1073	1142
1073	1145
1073	1146
1073	1148
1073	1152
1073	1717
1073	1721
1073	1771
1077	1086
1077	1091
1077	1092
1077	1093
1077	1096
1077	1097
1077	1098
1077	1100
1077	1101
1077	1103
1077	1110
1077	1114
1077	1115
1077	1120
1077	1125
1077	1129
1077	1134
1077	1135
1077	1142
1077	1145
1077	1146
1077	1148
1077	1715
1100	1101
1100	1103
1100	1110
1100	1114
1100	1116
1100	1120
1100	1122
1100	1126
1100	1129
1100	1134
1100	1138
1100	1145
1100	1146
1100	1148
1100	1152
1100	1647
1100	1821
1101	1103
1101	1115
1101	1120
1101	1122
1101	1125
1101	1126
1101	1133
1101	1135
1101	1138
1101	1142
1101	1145
1101	1146
1101	1148
1101	1152
995	999
995	1001
995	1002
995	1003
995	1005
995	1006
995	1008
995	1009
995	1012
995	1015
995	1017
995	1018
995	1020
995	1025
995	1026
995	1027
995	1028
995	1032
995	1038
995	1039
995	1040
995	1043
995	1048
995	1050
995	1053
995	1060
995	1071
995	1073
995	1074
995	1075
995	1077
995	1086
995	1091
995	1093
995	1096
995	1098
995	1100
995	1101
995	1110
995	1114
995	1115
995	1116
995	1120
995	1126
995	1129
995	1133
995	1134
995	1135
995	1138
995	1142
995	1145
995	1146
995	1148
995	1152
995	1683
985	989
985	990
985	994
985	995
985	999
985	1001
985	1002
985	1003
985	1005
985	1006
985	1009
985	1012
985	1015
985	1017
985	1018
985	1020
985	1025
985	1026
985	1027
985	1028
985	1039
985	1040
985	1043
985	1048
985	1050
985	1053
985	1060
985	1064
985	1071
985	1073
985	1074
985	1075
985	1077
985	1086
985	1091
985	1092
985	1093
985	1097
985	1098
985	1100
985	1101
985	1103
985	1110
985	1114
985	1115
985	1116
985	1120
985	1122
985	1125
985	1126
985	1129
985	1133
985	1135
985	1138
985	1142
985	1146
985	1148
985	1152
985	1714
985	1749
1071	1074
1071	1075
1071	1077
1071	1086
1071	1091
1071	1092
1071	1096
1071	1097
1071	1098
1071	1101
1071	1110
1071	1114
1071	1115
1071	1116
1071	1120
1071	1125
1071	1126
1071	1129
1071	1133
1071	1134
1071	1135
1071	1138
1071	1142
1071	1145
1071	1148
1071	1747
1071	1806
1093	1096
1093	1097
1093	1098
1093	1100
1093	1101
1093	1103
1093	1110
1093	1114
1093	1115
1093	1116
1093	1120
1093	1122
1093	1125
1093	1126
1093	1129
1093	1134
1093	1135
1093	1138
1093	1145
1093	1146
1093	1152
1093	1686
1093	1739
1093	1747
1093	1765
1050	1060
1050	1071
1050	1073
1050	1074
1050	1075
1050	1077
1050	1092
1050	1093
1050	1096
1050	1097
1050	1098
1050	1100
1050	1101
1050	1103
1050	1110
1050	1114
1050	1115
1050	1116
1050	1120
1050	1122
1050	1125
1050	1126
1050	1129
1050	1133
1050	1134
1050	1135
1050	1138
1050	1142
1050	1145
1050	1146
1050	1148
1050	1152
1050	1647
1050	1748
1050	1805
1050	1825
1075	1077
1075	1086
1075	1092
1075	1093
1075	1096
1075	1098
1075	1100
1075	1101
1075	1110
1075	1114
1075	1115
1075	1122
1075	1125
1075	1126
1075	1129
1075	1133
1075	1134
1075	1135
1075	1138
1075	1142
1075	1145
1075	1146
1075	1148
1075	1152
1075	1647
1148	1152
1148	1647
1148	1648
1026	1028
1026	1032
1026	1038
1026	1039
1026	1040
1026	1043
1026	1048
1026	1050
1026	1053
1026	1060
1026	1064
1026	1071
1026	1073
1026	1074
1026	1075
1026	1077
1026	1086
1026	1092
1026	1093
1026	1096
1026	1097
1026	1103
1026	1110
1026	1116
1026	1120
1026	1122
1026	1125
1026	1129
1026	1133
1026	1138
1026	1142
1026	1146
1026	1148
1026	1152
1026	1662
1026	1676
1026	1680
1026	1765
1032	1038
1032	1039
1032	1040
1032	1043
1032	1048
1032	1053
1032	1060
1032	1064
1032	1071
1032	1073
1032	1077
1032	1086
1032	1091
1032	1096
1032	1097
1032	1098
1032	1100
1032	1101
1032	1103
1032	1110
1032	1114
1032	1116
1032	1120
1032	1122
1032	1125
1032	1126
1032	1129
1032	1133
1032	1134
1032	1142
1032	1145
1032	1146
1032	1148
1032	1152
1032	1729
1032	1765
1032	1791
1032	1805
1053	1060
1053	1064
1053	1071
1053	1073
1053	1074
1053	1075
1053	1077
1053	1086
1053	1091
1053	1092
1053	1093
1053	1096
1053	1097
1053	1098
1053	1100
1053	1101
1053	1103
1053	1115
1053	1116
1053	1120
1053	1122
1053	1126
1053	1129
1053	1134
1053	1135
1053	1138
1053	1142
1053	1145
1053	1146
1053	1148
1053	1152
1053	1798
1138	1142
1138	1146
1138	1148
1138	1152
1138	1647
1138	1733
1138	1747
1138	1749
1120	1122
1120	1125
1120	1126
1120	1129
1120	1133
1120	1134
1120	1135
1120	1138
1120	1142
1120	1145
1120	1146
1120	1148
1120	1152
1120	1715
1120	1785
1152	1647
1152	1648
1152	1686
1152	1699
1152	1729
984	985
984	989
984	994
984	995
984	999
984	1001
984	1002
984	1003
984	1005
984	1006
984	1008
984	1009
984	1012
984	1017
984	1018
984	1025
984	1026
984	1028
984	1032
984	1040
984	1043
984	1048
984	1050
984	1053
984	1060
984	1071
984	1074
984	1077
984	1086
984	1091
984	1092
984	1096
984	1098
984	1100
984	1101
984	1103
984	1110
984	1114
984	1115
984	1120
984	1122
984	1125
984	1126
984	1129
984	1133
984	1134
984	1135
984	1138
984	1142
984	1146
984	1148
984	1152
984	1748
1048	1050
1048	1053
1048	1060
1048	1064
1048	1073
1048	1074
1048	1075
1048	1077
1048	1086
1048	1091
1048	1092
1048	1093
1048	1096
1048	1097
1048	1100
1048	1101
1048	1103
1048	1110
1048	1114
1048	1115
1048	1116
1048	1120
1048	1122
1048	1126
1048	1134
1048	1135
1048	1138
1048	1145
1048	1146
1048	1148
1048	1152
1048	1658
1048	1749
1110	1114
1110	1115
1110	1116
1110	1120
1110	1122
1110	1125
1110	1129
1110	1133
1110	1134
1110	1135
1110	1138
1110	1145
1110	1146
1110	1152
1110	1683
1110	1696
1110	1699
1110	1752
1110	1813
1097	1098
1097	1100
1097	1101
1097	1103
1097	1110
1097	1114
1097	1115
1097	1116
1097	1120
1097	1125
1097	1126
1097	1129
1097	1133
1097	1134
1097	1135
1097	1138
1097	1142
1097	1146
1097	1148
1097	1152
1097	1717
1097	1747
1097	1773
1125	1126
1125	1129
1125	1133
1125	1134
1125	1135
1125	1138
1125	1142
1125	1145
1125	1146
1125	1148
1125	1152
1125	1700
1125	1733
1002	1003
1002	1009
1002	1012
1002	1015
1002	1017
1002	1018
1002	1020
1002	1027
1002	1032
1002	1039
1002	1040
1002	1043
1002	1048
1002	1050
1002	1053
1002	1060
1002	1064
1002	1071
1002	1073
1002	1074
1002	1077
1002	1086
1002	1091
1002	1092
1002	1093
1002	1096
1002	1097
1002	1098
1002	1100
1002	1101
1002	1103
1002	1110
1002	1114
1002	1115
1002	1116
1002	1120
1002	1122
1002	1125
1002	1126
1002	1129
1002	1133
1002	1134
1002	1135
1002	1142
1002	1145
1002	1146
1002	1148
1002	1152
1002	1715
1002	1821
1043	1048
1043	1060
1043	1064
1043	1071
1043	1073
1043	1074
1043	1075
1043	1077
1043	1086
1043	1093
1043	1096
1043	1097
1043	1098
1043	1100
1043	1103
1043	1110
1043	1114
1043	1115
1043	1116
1043	1120
1043	1122
1043	1125
1043	1126
1043	1129
1043	1133
1043	1134
1043	1135
1043	1138
1043	1142
1043	1145
1043	1146
1043	1148
1043	1152
1074	1075
1074	1077
1074	1086
1074	1092
1074	1093
1074	1096
1074	1097
1074	1098
1074	1100
1074	1101
1074	1103
1074	1110
1074	1114
1074	1116
1074	1120
1074	1125
1074	1126
1074	1129
1074	1133
1074	1134
1074	1135
1074	1142
1074	1145
1074	1146
1074	1148
1074	1152
1074	1717
1135	1138
1135	1142
1135	1145
1135	1146
1135	1148
1135	1152
1135	1660
1135	1715
1135	1773
1115	1120
1115	1122
1115	1125
1115	1126
1115	1129
1115	1133
1115	1134
1115	1135
1115	1138
1115	1142
1115	1148
1115	1152
1115	1658
1115	1686
1115	1733
1009	1012
1009	1015
1009	1017
1009	1018
1009	1025
1009	1026
1009	1027
1009	1028
1009	1032
1009	1038
1009	1039
1009	1040
1009	1043
1009	1053
1009	1060
1009	1064
1009	1071
1009	1073
1009	1074
1009	1075
1009	1077
1009	1086
1009	1091
1009	1092
1009	1093
1009	1096
1009	1097
1009	1098
1009	1100
1009	1101
1009	1103
1009	1110
1009	1114
1009	1115
1009	1122
1009	1125
1009	1126
1009	1129
1009	1134
1009	1135
1009	1138
1009	1142
1009	1145
1009	1148
1009	1152
1009	1683
1009	1750
1009	1768
1039	1040
1039	1043
1039	1048
1039	1050
1039	1053
1039	1060
1039	1064
1039	1074
1039	1075
1039	1077
1039	1086
1039	1091
1039	1092
1039	1093
1039	1096
1039	1097
1039	1098
1039	1100
1039	1101
1039	1103
1039	1110
1039	1114
1039	1116
1039	1120
1039	1122
1039	1125
1039	1126
1039	1129
1039	1133
1039	1134
1039	1135
1039	1138
1039	1142
1039	1146
1039	1148
1039	1152
1039	1683
1039	1685
1039	1792
1116	1122
1116	1126
1116	1129
1116	1134
1116	1135
1116	1138
1116	1142
1116	1145
1116	1146
1116	1148
1116	1152
1116	1738
1116	1754
1116	1791
1116	1813
1129	1133
1129	1134
1129	1135
1129	1138
1129	1142
1129	1145
1129	1148
1129	1152
1129	1686
1129	1754
1129	1822
1015	1017
1015	1018
1015	1025
1015	1026
1015	1027
1015	1032
1015	1038
1015	1039
1015	1040
1015	1043
1015	1053
1015	1064
1015	1071
1015	1073
1015	1074
1015	1075
1015	1077
1015	1086
1015	1092
1015	1093
1015	1096
1015	1097
1015	1098
1015	1100
1015	1101
1015	1103
1015	1110
1015	1114
1015	1116
1015	1122
1015	1125
1015	1126
1015	1133
1015	1134
1015	1135
1015	1138
1015	1142
1015	1146
1015	1148
1015	1152
1015	1822
1018	1020
1018	1025
1018	1026
1018	1027
1018	1028
1018	1032
1018	1038
1018	1040
1018	1043
1018	1048
1018	1050
1018	1053
1018	1060
1018	1064
1018	1071
1018	1073
1018	1074
1018	1075
1018	1077
1018	1086
1018	1091
1018	1092
1018	1093
1018	1096
1018	1097
1018	1098
1018	1100
1018	1103
1018	1110
1018	1114
1018	1115
1018	1116
1018	1120
1018	1122
1018	1125
1018	1129
1018	1133
1018	1134
1018	1135
1018	1142
1018	1145
1018	1146
1018	1148
1018	1676
1060	1064
1060	1071
1060	1073
1060	1074
1060	1075
1060	1077
1060	1086
1060	1093
1060	1096
1060	1097
1060	1098
1060	1101
1060	1103
1060	1110
1060	1115
1060	1116
1060	1120
1060	1122
1060	1125
1060	1129
1060	1133
1060	1134
1060	1135
1060	1138
1060	1142
1060	1145
1060	1146
1060	1148
1060	1152
1060	1736
1145	1146
1145	1148
1145	1152
1145	1647
1145	1734
1145	1743
1145	1762
1145	1773
1145	1806
1134	1135
1134	1138
1134	1142
1134	1145
1134	1152
1134	1700
1134	1750
1134	1798
1134	1817
1114	1115
1114	1116
1114	1120
1114	1122
1114	1125
1114	1126
1114	1129
1114	1134
1114	1135
1114	1138
1114	1142
1114	1145
1114	1146
1114	1148
1114	1152
1114	1702
1114	1771
1114	1822
1003	1005
1003	1006
1003	1008
1003	1009
1003	1012
1003	1015
1003	1018
1003	1020
1003	1026
1003	1027
1003	1028
1003	1032
1003	1038
1003	1039
1003	1043
1003	1048
1003	1053
1003	1064
1003	1071
1003	1073
1003	1074
1003	1077
1003	1086
1003	1091
1003	1092
1003	1096
1003	1098
1003	1100
1003	1101
1003	1110
1003	1114
1003	1115
1003	1116
1003	1120
1003	1122
1003	1125
1003	1126
1003	1129
1003	1133
1003	1134
1003	1135
1003	1138
1003	1142
1003	1145
1003	1146
1003	1148
1003	1152
1003	1747
1003	1809
1091	1092
1091	1093
1091	1096
1091	1097
1091	1098
1091	1100
1091	1101
1091	1103
1091	1110
1091	1114
1091	1115
1091	1116
1091	1120
1091	1122
1091	1125
1091	1126
1091	1129
1091	1133
1091	1134
1091	1138
1091	1142
1091	1145
1091	1146
1091	1148
1091	1152
1091	1762
1091	1763
1091	1779
1091	1802
1027	1028
1027	1032
1027	1038
1027	1039
1027	1040
1027	1043
1027	1050
1027	1053
1027	1060
1027	1064
1027	1071
1027	1073
1027	1074
1027	1075
1027	1077
1027	1086
1027	1091
1027	1092
1027	1093
1027	1096
1027	1097
1027	1098
1027	1101
1027	1103
1027	1110
1027	1114
1027	1115
1027	1116
1027	1120
1027	1122
1027	1125
1027	1126
1027	1129
1027	1133
1027	1134
1027	1135
1027	1138
1027	1142
1027	1145
1027	1146
1027	1715
1027	1785
1020	1025
1020	1026
1020	1027
1020	1028
1020	1032
1020	1038
1020	1039
1020	1040
1020	1043
1020	1048
1020	1050
1020	1053
1020	1060
1020	1064
1020	1071
1020	1073
1020	1075
1020	1086
1020	1091
1020	1092
1020	1093
1020	1096
1020	1097
1020	1098
1020	1100
1020	1101
1020	1103
1020	1110
1020	1114
1020	1115
1020	1120
1020	1122
1020	1125
1020	1126
1020	1133
1020	1134
1020	1135
1020	1145
1020	1146
1020	1152
1020	1683
1020	1734
