# Undirected graph (each unordered pair of nodes is saved once): output/networks/SmallWorldRewire05removeDegree-90percent.txt
# Nodes: 200 Edges: 6084
# NodeId	NodeId
309	311
309	319
309	321
309	325
309	326
309	337
309	339
309	342
309	343
309	345
309	350
309	351
309	352
309	353
309	356
309	357
309	359
309	361
309	363
309	364
309	365
309	367
309	368
309	370
309	371
309	380
309	381
309	382
309	390
309	392
309	406
309	407
309	409
309	411
309	412
309	414
309	416
309	418
309	419
309	421
309	436
309	437
309	441
309	451
309	452
309	454
309	455
309	459
309	461
309	464
309	467
309	469
309	472
309	473
309	475
309	1809
309	1810
309	1817
309	1821
319	324
319	325
319	326
319	337
319	339
319	342
319	343
319	345
319	350
319	351
319	352
319	353
319	356
319	357
319	359
319	363
319	364
319	365
319	366
319	367
319	368
319	370
319	371
319	380
319	382
319	384
319	390
319	392
319	396
319	407
319	408
319	410
319	411
319	412
319	414
319	416
319	418
319	419
319	436
319	437
319	441
319	451
319	452
319	454
319	455
319	459
319	461
319	463
319	467
319	469
319	472
319	473
319	475
319	482
319	1053
319	1098
319	1122
321	324
321	325
321	326
321	337
321	339
321	342
321	343
321	345
321	351
321	352
321	353
321	357
321	359
321	363
321	364
321	365
321	366
321	370
321	371
321	384
321	390
321	392
321	396
321	398
321	406
321	407
321	409
321	411
321	412
321	416
321	418
321	419
321	421
321	437
321	441
321	452
321	455
321	459
321	461
321	463
321	464
321	467
321	473
321	475
321	481
321	1043
321	1060
321	1080
321	1106
321	1145
321	1705
321	1740
321	1752
321	1759
321	1816
321	1821
324	326
324	337
324	339
324	342
324	345
324	350
324	351
324	352
324	356
324	357
324	359
324	361
324	364
324	365
324	366
324	367
324	368
324	370
324	371
324	380
324	381
324	384
324	390
324	396
324	398
324	406
324	407
324	408
324	409
324	410
324	411
324	412
324	414
324	416
324	418
324	419
324	421
324	436
324	437
324	441
324	451
324	454
324	455
324	459
324	463
324	464
324	467
324	472
324	473
324	481
324	482
324	1657
324	1705
324	1747
325	326
325	337
325	339
325	342
325	343
325	345
325	350
325	351
325	352
325	353
325	356
325	357
325	361
325	363
325	364
325	366
325	367
325	368
325	370
325	371
325	380
325	381
325	382
325	390
325	392
325	396
325	406
325	407
325	408
325	409
325	410
325	411
325	412
325	414
325	416
325	418
325	419
325	421
325	436
325	437
325	441
325	451
325	452
325	454
325	459
325	461
325	467
325	472
325	481
325	482
325	984
325	1038
325	1062
325	1083
325	1098
325	1686
326	337
326	339
326	342
326	343
326	345
326	350
326	351
326	352
326	353
326	356
326	363
326	364
326	365
326	366
326	367
326	368
326	371
326	380
326	381
326	382
326	390
326	392
326	396
326	398
326	406
326	408
326	410
326	411
326	412
326	414
326	416
326	418
326	419
326	421
326	436
326	437
326	441
326	451
326	452
326	459
326	461
326	463
326	464
326	467
326	469
326	473
326	475
326	482
326	1020
326	1734
326	1745
326	1802
337	339
337	342
337	343
337	350
337	352
337	353
337	356
337	359
337	364
337	365
337	366
337	368
337	370
337	371
337	380
337	381
337	382
337	384
337	390
337	392
337	398
337	406
337	407
337	408
337	409
337	410
337	411
337	412
337	414
337	416
337	419
337	421
337	436
337	437
337	441
337	451
337	452
337	454
337	455
337	459
337	461
337	463
337	464
337	467
337	469
337	472
337	473
337	475
337	481
337	482
337	1010
337	1062
337	1156
337	1713
337	1778
339	342
339	343
339	345
339	350
339	351
339	352
339	353
339	356
339	357
339	359
339	363
339	364
339	365
339	366
339	367
339	370
339	371
339	380
339	381
339	382
339	384
339	390
339	392
339	396
339	398
339	406
339	407
339	408
339	409
339	411
339	412
339	416
339	418
339	419
339	421
339	436
339	437
339	451
339	452
339	454
339	455
339	459
339	461
339	463
339	467
339	469
339	472
339	473
339	475
339	481
339	482
339	984
339	1093
339	1714
339	1814
343	345
343	350
343	352
343	353
343	357
343	359
343	361
343	363
343	366
343	367
343	368
343	370
343	371
343	381
343	384
343	390
343	406
343	407
343	408
343	410
343	412
343	414
343	418
343	419
343	421
343	436
343	441
343	451
343	452
343	454
343	455
343	459
343	461
343	463
343	464
343	467
343	469
343	473
343	475
343	481
343	482
343	969
343	1103
343	1146
343	1151
343	1662
343	1733
343	1797
343	1798
345	350
345	351
345	352
345	353
345	356
345	357
345	359
345	363
345	365
345	366
345	367
345	368
345	370
345	371
345	380
345	381
345	382
345	384
345	390
345	392
345	396
345	398
345	406
345	407
345	408
345	409
345	410
345	411
345	412
345	414
345	418
345	419
345	421
345	436
345	441
345	451
345	452
345	454
345	455
345	461
345	463
345	464
345	469
345	472
345	475
345	481
345	482
345	1114
350	353
350	356
350	357
350	359
350	361
350	363
350	364
350	365
350	366
350	367
350	368
350	370
350	371
350	380
350	381
350	382
350	384
350	390
350	392
350	398
350	407
350	408
350	409
350	410
350	411
350	412
350	414
350	416
350	418
350	419
350	421
350	436
350	437
350	451
350	452
350	454
350	455
350	459
350	463
350	467
350	469
350	472
350	473
350	475
350	481
350	990
350	1005
350	1020
350	1101
350	1709
351	352
351	353
351	356
351	357
351	359
351	361
351	363
351	364
351	365
351	366
351	367
351	368
351	370
351	380
351	382
351	384
351	390
351	392
351	396
351	398
351	406
351	407
351	409
351	410
351	411
351	412
351	414
351	416
351	418
351	419
351	421
351	437
351	441
351	451
351	452
351	455
351	461
351	463
351	464
351	467
351	469
351	472
351	473
351	475
351	481
351	995
351	1658
351	1719
351	1762
351	1797
351	1805
351	1809
353	356
353	359
353	361
353	363
353	364
353	365
353	366
353	367
353	371
353	380
353	381
353	382
353	384
353	390
353	392
353	396
353	398
353	406
353	407
353	408
353	409
353	410
353	411
353	412
353	414
353	416
353	418
353	421
353	436
353	437
353	451
353	452
353	454
353	455
353	459
353	461
353	463
353	464
353	467
353	469
353	472
353	473
353	475
353	481
353	482
353	1699
353	1762
353	1813
356	359
356	361
356	363
356	364
356	365
356	366
356	367
356	368
356	370
356	371
356	381
356	382
356	384
356	390
356	392
356	396
356	398
356	406
356	407
356	408
356	409
356	410
356	411
356	412
356	414
356	418
356	419
356	421
356	436
356	437
356	441
356	451
356	452
356	454
356	455
356	459
356	461
356	463
356	464
356	467
356	469
356	473
356	475
356	481
356	482
356	1696
356	1710
356	1768
356	1773
357	359
357	361
357	363
357	364
357	365
357	366
357	370
357	371
357	380
357	381
357	382
357	384
357	390
357	392
357	396
357	398
357	406
357	407
357	408
357	409
357	410
357	411
357	412
357	414
357	416
357	418
357	419
357	437
357	451
357	452
357	455
357	459
357	461
357	463
357	464
357	467
357	469
357	472
357	473
357	475
357	481
357	482
357	1025
357	1071
357	1686
357	1699
357	1744
359	361
359	363
359	365
359	366
359	367
359	368
359	370
359	371
359	380
359	381
359	384
359	390
359	396
359	398
359	408
359	409
359	410
359	411
359	412
359	414
359	416
359	418
359	419
359	421
359	436
359	437
359	441
359	451
359	452
359	454
359	455
359	459
359	461
359	463
359	464
359	467
359	469
359	472
359	473
359	475
359	481
359	482
359	1101
359	1688
359	1696
359	1736
359	1763
361	363
361	364
361	365
361	366
361	368
361	370
361	380
361	381
361	382
361	390
361	392
361	396
361	398
361	406
361	407
361	408
361	409
361	410
361	411
361	414
361	416
361	418
361	419
361	421
361	436
361	437
361	441
361	451
361	452
361	454
361	455
361	459
361	461
361	463
361	464
361	467
361	469
361	472
361	473
361	475
361	481
361	1013
361	1101
361	1727
361	1766
363	364
363	365
363	366
363	367
363	368
363	370
363	371
363	380
363	382
363	384
363	392
363	396
363	398
363	406
363	407
363	408
363	409
363	410
363	411
363	412
363	414
363	416
363	418
363	419
363	436
363	441
363	451
363	452
363	454
363	455
363	459
363	461
363	463
363	464
363	467
363	469
363	472
363	473
363	482
363	1062
363	1100
363	1116
363	1658
363	1752
363	1810
364	365
364	366
364	367
364	368
364	370
364	371
364	380
364	381
364	382
364	384
364	390
364	392
364	398
364	406
364	407
364	408
364	409
364	410
364	411
364	412
364	414
364	416
364	419
364	421
364	436
364	437
364	441
364	451
364	452
364	454
364	455
364	459
364	461
364	463
364	464
364	467
364	469
364	472
364	473
364	475
364	482
364	1658
364	1683
364	1744
364	1767
364	1781
365	366
365	368
365	370
365	371
365	380
365	381
365	382
365	384
365	390
365	392
365	396
365	398
365	407
365	408
365	409
365	410
365	411
365	416
365	418
365	419
365	421
365	436
365	441
365	452
365	454
365	455
365	459
365	461
365	463
365	464
365	467
365	469
365	472
365	473
365	475
365	481
365	482
365	1116
365	1122
365	1129
365	1148
365	1659
365	1699
365	1775
366	367
366	370
366	371
366	380
366	381
366	382
366	384
366	390
366	392
366	396
366	398
366	406
366	407
366	408
366	409
366	411
366	412
366	414
366	416
366	418
366	419
366	421
366	436
366	437
366	441
366	451
366	452
366	454
366	459
366	461
366	463
366	467
366	469
366	472
366	475
366	481
366	482
366	994
366	1086
366	1093
366	1146
367	370
367	381
367	382
367	384
367	390
367	392
367	396
367	398
367	406
367	407
367	408
367	409
367	410
367	411
367	412
367	414
367	416
367	418
367	419
367	421
367	436
367	437
367	441
367	451
367	452
367	454
367	455
367	459
367	461
367	463
367	464
367	467
367	469
367	472
367	473
367	475
367	481
367	981
367	1028
367	1075
367	1156
367	1733
367	1738
368	370
368	380
368	381
368	382
368	384
368	390
368	392
368	396
368	398
368	406
368	407
368	408
368	409
368	411
368	412
368	416
368	418
368	419
368	421
368	436
368	437
368	441
368	451
368	454
368	455
368	459
368	461
368	463
368	464
368	469
368	472
368	473
368	475
368	481
368	482
368	1098
368	1103
368	1125
368	1821
370	371
370	380
370	382
370	384
370	390
370	392
370	396
370	398
370	406
370	407
370	408
370	409
370	410
370	411
370	412
370	414
370	418
370	419
370	421
370	437
370	441
370	451
370	454
370	455
370	459
370	461
370	463
370	464
370	467
370	469
370	473
370	475
370	481
370	482
370	995
370	1005
370	1145
370	1791
370	1797
371	381
371	382
371	384
371	390
371	392
371	396
371	398
371	406
371	407
371	408
371	409
371	410
371	411
371	412
371	416
371	418
371	419
371	421
371	436
371	437
371	441
371	452
371	454
371	455
371	459
371	461
371	464
371	467
371	469
371	472
371	473
371	475
371	481
371	1126
371	1145
371	1709
371	1762
371	1794
371	1813
380	381
380	382
380	384
380	390
380	392
380	396
380	398
380	406
380	408
380	409
380	411
380	412
380	416
380	418
380	421
380	436
380	437
380	441
380	451
380	452
380	454
380	455
380	459
380	461
380	464
380	467
380	469
380	472
380	473
380	475
380	481
380	482
380	994
380	1054
380	1077
380	1138
380	1810
381	382
381	384
381	390
381	392
381	396
381	398
381	406
381	407
381	408
381	409
381	410
381	411
381	414
381	416
381	418
381	421
381	437
381	441
381	451
381	452
381	454
381	455
381	461
381	463
381	464
381	467
381	469
381	472
381	473
381	475
381	481
381	482
381	994
381	1075
381	1133
381	1736
381	1800
382	384
382	392
382	396
382	398
382	406
382	407
382	408
382	410
382	411
382	412
382	414
382	416
382	418
382	419
382	421
382	436
382	437
382	441
382	451
382	452
382	454
382	455
382	459
382	461
382	463
382	464
382	467
382	469
382	472
382	475
382	482
382	1074
382	1115
382	1648
382	1792
382	1817
384	390
384	396
384	398
384	407
384	408
384	409
384	410
384	411
384	412
384	414
384	416
384	418
384	419
384	436
384	437
384	441
384	451
384	452
384	454
384	455
384	459
384	461
384	463
384	464
384	467
384	469
384	472
384	473
384	475
384	481
384	482
384	1064
384	1106
384	1114
384	1696
390	392
390	396
390	398
390	406
390	407
390	408
390	410
390	411
390	414
390	416
390	419
390	421
390	436
390	441
390	451
390	452
390	454
390	455
390	459
390	461
390	463
390	464
390	467
390	469
390	472
390	473
390	475
390	481
390	482
390	1709
390	1722
390	1734
392	398
392	406
392	407
392	408
392	409
392	410
392	411
392	412
392	414
392	416
392	418
392	421
392	436
392	437
392	441
392	451
392	454
392	455
392	459
392	461
392	463
392	464
392	467
392	469
392	473
392	475
392	481
392	482
392	1038
392	1071
392	1074
396	398
396	406
396	408
396	409
396	410
396	411
396	412
396	414
396	416
396	418
396	419
396	421
396	436
396	437
396	441
396	451
396	452
396	454
396	455
396	459
396	461
396	463
396	467
396	469
396	473
396	475
396	481
396	482
396	1038
396	1103
396	1750
396	1771
396	1801
398	406
398	407
398	408
398	409
398	410
398	411
398	412
398	414
398	418
398	419
398	436
398	441
398	451
398	452
398	454
398	459
398	461
398	463
398	464
398	467
398	469
398	472
398	473
398	475
398	481
398	482
398	1702
398	1720
406	407
406	408
406	409
406	410
406	411
406	412
406	414
406	416
406	418
406	419
406	421
406	436
406	437
406	441
406	451
406	452
406	454
406	455
406	461
406	463
406	467
406	469
406	472
406	475
406	481
406	1098
406	1686
406	1721
406	1740
407	408
407	409
407	410
407	411
407	412
407	414
407	416
407	419
407	421
407	436
407	451
407	452
407	454
407	455
407	461
407	463
407	464
407	467
407	469
407	473
407	481
407	482
407	1083
407	1151
407	1767
407	1794
409	410
409	411
409	412
409	414
409	416
409	419
409	436
409	437
409	441
409	451
409	454
409	455
409	459
409	463
409	464
409	467
409	469
409	472
409	473
409	475
409	481
409	990
409	1029
409	1041
409	1156
409	1658
409	1794
410	412
410	414
410	416
410	418
410	419
410	421
410	436
410	441
410	451
410	452
410	454
410	455
410	459
410	461
410	467
410	472
410	473
410	475
410	481
410	482
410	984
410	1692
410	1709
411	412
411	414
411	416
411	418
411	419
411	436
411	437
411	441
411	451
411	452
411	459
411	461
411	463
411	464
411	467
411	469
411	472
411	481
411	482
411	969
411	1688
411	1739
411	1754
412	414
412	416
412	418
412	419
412	421
412	436
412	437
412	441
412	451
412	452
412	454
412	455
412	459
412	461
412	464
412	467
412	469
412	472
412	481
412	482
412	1013
412	1025
412	1028
412	1752
412	1778
412	1813
414	416
414	418
414	419
414	421
414	436
414	437
414	441
414	451
414	452
414	454
414	459
414	461
414	463
414	464
414	467
414	472
414	473
414	475
414	481
414	482
414	1702
414	1714
414	1745
416	418
416	419
416	421
416	436
416	437
416	441
416	451
416	452
416	454
416	455
416	459
416	461
416	463
416	464
416	467
416	469
416	472
416	473
416	475
416	481
416	482
416	1129
416	1658
416	1714
416	1763
416	1794
418	419
418	421
418	436
418	437
418	441
418	451
418	452
418	454
418	459
418	461
418	463
418	464
418	469
418	472
418	473
418	475
418	481
418	482
418	1013
418	1683
418	1727
418	1748
418	1767
436	441
436	451
436	452
436	454
436	455
436	459
436	461
436	463
436	464
436	467
436	472
436	475
436	481
436	482
436	1145
436	1151
436	1658
436	1701
437	441
437	451
437	454
437	455
437	459
437	461
437	463
437	464
437	467
437	469
437	472
437	473
437	475
437	481
437	482
437	1103
437	1125
437	1696
437	1745
451	452
451	454
451	455
451	459
451	463
451	464
451	467
451	469
451	472
451	473
451	481
451	482
451	1101
452	454
452	455
452	459
452	461
452	463
452	464
452	467
452	469
452	472
452	473
452	475
452	481
452	482
452	1041
452	1051
452	1145
452	1709
454	455
454	464
454	467
454	469
454	472
454	473
454	475
454	481
454	482
454	1719
454	1727
454	1763
454	1792
455	459
455	461
455	463
455	464
455	469
455	472
455	473
455	475
455	481
455	482
455	990
455	1083
455	1114
455	1738
459	461
459	463
459	467
459	469
459	472
459	473
459	475
459	482
459	985
459	1040
459	1050
459	1750
461	463
461	467
461	469
461	472
461	473
461	475
461	481
461	482
461	1146
461	1759
461	1779
463	464
463	467
463	469
463	473
463	475
463	482
463	1071
463	1101
463	1145
463	1778
464	467
464	469
464	472
464	473
464	475
464	481
464	482
464	1001
464	1058
464	1719
464	1720
464	1740
467	469
467	472
467	473
467	475
467	481
467	482
467	994
467	1040
467	1688
467	1809
469	472
469	473
469	475
469	481
469	482
469	969
472	473
472	475
472	481
472	482
472	969
472	1010
472	1041
472	1075
472	1080
472	1126
472	1713
473	481
473	482
473	969
473	1738
473	1767
475	482
475	969
475	984
475	1010
475	1709
475	1748
475	1814
481	482
481	981
481	1018
481	1040
481	1050
481	1721
481	1734
481	1759
482	969
482	981
482	1041
482	1074
482	1075
482	1127
1012	1015
1012	1020
1012	1025
1012	1026
1012	1028
1012	1029
1012	1032
1012	1038
1012	1040
1012	1041
1012	1043
1012	1050
1012	1051
1012	1053
1012	1054
1012	1062
1012	1064
1012	1071
1012	1074
1012	1075
1012	1077
1012	1080
1012	1083
1012	1086
1012	1093
1012	1096
1012	1098
1012	1100
1012	1103
1012	1106
1012	1110
1012	1114
1012	1115
1012	1116
1012	1122
1012	1125
1012	1127
1012	1129
1012	1133
1012	1135
1012	1138
1012	1142
1012	1145
1012	1146
1012	1148
1012	1156
1012	1659
1012	1688
1012	1710
1014	1018
1014	1020
1014	1025
1014	1028
1014	1029
1014	1032
1014	1038
1014	1040
1014	1041
1014	1043
1014	1050
1014	1051
1014	1053
1014	1054
1014	1058
1014	1062
1014	1064
1014	1071
1014	1074
1014	1075
1014	1077
1014	1080
1014	1083
1014	1086
1014	1093
1014	1096
1014	1098
1014	1100
1014	1101
1014	1103
1014	1106
1014	1114
1014	1115
1014	1116
1014	1122
1014	1126
1014	1129
1014	1133
1014	1135
1014	1138
1014	1142
1014	1145
1014	1146
1014	1148
1014	1151
1014	1156
1014	1709
1014	1791
1014	1792
1025	1026
1025	1028
1025	1029
1025	1032
1025	1038
1025	1040
1025	1041
1025	1043
1025	1050
1025	1051
1025	1053
1025	1054
1025	1060
1025	1062
1025	1064
1025	1074
1025	1077
1025	1083
1025	1086
1025	1096
1025	1098
1025	1100
1025	1101
1025	1106
1025	1114
1025	1115
1025	1116
1025	1122
1025	1126
1025	1127
1025	1129
1025	1133
1025	1135
1025	1138
1025	1142
1025	1145
1025	1146
1025	1148
1025	1151
1025	1156
1025	1775
1025	1779
1038	1040
1038	1041
1038	1043
1038	1050
1038	1051
1038	1053
1038	1054
1038	1060
1038	1062
1038	1064
1038	1071
1038	1074
1038	1075
1038	1080
1038	1086
1038	1093
1038	1098
1038	1101
1038	1103
1038	1106
1038	1110
1038	1114
1038	1115
1038	1116
1038	1122
1038	1125
1038	1126
1038	1127
1038	1129
1038	1133
1038	1135
1038	1142
1038	1145
1038	1146
1038	1151
1038	1156
1038	1688
1038	1747
1038	1779
1038	1800
1041	1043
1041	1050
1041	1051
1041	1053
1041	1058
1041	1060
1041	1071
1041	1074
1041	1075
1041	1077
1041	1083
1041	1086
1041	1093
1041	1096
1041	1098
1041	1100
1041	1101
1041	1103
1041	1106
1041	1110
1041	1114
1041	1115
1041	1116
1041	1122
1041	1125
1041	1126
1041	1127
1041	1129
1041	1133
1041	1135
1041	1138
1041	1142
1041	1145
1041	1151
1041	1156
1041	1722
1041	1745
1041	1768
1083	1086
1083	1093
1083	1096
1083	1100
1083	1101
1083	1103
1083	1106
1083	1110
1083	1114
1083	1115
1083	1116
1083	1122
1083	1125
1083	1126
1083	1127
1083	1129
1083	1133
1083	1135
1083	1138
1083	1145
1083	1148
1083	1151
1083	1156
1083	1701
1083	1792
1086	1093
1086	1096
1086	1098
1086	1100
1086	1101
1086	1103
1086	1106
1086	1110
1086	1114
1086	1116
1086	1122
1086	1125
1086	1126
1086	1127
1086	1129
1086	1133
1086	1138
1086	1142
1086	1146
1086	1148
1086	1156
1086	1745
1126	1127
1126	1129
1126	1133
1126	1135
1126	1138
1126	1142
1126	1145
1126	1146
1126	1148
1126	1151
1126	1156
1126	1705
1126	1721
1133	1138
1133	1142
1133	1146
1133	1148
1133	1151
1133	1739
1133	1752
1133	1759
1133	1797
1133	1801
1133	1816
1648	1658
1648	1659
1648	1662
1648	1683
1648	1685
1648	1686
1648	1688
1648	1692
1648	1696
1648	1699
1648	1702
1648	1705
1648	1709
1648	1713
1648	1714
1648	1717
1648	1719
1648	1720
1648	1721
1648	1722
1648	1727
1648	1733
1648	1734
1648	1736
1648	1738
1648	1739
1648	1740
1648	1744
1648	1745
1648	1747
1648	1748
1648	1750
1648	1752
1648	1754
1648	1762
1648	1766
1648	1767
1648	1768
1648	1771
1648	1773
1648	1775
1648	1781
1648	1792
1648	1794
1648	1797
1648	1798
1648	1801
1648	1802
1648	1805
1648	1810
1648	1813
1648	1814
1648	1816
1648	1817
1648	1821
1657	1658
1657	1662
1657	1685
1657	1686
1657	1688
1657	1692
1657	1696
1657	1701
1657	1702
1657	1705
1657	1709
1657	1713
1657	1714
1657	1717
1657	1720
1657	1721
1657	1722
1657	1727
1657	1733
1657	1734
1657	1736
1657	1738
1657	1739
1657	1740
1657	1744
1657	1745
1657	1747
1657	1748
1657	1750
1657	1752
1657	1754
1657	1762
1657	1766
1657	1768
1657	1771
1657	1773
1657	1775
1657	1778
1657	1781
1657	1791
1657	1792
1657	1794
1657	1798
1657	1800
1657	1801
1657	1802
1657	1810
1657	1813
1657	1817
1657	1821
1658	1659
1658	1662
1658	1683
1658	1685
1658	1686
1658	1688
1658	1692
1658	1696
1658	1699
1658	1701
1658	1702
1658	1705
1658	1709
1658	1710
1658	1713
1658	1714
1658	1719
1658	1720
1658	1721
1658	1722
1658	1733
1658	1734
1658	1736
1658	1739
1658	1740
1658	1744
1658	1745
1658	1747
1658	1750
1658	1752
1658	1754
1658	1759
1658	1762
1658	1763
1658	1766
1658	1767
1658	1768
1658	1773
1658	1775
1658	1778
1658	1779
1658	1781
1658	1792
1658	1794
1658	1797
1658	1800
1658	1801
1658	1802
1658	1805
1658	1809
1658	1810
1658	1814
1658	1821
1659	1662
1659	1683
1659	1685
1659	1686
1659	1688
1659	1692
1659	1696
1659	1699
1659	1701
1659	1702
1659	1705
1659	1710
1659	1713
1659	1714
1659	1717
1659	1719
1659	1720
1659	1722
1659	1727
1659	1733
1659	1734
1659	1736
1659	1738
1659	1739
1659	1740
1659	1744
1659	1745
1659	1747
1659	1748
1659	1752
1659	1754
1659	1759
1659	1762
1659	1766
1659	1767
1659	1768
1659	1771
1659	1773
1659	1775
1659	1778
1659	1779
1659	1781
1659	1792
1659	1797
1659	1798
1659	1800
1659	1801
1659	1802
1659	1805
1659	1809
1659	1810
1659	1814
1659	1817
1662	1685
1662	1686
1662	1692
1662	1699
1662	1702
1662	1705
1662	1709
1662	1713
1662	1714
1662	1717
1662	1719
1662	1720
1662	1721
1662	1722
1662	1727
1662	1733
1662	1734
1662	1738
1662	1739
1662	1740
1662	1744
1662	1745
1662	1747
1662	1748
1662	1750
1662	1754
1662	1759
1662	1763
1662	1767
1662	1768
1662	1771
1662	1773
1662	1775
1662	1778
1662	1779
1662	1781
1662	1791
1662	1792
1662	1794
1662	1797
1662	1798
1662	1800
1662	1801
1662	1802
1662	1805
1662	1809
1662	1810
1662	1813
1662	1814
1662	1816
1662	1817
1662	1821
1683	1685
1683	1686
1683	1688
1683	1692
1683	1701
1683	1702
1683	1705
1683	1709
1683	1710
1683	1713
1683	1714
1683	1717
1683	1719
1683	1720
1683	1721
1683	1722
1683	1727
1683	1733
1683	1734
1683	1736
1683	1738
1683	1739
1683	1740
1683	1744
1683	1745
1683	1747
1683	1748
1683	1750
1683	1754
1683	1759
1683	1766
1683	1767
1683	1768
1683	1773
1683	1775
1683	1778
1683	1779
1683	1781
1683	1791
1683	1792
1683	1797
1683	1798
1683	1800
1683	1801
1683	1802
1683	1805
1683	1813
1683	1814
1683	1816
1683	1817
1683	1821
1685	1686
1685	1692
1685	1696
1685	1699
1685	1701
1685	1702
1685	1709
1685	1710
1685	1713
1685	1714
1685	1717
1685	1719
1685	1720
1685	1721
1685	1722
1685	1727
1685	1733
1685	1734
1685	1736
1685	1738
1685	1739
1685	1740
1685	1745
1685	1747
1685	1748
1685	1750
1685	1752
1685	1754
1685	1759
1685	1762
1685	1763
1685	1766
1685	1767
1685	1768
1685	1771
1685	1773
1685	1775
1685	1778
1685	1781
1685	1791
1685	1792
1685	1794
1685	1797
1685	1798
1685	1800
1685	1801
1685	1802
1685	1805
1685	1809
1685	1810
1685	1813
1685	1814
1685	1816
1685	1817
1686	1688
1686	1692
1686	1696
1686	1699
1686	1701
1686	1702
1686	1705
1686	1709
1686	1710
1686	1713
1686	1714
1686	1717
1686	1719
1686	1720
1686	1721
1686	1727
1686	1733
1686	1736
1686	1738
1686	1739
1686	1740
1686	1744
1686	1745
1686	1750
1686	1752
1686	1754
1686	1759
1686	1762
1686	1763
1686	1766
1686	1767
1686	1768
1686	1773
1686	1778
1686	1779
1686	1791
1686	1794
1686	1797
1686	1798
1686	1800
1686	1801
1686	1809
1686	1810
1686	1814
1686	1816
1686	1821
1688	1692
1688	1696
1688	1699
1688	1701
1688	1702
1688	1705
1688	1709
1688	1710
1688	1713
1688	1714
1688	1717
1688	1719
1688	1720
1688	1722
1688	1727
1688	1734
1688	1736
1688	1738
1688	1740
1688	1744
1688	1745
1688	1747
1688	1748
1688	1750
1688	1754
1688	1759
1688	1762
1688	1763
1688	1766
1688	1767
1688	1768
1688	1773
1688	1775
1688	1778
1688	1779
1688	1781
1688	1792
1688	1794
1688	1797
1688	1798
1688	1800
1688	1801
1688	1802
1688	1805
1688	1809
1688	1810
1688	1813
1688	1814
1688	1816
1688	1821
1692	1696
1692	1699
1692	1701
1692	1702
1692	1705
1692	1709
1692	1710
1692	1713
1692	1714
1692	1717
1692	1719
1692	1720
1692	1721
1692	1722
1692	1727
1692	1733
1692	1738
1692	1739
1692	1740
1692	1744
1692	1745
1692	1747
1692	1748
1692	1752
1692	1754
1692	1759
1692	1763
1692	1766
1692	1767
1692	1768
1692	1771
1692	1773
1692	1778
1692	1779
1692	1781
1692	1791
1692	1792
1692	1794
1692	1797
1692	1798
1692	1800
1692	1801
1692	1802
1692	1805
1692	1810
1692	1813
1692	1814
1692	1816
1692	1817
1692	1821
1696	1699
1696	1701
1696	1705
1696	1709
1696	1710
1696	1713
1696	1714
1696	1719
1696	1721
1696	1722
1696	1734
1696	1736
1696	1738
1696	1739
1696	1740
1696	1744
1696	1745
1696	1747
1696	1750
1696	1752
1696	1754
1696	1763
1696	1766
1696	1767
1696	1768
1696	1771
1696	1773
1696	1775
1696	1778
1696	1779
1696	1781
1696	1791
1696	1792
1696	1794
1696	1797
1696	1798
1696	1800
1696	1801
1696	1802
1696	1805
1696	1809
1696	1810
1696	1813
1696	1814
1696	1816
1696	1821
1699	1701
1699	1702
1699	1705
1699	1709
1699	1710
1699	1713
1699	1714
1699	1717
1699	1720
1699	1721
1699	1722
1699	1727
1699	1733
1699	1736
1699	1738
1699	1739
1699	1740
1699	1745
1699	1747
1699	1748
1699	1750
1699	1752
1699	1754
1699	1759
1699	1762
1699	1763
1699	1766
1699	1767
1699	1771
1699	1773
1699	1775
1699	1779
1699	1781
1699	1791
1699	1792
1699	1794
1699	1798
1699	1800
1699	1802
1699	1805
1699	1809
1699	1810
1699	1813
1699	1814
1699	1817
1702	1705
1702	1710
1702	1713
1702	1719
1702	1720
1702	1721
1702	1722
1702	1727
1702	1733
1702	1734
1702	1736
1702	1738
1702	1739
1702	1740
1702	1744
1702	1745
1702	1747
1702	1748
1702	1750
1702	1752
1702	1754
1702	1759
1702	1762
1702	1763
1702	1766
1702	1767
1702	1773
1702	1775
1702	1778
1702	1779
1702	1781
1702	1797
1702	1800
1702	1801
1702	1802
1702	1805
1702	1809
1702	1810
1702	1813
1702	1814
1702	1816
1702	1817
1702	1821
1705	1709
1705	1710
1705	1713
1705	1714
1705	1717
1705	1719
1705	1720
1705	1721
1705	1722
1705	1727
1705	1734
1705	1736
1705	1738
1705	1739
1705	1740
1705	1744
1705	1745
1705	1752
1705	1754
1705	1759
1705	1762
1705	1763
1705	1766
1705	1767
1705	1771
1705	1773
1705	1775
1705	1779
1705	1781
1705	1791
1705	1794
1705	1797
1705	1798
1705	1800
1705	1801
1705	1802
1705	1809
1705	1810
1705	1813
1705	1816
1705	1817
1705	1821
1709	1710
1709	1713
1709	1714
1709	1717
1709	1719
1709	1721
1709	1722
1709	1727
1709	1733
1709	1734
1709	1736
1709	1739
1709	1747
1709	1748
1709	1750
1709	1752
1709	1754
1709	1759
1709	1762
1709	1763
1709	1766
1709	1767
1709	1771
1709	1773
1709	1775
1709	1778
1709	1779
1709	1781
1709	1792
1709	1797
1709	1798
1709	1800
1709	1801
1709	1802
1709	1805
1709	1809
1709	1810
1709	1813
1709	1814
1709	1816
1709	1817
1709	1821
1710	1713
1710	1714
1710	1717
1710	1719
1710	1720
1710	1721
1710	1722
1710	1727
1710	1733
1710	1734
1710	1736
1710	1738
1710	1739
1710	1740
1710	1744
1710	1745
1710	1747
1710	1748
1710	1750
1710	1752
1710	1754
1710	1759
1710	1763
1710	1766
1710	1767
1710	1771
1710	1775
1710	1778
1710	1779
1710	1781
1710	1791
1710	1792
1710	1794
1710	1797
1710	1798
1710	1800
1710	1801
1710	1802
1710	1805
1710	1809
1710	1813
1710	1814
1710	1816
1710	1817
1710	1821
1713	1714
1713	1717
1713	1719
1713	1720
1713	1721
1713	1722
1713	1727
1713	1733
1713	1734
1713	1738
1713	1739
1713	1740
1713	1745
1713	1747
1713	1748
1713	1750
1713	1752
1713	1759
1713	1762
1713	1763
1713	1766
1713	1767
1713	1768
1713	1771
1713	1773
1713	1775
1713	1779
1713	1781
1713	1791
1713	1792
1713	1797
1713	1798
1713	1800
1713	1801
1713	1802
1713	1805
1713	1810
1713	1813
1713	1814
1713	1816
1713	1817
1713	1821
1714	1717
1714	1719
1714	1720
1714	1721
1714	1722
1714	1727
1714	1733
1714	1734
1714	1736
1714	1738
1714	1744
1714	1747
1714	1748
1714	1750
1714	1752
1714	1754
1714	1759
1714	1762
1714	1763
1714	1766
1714	1767
1714	1768
1714	1771
1714	1773
1714	1775
1714	1778
1714	1779
1714	1781
1714	1791
1714	1792
1714	1797
1714	1798
1714	1800
1714	1802
1714	1809
1714	1810
1714	1813
1714	1814
1714	1816
1714	1817
1714	1821
1717	1719
1717	1720
1717	1721
1717	1722
1717	1727
1717	1733
1717	1734
1717	1736
1717	1738
1717	1739
1717	1740
1717	1744
1717	1747
1717	1754
1717	1759
1717	1762
1717	1763
1717	1766
1717	1768
1717	1771
1717	1773
1717	1775
1717	1778
1717	1779
1717	1781
1717	1791
1717	1792
1717	1794
1717	1797
1717	1798
1717	1800
1717	1801
1717	1802
1717	1805
1717	1809
1717	1810
1717	1813
1717	1814
1717	1816
1717	1817
1717	1821
1719	1720
1719	1721
1719	1722
1719	1727
1719	1734
1719	1736
1719	1738
1719	1740
1719	1744
1719	1745
1719	1747
1719	1748
1719	1750
1719	1752
1719	1754
1719	1762
1719	1763
1719	1768
1719	1771
1719	1775
1719	1778
1719	1779
1719	1781
1719	1791
1719	1794
1719	1797
1719	1798
1719	1800
1719	1801
1719	1805
1719	1809
1719	1810
1719	1813
1719	1816
1719	1817
1719	1821
1720	1721
1720	1722
1720	1727
1720	1733
1720	1734
1720	1736
1720	1738
1720	1739
1720	1740
1720	1744
1720	1747
1720	1748
1720	1750
1720	1754
1720	1759
1720	1762
1720	1763
1720	1766
1720	1767
1720	1768
1720	1771
1720	1773
1720	1778
1720	1779
1720	1791
1720	1794
1720	1797
1720	1798
1720	1800
1720	1801
1720	1802
1720	1805
1720	1809
1720	1810
1720	1813
1720	1814
1720	1816
1720	1817
1720	1821
1721	1722
1721	1727
1721	1733
1721	1734
1721	1736
1721	1739
1721	1740
1721	1744
1721	1745
1721	1747
1721	1748
1721	1752
1721	1754
1721	1759
1721	1762
1721	1766
1721	1767
1721	1768
1721	1771
1721	1773
1721	1775
1721	1778
1721	1779
1721	1781
1721	1791
1721	1792
1721	1794
1721	1797
1721	1798
1721	1800
1721	1801
1721	1802
1721	1805
1721	1809
1721	1813
1721	1814
1721	1816
1721	1817
1721	1821
1727	1733
1727	1734
1727	1736
1727	1738
1727	1739
1727	1740
1727	1744
1727	1745
1727	1747
1727	1748
1727	1750
1727	1752
1727	1754
1727	1759
1727	1762
1727	1766
1727	1767
1727	1768
1727	1771
1727	1775
1727	1778
1727	1779
1727	1791
1727	1792
1727	1797
1727	1798
1727	1800
1727	1801
1727	1802
1727	1805
1727	1809
1727	1813
1727	1814
1727	1816
1727	1817
1727	1821
1733	1734
1733	1736
1733	1739
1733	1740
1733	1745
1733	1747
1733	1748
1733	1750
1733	1752
1733	1759
1733	1762
1733	1763
1733	1766
1733	1767
1733	1768
1733	1773
1733	1775
1733	1778
1733	1779
1733	1781
1733	1792
1733	1794
1733	1797
1733	1798
1733	1800
1733	1801
1733	1802
1733	1805
1733	1809
1733	1810
1733	1813
1733	1814
1733	1816
1733	1821
1734	1736
1734	1738
1734	1739
1734	1740
1734	1744
1734	1745
1734	1747
1734	1750
1734	1752
1734	1754
1734	1759
1734	1762
1734	1766
1734	1767
1734	1768
1734	1771
1734	1773
1734	1775
1734	1778
1734	1779
1734	1791
1734	1792
1734	1794
1734	1797
1734	1800
1734	1801
1734	1802
1734	1805
1734	1809
1734	1810
1734	1813
1734	1814
1734	1816
1734	1817
1736	1738
1736	1739
1736	1740
1736	1744
1736	1745
1736	1748
1736	1750
1736	1754
1736	1762
1736	1766
1736	1768
1736	1771
1736	1775
1736	1778
1736	1779
1736	1781
1736	1791
1736	1792
1736	1794
1736	1797
1736	1798
1736	1800
1736	1801
1736	1802
1736	1805
1736	1809
1736	1810
1736	1814
1736	1816
1736	1817
1736	1821
1738	1740
1738	1744
1738	1745
1738	1747
1738	1750
1738	1752
1738	1759
1738	1762
1738	1763
1738	1766
1738	1767
1738	1768
1738	1771
1738	1773
1738	1775
1738	1778
1738	1779
1738	1781
1738	1791
1738	1792
1738	1794
1738	1797
1738	1798
1738	1800
1738	1801
1738	1802
1738	1809
1738	1810
1738	1814
1738	1816
1738	1817
1738	1821
1739	1740
1739	1744
1739	1745
1739	1747
1739	1748
1739	1750
1739	1752
1739	1754
1739	1763
1739	1766
1739	1767
1739	1768
1739	1771
1739	1773
1739	1775
1739	1778
1739	1779
1739	1781
1739	1791
1739	1794
1739	1797
1739	1798
1739	1800
1739	1801
1739	1802
1739	1805
1739	1809
1739	1810
1739	1813
1739	1814
1739	1816
1739	1817
1739	1821
1740	1744
1740	1745
1740	1747
1740	1748
1740	1750
1740	1752
1740	1754
1740	1759
1740	1762
1740	1763
1740	1766
1740	1767
1740	1768
1740	1771
1740	1775
1740	1778
1740	1779
1740	1781
1740	1791
1740	1792
1740	1794
1740	1798
1740	1800
1740	1802
1740	1805
1740	1810
1740	1813
1740	1814
1740	1816
1740	1817
1740	1821
1744	1745
1744	1747
1744	1748
1744	1750
1744	1752
1744	1759
1744	1762
1744	1763
1744	1766
1744	1768
1744	1771
1744	1773
1744	1775
1744	1778
1744	1779
1744	1791
1744	1792
1744	1794
1744	1797
1744	1798
1744	1800
1744	1801
1744	1802
1744	1805
1744	1809
1744	1810
1744	1813
1744	1814
1744	1816
1744	1817
1744	1821
1745	1748
1745	1750
1745	1752
1745	1754
1745	1759
1745	1762
1745	1766
1745	1767
1745	1768
1745	1771
1745	1773
1745	1775
1745	1778
1745	1779
1745	1781
1745	1791
1745	1792
1745	1794
1745	1797
1745	1798
1745	1800
1745	1801
1745	1802
1745	1805
1745	1809
1745	1810
1745	1814
1745	1816
1745	1817
1747	1748
1747	1750
1747	1752
1747	1754
1747	1759
1747	1762
1747	1763
1747	1766
1747	1767
1747	1771
1747	1775
1747	1778
1747	1781
1747	1792
1747	1794
1747	1798
1747	1801
1747	1809
1747	1810
1747	1813
1747	1814
1747	1817
1747	1821
1748	1750
1748	1752
1748	1754
1748	1759
1748	1762
1748	1763
1748	1766
1748	1767
1748	1768
1748	1771
1748	1773
1748	1775
1748	1778
1748	1779
1748	1781
1748	1791
1748	1792
1748	1794
1748	1797
1748	1798
1748	1800
1748	1802
1748	1805
1748	1809
1748	1810
1748	1813
1748	1814
1748	1817
1748	1821
1750	1752
1750	1754
1750	1759
1750	1763
1750	1766
1750	1767
1750	1768
1750	1771
1750	1773
1750	1775
1750	1778
1750	1779
1750	1781
1750	1791
1750	1792
1750	1794
1750	1797
1750	1800
1750	1801
1750	1802
1750	1805
1750	1809
1750	1810
1750	1816
1750	1817
1750	1821
1752	1754
1752	1759
1752	1762
1752	1763
1752	1766
1752	1767
1752	1768
1752	1771
1752	1773
1752	1779
1752	1781
1752	1791
1752	1792
1752	1794
1752	1797
1752	1798
1752	1800
1752	1801
1752	1802
1752	1805
1752	1809
1752	1810
1752	1813
1752	1814
1752	1816
1752	1817
1752	1821
1754	1759
1754	1762
1754	1767
1754	1768
1754	1771
1754	1773
1754	1775
1754	1778
1754	1779
1754	1781
1754	1791
1754	1792
1754	1794
1754	1797
1754	1798
1754	1800
1754	1801
1754	1802
1754	1805
1754	1809
1754	1810
1754	1813
1754	1814
1754	1817
1759	1763
1759	1767
1759	1768
1759	1771
1759	1773
1759	1775
1759	1778
1759	1779
1759	1781
1759	1791
1759	1792
1759	1794
1759	1797
1759	1798
1759	1800
1759	1801
1759	1802
1759	1809
1759	1810
1759	1813
1759	1814
1759	1816
1759	1817
1759	1821
1762	1763
1762	1766
1762	1768
1762	1771
1762	1773
1762	1775
1762	1778
1762	1779
1762	1781
1762	1791
1762	1792
1762	1797
1762	1798
1762	1800
1762	1801
1762	1802
1762	1809
1762	1810
1762	1813
1762	1814
1762	1816
1762	1821
1763	1766
1763	1767
1763	1768
1763	1771
1763	1773
1763	1775
1763	1778
1763	1779
1763	1781
1763	1791
1763	1792
1763	1794
1763	1797
1763	1798
1763	1800
1763	1801
1763	1802
1763	1805
1763	1809
1763	1813
1763	1814
1763	1816
1763	1817
1763	1821
1766	1767
1766	1768
1766	1773
1766	1775
1766	1778
1766	1781
1766	1791
1766	1792
1766	1794
1766	1797
1766	1798
1766	1800
1766	1801
1766	1802
1766	1805
1766	1809
1766	1813
1766	1814
1766	1816
1766	1817
1766	1821
1767	1768
1767	1771
1767	1773
1767	1775
1767	1778
1767	1779
1767	1781
1767	1792
1767	1794
1767	1797
1767	1798
1767	1800
1767	1801
1767	1802
1767	1805
1767	1809
1767	1810
1767	1813
1767	1814
1767	1817
1768	1773
1768	1775
1768	1778
1768	1779
1768	1781
1768	1791
1768	1792
1768	1797
1768	1798
1768	1800
1768	1801
1768	1802
1768	1805
1768	1809
1768	1810
1768	1813
1768	1814
1768	1816
1768	1817
1771	1775
1771	1778
1771	1779
1771	1781
1771	1791
1771	1792
1771	1794
1771	1797
1771	1798
1771	1800
1771	1801
1771	1802
1771	1805
1771	1809
1771	1810
1771	1813
1771	1814
1771	1816
1771	1817
1771	1821
1773	1775
1773	1778
1773	1779
1773	1781
1773	1791
1773	1794
1773	1797
1773	1798
1773	1801
1773	1802
1773	1805
1773	1809
1773	1810
1773	1813
1773	1814
1773	1816
1773	1817
1773	1821
1775	1778
1775	1779
1775	1781
1775	1791
1775	1792
1775	1794
1775	1797
1775	1798
1775	1800
1775	1802
1775	1805
1775	1809
1775	1810
1775	1813
1775	1816
1775	1817
1775	1821
1778	1779
1778	1781
1778	1791
1778	1792
1778	1794
1778	1797
1778	1798
1778	1800
1778	1801
1778	1802
1778	1805
1778	1809
1778	1810
1778	1813
1778	1814
1778	1816
1778	1817
1778	1821
1779	1781
1779	1791
1779	1792
1779	1794
1779	1797
1779	1798
1779	1800
1779	1801
1779	1802
1779	1805
1779	1809
1779	1810
1779	1816
1779	1817
1781	1791
1781	1792
1781	1794
1781	1797
1781	1798
1781	1800
1781	1801
1781	1802
1781	1805
1781	1809
1781	1813
1781	1814
1781	1816
1781	1817
1781	1821
1791	1792
1791	1794
1791	1797
1791	1798
1791	1800
1791	1801
1791	1802
1791	1805
1791	1809
1791	1810
1791	1813
1791	1814
1791	1816
1791	1817
1791	1821
1792	1797
1792	1798
1792	1801
1792	1802
1792	1805
1792	1809
1792	1810
1792	1813
1792	1814
1792	1816
1792	1817
1792	1821
1797	1798
1797	1800
1797	1802
1797	1805
1797	1809
1797	1810
1797	1813
1797	1816
1797	1817
1797	1821
1798	1801
1798	1802
1798	1809
1798	1810
1798	1813
1798	1814
1798	1816
1798	1821
1800	1801
1800	1802
1800	1805
1800	1809
1800	1810
1800	1813
1800	1814
1800	1816
1800	1817
1800	1821
1801	1802
1801	1810
1801	1813
1801	1817
1801	1821
1802	1805
1802	1809
1802	1810
1802	1813
1802	1814
1802	1816
1802	1817
1802	1821
1805	1809
1805	1810
1805	1813
1805	1814
1805	1816
1805	1817
1809	1810
1809	1814
1809	1816
1809	1817
1809	1821
1810	1813
1810	1814
1810	1816
1810	1817
1810	1821
1813	1814
1813	1816
1813	1817
1814	1821
1816	1821
1817	1821
311	319
311	325
311	326
311	337
311	339
311	342
311	343
311	345
311	350
311	352
311	353
311	356
311	357
311	359
311	361
311	363
311	365
311	366
311	367
311	368
311	370
311	380
311	382
311	384
311	390
311	392
311	396
311	406
311	407
311	408
311	409
311	411
311	414
311	416
311	418
311	419
311	421
311	436
311	437
311	441
311	451
311	452
311	454
311	455
311	459
311	461
311	463
311	467
311	469
311	472
311	473
311	475
311	481
311	482
311	1005
311	1142
311	1713
311	1748
311	1814
311	1816
311	1817
311	1821
342	343
342	345
342	350
342	352
342	353
342	356
342	357
342	359
342	361
342	363
342	366
342	367
342	370
342	371
342	380
342	382
342	384
342	390
342	392
342	396
342	398
342	406
342	407
342	409
342	410
342	411
342	412
342	414
342	421
342	436
342	437
342	451
342	454
342	455
342	459
342	461
342	463
342	464
342	467
342	469
342	472
342	473
342	475
342	481
342	482
342	1075
342	1138
342	1750
342	1768
342	1801
352	353
352	356
352	357
352	361
352	363
352	364
352	365
352	366
352	370
352	371
352	380
352	382
352	392
352	398
352	406
352	407
352	408
352	409
352	410
352	411
352	412
352	414
352	416
352	418
352	419
352	421
352	436
352	437
352	441
352	451
352	452
352	454
352	455
352	461
352	463
352	464
352	467
352	469
352	473
352	481
352	482
352	1012
352	1053
352	1100
352	1657
352	1717
352	1781
352	1809
408	409
408	411
408	412
408	414
408	419
408	421
408	436
408	437
408	451
408	452
408	454
408	455
408	459
408	461
408	463
408	464
408	467
408	469
408	472
408	473
408	475
408	481
408	482
408	1075
408	1648
408	1702
408	1719
408	1794
419	421
419	436
419	437
419	441
419	451
419	452
419	454
419	455
419	461
419	463
419	464
419	467
419	469
419	472
419	473
419	475
419	481
419	1043
419	1686
419	1717
421	437
421	441
421	451
421	452
421	454
421	455
421	459
421	461
421	463
421	464
421	467
421	469
421	472
421	475
421	482
421	989
421	1010
421	1115
421	1738
421	1798
421	1813
441	451
441	452
441	455
441	459
441	463
441	464
441	469
441	472
441	473
441	475
441	481
441	482
441	1696
441	1713
441	1717
441	1745
441	1805
1010	1013
1010	1015
1010	1018
1010	1020
1010	1025
1010	1026
1010	1028
1010	1029
1010	1032
1010	1038
1010	1040
1010	1041
1010	1043
1010	1050
1010	1051
1010	1053
1010	1054
1010	1058
1010	1060
1010	1064
1010	1071
1010	1080
1010	1083
1010	1086
1010	1093
1010	1096
1010	1098
1010	1100
1010	1101
1010	1103
1010	1106
1010	1110
1010	1115
1010	1116
1010	1122
1010	1125
1010	1126
1010	1129
1010	1135
1010	1138
1010	1142
1010	1145
1010	1146
1010	1151
1010	1740
1010	1752
1010	1779
1028	1029
1028	1032
1028	1041
1028	1043
1028	1050
1028	1051
1028	1053
1028	1054
1028	1058
1028	1060
1028	1062
1028	1064
1028	1075
1028	1077
1028	1080
1028	1086
1028	1093
1028	1098
1028	1100
1028	1101
1028	1106
1028	1110
1028	1116
1028	1122
1028	1127
1028	1129
1028	1133
1028	1135
1028	1138
1028	1142
1028	1145
1028	1146
1028	1148
1028	1151
1028	1156
1028	1685
1028	1744
1028	1798
1028	1817
1040	1041
1040	1043
1040	1050
1040	1053
1040	1054
1040	1058
1040	1060
1040	1062
1040	1064
1040	1071
1040	1077
1040	1080
1040	1093
1040	1096
1040	1098
1040	1100
1040	1101
1040	1103
1040	1106
1040	1110
1040	1114
1040	1115
1040	1116
1040	1122
1040	1125
1040	1126
1040	1127
1040	1129
1040	1133
1040	1135
1040	1138
1040	1142
1040	1146
1040	1148
1040	1151
1040	1156
1040	1744
1040	1759
1040	1768
1054	1058
1054	1060
1054	1062
1054	1064
1054	1071
1054	1075
1054	1077
1054	1080
1054	1083
1054	1086
1054	1093
1054	1096
1054	1098
1054	1100
1054	1101
1054	1103
1054	1110
1054	1114
1054	1115
1054	1116
1054	1122
1054	1125
1054	1126
1054	1127
1054	1129
1054	1133
1054	1135
1054	1138
1054	1142
1054	1145
1054	1148
1054	1151
1054	1156
1054	1699
1146	1151
1146	1156
1146	1683
1146	1747
1146	1810
1701	1702
1701	1705
1701	1709
1701	1710
1701	1713
1701	1714
1701	1717
1701	1720
1701	1721
1701	1722
1701	1727
1701	1733
1701	1734
1701	1736
1701	1738
1701	1740
1701	1744
1701	1745
1701	1748
1701	1750
1701	1752
1701	1754
1701	1759
1701	1762
1701	1763
1701	1766
1701	1767
1701	1768
1701	1771
1701	1773
1701	1775
1701	1778
1701	1779
1701	1781
1701	1791
1701	1792
1701	1794
1701	1797
1701	1800
1701	1801
1701	1802
1701	1805
1701	1809
1701	1810
1701	1813
1701	1814
1701	1816
1701	1817
1722	1727
1722	1733
1722	1734
1722	1736
1722	1738
1722	1739
1722	1740
1722	1744
1722	1745
1722	1747
1722	1748
1722	1750
1722	1752
1722	1754
1722	1759
1722	1762
1722	1763
1722	1766
1722	1767
1722	1768
1722	1771
1722	1775
1722	1778
1722	1779
1722	1791
1722	1792
1722	1794
1722	1797
1722	1798
1722	1800
1722	1802
1722	1805
1722	1809
1722	1810
1722	1813
1722	1816
1722	1817
1722	1821
1794	1797
1794	1798
1794	1800
1794	1801
1794	1805
1794	1809
1794	1813
1794	1814
1794	1816
1794	1817
981	984
981	989
981	990
981	994
981	995
981	1001
981	1002
981	1005
981	1008
981	1012
981	1013
981	1014
981	1015
981	1018
981	1020
981	1025
981	1026
981	1028
981	1029
981	1040
981	1041
981	1043
981	1050
981	1051
981	1054
981	1058
981	1060
981	1062
981	1064
981	1071
981	1075
981	1077
981	1080
981	1086
981	1093
981	1098
981	1100
981	1101
981	1103
981	1106
981	1110
981	1114
981	1115
981	1116
981	1122
981	1125
981	1126
981	1129
981	1133
981	1135
981	1138
981	1142
981	1145
981	1146
981	1148
981	1151
981	1156
981	1710
981	1747
989	990
989	994
989	995
989	1001
989	1002
989	1005
989	1010
989	1012
989	1013
989	1014
989	1015
989	1018
989	1020
989	1025
989	1026
989	1029
989	1032
989	1038
989	1043
989	1051
989	1053
989	1054
989	1058
989	1060
989	1062
989	1064
989	1071
989	1074
989	1075
989	1077
989	1080
989	1083
989	1086
989	1093
989	1096
989	1098
989	1100
989	1101
989	1103
989	1106
989	1110
989	1114
989	1115
989	1125
989	1126
989	1129
989	1133
989	1135
989	1138
989	1142
989	1145
989	1146
989	1148
989	1151
989	1156
994	995
994	1005
994	1008
994	1010
994	1012
994	1013
994	1014
994	1015
994	1018
994	1020
994	1025
994	1026
994	1028
994	1029
994	1032
994	1038
994	1041
994	1043
994	1050
994	1051
994	1053
994	1054
994	1058
994	1060
994	1062
994	1064
994	1071
994	1074
994	1075
994	1077
994	1080
994	1083
994	1086
994	1093
994	1096
994	1100
994	1101
994	1103
994	1114
994	1115
994	1116
994	1126
994	1127
994	1129
994	1135
994	1138
994	1142
994	1145
994	1146
994	1148
994	1151
994	1156
994	1766
994	1773
1001	1002
1001	1005
1001	1008
1001	1010
1001	1012
1001	1013
1001	1014
1001	1015
1001	1018
1001	1020
1001	1025
1001	1026
1001	1028
1001	1029
1001	1038
1001	1043
1001	1050
1001	1051
1001	1054
1001	1058
1001	1060
1001	1062
1001	1064
1001	1071
1001	1074
1001	1075
1001	1077
1001	1080
1001	1083
1001	1086
1001	1096
1001	1098
1001	1100
1001	1101
1001	1103
1001	1106
1001	1110
1001	1114
1001	1115
1001	1116
1001	1122
1001	1125
1001	1126
1001	1127
1001	1133
1001	1135
1001	1142
1001	1145
1001	1146
1001	1151
1001	1156
1001	1705
1001	1744
1005	1008
1005	1010
1005	1012
1005	1014
1005	1015
1005	1018
1005	1029
1005	1032
1005	1038
1005	1040
1005	1041
1005	1043
1005	1050
1005	1053
1005	1054
1005	1058
1005	1060
1005	1062
1005	1064
1005	1074
1005	1083
1005	1086
1005	1093
1005	1096
1005	1098
1005	1100
1005	1103
1005	1106
1005	1110
1005	1114
1005	1115
1005	1116
1005	1122
1005	1125
1005	1126
1005	1127
1005	1129
1005	1133
1005	1135
1005	1138
1005	1142
1005	1145
1005	1146
1005	1156
1005	1762
1008	1010
1008	1012
1008	1013
1008	1014
1008	1015
1008	1018
1008	1020
1008	1025
1008	1026
1008	1028
1008	1029
1008	1032
1008	1038
1008	1040
1008	1041
1008	1043
1008	1050
1008	1051
1008	1053
1008	1058
1008	1060
1008	1062
1008	1071
1008	1074
1008	1075
1008	1077
1008	1080
1008	1083
1008	1086
1008	1093
1008	1096
1008	1098
1008	1100
1008	1101
1008	1103
1008	1106
1008	1110
1008	1114
1008	1115
1008	1116
1008	1122
1008	1126
1008	1127
1008	1129
1008	1133
1008	1135
1008	1138
1008	1145
1008	1146
1008	1151
1008	1156
1008	1762
1008	1794
990	995
990	1001
990	1002
990	1005
990	1008
990	1010
990	1012
990	1013
990	1014
990	1015
990	1018
990	1020
990	1025
990	1026
990	1028
990	1029
990	1032
990	1038
990	1043
990	1051
990	1053
990	1054
990	1058
990	1060
990	1062
990	1064
990	1071
990	1080
990	1083
990	1086
990	1093
990	1096
990	1098
990	1100
990	1101
990	1103
990	1106
990	1114
990	1115
990	1116
990	1122
990	1125
990	1126
990	1127
990	1129
990	1133
990	1138
990	1146
990	1148
990	1151
990	1156
990	1685
990	1686
990	1767
1096	1098
1096	1100
1096	1101
1096	1103
1096	1106
1096	1110
1096	1114
1096	1116
1096	1122
1096	1125
1096	1126
1096	1127
1096	1129
1096	1133
1096	1135
1096	1138
1096	1145
1096	1148
1096	1151
1096	1156
1096	1683
1122	1125
1122	1126
1122	1127
1122	1129
1122	1133
1122	1135
1122	1138
1122	1142
1122	1146
1122	1148
1122	1151
1122	1754
1122	1768
1127	1133
1127	1135
1127	1138
1127	1142
1127	1145
1127	1146
1127	1148
1127	1156
1127	1648
1127	1658
1127	1662
1127	1685
1127	1762
1064	1071
1064	1074
1064	1075
1064	1077
1064	1080
1064	1083
1064	1086
1064	1093
1064	1096
1064	1100
1064	1101
1064	1103
1064	1106
1064	1115
1064	1116
1064	1125
1064	1126
1064	1127
1064	1133
1064	1135
1064	1138
1064	1142
1064	1145
1064	1146
1064	1148
1064	1151
1064	1156
1064	1767
1064	1810
1080	1083
1080	1086
1080	1093
1080	1096
1080	1098
1080	1100
1080	1101
1080	1103
1080	1106
1080	1110
1080	1114
1080	1115
1080	1116
1080	1122
1080	1125
1080	1126
1080	1129
1080	1133
1080	1135
1080	1145
1080	1146
1080	1148
1080	1151
1080	1156
1080	1696
1080	1701
1080	1734
1080	1791
1142	1145
1142	1146
1142	1148
1142	1151
1142	1156
1142	1710
1142	1773
1142	1781
1142	1809
969	981
969	984
969	985
969	989
969	990
969	994
969	1002
969	1005
969	1010
969	1012
969	1013
969	1014
969	1015
969	1018
969	1020
969	1025
969	1026
969	1028
969	1029
969	1032
969	1038
969	1040
969	1041
969	1043
969	1050
969	1051
969	1053
969	1064
969	1071
969	1074
969	1075
969	1077
969	1083
969	1086
969	1093
969	1098
969	1100
969	1103
969	1106
969	1115
969	1126
969	1127
969	1129
969	1133
969	1135
969	1138
969	1142
969	1145
969	1148
969	1151
969	1156
1098	1100
1098	1101
1098	1106
1098	1115
1098	1116
1098	1125
1098	1126
1098	1127
1098	1129
1098	1133
1098	1135
1098	1138
1098	1142
1098	1145
1098	1146
1098	1148
1098	1151
1098	1801
1103	1106
1103	1110
1103	1115
1103	1116
1103	1122
1103	1127
1103	1129
1103	1133
1103	1135
1103	1138
1103	1142
1103	1145
1103	1146
1103	1148
1103	1151
1103	1156
1103	1794
1103	1810
1103	1813
1106	1110
1106	1114
1106	1115
1106	1116
1106	1122
1106	1125
1106	1126
1106	1129
1106	1133
1106	1135
1106	1138
1106	1142
1106	1145
1106	1146
1106	1148
1106	1151
1106	1156
1106	1821
1077	1080
1077	1083
1077	1086
1077	1093
1077	1096
1077	1098
1077	1100
1077	1101
1077	1103
1077	1106
1077	1110
1077	1114
1077	1115
1077	1125
1077	1127
1077	1129
1077	1135
1077	1142
1077	1145
1077	1146
1077	1148
1077	1151
1100	1101
1100	1103
1100	1110
1100	1114
1100	1116
1100	1122
1100	1126
1100	1127
1100	1129
1100	1138
1100	1145
1100	1146
1100	1148
1100	1156
1100	1821
1151	1156
1151	1771
1151	1802
1151	1816
1101	1103
1101	1106
1101	1115
1101	1122
1101	1125
1101	1126
1101	1127
1101	1133
1101	1135
1101	1138
1101	1142
1101	1145
1101	1146
1101	1148
1101	1151
1101	1156
995	1001
995	1002
995	1005
995	1008
995	1010
995	1012
995	1013
995	1014
995	1015
995	1018
995	1020
995	1025
995	1026
995	1028
995	1029
995	1032
995	1038
995	1040
995	1041
995	1043
995	1050
995	1051
995	1053
995	1054
995	1058
995	1060
995	1062
995	1071
995	1074
995	1075
995	1077
995	1080
995	1083
995	1086
995	1093
995	1096
995	1098
995	1100
995	1101
995	1106
995	1110
995	1114
995	1115
995	1116
995	1126
995	1129
995	1133
995	1135
995	1138
995	1142
995	1145
995	1146
995	1148
995	1151
995	1683
995	1801
985	989
985	990
985	994
985	995
985	1001
985	1002
985	1005
985	1010
985	1012
985	1014
985	1015
985	1018
985	1020
985	1025
985	1026
985	1028
985	1040
985	1041
985	1043
985	1050
985	1051
985	1053
985	1058
985	1060
985	1062
985	1064
985	1071
985	1074
985	1075
985	1077
985	1083
985	1086
985	1093
985	1098
985	1100
985	1101
985	1103
985	1106
985	1110
985	1114
985	1115
985	1116
985	1122
985	1125
985	1126
985	1127
985	1129
985	1133
985	1135
985	1138
985	1142
985	1146
985	1148
985	1151
985	1156
985	1714
1071	1074
1071	1075
1071	1077
1071	1080
1071	1083
1071	1086
1071	1096
1071	1098
1071	1101
1071	1106
1071	1110
1071	1114
1071	1115
1071	1116
1071	1125
1071	1126
1071	1127
1071	1129
1071	1133
1071	1135
1071	1138
1071	1142
1071	1145
1071	1148
1071	1151
1071	1156
1071	1747
1093	1096
1093	1098
1093	1100
1093	1101
1093	1103
1093	1106
1093	1110
1093	1114
1093	1115
1093	1116
1093	1122
1093	1125
1093	1126
1093	1127
1093	1129
1093	1135
1093	1138
1093	1145
1093	1146
1093	1151
1093	1156
1093	1686
1093	1739
1093	1747
1050	1051
1050	1054
1050	1058
1050	1060
1050	1062
1050	1071
1050	1074
1050	1075
1050	1077
1050	1080
1050	1083
1050	1093
1050	1096
1050	1098
1050	1100
1050	1101
1050	1103
1050	1106
1050	1110
1050	1114
1050	1115
1050	1116
1050	1122
1050	1125
1050	1126
1050	1127
1050	1129
1050	1133
1050	1135
1050	1138
1050	1142
1050	1145
1050	1146
1050	1148
1050	1151
1050	1156
1050	1748
1050	1775
1050	1805
1075	1077
1075	1080
1075	1083
1075	1086
1075	1093
1075	1096
1075	1098
1075	1100
1075	1101
1075	1110
1075	1114
1075	1115
1075	1122
1075	1125
1075	1126
1075	1127
1075	1129
1075	1133
1075	1135
1075	1138
1075	1142
1075	1145
1075	1146
1075	1148
1075	1151
1075	1156
1075	1766
1148	1151
1148	1156
1148	1648
1013	1014
1013	1015
1013	1018
1013	1020
1013	1025
1013	1026
1013	1028
1013	1029
1013	1032
1013	1038
1013	1040
1013	1043
1013	1050
1013	1051
1013	1054
1013	1060
1013	1062
1013	1064
1013	1071
1013	1074
1013	1075
1013	1077
1013	1080
1013	1083
1013	1086
1013	1093
1013	1096
1013	1098
1013	1100
1013	1101
1013	1110
1013	1114
1013	1115
1013	1116
1013	1122
1013	1126
1013	1127
1013	1129
1013	1133
1013	1135
1013	1138
1013	1142
1013	1145
1013	1146
1013	1148
1013	1151
1013	1779
1013	1817
1026	1028
1026	1029
1026	1032
1026	1038
1026	1040
1026	1041
1026	1043
1026	1050
1026	1051
1026	1053
1026	1054
1026	1058
1026	1060
1026	1062
1026	1064
1026	1071
1026	1074
1026	1075
1026	1077
1026	1080
1026	1083
1026	1086
1026	1093
1026	1096
1026	1103
1026	1106
1026	1110
1026	1116
1026	1122
1026	1125
1026	1129
1026	1133
1026	1138
1026	1142
1026	1146
1026	1148
1026	1151
1026	1156
1026	1662
1026	1705
1026	1801
1026	1814
1032	1038
1032	1040
1032	1041
1032	1043
1032	1051
1032	1053
1032	1054
1032	1058
1032	1060
1032	1062
1032	1064
1032	1071
1032	1077
1032	1080
1032	1086
1032	1096
1032	1098
1032	1100
1032	1101
1032	1103
1032	1106
1032	1110
1032	1114
1032	1116
1032	1122
1032	1125
1032	1126
1032	1127
1032	1129
1032	1133
1032	1142
1032	1145
1032	1146
1032	1148
1032	1151
1032	1156
1032	1791
1032	1805
1058	1060
1058	1062
1058	1064
1058	1071
1058	1074
1058	1075
1058	1077
1058	1080
1058	1083
1058	1086
1058	1093
1058	1096
1058	1098
1058	1100
1058	1101
1058	1103
1058	1106
1058	1110
1058	1114
1058	1115
1058	1116
1058	1122
1058	1125
1058	1126
1058	1129
1058	1133
1058	1135
1058	1138
1058	1145
1058	1146
1058	1148
1058	1151
1058	1156
1058	1710
1053	1054
1053	1058
1053	1060
1053	1062
1053	1064
1053	1071
1053	1074
1053	1075
1053	1077
1053	1080
1053	1083
1053	1086
1053	1093
1053	1096
1053	1098
1053	1100
1053	1101
1053	1103
1053	1106
1053	1115
1053	1116
1053	1122
1053	1126
1053	1127
1053	1129
1053	1135
1053	1138
1053	1142
1053	1145
1053	1146
1053	1148
1053	1151
1053	1156
1053	1766
1053	1798
1138	1142
1138	1146
1138	1148
1138	1151
1138	1156
1138	1733
1138	1747
1062	1064
1062	1071
1062	1074
1062	1075
1062	1080
1062	1093
1062	1098
1062	1100
1062	1101
1062	1103
1062	1106
1062	1110
1062	1114
1062	1115
1062	1116
1062	1122
1062	1125
1062	1126
1062	1127
1062	1133
1062	1135
1062	1138
1062	1142
1062	1145
1062	1148
1062	1156
1062	1722
1062	1768
984	985
984	989
984	994
984	995
984	1001
984	1002
984	1005
984	1008
984	1010
984	1012
984	1013
984	1014
984	1018
984	1025
984	1026
984	1028
984	1029
984	1032
984	1040
984	1041
984	1043
984	1050
984	1051
984	1053
984	1054
984	1058
984	1060
984	1062
984	1071
984	1074
984	1077
984	1080
984	1083
984	1086
984	1096
984	1098
984	1100
984	1101
984	1103
984	1110
984	1114
984	1115
984	1122
984	1125
984	1126
984	1127
984	1129
984	1133
984	1135
984	1138
984	1142
984	1146
984	1148
984	1151
984	1156
984	1705
984	1748
984	1759
1110	1114
1110	1115
1110	1116
1110	1122
1110	1125
1110	1127
1110	1129
1110	1133
1110	1135
1110	1138
1110	1145
1110	1146
1110	1156
1110	1683
1110	1696
1110	1699
1110	1752
1110	1778
1110	1813
1029	1032
1029	1038
1029	1040
1029	1041
1029	1043
1029	1050
1029	1051
1029	1053
1029	1054
1029	1058
1029	1060
1029	1062
1029	1071
1029	1074
1029	1075
1029	1077
1029	1080
1029	1083
1029	1086
1029	1093
1029	1096
1029	1098
1029	1100
1029	1101
1029	1110
1029	1114
1029	1115
1029	1116
1029	1122
1029	1125
1029	1127
1029	1129
1029	1133
1029	1135
1029	1138
1029	1142
1029	1146
1029	1148
1029	1151
1029	1156
1029	1692
1125	1126
1125	1127
1125	1129
1125	1133
1125	1135
1125	1138
1125	1142
1125	1145
1125	1146
1125	1148
1125	1151
1125	1156
1125	1733
1125	1766
1002	1012
1002	1013
1002	1014
1002	1015
1002	1018
1002	1020
1002	1029
1002	1032
1002	1040
1002	1041
1002	1043
1002	1050
1002	1051
1002	1053
1002	1054
1002	1058
1002	1060
1002	1062
1002	1064
1002	1071
1002	1074
1002	1077
1002	1080
1002	1086
1002	1093
1002	1096
1002	1098
1002	1100
1002	1101
1002	1103
1002	1106
1002	1110
1002	1114
1002	1115
1002	1116
1002	1122
1002	1125
1002	1126
1002	1127
1002	1129
1002	1133
1002	1135
1002	1142
1002	1145
1002	1146
1002	1148
1002	1151
1002	1156
1002	1720
1002	1821
1043	1051
1043	1058
1043	1060
1043	1062
1043	1064
1043	1071
1043	1074
1043	1075
1043	1077
1043	1080
1043	1083
1043	1086
1043	1093
1043	1096
1043	1098
1043	1100
1043	1103
1043	1106
1043	1110
1043	1114
1043	1115
1043	1116
1043	1122
1043	1125
1043	1126
1043	1127
1043	1129
1043	1133
1043	1135
1043	1138
1043	1142
1043	1145
1043	1146
1043	1148
1074	1075
1074	1077
1074	1080
1074	1083
1074	1086
1074	1093
1074	1096
1074	1098
1074	1100
1074	1101
1074	1103
1074	1106
1074	1110
1074	1114
1074	1116
1074	1125
1074	1126
1074	1127
1074	1129
1074	1133
1074	1135
1074	1142
1074	1145
1074	1146
1074	1148
1074	1151
1074	1156
1074	1717
1135	1138
1135	1142
1135	1145
1135	1146
1135	1148
1135	1156
1135	1773
1115	1122
1115	1125
1115	1126
1115	1127
1115	1129
1115	1133
1115	1135
1115	1138
1115	1142
1115	1148
1115	1658
1115	1686
1115	1733
1116	1122
1116	1126
1116	1129
1116	1135
1116	1138
1116	1142
1116	1145
1116	1146
1116	1148
1116	1151
1116	1156
1116	1720
1116	1738
1116	1754
1116	1791
1116	1813
1129	1133
1129	1135
1129	1138
1129	1142
1129	1145
1129	1148
1129	1151
1129	1156
1129	1686
1129	1754
1015	1018
1015	1025
1015	1026
1015	1029
1015	1032
1015	1038
1015	1040
1015	1041
1015	1043
1015	1051
1015	1053
1015	1054
1015	1058
1015	1062
1015	1064
1015	1071
1015	1074
1015	1075
1015	1077
1015	1083
1015	1086
1015	1093
1015	1096
1015	1098
1015	1100
1015	1101
1015	1103
1015	1106
1015	1110
1015	1114
1015	1116
1015	1122
1015	1125
1015	1126
1015	1127
1015	1133
1015	1135
1015	1138
1015	1142
1015	1146
1015	1148
1015	1151
1015	1156
1018	1020
1018	1025
1018	1026
1018	1028
1018	1029
1018	1032
1018	1038
1018	1040
1018	1041
1018	1043
1018	1050
1018	1051
1018	1053
1018	1054
1018	1058
1018	1060
1018	1062
1018	1064
1018	1071
1018	1074
1018	1075
1018	1077
1018	1080
1018	1083
1018	1086
1018	1093
1018	1096
1018	1098
1018	1100
1018	1103
1018	1106
1018	1110
1018	1114
1018	1115
1018	1116
1018	1122
1018	1125
1018	1127
1018	1129
1018	1133
1018	1135
1018	1142
1018	1145
1018	1146
1018	1148
1018	1151
1018	1156
1060	1062
1060	1064
1060	1071
1060	1074
1060	1075
1060	1077
1060	1080
1060	1083
1060	1086
1060	1093
1060	1096
1060	1098
1060	1101
1060	1103
1060	1106
1060	1110
1060	1115
1060	1116
1060	1122
1060	1125
1060	1127
1060	1129
1060	1133
1060	1135
1060	1138
1060	1142
1060	1145
1060	1146
1060	1148
1060	1156
1060	1736
1145	1146
1145	1148
1145	1151
1145	1156
1145	1734
1145	1762
1145	1773
1051	1053
1051	1054
1051	1058
1051	1060
1051	1071
1051	1074
1051	1077
1051	1083
1051	1086
1051	1096
1051	1098
1051	1100
1051	1101
1051	1103
1051	1106
1051	1110
1051	1114
1051	1115
1051	1116
1051	1122
1051	1125
1051	1126
1051	1127
1051	1129
1051	1133
1051	1135
1051	1142
1051	1145
1051	1146
1051	1148
1051	1151
1051	1736
1051	1740
1051	1745
1051	1752
1051	1763
1114	1115
1114	1116
1114	1122
1114	1125
1114	1126
1114	1127
1114	1129
1114	1135
1114	1138
1114	1142
1114	1145
1114	1146
1114	1148
1114	1151
1114	1702
1114	1771
1156	1719
1156	1791
1020	1025
1020	1026
1020	1028
1020	1029
1020	1032
1020	1038
1020	1040
1020	1041
1020	1043
1020	1050
1020	1051
1020	1053
1020	1054
1020	1058
1020	1060
1020	1062
1020	1064
1020	1071
1020	1075
1020	1080
1020	1083
1020	1086
1020	1093
1020	1096
1020	1098
1020	1100
1020	1101
1020	1103
1020	1106
1020	1110
1020	1114
1020	1115
1020	1122
1020	1125
1020	1126
1020	1127
1020	1133
1020	1135
1020	1145
1020	1146
1020	1151
1020	1156
1020	1683
1020	1734
1020	1766
