# Undirected graph (each unordered pair of nodes is saved once): output/networks/SmallWorldRewire05removeRandom-90percent.txt
# Nodes: 200 Edges: 9663
# NodeId	NodeId
16	22
16	31
16	39
16	44
16	45
16	46
16	51
16	69
16	77
16	87
16	91
16	101
16	104
16	115
16	127
16	139
16	148
16	158
16	160
16	163
16	164
16	175
16	176
16	185
16	188
16	253
16	270
16	296
16	297
16	300
16	301
16	315
16	319
16	337
16	347
16	357
16	362
16	370
16	383
16	397
16	409
16	417
16	419
16	422
16	425
16	433
16	460
16	463
16	464
16	472
16	474
16	475
16	480
16	490
16	491
16	498
16	501
16	515
16	717
16	735
16	741
16	1442
16	1460
16	1500
16	1524
16	1538
16	1539
16	1546
16	1561
16	1566
16	1588
16	1592
16	1621
16	1628
16	1640
16	1653
16	1669
16	1671
16	1674
16	1675
16	1682
16	1692
16	1715
16	1720
16	1729
16	1743
16	1772
16	1811
16	1819
16	1848
16	1871
16	1884
16	1900
16	1906
16	1911
16	1916
16	1922
16	1925
16	1933
16	1940
16	1944
16	1967
16	1982
16	1989
22	31
22	39
22	45
22	46
22	51
22	69
22	77
22	78
22	87
22	101
22	104
22	115
22	127
22	139
22	148
22	158
22	160
22	163
22	173
22	175
22	183
22	185
22	188
22	202
22	253
22	259
22	270
22	296
22	297
22	300
22	301
22	315
22	319
22	347
22	357
22	362
22	363
22	370
22	383
22	397
22	409
22	417
22	419
22	422
22	425
22	433
22	460
22	463
22	464
22	472
22	474
22	480
22	491
22	498
22	501
22	515
22	600
22	799
22	911
22	1219
22	1328
22	1443
22	1524
22	1538
22	1546
22	1561
22	1566
22	1588
22	1592
22	1621
22	1628
22	1640
22	1642
22	1652
22	1653
22	1657
22	1669
22	1671
22	1675
22	1682
22	1692
22	1720
22	1729
22	1743
22	1772
22	1811
22	1819
22	1845
22	1848
22	1871
22	1884
22	1900
22	1906
22	1911
22	1916
22	1922
22	1925
22	1933
22	1940
22	1944
22	1967
22	1982
22	1989
31	39
31	44
31	45
31	46
31	51
31	69
31	77
31	78
31	87
31	101
31	104
31	115
31	127
31	139
31	148
31	158
31	160
31	163
31	164
31	173
31	175
31	176
31	188
31	202
31	253
31	259
31	270
31	296
31	297
31	300
31	301
31	315
31	319
31	337
31	347
31	357
31	362
31	363
31	370
31	383
31	397
31	409
31	417
31	419
31	422
31	425
31	433
31	460
31	463
31	464
31	472
31	474
31	475
31	480
31	490
31	491
31	498
31	501
31	515
31	799
31	1138
31	1500
31	1538
31	1539
31	1546
31	1561
31	1566
31	1588
31	1592
31	1621
31	1628
31	1640
31	1642
31	1652
31	1653
31	1657
31	1669
31	1671
31	1674
31	1675
31	1682
31	1692
31	1715
31	1729
31	1743
31	1811
31	1845
31	1848
31	1871
31	1884
31	1900
31	1906
31	1916
31	1922
31	1925
31	1933
31	1940
31	1944
31	1967
31	1982
31	1989
39	44
39	45
39	46
39	51
39	69
39	77
39	78
39	87
39	91
39	101
39	104
39	115
39	127
39	139
39	148
39	158
39	160
39	163
39	164
39	175
39	176
39	183
39	188
39	202
39	259
39	270
39	296
39	297
39	300
39	301
39	315
39	319
39	337
39	347
39	357
39	362
39	363
39	370
39	383
39	397
39	409
39	417
39	419
39	422
39	425
39	463
39	464
39	472
39	474
39	475
39	480
39	490
39	491
39	498
39	501
39	515
39	539
39	741
39	1169
39	1310
39	1391
39	1443
39	1539
39	1546
39	1561
39	1566
39	1588
39	1592
39	1621
39	1628
39	1640
39	1652
39	1653
39	1657
39	1669
39	1671
39	1674
39	1675
39	1682
39	1692
39	1715
39	1729
39	1743
39	1772
39	1811
39	1819
39	1845
39	1848
39	1871
39	1884
39	1900
39	1906
39	1911
39	1916
39	1922
39	1925
39	1944
39	1967
39	1989
44	45
44	46
44	51
44	69
44	77
44	78
44	87
44	91
44	101
44	104
44	115
44	127
44	139
44	148
44	158
44	160
44	163
44	164
44	173
44	175
44	176
44	183
44	185
44	188
44	202
44	253
44	259
44	270
44	297
44	301
44	315
44	337
44	347
44	357
44	362
44	363
44	370
44	383
44	397
44	409
44	417
44	419
44	422
44	425
44	433
44	460
44	463
44	464
44	472
44	474
44	475
44	480
44	490
44	491
44	498
44	501
44	515
44	539
44	541
44	1195
44	1546
44	1561
44	1566
44	1588
44	1592
44	1621
44	1628
44	1640
44	1652
44	1653
44	1657
44	1669
44	1671
44	1674
44	1675
44	1682
44	1692
44	1715
44	1720
44	1729
44	1743
44	1811
44	1819
44	1845
44	1848
44	1871
44	1884
44	1906
44	1911
44	1916
44	1922
44	1925
44	1933
44	1940
44	1944
44	1967
44	1982
44	1989
45	51
45	69
45	77
45	78
45	87
45	91
45	101
45	104
45	115
45	127
45	139
45	148
45	158
45	160
45	163
45	164
45	173
45	176
45	183
45	202
45	253
45	259
45	270
45	296
45	300
45	301
45	315
45	319
45	337
45	347
45	357
45	363
45	370
45	383
45	397
45	409
45	417
45	419
45	422
45	425
45	460
45	463
45	472
45	474
45	475
45	480
45	490
45	491
45	498
45	501
45	515
45	539
45	541
45	841
45	1328
45	1391
45	1546
45	1561
45	1566
45	1588
45	1592
45	1621
45	1628
45	1640
45	1642
45	1652
45	1653
45	1657
45	1669
45	1671
45	1674
45	1675
45	1682
45	1715
45	1720
45	1729
45	1743
45	1772
45	1819
45	1845
45	1848
45	1871
45	1884
45	1900
45	1911
45	1916
45	1922
45	1925
45	1933
45	1940
45	1944
45	1967
45	1982
45	1989
46	51
46	69
46	77
46	78
46	87
46	91
46	101
46	104
46	115
46	127
46	139
46	148
46	158
46	160
46	163
46	175
46	176
46	183
46	185
46	188
46	202
46	253
46	259
46	270
46	296
46	297
46	300
46	301
46	315
46	319
46	337
46	347
46	357
46	362
46	363
46	370
46	383
46	397
46	409
46	417
46	419
46	422
46	425
46	433
46	460
46	464
46	472
46	474
46	475
46	480
46	490
46	498
46	501
46	515
46	539
46	541
46	755
46	773
46	1224
46	1239
46	1539
46	1546
46	1561
46	1566
46	1588
46	1592
46	1621
46	1628
46	1652
46	1653
46	1657
46	1671
46	1675
46	1682
46	1692
46	1715
46	1720
46	1729
46	1743
46	1811
46	1819
46	1845
46	1848
46	1871
46	1884
46	1900
46	1906
46	1911
46	1916
46	1922
46	1925
46	1933
46	1940
46	1944
46	1967
46	1982
46	1989
51	69
51	77
51	78
51	87
51	91
51	101
51	115
51	127
51	139
51	148
51	158
51	163
51	164
51	173
51	175
51	176
51	183
51	185
51	188
51	253
51	270
51	296
51	297
51	300
51	301
51	315
51	319
51	337
51	347
51	357
51	362
51	363
51	370
51	383
51	397
51	409
51	417
51	419
51	425
51	433
51	460
51	463
51	464
51	472
51	474
51	475
51	480
51	490
51	491
51	498
51	501
51	515
51	539
51	541
51	625
51	766
51	1219
51	1362
51	1370
51	1561
51	1566
51	1588
51	1592
51	1621
51	1628
51	1640
51	1642
51	1652
51	1653
51	1657
51	1669
51	1671
51	1674
51	1682
51	1692
51	1715
51	1720
51	1729
51	1743
51	1772
51	1811
51	1845
51	1848
51	1871
51	1884
51	1900
51	1906
51	1916
51	1922
51	1925
51	1933
51	1940
51	1944
51	1982
51	1989
69	77
69	78
69	87
69	91
69	101
69	104
69	115
69	127
69	139
69	148
69	158
69	160
69	163
69	164
69	173
69	175
69	176
69	183
69	185
69	188
69	202
69	253
69	259
69	296
69	297
69	301
69	315
69	319
69	347
69	357
69	362
69	363
69	370
69	383
69	397
69	409
69	417
69	419
69	422
69	425
69	433
69	460
69	463
69	464
69	472
69	475
69	480
69	491
69	498
69	501
69	515
69	539
69	552
69	621
69	767
69	1005
69	1500
69	1588
69	1592
69	1621
69	1628
69	1640
69	1642
69	1652
69	1653
69	1657
69	1669
69	1671
69	1674
69	1675
69	1682
69	1692
69	1715
69	1720
69	1729
69	1743
69	1772
69	1811
69	1819
69	1845
69	1848
69	1871
69	1884
69	1900
69	1906
69	1911
69	1916
69	1922
69	1925
69	1933
69	1940
69	1944
69	1967
69	1982
69	1989
77	78
77	87
77	91
77	101
77	104
77	115
77	127
77	139
77	148
77	158
77	160
77	163
77	164
77	173
77	175
77	176
77	183
77	202
77	253
77	259
77	270
77	296
77	297
77	300
77	301
77	315
77	319
77	337
77	347
77	357
77	362
77	363
77	383
77	397
77	409
77	419
77	422
77	425
77	433
77	460
77	463
77	464
77	472
77	474
77	475
77	480
77	490
77	491
77	498
77	501
77	515
77	539
77	552
77	1135
77	1156
77	1391
77	1588
77	1592
77	1621
77	1628
77	1640
77	1642
77	1652
77	1653
77	1657
77	1669
77	1671
77	1674
77	1675
77	1682
77	1692
77	1715
77	1720
77	1729
77	1743
77	1772
77	1811
77	1819
77	1848
77	1871
77	1906
77	1911
77	1916
77	1922
77	1925
77	1933
77	1940
77	1944
77	1967
77	1982
77	1989
87	91
87	101
87	104
87	115
87	127
87	139
87	148
87	160
87	163
87	164
87	173
87	176
87	183
87	185
87	188
87	202
87	253
87	259
87	270
87	296
87	297
87	300
87	301
87	315
87	319
87	337
87	347
87	357
87	362
87	370
87	383
87	397
87	409
87	417
87	419
87	422
87	425
87	433
87	460
87	463
87	464
87	472
87	475
87	480
87	490
87	491
87	498
87	501
87	515
87	539
87	541
87	552
87	581
87	641
87	677
87	773
87	1098
87	1195
87	1384
87	1588
87	1592
87	1621
87	1628
87	1640
87	1642
87	1652
87	1653
87	1657
87	1669
87	1671
87	1674
87	1682
87	1692
87	1715
87	1729
87	1743
87	1772
87	1811
87	1819
87	1845
87	1848
87	1884
87	1911
87	1916
87	1922
87	1925
87	1933
87	1940
87	1944
87	1967
87	1982
87	1989
91	101
91	104
91	115
91	127
91	139
91	148
91	158
91	160
91	163
91	164
91	173
91	175
91	176
91	183
91	188
91	202
91	253
91	270
91	296
91	297
91	300
91	301
91	315
91	319
91	337
91	347
91	357
91	363
91	370
91	383
91	397
91	409
91	417
91	419
91	422
91	425
91	433
91	460
91	463
91	464
91	472
91	474
91	475
91	480
91	490
91	491
91	501
91	515
91	539
91	552
91	581
91	598
91	755
91	1169
91	1328
91	1592
91	1621
91	1628
91	1640
91	1642
91	1652
91	1653
91	1657
91	1671
91	1674
91	1675
91	1682
91	1692
91	1715
91	1720
91	1729
91	1743
91	1772
91	1811
91	1819
91	1848
91	1871
91	1884
91	1900
91	1911
91	1916
91	1922
91	1925
91	1933
91	1940
91	1944
91	1967
91	1989
101	104
101	115
101	127
101	139
101	148
101	158
101	160
101	164
101	173
101	175
101	176
101	183
101	185
101	202
101	253
101	259
101	270
101	296
101	297
101	300
101	301
101	315
101	337
101	347
101	357
101	362
101	363
101	370
101	383
101	397
101	409
101	417
101	419
101	422
101	433
101	460
101	464
101	472
101	474
101	475
101	480
101	490
101	491
101	501
101	515
101	539
101	541
101	581
101	598
101	600
101	766
101	880
101	887
101	904
101	1239
101	1524
101	1621
101	1628
101	1640
101	1642
101	1652
101	1653
101	1657
101	1669
101	1671
101	1675
101	1682
101	1692
101	1715
101	1729
101	1772
101	1811
101	1819
101	1871
101	1884
101	1900
101	1906
101	1911
101	1916
101	1922
101	1925
101	1940
101	1944
101	1982
101	1989
104	127
104	139
104	148
104	158
104	160
104	163
104	164
104	173
104	175
104	176
104	183
104	185
104	202
104	253
104	259
104	270
104	300
104	301
104	315
104	319
104	337
104	347
104	357
104	362
104	363
104	370
104	383
104	397
104	409
104	417
104	419
104	422
104	425
104	433
104	460
104	463
104	464
104	472
104	474
104	475
104	480
104	490
104	491
104	498
104	501
104	515
104	539
104	541
104	552
104	581
104	598
104	600
104	700
104	889
104	1186
104	1210
104	1328
104	1384
104	1621
104	1628
104	1640
104	1642
104	1652
104	1653
104	1657
104	1671
104	1674
104	1675
104	1682
104	1692
104	1715
104	1720
104	1729
104	1743
104	1772
104	1811
104	1819
104	1845
104	1848
104	1884
104	1900
104	1906
104	1911
104	1916
104	1922
104	1925
104	1940
104	1944
104	1967
104	1982
104	1989
115	127
115	139
115	148
115	158
115	160
115	163
115	164
115	173
115	175
115	176
115	183
115	185
115	188
115	202
115	253
115	259
115	270
115	296
115	300
115	301
115	315
115	319
115	337
115	347
115	357
115	362
115	363
115	370
115	383
115	397
115	409
115	417
115	422
115	425
115	433
115	460
115	463
115	464
115	472
115	474
115	475
115	480
115	490
115	498
115	501
115	515
115	541
115	552
115	581
115	598
115	600
115	625
115	755
115	1028
115	1210
115	1443
115	1475
115	1546
115	1561
115	1621
115	1628
115	1640
115	1642
115	1652
115	1653
115	1657
115	1669
115	1671
115	1674
115	1675
115	1682
115	1692
115	1715
115	1720
115	1729
115	1743
115	1772
115	1811
115	1819
115	1845
115	1848
115	1871
115	1884
115	1906
115	1911
115	1916
115	1922
115	1925
115	1933
115	1940
115	1944
115	1989
127	139
127	163
127	164
127	173
127	175
127	176
127	183
127	185
127	188
127	202
127	253
127	259
127	270
127	296
127	297
127	300
127	301
127	315
127	319
127	337
127	347
127	357
127	362
127	363
127	370
127	383
127	397
127	409
127	417
127	419
127	422
127	425
127	460
127	464
127	472
127	474
127	475
127	490
127	491
127	498
127	501
127	515
127	539
127	552
127	581
127	598
127	600
127	619
127	621
127	625
127	745
127	1028
127	1197
127	1239
127	1538
127	1628
127	1640
127	1642
127	1652
127	1653
127	1657
127	1669
127	1671
127	1674
127	1675
127	1682
127	1692
127	1720
127	1729
127	1772
127	1811
127	1819
127	1845
127	1848
127	1871
127	1884
127	1900
127	1906
127	1911
127	1916
127	1922
127	1925
127	1933
127	1940
127	1944
127	1967
127	1982
139	148
139	158
139	160
139	163
139	164
139	173
139	175
139	176
139	183
139	185
139	188
139	202
139	253
139	259
139	270
139	296
139	297
139	300
139	301
139	315
139	337
139	347
139	362
139	363
139	370
139	383
139	397
139	409
139	417
139	419
139	422
139	425
139	433
139	460
139	463
139	464
139	472
139	474
139	475
139	480
139	491
139	498
139	501
139	515
139	539
139	541
139	552
139	581
139	598
139	600
139	619
139	621
139	625
139	632
139	635
139	732
139	767
139	821
139	880
139	927
139	1003
139	1135
139	1195
139	1391
139	1511
139	1546
139	1621
139	1628
139	1640
139	1642
139	1652
139	1653
139	1657
139	1669
139	1671
139	1674
139	1675
139	1682
139	1692
139	1715
139	1720
139	1729
139	1743
139	1772
139	1811
139	1819
139	1845
139	1848
139	1871
139	1884
139	1906
139	1911
139	1916
139	1922
139	1925
139	1940
139	1944
139	1967
139	1982
139	1989
148	158
148	160
148	163
148	175
148	176
148	183
148	185
148	188
148	202
148	253
148	259
148	270
148	296
148	297
148	300
148	301
148	315
148	319
148	337
148	357
148	362
148	370
148	383
148	397
148	409
148	417
148	419
148	422
148	425
148	433
148	460
148	463
148	464
148	474
148	475
148	490
148	491
148	498
148	501
148	515
148	539
148	541
148	552
148	581
148	598
148	600
148	619
148	621
148	625
148	632
148	635
148	641
148	642
148	1138
148	1628
148	1652
148	1657
148	1669
148	1671
148	1674
148	1675
148	1682
148	1715
148	1720
148	1729
148	1743
148	1811
148	1819
148	1845
148	1848
148	1871
148	1884
148	1900
148	1906
148	1911
148	1916
148	1922
148	1925
148	1933
148	1940
148	1967
148	1982
148	1989
158	160
158	163
158	164
158	173
158	175
158	176
158	188
158	202
158	253
158	259
158	270
158	297
158	300
158	301
158	315
158	319
158	337
158	347
158	357
158	363
158	370
158	383
158	397
158	409
158	417
158	419
158	422
158	425
158	433
158	460
158	463
158	464
158	472
158	474
158	475
158	490
158	491
158	498
158	515
158	539
158	552
158	581
158	598
158	600
158	619
158	621
158	625
158	632
158	635
158	641
158	642
158	841
158	880
158	904
158	946
158	1212
158	1384
158	1669
158	1671
158	1674
158	1675
158	1682
158	1692
158	1715
158	1720
158	1729
158	1743
158	1772
158	1811
158	1819
158	1845
158	1848
158	1871
158	1884
158	1900
158	1906
158	1911
158	1916
158	1922
158	1925
158	1940
158	1944
158	1989
160	163
160	164
160	173
160	175
160	176
160	183
160	188
160	202
160	253
160	259
160	270
160	296
160	297
160	300
160	301
160	315
160	337
160	362
160	363
160	370
160	397
160	409
160	417
160	419
160	425
160	433
160	460
160	463
160	464
160	472
160	474
160	475
160	480
160	490
160	491
160	498
160	501
160	515
160	539
160	541
160	552
160	581
160	598
160	600
160	619
160	621
160	625
160	632
160	635
160	641
160	642
160	821
160	911
160	1003
160	1138
160	1156
160	1212
160	1280
160	1592
160	1653
160	1669
160	1671
160	1674
160	1675
160	1682
160	1692
160	1715
160	1729
160	1772
160	1819
160	1845
160	1848
160	1871
160	1884
160	1900
160	1906
160	1911
160	1916
160	1922
160	1925
160	1933
160	1940
160	1944
160	1967
160	1982
160	1989
163	164
163	173
163	175
163	176
163	183
163	185
163	202
163	253
163	259
163	270
163	296
163	297
163	300
163	301
163	315
163	319
163	337
163	347
163	357
163	363
163	370
163	383
163	397
163	409
163	417
163	419
163	422
163	425
163	433
163	460
163	463
163	464
163	472
163	475
163	480
163	491
163	498
163	501
163	515
163	539
163	541
163	552
163	581
163	600
163	619
163	621
163	625
163	632
163	635
163	641
163	642
163	767
163	1135
163	1138
163	1328
163	1669
163	1674
163	1675
163	1692
163	1715
163	1720
163	1729
163	1743
163	1772
163	1811
163	1819
163	1845
163	1848
163	1871
163	1884
163	1900
163	1906
163	1911
163	1916
163	1922
163	1925
163	1933
163	1940
163	1944
163	1967
163	1989
164	173
164	175
164	176
164	183
164	185
164	188
164	202
164	253
164	259
164	270
164	296
164	297
164	300
164	301
164	315
164	319
164	337
164	347
164	357
164	362
164	363
164	370
164	383
164	409
164	417
164	419
164	422
164	425
164	433
164	460
164	463
164	464
164	472
164	474
164	480
164	490
164	491
164	498
164	501
164	515
164	541
164	552
164	581
164	598
164	600
164	619
164	621
164	625
164	632
164	635
164	641
164	642
164	741
164	841
164	880
164	889
164	1005
164	1191
164	1310
164	1653
164	1657
164	1669
164	1671
164	1674
164	1675
164	1682
164	1692
164	1715
164	1720
164	1729
164	1743
164	1772
164	1811
164	1819
164	1845
164	1848
164	1871
164	1884
164	1900
164	1906
164	1911
164	1916
164	1922
164	1925
164	1933
164	1940
164	1944
164	1967
164	1982
164	1989
173	175
173	176
173	183
173	185
173	188
173	202
173	253
173	259
173	270
173	296
173	297
173	300
173	301
173	315
173	319
173	337
173	347
173	357
173	362
173	363
173	370
173	383
173	409
173	417
173	419
173	422
173	425
173	433
173	460
173	463
173	464
173	474
173	475
173	490
173	491
173	498
173	539
173	541
173	552
173	598
173	600
173	619
173	621
173	625
173	632
173	635
173	641
173	642
173	1138
173	1176
173	1384
173	1442
173	1460
173	1561
173	1674
173	1675
173	1682
173	1692
173	1715
173	1720
173	1729
173	1743
173	1772
173	1819
173	1845
173	1848
173	1871
173	1884
173	1900
173	1906
173	1911
173	1916
173	1922
173	1925
173	1940
173	1944
173	1967
173	1989
175	176
175	183
175	185
175	188
175	202
175	253
175	259
175	270
175	296
175	297
175	301
175	315
175	319
175	337
175	357
175	362
175	363
175	370
175	383
175	397
175	409
175	417
175	419
175	422
175	433
175	460
175	463
175	464
175	472
175	475
175	480
175	490
175	491
175	498
175	501
175	541
175	552
175	581
175	600
175	619
175	621
175	625
175	632
175	641
175	642
175	887
175	1566
175	1592
175	1642
175	1675
175	1682
175	1692
175	1715
175	1720
175	1729
175	1743
175	1811
175	1819
175	1845
175	1848
175	1871
175	1884
175	1906
175	1911
175	1916
175	1925
175	1933
175	1940
175	1944
175	1967
175	1982
175	1989
176	188
176	202
176	253
176	259
176	270
176	296
176	297
176	300
176	301
176	315
176	319
176	337
176	347
176	357
176	362
176	363
176	370
176	383
176	397
176	409
176	417
176	422
176	425
176	433
176	460
176	463
176	464
176	472
176	474
176	475
176	480
176	490
176	491
176	501
176	515
176	539
176	541
176	552
176	598
176	600
176	621
176	625
176	635
176	642
176	1195
176	1197
176	1280
176	1384
176	1682
176	1692
176	1715
176	1720
176	1729
176	1743
176	1772
176	1819
176	1845
176	1848
176	1871
176	1884
176	1900
176	1906
176	1911
176	1916
176	1922
176	1925
176	1933
176	1940
176	1944
176	1967
176	1982
176	1989
185	188
185	202
185	253
185	259
185	270
185	296
185	297
185	300
185	301
185	315
185	319
185	337
185	347
185	357
185	362
185	363
185	370
185	383
185	397
185	409
185	417
185	419
185	422
185	425
185	433
185	460
185	463
185	464
185	472
185	474
185	475
185	480
185	490
185	491
185	498
185	501
185	515
185	539
185	541
185	552
185	581
185	598
185	600
185	619
185	621
185	625
185	632
185	635
185	641
185	642
185	677
185	735
185	911
185	927
185	1005
185	1052
185	1500
185	1511
185	1692
185	1715
185	1720
185	1729
185	1743
185	1772
185	1811
185	1819
185	1845
185	1848
185	1871
185	1884
185	1900
185	1906
185	1911
185	1916
185	1922
185	1925
185	1933
185	1940
185	1944
185	1967
185	1982
185	1989
188	202
188	253
188	259
188	270
188	296
188	297
188	300
188	301
188	315
188	319
188	337
188	347
188	357
188	362
188	363
188	370
188	383
188	397
188	409
188	417
188	419
188	422
188	433
188	460
188	463
188	464
188	472
188	474
188	475
188	480
188	490
188	491
188	498
188	501
188	515
188	539
188	541
188	581
188	600
188	619
188	621
188	625
188	635
188	641
188	642
188	717
188	1011
188	1210
188	1642
188	1692
188	1715
188	1720
188	1729
188	1772
188	1811
188	1819
188	1845
188	1848
188	1871
188	1884
188	1900
188	1916
188	1925
188	1933
188	1940
188	1944
188	1967
188	1989
202	253
202	259
202	270
202	296
202	297
202	300
202	301
202	315
202	319
202	337
202	347
202	357
202	362
202	363
202	370
202	383
202	397
202	409
202	417
202	419
202	422
202	425
202	433
202	460
202	463
202	464
202	472
202	474
202	475
202	480
202	490
202	491
202	498
202	501
202	515
202	539
202	541
202	552
202	581
202	598
202	600
202	619
202	621
202	625
202	632
202	635
202	642
202	677
202	697
202	700
202	880
202	927
202	986
202	1098
202	1442
202	1506
202	1561
202	1715
202	1720
202	1729
202	1772
202	1811
202	1819
202	1845
202	1848
202	1871
202	1884
202	1900
202	1906
202	1911
202	1916
202	1922
202	1933
202	1940
202	1944
202	1967
202	1982
202	1989
253	259
253	270
253	296
253	297
253	300
253	301
253	315
253	319
253	337
253	347
253	362
253	363
253	370
253	383
253	397
253	409
253	417
253	419
253	422
253	425
253	433
253	460
253	463
253	464
253	472
253	474
253	475
253	480
253	490
253	491
253	498
253	501
253	515
253	541
253	552
253	581
253	598
253	600
253	619
253	621
253	625
253	632
253	635
253	641
253	642
253	677
253	697
253	700
253	717
253	732
253	735
253	741
253	745
253	748
253	836
253	1200
253	1281
253	1475
253	1546
253	1621
253	1652
253	1772
253	1811
253	1819
253	1845
253	1848
253	1871
253	1884
253	1900
253	1906
253	1916
253	1922
253	1925
253	1933
253	1940
253	1944
253	1967
253	1982
253	1989
259	270
259	296
259	297
259	300
259	301
259	315
259	319
259	337
259	347
259	357
259	362
259	363
259	370
259	383
259	397
259	409
259	417
259	419
259	422
259	425
259	433
259	460
259	463
259	464
259	472
259	474
259	475
259	480
259	490
259	491
259	498
259	501
259	515
259	539
259	541
259	581
259	598
259	600
259	619
259	621
259	625
259	632
259	635
259	641
259	642
259	677
259	697
259	700
259	717
259	732
259	735
259	741
259	744
259	745
259	748
259	755
259	904
259	1028
259	1156
259	1398
259	1640
259	1682
259	1743
259	1772
259	1811
259	1819
259	1845
259	1848
259	1871
259	1900
259	1906
259	1911
259	1916
259	1925
259	1933
259	1940
259	1944
259	1967
259	1982
259	1989
270	296
270	300
270	301
270	315
270	319
270	337
270	347
270	357
270	362
270	363
270	370
270	383
270	397
270	409
270	417
270	419
270	422
270	425
270	433
270	460
270	463
270	464
270	472
270	474
270	475
270	480
270	490
270	491
270	498
270	501
270	515
270	539
270	541
270	552
270	581
270	598
270	600
270	619
270	621
270	625
270	632
270	635
270	641
270	642
270	697
270	700
270	717
270	732
270	735
270	741
270	744
270	745
270	748
270	755
270	766
270	767
270	821
270	880
270	1362
270	1642
270	1772
270	1811
270	1819
270	1845
270	1848
270	1871
270	1884
270	1900
270	1906
270	1911
270	1916
270	1922
270	1925
270	1933
270	1944
270	1967
270	1982
270	1989
296	297
296	301
296	315
296	319
296	337
296	347
296	357
296	362
296	363
296	370
296	383
296	397
296	409
296	417
296	419
296	422
296	425
296	433
296	460
296	463
296	464
296	472
296	474
296	475
296	480
296	490
296	491
296	498
296	501
296	515
296	539
296	541
296	552
296	581
296	598
296	600
296	619
296	625
296	632
296	635
296	641
296	677
296	697
296	700
296	717
296	732
296	735
296	741
296	744
296	745
296	748
296	755
296	766
296	767
296	773
296	1015
296	1028
296	1253
296	1715
296	1811
296	1819
296	1845
296	1848
296	1871
296	1884
296	1900
296	1906
296	1911
296	1916
296	1922
296	1925
296	1933
296	1940
296	1944
296	1967
296	1989
297	300
297	301
297	315
297	319
297	347
297	362
297	363
297	383
297	397
297	409
297	419
297	422
297	425
297	433
297	460
297	463
297	464
297	474
297	475
297	480
297	490
297	491
297	498
297	501
297	515
297	539
297	541
297	552
297	581
297	598
297	600
297	619
297	625
297	632
297	635
297	641
297	642
297	677
297	697
297	700
297	717
297	732
297	735
297	741
297	744
297	745
297	748
297	755
297	766
297	767
297	773
297	821
297	1003
297	1328
297	1652
297	1811
297	1819
297	1845
297	1848
297	1871
297	1884
297	1900
297	1906
297	1911
297	1916
297	1922
297	1925
297	1933
297	1940
297	1944
297	1967
300	315
300	319
300	337
300	347
300	357
300	362
300	363
300	370
300	383
300	397
300	409
300	417
300	419
300	422
300	425
300	433
300	460
300	463
300	464
300	472
300	474
300	475
300	480
300	490
300	491
300	501
300	515
300	539
300	541
300	552
300	581
300	598
300	600
300	619
300	621
300	632
300	635
300	641
300	677
300	697
300	700
300	717
300	732
300	735
300	741
300	744
300	745
300	748
300	755
300	766
300	767
300	773
300	799
300	927
300	1224
300	1566
300	1621
300	1811
300	1819
300	1845
300	1848
300	1871
300	1884
300	1900
300	1906
300	1911
300	1916
300	1922
300	1925
300	1933
300	1940
300	1944
300	1967
300	1982
300	1989
301	315
301	319
301	337
301	357
301	362
301	363
301	370
301	383
301	397
301	409
301	417
301	419
301	422
301	425
301	433
301	460
301	463
301	464
301	472
301	474
301	475
301	480
301	490
301	491
301	498
301	501
301	539
301	541
301	581
301	598
301	621
301	632
301	635
301	641
301	642
301	677
301	697
301	717
301	732
301	735
301	741
301	744
301	745
301	748
301	755
301	766
301	767
301	773
301	986
301	1200
301	1270
301	1482
301	1811
301	1848
301	1871
301	1884
301	1900
301	1906
301	1911
301	1916
301	1922
301	1925
301	1940
301	1944
301	1967
301	1982
301	1989
315	319
315	337
315	347
315	357
315	362
315	363
315	370
315	383
315	397
315	409
315	419
315	422
315	425
315	460
315	463
315	464
315	472
315	474
315	475
315	480
315	490
315	491
315	498
315	501
315	515
315	539
315	541
315	552
315	581
315	598
315	600
315	619
315	621
315	625
315	632
315	635
315	641
315	642
315	697
315	700
315	717
315	732
315	735
315	741
315	744
315	745
315	748
315	755
315	766
315	767
315	773
315	799
315	1186
315	1362
315	1819
315	1845
315	1848
315	1871
315	1884
315	1900
315	1906
315	1911
315	1916
315	1925
315	1933
315	1940
315	1944
315	1967
315	1982
315	1989
319	337
319	347
319	357
319	362
319	363
319	370
319	383
319	417
319	419
319	422
319	425
319	433
319	460
319	463
319	472
319	474
319	475
319	480
319	490
319	498
319	501
319	515
319	539
319	541
319	552
319	581
319	598
319	600
319	619
319	621
319	625
319	632
319	635
319	641
319	642
319	677
319	697
319	700
319	717
319	732
319	735
319	741
319	744
319	745
319	748
319	755
319	766
319	767
319	773
319	841
319	1098
319	1210
319	1460
319	1819
319	1845
319	1848
319	1871
319	1900
319	1906
319	1911
319	1916
319	1925
319	1933
319	1940
319	1944
319	1967
319	1982
319	1989
337	347
337	362
337	370
337	383
337	397
337	409
337	417
337	419
337	422
337	425
337	433
337	460
337	463
337	464
337	472
337	474
337	475
337	480
337	490
337	491
337	498
337	515
337	539
337	541
337	552
337	581
337	598
337	619
337	621
337	625
337	642
337	677
337	697
337	700
337	717
337	732
337	735
337	741
337	744
337	745
337	748
337	755
337	766
337	767
337	773
337	819
337	836
337	887
337	1007
337	1156
337	1169
337	1192
337	1195
337	1506
337	1845
337	1848
337	1871
337	1884
337	1900
337	1906
337	1911
337	1916
337	1922
337	1925
337	1933
337	1940
337	1944
337	1967
337	1982
337	1989
347	357
347	362
347	363
347	370
347	383
347	397
347	417
347	419
347	422
347	425
347	433
347	460
347	463
347	472
347	474
347	475
347	480
347	490
347	491
347	498
347	501
347	539
347	541
347	552
347	581
347	598
347	600
347	619
347	621
347	625
347	632
347	635
347	642
347	677
347	697
347	700
347	717
347	732
347	735
347	741
347	744
347	745
347	748
347	755
347	766
347	767
347	773
347	799
347	819
347	821
347	836
347	841
347	1156
347	1270
347	1500
347	1669
347	1906
347	1911
347	1916
347	1922
347	1925
347	1933
347	1944
347	1967
347	1982
347	1989
357	362
357	363
357	370
357	383
357	397
357	409
357	417
357	419
357	422
357	460
357	463
357	464
357	472
357	474
357	475
357	480
357	490
357	491
357	498
357	501
357	515
357	539
357	541
357	552
357	581
357	600
357	619
357	621
357	625
357	632
357	635
357	641
357	677
357	697
357	700
357	717
357	732
357	735
357	741
357	744
357	745
357	748
357	755
357	766
357	767
357	773
357	799
357	819
357	821
357	836
357	841
357	855
357	927
357	1003
357	1191
357	1197
357	1419
357	1511
357	1628
357	1675
357	1819
357	1871
357	1884
357	1906
357	1911
357	1922
357	1925
357	1933
357	1940
357	1944
357	1967
357	1982
357	1989
362	370
362	397
362	409
362	417
362	419
362	422
362	425
362	433
362	460
362	463
362	464
362	472
362	474
362	480
362	490
362	491
362	498
362	501
362	515
362	539
362	541
362	552
362	581
362	598
362	600
362	619
362	621
362	632
362	635
362	641
362	642
362	677
362	697
362	700
362	717
362	732
362	735
362	744
362	745
362	748
362	755
362	766
362	767
362	773
362	799
362	819
362	821
362	836
362	841
362	855
362	1156
362	1186
362	1224
362	1460
362	1871
362	1884
362	1900
362	1906
362	1911
362	1916
362	1922
362	1925
362	1933
362	1940
362	1967
362	1982
362	1989
363	370
363	383
363	397
363	409
363	419
363	422
363	425
363	433
363	460
363	463
363	464
363	472
363	474
363	480
363	490
363	491
363	498
363	501
363	515
363	539
363	541
363	552
363	581
363	600
363	619
363	621
363	625
363	632
363	635
363	641
363	642
363	677
363	700
363	717
363	732
363	735
363	741
363	744
363	745
363	748
363	755
363	766
363	767
363	773
363	799
363	819
363	821
363	836
363	841
363	855
363	946
363	1224
363	1320
363	1362
363	1871
363	1900
363	1906
363	1911
363	1916
363	1922
363	1933
363	1940
363	1944
363	1967
363	1982
363	1989
370	383
370	397
370	409
370	417
370	419
370	422
370	425
370	433
370	463
370	464
370	474
370	475
370	480
370	490
370	491
370	498
370	501
370	515
370	539
370	541
370	581
370	598
370	600
370	619
370	621
370	625
370	632
370	635
370	641
370	642
370	677
370	717
370	735
370	741
370	744
370	745
370	748
370	755
370	767
370	773
370	799
370	819
370	821
370	836
370	841
370	855
370	904
370	1005
370	1169
370	1191
370	1310
370	1460
370	1546
370	1772
370	1819
370	1845
370	1848
370	1871
370	1884
370	1900
370	1906
370	1916
370	1922
370	1925
370	1933
370	1940
370	1944
370	1982
370	1989
383	409
383	417
383	419
383	422
383	433
383	460
383	463
383	464
383	472
383	474
383	475
383	480
383	490
383	491
383	498
383	515
383	539
383	581
383	598
383	600
383	619
383	621
383	632
383	635
383	641
383	642
383	677
383	697
383	700
383	717
383	732
383	741
383	744
383	745
383	748
383	755
383	773
383	799
383	819
383	821
383	836
383	841
383	855
383	880
383	911
383	1176
383	1442
383	1475
383	1524
383	1657
383	1674
383	1884
383	1900
383	1906
383	1911
383	1916
383	1925
383	1940
383	1944
383	1967
383	1982
383	1989
397	409
397	417
397	419
397	422
397	425
397	433
397	460
397	463
397	464
397	472
397	474
397	475
397	480
397	490
397	498
397	515
397	539
397	541
397	552
397	581
397	598
397	600
397	619
397	621
397	625
397	632
397	635
397	641
397	642
397	677
397	697
397	700
397	717
397	732
397	735
397	741
397	745
397	748
397	755
397	766
397	767
397	773
397	799
397	819
397	821
397	836
397	841
397	855
397	880
397	889
397	1135
397	1320
397	1900
397	1906
397	1911
397	1916
397	1922
397	1925
397	1940
397	1944
397	1982
397	1989
409	417
409	419
409	422
409	425
409	433
409	460
409	463
409	464
409	472
409	474
409	475
409	480
409	490
409	491
409	498
409	501
409	515
409	539
409	541
409	552
409	581
409	598
409	600
409	619
409	621
409	625
409	632
409	635
409	641
409	642
409	677
409	697
409	700
409	717
409	732
409	735
409	741
409	744
409	745
409	748
409	755
409	766
409	767
409	773
409	799
409	819
409	821
409	836
409	841
409	855
409	880
409	887
409	889
409	904
409	1156
409	1270
409	1384
409	1482
409	1506
409	1524
409	1538
409	1911
409	1916
409	1922
409	1925
409	1933
409	1940
409	1967
409	1982
409	1989
417	419
417	422
417	425
417	433
417	460
417	463
417	464
417	475
417	480
417	490
417	491
417	498
417	501
417	515
417	539
417	541
417	552
417	581
417	598
417	600
417	619
417	621
417	625
417	635
417	641
417	642
417	677
417	697
417	700
417	717
417	732
417	744
417	745
417	755
417	766
417	767
417	799
417	819
417	821
417	836
417	841
417	855
417	880
417	887
417	889
417	904
417	911
417	1005
417	1186
417	1280
417	1391
417	1443
417	1460
417	1561
417	1720
417	1743
417	1925
417	1933
417	1940
417	1944
417	1967
417	1982
417	1989
422	425
422	433
422	460
422	463
422	464
422	472
422	474
422	475
422	480
422	490
422	491
422	498
422	501
422	515
422	539
422	541
422	552
422	598
422	619
422	621
422	632
422	635
422	641
422	642
422	677
422	697
422	717
422	732
422	735
422	741
422	744
422	745
422	748
422	755
422	766
422	767
422	773
422	799
422	819
422	836
422	841
422	855
422	880
422	887
422	889
422	904
422	1200
422	1310
422	1398
422	1922
422	1925
422	1933
422	1940
422	1967
422	1982
422	1989
425	433
425	460
425	463
425	464
425	472
425	474
425	475
425	480
425	490
425	491
425	498
425	501
425	515
425	539
425	541
425	552
425	581
425	598
425	600
425	619
425	621
425	625
425	632
425	635
425	641
425	677
425	697
425	700
425	717
425	732
425	741
425	744
425	745
425	748
425	755
425	767
425	773
425	819
425	821
425	836
425	841
425	855
425	880
425	887
425	889
425	911
425	1270
425	1482
425	1652
425	1811
425	1845
425	1933
425	1940
425	1944
425	1982
425	1989
433	460
433	463
433	464
433	472
433	474
433	475
433	480
433	490
433	498
433	501
433	515
433	539
433	541
433	552
433	581
433	598
433	600
433	621
433	625
433	632
433	635
433	641
433	642
433	677
433	697
433	700
433	717
433	732
433	735
433	741
433	744
433	745
433	748
433	755
433	766
433	767
433	773
433	799
433	819
433	821
433	836
433	841
433	855
433	880
433	887
433	889
433	904
433	911
433	927
433	1028
433	1253
433	1442
433	1461
433	1642
433	1653
433	1933
433	1940
433	1944
433	1967
433	1982
433	1989
460	463
460	464
460	474
460	475
460	480
460	490
460	491
460	498
460	501
460	539
460	541
460	552
460	581
460	598
460	600
460	619
460	621
460	625
460	632
460	635
460	641
460	677
460	697
460	700
460	717
460	732
460	735
460	741
460	744
460	745
460	748
460	755
460	766
460	767
460	773
460	799
460	819
460	821
460	836
460	841
460	855
460	880
460	887
460	889
460	904
460	911
460	927
460	1280
460	1310
460	1511
460	1671
460	1729
460	1944
460	1967
460	1982
460	1989
463	464
463	474
463	475
463	480
463	490
463	491
463	498
463	539
463	541
463	552
463	598
463	600
463	619
463	621
463	632
463	635
463	641
463	642
463	677
463	697
463	700
463	717
463	732
463	735
463	741
463	744
463	745
463	766
463	767
463	773
463	799
463	819
463	821
463	836
463	841
463	855
463	880
463	887
463	889
463	904
463	911
463	927
463	1169
463	1320
463	1328
463	1640
463	1652
463	1674
463	1940
463	1967
463	1982
463	1989
464	472
464	474
464	475
464	480
464	490
464	491
464	498
464	501
464	515
464	541
464	552
464	581
464	598
464	600
464	619
464	621
464	625
464	635
464	641
464	642
464	677
464	697
464	700
464	717
464	732
464	735
464	741
464	744
464	745
464	748
464	755
464	766
464	767
464	773
464	819
464	821
464	836
464	841
464	855
464	887
464	889
464	911
464	946
464	1362
464	1370
464	1482
464	1546
464	1592
464	1621
464	1720
464	1811
464	1848
464	1967
464	1982
464	1989
472	474
472	475
472	480
472	490
472	491
472	498
472	501
472	515
472	541
472	552
472	581
472	598
472	600
472	619
472	625
472	632
472	635
472	641
472	642
472	677
472	697
472	700
472	717
472	732
472	735
472	741
472	744
472	745
472	748
472	755
472	766
472	767
472	773
472	799
472	819
472	821
472	836
472	841
472	855
472	880
472	887
472	889
472	904
472	911
472	927
472	946
472	1546
472	1811
472	1819
472	1982
472	1989
474	475
474	480
474	490
474	491
474	498
474	501
474	515
474	539
474	541
474	552
474	581
474	598
474	600
474	619
474	621
474	625
474	632
474	635
474	641
474	642
474	677
474	697
474	700
474	717
474	732
474	735
474	741
474	744
474	745
474	748
474	755
474	766
474	767
474	773
474	799
474	819
474	821
474	836
474	841
474	855
474	887
474	889
474	911
474	927
474	946
474	1186
474	1384
474	1682
474	1911
474	1982
474	1989
475	480
475	490
475	491
475	498
475	501
475	515
475	539
475	541
475	581
475	598
475	600
475	619
475	621
475	635
475	641
475	642
475	697
475	717
475	732
475	735
475	741
475	744
475	745
475	748
475	755
475	766
475	767
475	773
475	799
475	819
475	821
475	836
475	841
475	855
475	880
475	887
475	889
475	911
475	927
475	946
475	1200
475	1384
475	1460
475	1561
475	1944
475	1982
480	491
480	501
480	515
480	539
480	541
480	552
480	598
480	600
480	619
480	621
480	632
480	635
480	641
480	677
480	697
480	700
480	717
480	732
480	735
480	741
480	744
480	745
480	748
480	755
480	766
480	767
480	773
480	799
480	819
480	821
480	836
480	841
480	855
480	880
480	887
480	889
480	904
480	911
480	927
480	946
480	1245
480	1982
480	1989
490	498
490	501
490	515
490	541
490	552
490	581
490	598
490	619
490	621
490	625
490	632
490	635
490	641
490	642
490	677
490	700
490	717
490	732
490	735
490	744
490	745
490	748
490	755
490	766
490	767
490	773
490	799
490	819
490	821
490	836
490	841
490	855
490	880
490	887
490	889
490	904
490	911
490	927
490	946
490	981
490	986
490	1028
490	1772
490	1811
490	1967
491	498
491	501
491	515
491	539
491	541
491	552
491	581
491	598
491	600
491	619
491	621
491	625
491	632
491	635
491	641
491	642
491	677
491	697
491	700
491	717
491	732
491	735
491	741
491	744
491	745
491	748
491	755
491	766
491	767
491	773
491	799
491	819
491	821
491	836
491	841
491	855
491	880
491	887
491	904
491	911
491	927
491	946
491	986
491	1280
491	1475
491	1539
491	1692
498	501
498	539
498	541
498	552
498	581
498	600
498	619
498	621
498	625
498	632
498	635
498	641
498	642
498	677
498	697
498	700
498	717
498	732
498	735
498	741
498	744
498	745
498	748
498	755
498	766
498	767
498	773
498	799
498	819
498	821
498	836
498	841
498	855
498	880
498	887
498	889
498	904
498	911
498	927
498	946
498	981
498	986
498	1191
498	1200
498	1546
498	1811
642	677
642	697
642	700
642	717
642	732
642	741
642	744
642	745
642	748
642	755
642	766
642	767
642	773
642	799
642	819
642	821
642	841
642	855
642	880
642	887
642	889
642	911
642	927
642	946
642	981
642	986
642	1003
642	1005
642	1007
642	1011
642	1015
642	1052
642	1098
642	1135
642	1138
642	1191
642	1293
642	1443
642	1566
642	1592
642	1674
642	1819
1307	1310
1307	1320
1307	1328
1307	1362
1307	1370
1307	1384
1307	1391
1307	1398
1307	1419
1307	1442
1307	1443
1307	1460
1307	1461
1307	1475
1307	1482
1307	1500
1307	1506
1307	1511
1307	1524
1307	1539
1307	1546
1307	1561
1307	1566
1307	1588
1307	1592
1307	1621
1307	1628
1307	1642
1307	1652
1307	1653
1307	1657
1307	1671
1307	1674
1307	1675
1307	1682
1307	1715
1307	1720
1307	1729
1307	1743
1307	1989
1362	1370
1362	1384
1362	1391
1362	1398
1362	1419
1362	1442
1362	1443
1362	1460
1362	1461
1362	1475
1362	1482
1362	1506
1362	1511
1362	1524
1362	1538
1362	1539
1362	1546
1362	1561
1362	1566
1362	1592
1362	1628
1362	1640
1362	1642
1362	1652
1362	1653
1362	1657
1362	1669
1362	1671
1362	1675
1362	1682
1362	1692
1362	1715
1362	1720
1362	1729
1362	1743
1362	1772
1362	1819
1362	1848
1362	1884
1362	1911
1362	1982
1419	1442
1419	1443
1419	1460
1419	1461
1419	1475
1419	1506
1419	1524
1419	1538
1419	1539
1419	1546
1419	1561
1419	1566
1419	1592
1419	1628
1419	1640
1419	1642
1419	1652
1419	1653
1419	1657
1419	1671
1419	1674
1419	1675
1419	1682
1419	1692
1419	1715
1419	1720
1419	1729
1419	1743
1419	1772
1419	1811
1419	1819
1419	1845
1419	1848
1419	1871
1419	1884
1419	1900
1419	1906
1419	1911
1419	1916
1500	1506
1500	1511
1500	1524
1500	1538
1500	1539
1500	1546
1500	1566
1500	1588
1500	1621
1500	1628
1500	1640
1500	1652
1500	1657
1500	1669
1500	1671
1500	1674
1500	1675
1500	1682
1500	1692
1500	1715
1500	1720
1500	1729
1500	1743
1500	1811
1500	1819
1500	1845
1500	1848
1500	1871
1500	1884
1500	1900
1500	1906
1500	1911
1500	1916
1500	1922
1500	1925
1500	1933
1500	1940
1500	1967
1500	1982
1500	1989
1506	1511
1506	1524
1506	1538
1506	1539
1506	1546
1506	1561
1506	1566
1506	1588
1506	1592
1506	1621
1506	1628
1506	1640
1506	1642
1506	1652
1506	1653
1506	1657
1506	1669
1506	1671
1506	1674
1506	1675
1506	1682
1506	1692
1506	1715
1506	1720
1506	1729
1506	1743
1506	1772
1506	1811
1506	1819
1506	1845
1506	1848
1506	1871
1506	1884
1506	1900
1506	1906
1506	1911
1506	1916
1506	1922
1506	1925
1506	1933
1506	1940
1506	1944
1506	1967
1506	1982
1506	1989
1511	1524
1511	1538
1511	1539
1511	1546
1511	1561
1511	1566
1511	1588
1511	1592
1511	1621
1511	1628
1511	1640
1511	1652
1511	1653
1511	1657
1511	1669
1511	1671
1511	1674
1511	1675
1511	1682
1511	1692
1511	1715
1511	1720
1511	1729
1511	1743
1511	1772
1511	1811
1511	1819
1511	1845
1511	1848
1511	1871
1511	1884
1511	1900
1511	1906
1511	1911
1511	1916
1511	1922
1511	1925
1511	1933
1511	1940
1511	1944
1511	1982
1511	1989
1524	1539
1524	1546
1524	1561
1524	1566
1524	1588
1524	1592
1524	1621
1524	1628
1524	1640
1524	1642
1524	1652
1524	1653
1524	1657
1524	1669
1524	1671
1524	1674
1524	1675
1524	1682
1524	1692
1524	1715
1524	1720
1524	1729
1524	1743
1524	1772
1524	1845
1524	1848
1524	1871
1524	1884
1524	1900
1524	1911
1524	1916
1524	1922
1524	1925
1524	1933
1524	1944
1524	1967
1524	1982
1538	1539
1538	1546
1538	1561
1538	1566
1538	1588
1538	1592
1538	1621
1538	1628
1538	1640
1538	1642
1538	1653
1538	1657
1538	1669
1538	1671
1538	1675
1538	1682
1538	1692
1538	1715
1538	1720
1538	1729
1538	1743
1538	1772
1538	1811
1538	1819
1538	1845
1538	1848
1538	1871
1538	1884
1538	1900
1538	1906
1538	1911
1538	1916
1538	1922
1538	1925
1538	1933
1538	1940
1538	1944
1538	1967
1538	1982
1538	1989
1539	1561
1539	1566
1539	1588
1539	1592
1539	1621
1539	1628
1539	1640
1539	1642
1539	1652
1539	1653
1539	1669
1539	1671
1539	1674
1539	1675
1539	1682
1539	1692
1539	1720
1539	1729
1539	1743
1539	1772
1539	1811
1539	1819
1539	1845
1539	1848
1539	1871
1539	1884
1539	1900
1539	1906
1539	1916
1539	1925
1539	1933
1539	1940
1539	1944
1539	1967
1539	1982
1539	1989
1546	1561
1546	1566
1546	1588
1546	1592
1546	1621
1546	1640
1546	1642
1546	1653
1546	1669
1546	1671
1546	1675
1546	1682
1546	1692
1546	1715
1546	1720
1546	1729
1546	1772
1546	1811
1546	1848
1546	1871
1546	1884
1546	1900
1546	1906
1546	1911
1546	1916
1546	1933
1546	1940
1546	1944
1546	1967
1546	1982
1546	1989
1566	1588
1566	1592
1566	1621
1566	1628
1566	1640
1566	1642
1566	1652
1566	1657
1566	1669
1566	1671
1566	1674
1566	1675
1566	1682
1566	1692
1566	1715
1566	1729
1566	1743
1566	1772
1566	1811
1566	1819
1566	1845
1566	1848
1566	1871
1566	1884
1566	1906
1566	1911
1566	1916
1566	1922
1566	1925
1566	1940
1566	1967
1566	1982
1566	1989
1588	1592
1588	1621
1588	1628
1588	1640
1588	1642
1588	1652
1588	1653
1588	1657
1588	1669
1588	1671
1588	1674
1588	1675
1588	1682
1588	1692
1588	1715
1588	1720
1588	1729
1588	1772
1588	1811
1588	1819
1588	1845
1588	1848
1588	1871
1588	1884
1588	1900
1588	1906
1588	1911
1588	1916
1588	1922
1588	1925
1588	1933
1588	1940
1588	1944
1588	1967
1588	1982
1588	1989
1592	1621
1592	1628
1592	1640
1592	1642
1592	1652
1592	1653
1592	1657
1592	1669
1592	1671
1592	1674
1592	1675
1592	1692
1592	1715
1592	1720
1592	1729
1592	1743
1592	1772
1592	1811
1592	1819
1592	1845
1592	1848
1592	1900
1592	1906
1592	1911
1592	1916
1592	1922
1592	1933
1592	1944
1592	1967
1592	1982
1592	1989
1621	1628
1621	1640
1621	1642
1621	1652
1621	1653
1621	1657
1621	1669
1621	1671
1621	1674
1621	1675
1621	1682
1621	1692
1621	1715
1621	1720
1621	1729
1621	1743
1621	1772
1621	1811
1621	1819
1621	1845
1621	1848
1621	1884
1621	1900
1621	1906
1621	1916
1621	1922
1621	1933
1621	1940
1621	1944
1621	1967
1621	1982
1628	1640
1628	1642
1628	1652
1628	1653
1628	1657
1628	1669
1628	1671
1628	1674
1628	1675
1628	1692
1628	1715
1628	1720
1628	1729
1628	1743
1628	1811
1628	1819
1628	1845
1628	1848
1628	1871
1628	1884
1628	1900
1628	1906
1628	1911
1628	1916
1628	1922
1628	1925
1628	1933
1628	1940
1628	1944
1628	1967
1628	1982
1628	1989
1640	1642
1640	1652
1640	1653
1640	1657
1640	1669
1640	1671
1640	1674
1640	1675
1640	1692
1640	1715
1640	1720
1640	1729
1640	1743
1640	1772
1640	1811
1640	1819
1640	1871
1640	1884
1640	1906
1640	1911
1640	1916
1640	1922
1640	1925
1640	1933
1640	1940
1640	1944
1640	1967
1640	1982
1640	1989
1642	1652
1642	1657
1642	1669
1642	1671
1642	1675
1642	1682
1642	1692
1642	1715
1642	1720
1642	1729
1642	1743
1642	1811
1642	1819
1642	1845
1642	1848
1642	1884
1642	1900
1642	1906
1642	1911
1642	1916
1642	1922
1642	1925
1642	1933
1642	1940
1642	1944
1642	1967
1642	1982
1642	1989
1652	1653
1652	1657
1652	1671
1652	1674
1652	1675
1652	1682
1652	1692
1652	1715
1652	1720
1652	1729
1652	1772
1652	1811
1652	1845
1652	1848
1652	1871
1652	1884
1652	1900
1652	1906
1652	1911
1652	1916
1652	1922
1652	1925
1652	1933
1652	1940
1652	1944
1652	1967
1652	1982
1652	1989
1653	1657
1653	1669
1653	1671
1653	1674
1653	1675
1653	1692
1653	1715
1653	1720
1653	1729
1653	1743
1653	1772
1653	1811
1653	1819
1653	1845
1653	1848
1653	1900
1653	1906
1653	1911
1653	1916
1653	1922
1653	1925
1653	1933
1653	1940
1653	1944
1653	1967
1653	1982
1653	1989
1657	1669
1657	1671
1657	1674
1657	1675
1657	1682
1657	1692
1657	1715
1657	1720
1657	1729
1657	1743
1657	1772
1657	1819
1657	1845
1657	1848
1657	1871
1657	1900
1657	1906
1657	1911
1657	1916
1657	1922
1657	1925
1657	1933
1657	1940
1657	1944
1657	1967
1657	1982
1657	1989
1669	1674
1669	1675
1669	1715
1669	1720
1669	1729
1669	1743
1669	1772
1669	1811
1669	1819
1669	1845
1669	1848
1669	1871
1669	1884
1669	1900
1669	1906
1669	1916
1669	1922
1669	1925
1669	1933
1669	1940
1669	1944
1669	1967
1669	1982
1671	1674
1671	1675
1671	1692
1671	1715
1671	1729
1671	1743
1671	1772
1671	1811
1671	1819
1671	1845
1671	1848
1671	1871
1671	1884
1671	1900
1671	1906
1671	1911
1671	1916
1671	1922
1671	1925
1671	1933
1671	1940
1671	1944
1671	1967
1671	1982
1671	1989
1674	1675
1674	1682
1674	1692
1674	1715
1674	1720
1674	1729
1674	1743
1674	1772
1674	1811
1674	1845
1674	1848
1674	1871
1674	1884
1674	1900
1674	1906
1674	1911
1674	1916
1674	1922
1674	1925
1674	1933
1674	1944
1674	1967
1674	1982
1674	1989
1675	1682
1675	1692
1675	1715
1675	1720
1675	1729
1675	1743
1675	1772
1675	1811
1675	1819
1675	1848
1675	1871
1675	1884
1675	1900
1675	1906
1675	1911
1675	1916
1675	1922
1675	1925
1675	1933
1675	1940
1675	1944
1675	1967
1675	1989
1682	1692
1682	1715
1682	1720
1682	1729
1682	1743
1682	1772
1682	1811
1682	1819
1682	1845
1682	1848
1682	1871
1682	1884
1682	1900
1682	1906
1682	1911
1682	1916
1682	1922
1682	1925
1682	1933
1682	1940
1682	1944
1682	1967
1682	1982
1682	1989
1692	1715
1692	1720
1692	1729
1692	1743
1692	1772
1692	1811
1692	1819
1692	1848
1692	1884
1692	1900
1692	1906
1692	1911
1692	1916
1692	1922
1692	1925
1692	1933
1692	1940
1692	1944
1692	1967
1692	1982
1692	1989
1715	1720
1715	1743
1715	1772
1715	1811
1715	1819
1715	1848
1715	1871
1715	1884
1715	1900
1715	1906
1715	1911
1715	1916
1715	1922
1715	1933
1715	1940
1715	1944
1715	1982
1715	1989
1720	1729
1720	1743
1720	1772
1720	1811
1720	1845
1720	1848
1720	1871
1720	1884
1720	1900
1720	1906
1720	1916
1720	1922
1720	1925
1720	1933
1720	1940
1720	1944
1720	1967
1720	1982
1720	1989
1729	1743
1729	1811
1729	1819
1729	1845
1729	1848
1729	1871
1729	1884
1729	1900
1729	1906
1729	1911
1729	1916
1729	1922
1729	1925
1729	1933
1729	1940
1729	1944
1729	1967
1729	1982
1729	1989
1743	1772
1743	1811
1743	1819
1743	1845
1743	1848
1743	1871
1743	1884
1743	1900
1743	1911
1743	1916
1743	1922
1743	1925
1743	1933
1743	1940
1743	1944
1743	1967
1743	1982
1743	1989
1772	1819
1772	1845
1772	1848
1772	1871
1772	1884
1772	1906
1772	1911
1772	1922
1772	1925
1772	1933
1772	1940
1772	1944
1772	1967
1772	1982
1772	1989
1811	1819
1811	1845
1811	1848
1811	1871
1811	1884
1811	1900
1811	1906
1811	1911
1811	1916
1811	1922
1811	1925
1811	1940
1811	1944
1811	1967
1811	1982
1811	1989
1819	1845
1819	1848
1819	1871
1819	1900
1819	1906
1819	1911
1819	1916
1819	1922
1819	1933
1819	1940
1819	1967
1819	1982
1819	1989
1845	1848
1845	1871
1845	1884
1845	1900
1845	1906
1845	1911
1845	1916
1845	1922
1845	1925
1845	1933
1845	1944
1845	1967
1845	1982
1845	1989
1848	1871
1848	1884
1848	1900
1848	1906
1848	1911
1848	1916
1848	1922
1848	1925
1848	1940
1848	1944
1848	1967
1848	1982
1848	1989
1871	1884
1871	1900
1871	1906
1871	1911
1871	1922
1871	1925
1871	1933
1871	1940
1871	1944
1871	1967
1871	1982
1871	1989
1884	1900
1884	1911
1884	1916
1884	1922
1884	1925
1884	1933
1884	1940
1884	1944
1884	1967
1884	1982
1900	1906
1900	1911
1900	1916
1900	1922
1900	1925
1900	1933
1900	1940
1900	1944
1900	1967
1900	1982
1900	1989
1906	1911
1906	1916
1906	1925
1906	1933
1906	1940
1906	1944
1906	1967
1906	1982
1906	1989
1916	1922
1916	1925
1916	1933
1916	1940
1916	1944
1916	1967
1916	1989
1922	1925
1922	1940
1922	1944
1922	1967
1922	1982
1922	1989
1925	1933
1925	1940
1925	1967
1925	1982
1925	1989
1933	1940
1933	1944
1933	1967
1933	1989
1940	1944
1940	1967
1940	1982
1940	1989
1944	1967
1944	1982
1944	1989
1967	1982
1967	1989
1982	1989
183	185
183	188
183	202
183	253
183	259
183	270
183	296
183	297
183	300
183	301
183	315
183	337
183	347
183	357
183	362
183	363
183	370
183	397
183	409
183	417
183	419
183	422
183	425
183	433
183	460
183	463
183	464
183	472
183	474
183	480
183	498
183	501
183	515
183	539
183	541
183	552
183	581
183	598
183	600
183	619
183	625
183	632
183	635
183	641
183	642
183	677
183	732
183	946
183	1028
183	1307
183	1419
183	1460
183	1653
183	1692
183	1715
183	1720
183	1729
183	1743
183	1772
183	1811
183	1819
183	1845
183	1848
183	1871
183	1884
183	1900
183	1906
183	1911
183	1916
183	1922
183	1933
183	1940
183	1944
183	1967
183	1982
183	1989
419	422
419	425
419	433
419	460
419	463
419	464
419	472
419	474
419	475
419	480
419	490
419	491
419	498
419	501
419	515
419	539
419	541
419	552
419	581
419	598
419	600
419	619
419	621
419	632
419	641
419	642
419	677
419	697
419	700
419	717
419	732
419	741
419	744
419	745
419	755
419	766
419	767
419	773
419	799
419	819
419	821
419	836
419	841
419	855
419	887
419	889
419	904
419	911
419	1195
419	1200
419	1219
419	1270
419	1280
419	1293
419	1682
419	1729
419	1772
419	1900
419	1922
419	1925
419	1933
419	1940
419	1944
419	1967
419	1982
419	1989
501	515
501	539
501	541
501	552
501	581
501	598
501	600
501	619
501	621
501	625
501	632
501	635
501	641
501	642
501	677
501	697
501	700
501	732
501	741
501	744
501	745
501	748
501	755
501	766
501	767
501	773
501	799
501	819
501	821
501	836
501	841
501	855
501	880
501	887
501	889
501	904
501	911
501	927
501	946
501	981
501	986
501	1176
501	1239
501	1461
501	1682
501	1906
501	1989
744	748
744	755
744	766
744	767
744	773
744	799
744	819
744	821
744	836
744	841
744	855
744	880
744	887
744	889
744	904
744	911
744	927
744	946
744	981
744	986
744	1003
744	1005
744	1007
744	1011
744	1015
744	1028
744	1098
744	1135
744	1156
744	1169
744	1186
744	1192
744	1195
744	1197
744	1200
744	1210
744	1212
744	1219
744	1224
744	1239
744	1653
744	1743
744	1916
841	855
841	880
841	887
841	889
841	904
841	911
841	927
841	946
841	981
841	986
841	1003
841	1005
841	1011
841	1015
841	1028
841	1052
841	1098
841	1135
841	1138
841	1156
841	1169
841	1176
841	1186
841	1191
841	1192
841	1195
841	1197
841	1200
841	1210
841	1212
841	1219
841	1224
841	1245
841	1270
841	1280
841	1281
841	1293
841	1307
841	1310
841	1320
841	1443
841	1538
904	911
904	927
904	946
904	981
904	986
904	1005
904	1007
904	1011
904	1015
904	1028
904	1052
904	1098
904	1135
904	1138
904	1156
904	1169
904	1176
904	1186
904	1191
904	1192
904	1195
904	1197
904	1200
904	1210
904	1212
904	1219
904	1224
904	1239
904	1270
904	1280
904	1293
904	1307
904	1310
904	1320
904	1328
904	1370
904	1384
904	1391
904	1398
904	1419
904	1460
904	1475
904	1500
904	1720
904	1871
927	946
927	981
927	986
927	1003
927	1007
927	1011
927	1015
927	1028
927	1052
927	1098
927	1138
927	1156
927	1169
927	1176
927	1186
927	1191
927	1192
927	1195
927	1197
927	1200
927	1212
927	1219
927	1224
927	1239
927	1245
927	1253
927	1270
927	1280
927	1281
927	1293
927	1307
927	1310
927	1320
927	1328
927	1362
927	1370
927	1384
927	1391
927	1398
927	1419
927	1652
927	1811
927	1922
1028	1098
1028	1135
1028	1138
1028	1156
1028	1169
1028	1191
1028	1192
1028	1195
1028	1197
1028	1200
1028	1210
1028	1212
1028	1219
1028	1224
1028	1239
1028	1245
1028	1270
1028	1280
1028	1281
1028	1293
1028	1307
1028	1328
1028	1362
1028	1370
1028	1391
1028	1398
1028	1419
1028	1442
1028	1443
1028	1460
1028	1461
1028	1475
1028	1482
1028	1500
1028	1506
1028	1511
1028	1524
1028	1640
1028	1845
1384	1391
1384	1398
1384	1419
1384	1442
1384	1443
1384	1460
1384	1461
1384	1482
1384	1500
1384	1506
1384	1524
1384	1538
1384	1539
1384	1561
1384	1566
1384	1588
1384	1621
1384	1628
1384	1640
1384	1642
1384	1652
1384	1653
1384	1657
1384	1669
1384	1671
1384	1674
1384	1675
1384	1682
1384	1692
1384	1715
1384	1720
1384	1729
1384	1743
1384	1772
1384	1811
1384	1819
1384	1845
1384	1848
1384	1871
1384	1884
1561	1566
1561	1588
1561	1592
1561	1621
1561	1628
1561	1640
1561	1642
1561	1652
1561	1653
1561	1657
1561	1669
1561	1671
1561	1674
1561	1675
1561	1715
1561	1720
1561	1729
1561	1772
1561	1811
1561	1819
1561	1845
1561	1848
1561	1871
1561	1884
1561	1900
1561	1906
1561	1911
1561	1916
1561	1922
1561	1925
1561	1940
1561	1944
1561	1967
1561	1982
1561	1989
1911	1916
1911	1925
1911	1933
1911	1940
1911	1944
1911	1967
1911	1982
1911	1989
78	87
78	91
78	101
78	104
78	127
78	148
78	158
78	160
78	163
78	164
78	173
78	176
78	183
78	185
78	188
78	202
78	253
78	259
78	270
78	296
78	297
78	300
78	315
78	319
78	337
78	347
78	357
78	362
78	363
78	370
78	383
78	397
78	409
78	417
78	419
78	422
78	425
78	460
78	463
78	464
78	472
78	474
78	475
78	480
78	490
78	491
78	498
78	501
78	515
78	539
78	541
78	552
78	641
78	744
78	1052
78	1135
78	1219
78	1293
78	1460
78	1588
78	1592
78	1621
78	1628
78	1642
78	1652
78	1653
78	1657
78	1669
78	1671
78	1674
78	1675
78	1682
78	1692
78	1715
78	1720
78	1729
78	1743
78	1772
78	1811
78	1819
78	1845
78	1848
78	1871
78	1900
78	1906
78	1911
78	1916
78	1925
78	1933
78	1940
78	1944
78	1967
78	1989
619	621
619	625
619	632
619	635
619	641
619	642
619	677
619	697
619	700
619	717
619	732
619	735
619	741
619	745
619	748
619	755
619	766
619	767
619	773
619	799
619	819
619	821
619	836
619	841
619	855
619	880
619	887
619	889
619	904
619	981
619	986
619	1003
619	1005
619	1007
619	1011
619	1028
619	1052
619	1098
619	1135
619	1212
619	1506
619	1640
619	1922
625	632
625	635
625	641
625	642
625	697
625	700
625	717
625	732
625	735
625	741
625	744
625	745
625	755
625	766
625	767
625	773
625	799
625	819
625	821
625	836
625	841
625	855
625	880
625	887
625	889
625	904
625	911
625	927
625	946
625	981
625	986
625	1003
625	1005
625	1015
625	1028
625	1052
625	1098
625	1191
625	1398
625	1657
625	1922
981	986
981	1003
981	1005
981	1007
981	1011
981	1015
981	1028
981	1052
981	1098
981	1135
981	1138
981	1156
981	1186
981	1192
981	1195
981	1197
981	1200
981	1210
981	1212
981	1219
981	1224
981	1239
981	1245
981	1253
981	1270
981	1280
981	1281
981	1293
981	1307
981	1310
981	1328
981	1362
981	1370
981	1384
981	1391
981	1398
981	1419
981	1442
981	1443
981	1460
981	1461
981	1475
981	1588
981	1811
981	1916
981	1982
1192	1195
1192	1197
1192	1200
1192	1210
1192	1212
1192	1219
1192	1224
1192	1239
1192	1245
1192	1253
1192	1270
1192	1280
1192	1281
1192	1293
1192	1307
1192	1310
1192	1320
1192	1328
1192	1362
1192	1370
1192	1384
1192	1391
1192	1398
1192	1419
1192	1442
1192	1443
1192	1460
1192	1461
1192	1475
1192	1482
1192	1500
1192	1506
1192	1511
1192	1524
1192	1538
1192	1539
1192	1546
1192	1566
1192	1588
1192	1592
1192	1621
1192	1628
1192	1640
1192	1642
1192	1652
1192	1653
1192	1657
1192	1671
1192	1675
1192	1692
1192	1982
1197	1200
1197	1210
1197	1212
1197	1219
1197	1224
1197	1239
1197	1245
1197	1253
1197	1280
1197	1281
1197	1293
1197	1307
1197	1310
1197	1328
1197	1362
1197	1370
1197	1384
1197	1391
1197	1398
1197	1419
1197	1442
1197	1443
1197	1460
1197	1475
1197	1482
1197	1500
1197	1506
1197	1511
1197	1524
1197	1538
1197	1539
1197	1561
1197	1566
1197	1588
1197	1592
1197	1628
1197	1640
1197	1642
1197	1652
1197	1653
1197	1657
1197	1669
1197	1671
1197	1674
1197	1675
1197	1682
1197	1692
1197	1819
1197	1911
1320	1328
1320	1362
1320	1370
1320	1391
1320	1398
1320	1419
1320	1442
1320	1443
1320	1460
1320	1461
1320	1475
1320	1482
1320	1500
1320	1506
1320	1511
1320	1524
1320	1538
1320	1539
1320	1546
1320	1566
1320	1588
1320	1592
1320	1621
1320	1628
1320	1640
1320	1642
1320	1652
1320	1653
1320	1657
1320	1669
1320	1671
1320	1674
1320	1675
1320	1682
1320	1692
1320	1715
1320	1720
1320	1743
1320	1811
1320	1819
1320	1848
1442	1443
1442	1461
1442	1475
1442	1482
1442	1500
1442	1506
1442	1511
1442	1538
1442	1539
1442	1546
1442	1561
1442	1566
1442	1588
1442	1592
1442	1621
1442	1628
1442	1640
1442	1642
1442	1652
1442	1653
1442	1657
1442	1669
1442	1671
1442	1674
1442	1675
1442	1682
1442	1692
1442	1715
1442	1720
1442	1729
1442	1743
1442	1772
1442	1811
1442	1819
1442	1845
1442	1848
1442	1871
1442	1884
1442	1900
1442	1906
1442	1911
1442	1916
1442	1925
1442	1933
1442	1940
1443	1460
1443	1461
1443	1475
1443	1500
1443	1506
1443	1511
1443	1524
1443	1538
1443	1539
1443	1546
1443	1561
1443	1588
1443	1592
1443	1621
1443	1628
1443	1640
1443	1652
1443	1653
1443	1657
1443	1669
1443	1671
1443	1674
1443	1675
1443	1682
1443	1715
1443	1720
1443	1729
1443	1743
1443	1772
1443	1811
1443	1819
1443	1845
1443	1848
1443	1871
1443	1884
1443	1900
1443	1906
1443	1911
1443	1916
1443	1922
1443	1925
1443	1933
1443	1940
1443	1982
1461	1475
1461	1482
1461	1500
1461	1506
1461	1511
1461	1524
1461	1539
1461	1546
1461	1561
1461	1566
1461	1588
1461	1592
1461	1621
1461	1628
1461	1640
1461	1642
1461	1652
1461	1653
1461	1657
1461	1669
1461	1674
1461	1675
1461	1682
1461	1715
1461	1720
1461	1729
1461	1743
1461	1772
1461	1811
1461	1819
1461	1845
1461	1848
1461	1871
1461	1900
1461	1906
1461	1911
1461	1922
1461	1925
1461	1933
1461	1940
1461	1944
677	697
677	700
677	717
677	732
677	744
677	745
677	748
677	755
677	766
677	767
677	819
677	821
677	836
677	841
677	855
677	880
677	887
677	889
677	904
677	911
677	927
677	946
677	981
677	986
677	1003
677	1005
677	1007
677	1011
677	1015
677	1052
677	1098
677	1135
677	1138
677	1156
677	1169
677	1186
677	1362
677	1720
677	1845
1005	1007
1005	1011
1005	1015
1005	1052
1005	1098
1005	1135
1005	1138
1005	1156
1005	1169
1005	1176
1005	1186
1005	1192
1005	1195
1005	1197
1005	1200
1005	1210
1005	1212
1005	1219
1005	1224
1005	1239
1005	1245
1005	1253
1005	1270
1005	1280
1005	1281
1005	1293
1005	1307
1005	1320
1005	1328
1005	1362
1005	1370
1005	1384
1005	1391
1005	1398
1005	1419
1005	1442
1005	1443
1005	1460
1005	1461
1005	1475
1005	1482
1005	1500
1005	1566
1005	1671
1052	1098
1052	1135
1052	1138
1052	1156
1052	1169
1052	1176
1052	1186
1052	1191
1052	1192
1052	1195
1052	1197
1052	1200
1052	1210
1052	1212
1052	1219
1052	1224
1052	1245
1052	1253
1052	1270
1052	1281
1052	1293
1052	1307
1052	1310
1052	1320
1052	1328
1052	1362
1052	1370
1052	1391
1052	1398
1052	1419
1052	1442
1052	1460
1052	1475
1052	1482
1052	1500
1052	1506
1052	1511
1052	1524
1052	1538
1052	1539
1052	1546
1052	1729
641	677
641	697
641	700
641	717
641	735
641	741
641	744
641	745
641	748
641	755
641	766
641	767
641	773
641	799
641	819
641	821
641	836
641	841
641	855
641	887
641	889
641	904
641	911
641	927
641	946
641	981
641	986
641	1003
641	1005
641	1007
641	1011
641	1015
641	1028
641	1052
641	1135
641	1657
741	744
741	745
741	748
741	766
741	767
741	799
741	819
741	821
741	836
741	841
741	855
741	880
741	887
741	889
741	904
741	927
741	946
741	981
741	986
741	1003
741	1005
741	1007
741	1011
741	1015
741	1028
741	1052
741	1098
741	1135
741	1138
741	1156
741	1176
741	1186
741	1191
741	1192
741	1195
741	1197
741	1200
741	1210
741	1212
741	1219
741	1224
741	1239
741	1743
741	1884
741	1925
773	819
773	821
773	836
773	841
773	855
773	880
773	887
773	889
773	904
773	911
773	946
773	981
773	986
773	1003
773	1007
773	1011
773	1015
773	1028
773	1052
773	1098
773	1135
773	1138
773	1156
773	1169
773	1176
773	1186
773	1191
773	1192
773	1195
773	1197
773	1200
773	1210
773	1219
773	1224
773	1245
773	1253
773	1270
773	1384
773	1588
773	1621
773	1669
773	1819
799	819
799	821
799	836
799	841
799	855
799	880
799	887
799	889
799	904
799	911
799	927
799	946
799	981
799	986
799	1003
799	1005
799	1007
799	1011
799	1015
799	1028
799	1098
799	1135
799	1138
799	1169
799	1176
799	1186
799	1191
799	1192
799	1195
799	1197
799	1200
799	1210
799	1212
799	1219
799	1224
799	1245
799	1253
799	1270
799	1281
799	1293
799	1720
799	1967
766	767
766	799
766	819
766	821
766	836
766	841
766	880
766	887
766	889
766	904
766	911
766	927
766	981
766	986
766	1003
766	1005
766	1007
766	1011
766	1028
766	1052
766	1098
766	1135
766	1138
766	1156
766	1169
766	1176
766	1186
766	1191
766	1192
766	1195
766	1197
766	1200
766	1210
766	1212
766	1219
766	1224
766	1239
766	1245
766	1253
766	1370
766	1743
766	1871
855	880
855	887
855	889
855	911
855	946
855	981
855	986
855	1003
855	1005
855	1007
855	1011
855	1015
855	1028
855	1052
855	1135
855	1138
855	1156
855	1169
855	1176
855	1186
855	1191
855	1192
855	1195
855	1197
855	1200
855	1210
855	1212
855	1219
855	1224
855	1239
855	1245
855	1270
855	1280
855	1281
855	1293
855	1307
855	1310
855	1320
855	1328
855	1588
855	1640
855	1674
855	1692
855	1848
819	821
819	836
819	841
819	855
819	880
819	887
819	889
819	904
819	911
819	927
819	946
819	981
819	986
819	1005
819	1007
819	1011
819	1015
819	1028
819	1052
819	1098
819	1135
819	1138
819	1156
819	1176
819	1186
819	1191
819	1192
819	1195
819	1197
819	1200
819	1210
819	1212
819	1219
819	1224
819	1239
819	1245
819	1270
819	1280
819	1281
819	1293
819	1310
819	1511
819	1692
819	1967
697	700
697	717
697	732
697	735
697	741
697	744
697	745
697	748
697	755
697	766
697	767
697	773
697	799
697	819
697	821
697	841
697	855
697	880
697	887
697	889
697	904
697	911
697	981
697	986
697	1003
697	1005
697	1007
697	1011
697	1015
697	1028
697	1052
697	1098
697	1135
697	1138
697	1156
697	1169
697	1176
697	1186
697	1191
697	1192
697	1195
697	1197
697	1200
697	1442
697	1460
697	1539
697	1566
697	1628
697	1671
697	1967
1224	1239
1224	1245
1224	1253
1224	1270
1224	1280
1224	1281
1224	1293
1224	1307
1224	1310
1224	1320
1224	1328
1224	1362
1224	1370
1224	1384
1224	1391
1224	1398
1224	1419
1224	1442
1224	1443
1224	1461
1224	1475
1224	1482
1224	1500
1224	1511
1224	1524
1224	1538
1224	1539
1224	1546
1224	1561
1224	1566
1224	1588
1224	1592
1224	1621
1224	1640
1224	1652
1224	1653
1224	1657
1224	1669
1224	1671
1224	1674
1224	1675
1224	1682
1224	1692
1224	1715
1224	1720
1224	1871
1224	1900
1224	1922
632	641
632	677
632	697
632	700
632	717
632	732
632	741
632	744
632	745
632	748
632	755
632	766
632	767
632	773
632	799
632	819
632	821
632	836
632	841
632	855
632	880
632	887
632	889
632	904
632	911
632	927
632	946
632	981
632	986
632	1003
632	1005
632	1011
632	1028
632	1052
632	1674
632	1692
632	1933
632	1940
748	755
748	766
748	799
748	819
748	841
748	855
748	880
748	887
748	889
748	904
748	911
748	927
748	946
748	981
748	1003
748	1005
748	1007
748	1015
748	1028
748	1052
748	1098
748	1135
748	1138
748	1156
748	1169
748	1176
748	1186
748	1191
748	1192
748	1195
748	1197
748	1200
748	1210
748	1212
748	1219
748	1224
748	1239
748	1245
748	1362
748	1442
748	1692
889	904
889	911
889	927
889	946
889	981
889	986
889	1003
889	1005
889	1007
889	1011
889	1015
889	1028
889	1052
889	1098
889	1135
889	1138
889	1156
889	1169
889	1176
889	1186
889	1191
889	1192
889	1195
889	1197
889	1200
889	1212
889	1219
889	1224
889	1239
889	1245
889	1253
889	1270
889	1280
889	1281
889	1293
889	1310
889	1320
889	1328
889	1362
889	1370
889	1384
889	1398
889	1511
889	1538
889	1657
889	1692
889	1743
889	1871
889	1989
1176	1186
1176	1191
1176	1192
1176	1195
1176	1197
1176	1200
1176	1210
1176	1212
1176	1219
1176	1224
1176	1239
1176	1245
1176	1253
1176	1270
1176	1280
1176	1281
1176	1293
1176	1307
1176	1310
1176	1320
1176	1328
1176	1362
1176	1384
1176	1391
1176	1398
1176	1419
1176	1442
1176	1443
1176	1460
1176	1461
1176	1475
1176	1482
1176	1500
1176	1506
1176	1511
1176	1524
1176	1538
1176	1539
1176	1546
1176	1561
1176	1566
1176	1588
1176	1592
1176	1621
1176	1628
1176	1640
1176	1642
1176	1652
1176	1653
1176	1657
1176	1671
1176	1674
1176	1675
1176	1906
1176	1925
1176	1989
1212	1219
1212	1224
1212	1239
1212	1245
1212	1253
1212	1270
1212	1280
1212	1281
1212	1293
1212	1307
1212	1310
1212	1320
1212	1328
1212	1362
1212	1370
1212	1384
1212	1391
1212	1398
1212	1419
1212	1442
1212	1443
1212	1460
1212	1461
1212	1475
1212	1482
1212	1500
1212	1506
1212	1511
1212	1524
1212	1538
1212	1539
1212	1546
1212	1561
1212	1566
1212	1592
1212	1621
1212	1628
1212	1640
1212	1642
1212	1652
1212	1653
1212	1657
1212	1669
1212	1671
1212	1674
1212	1675
1212	1682
1212	1692
1212	1845
1212	1933
1328	1362
1328	1370
1328	1384
1328	1391
1328	1398
1328	1419
1328	1442
1328	1443
1328	1461
1328	1475
1328	1482
1328	1500
1328	1506
1328	1524
1328	1538
1328	1546
1328	1566
1328	1588
1328	1592
1328	1621
1328	1628
1328	1640
1328	1642
1328	1652
1328	1653
1328	1657
1328	1669
1328	1671
1328	1674
1328	1675
1328	1682
1328	1715
1328	1720
1328	1729
1328	1743
1328	1772
1328	1811
1328	1819
1328	1845
1328	1967
635	641
635	642
635	697
635	700
635	732
635	735
635	741
635	744
635	745
635	748
635	755
635	766
635	767
635	773
635	799
635	819
635	821
635	836
635	841
635	855
635	880
635	887
635	889
635	904
635	911
635	946
635	981
635	1003
635	1005
635	1007
635	1011
635	1015
635	1028
635	1052
635	1098
635	1135
635	1212
635	1674
836	841
836	855
836	880
836	887
836	889
836	904
836	911
836	946
836	981
836	986
836	1003
836	1005
836	1007
836	1011
836	1015
836	1028
836	1098
836	1135
836	1138
836	1156
836	1169
836	1176
836	1191
836	1192
836	1195
836	1197
836	1200
836	1210
836	1212
836	1219
836	1224
836	1239
836	1245
836	1253
836	1270
836	1280
836	1281
836	1293
836	1307
836	1310
836	1328
836	1772
836	1940
836	1967
946	981
946	986
946	1003
946	1005
946	1007
946	1011
946	1015
946	1028
946	1052
946	1098
946	1135
946	1156
946	1169
946	1176
946	1186
946	1191
946	1192
946	1195
946	1197
946	1200
946	1210
946	1212
946	1219
946	1224
946	1239
946	1270
946	1280
946	1281
946	1293
946	1307
946	1310
946	1320
946	1328
946	1362
946	1370
946	1384
946	1391
946	1398
946	1419
946	1442
946	1443
946	1588
946	1692
946	1811
946	1906
1098	1135
1098	1138
1098	1169
1098	1176
1098	1191
1098	1192
1098	1195
1098	1197
1098	1200
1098	1210
1098	1212
1098	1219
1098	1224
1098	1239
1098	1245
1098	1253
1098	1270
1098	1280
1098	1281
1098	1293
1098	1307
1098	1310
1098	1320
1098	1328
1098	1362
1098	1370
1098	1384
1098	1391
1098	1398
1098	1419
1098	1442
1098	1460
1098	1475
1098	1482
1098	1500
1098	1511
1098	1524
1098	1538
1098	1539
1098	1546
1098	1561
1098	1566
1098	1588
1098	1592
1098	1671
1098	1682
1098	1884
552	581
552	598
552	600
552	619
552	621
552	625
552	632
552	635
552	641
552	677
552	697
552	700
552	717
552	732
552	735
552	741
552	744
552	745
552	748
552	755
552	766
552	767
552	773
552	799
552	819
552	821
552	836
552	841
552	855
552	880
552	887
552	889
552	904
552	911
552	927
552	946
552	981
552	986
552	1003
552	1005
552	1007
552	1011
552	1015
552	1028
552	1052
552	1328
552	1621
552	1628
552	1653
552	1682
552	1715
552	1772
755	766
755	767
755	773
755	799
755	819
755	821
755	836
755	841
755	855
755	880
755	887
755	904
755	911
755	927
755	946
755	981
755	986
755	1005
755	1007
755	1011
755	1015
755	1028
755	1052
755	1135
755	1138
755	1156
755	1169
755	1176
755	1186
755	1191
755	1192
755	1195
755	1197
755	1200
755	1210
755	1212
755	1219
755	1224
755	1239
755	1253
755	1475
755	1657
755	1845
755	1989
821	841
821	855
821	880
821	887
821	889
821	904
821	911
821	927
821	946
821	981
821	986
821	1003
821	1005
821	1007
821	1011
821	1015
821	1028
821	1052
821	1098
821	1135
821	1138
821	1156
821	1169
821	1186
821	1191
821	1197
821	1200
821	1210
821	1212
821	1219
821	1224
821	1245
821	1253
821	1270
821	1280
821	1281
821	1293
821	1307
821	1310
821	1443
821	1819
911	927
911	946
911	981
911	986
911	1003
911	1005
911	1007
911	1011
911	1015
911	1028
911	1052
911	1098
911	1135
911	1138
911	1156
911	1169
911	1176
911	1186
911	1191
911	1192
911	1197
911	1200
911	1210
911	1212
911	1219
911	1224
911	1239
911	1245
911	1253
911	1280
911	1281
911	1293
911	1307
911	1310
911	1320
911	1328
911	1362
911	1370
911	1384
911	1391
911	1546
911	1657
911	1743
911	1940
911	1989
1007	1011
1007	1015
1007	1028
1007	1052
1007	1098
1007	1135
1007	1138
1007	1156
1007	1169
1007	1176
1007	1186
1007	1191
1007	1195
1007	1197
1007	1200
1007	1210
1007	1212
1007	1219
1007	1224
1007	1239
1007	1245
1007	1253
1007	1270
1007	1280
1007	1281
1007	1293
1007	1307
1007	1310
1007	1320
1007	1328
1007	1362
1007	1370
1007	1384
1007	1391
1007	1398
1007	1419
1007	1442
1007	1443
1007	1460
1007	1461
1007	1475
1007	1482
1007	1500
1007	1506
1007	1669
1007	1671
1007	1944
1280	1281
1280	1293
1280	1307
1280	1310
1280	1320
1280	1328
1280	1362
1280	1370
1280	1384
1280	1391
1280	1398
1280	1419
1280	1442
1280	1443
1280	1460
1280	1461
1280	1475
1280	1482
1280	1500
1280	1506
1280	1511
1280	1524
1280	1538
1280	1539
1280	1546
1280	1561
1280	1566
1280	1588
1280	1592
1280	1621
1280	1628
1280	1640
1280	1642
1280	1653
1280	1657
1280	1669
1280	1671
1280	1674
1280	1675
1280	1682
1280	1692
1280	1715
1280	1729
1280	1772
1280	1922
1280	1933
1280	1944
1011	1028
1011	1052
1011	1098
1011	1156
1011	1169
1011	1176
1011	1191
1011	1192
1011	1197
1011	1200
1011	1210
1011	1212
1011	1219
1011	1224
1011	1239
1011	1245
1011	1253
1011	1270
1011	1280
1011	1281
1011	1293
1011	1307
1011	1310
1011	1320
1011	1328
1011	1370
1011	1384
1011	1398
1011	1419
1011	1442
1011	1443
1011	1460
1011	1461
1011	1475
1011	1506
1011	1511
1011	1933
1239	1245
1239	1253
1239	1270
1239	1280
1239	1293
1239	1307
1239	1310
1239	1320
1239	1328
1239	1362
1239	1370
1239	1384
1239	1391
1239	1419
1239	1442
1239	1443
1239	1460
1239	1475
1239	1482
1239	1500
1239	1506
1239	1511
1239	1538
1239	1539
1239	1546
1239	1561
1239	1566
1239	1588
1239	1592
1239	1621
1239	1640
1239	1642
1239	1652
1239	1657
1239	1669
1239	1671
1239	1674
1239	1675
1239	1682
1239	1715
1239	1720
1239	1729
515	539
515	541
515	552
515	581
515	598
515	600
515	619
515	621
515	625
515	632
515	635
515	641
515	642
515	677
515	697
515	732
515	735
515	741
515	744
515	748
515	755
515	766
515	773
515	799
515	819
515	821
515	836
515	841
515	855
515	880
515	887
515	911
515	927
515	946
515	981
515	986
515	1003
515	1005
515	1007
515	1015
515	1328
515	1391
515	1640
515	1720
515	1845
515	1925
767	773
767	799
767	819
767	821
767	836
767	841
767	855
767	880
767	887
767	889
767	904
767	911
767	927
767	946
767	981
767	986
767	1003
767	1005
767	1007
767	1011
767	1015
767	1028
767	1052
767	1098
767	1138
767	1156
767	1169
767	1176
767	1186
767	1191
767	1192
767	1195
767	1197
767	1200
767	1210
767	1212
767	1219
767	1224
767	1239
767	1245
767	1253
767	1675
767	1916
1293	1307
1293	1310
1293	1320
1293	1328
1293	1370
1293	1384
1293	1391
1293	1398
1293	1419
1293	1442
1293	1443
1293	1460
1293	1461
1293	1475
1293	1482
1293	1500
1293	1506
1293	1511
1293	1524
1293	1538
1293	1539
1293	1546
1293	1561
1293	1588
1293	1621
1293	1628
1293	1640
1293	1642
1293	1652
1293	1653
1293	1657
1293	1671
1293	1674
1293	1675
1293	1692
1293	1715
1293	1720
1293	1729
1293	1871
1293	1906
1310	1320
1310	1328
1310	1362
1310	1370
1310	1384
1310	1391
1310	1398
1310	1419
1310	1442
1310	1443
1310	1460
1310	1461
1310	1482
1310	1500
1310	1506
1310	1511
1310	1538
1310	1539
1310	1546
1310	1561
1310	1566
1310	1588
1310	1592
1310	1628
1310	1640
1310	1653
1310	1657
1310	1671
1310	1674
1310	1675
1310	1682
1310	1715
1310	1720
1310	1729
1310	1743
1310	1772
1310	1925
717	732
717	735
717	744
717	745
717	748
717	755
717	766
717	767
717	773
717	799
717	819
717	836
717	841
717	855
717	880
717	887
717	889
717	904
717	911
717	927
717	946
717	981
717	986
717	1003
717	1005
717	1007
717	1011
717	1015
717	1028
717	1052
717	1098
717	1138
717	1156
717	1169
717	1176
717	1186
717	1191
717	1192
717	1195
717	1197
717	1200
717	1210
717	1219
717	1253
717	1475
735	741
735	744
735	745
735	748
735	755
735	767
735	773
735	799
735	819
735	821
735	836
735	841
735	855
735	880
735	887
735	889
735	904
735	911
735	946
735	981
735	986
735	1003
735	1005
735	1007
735	1011
735	1028
735	1135
735	1138
735	1156
735	1169
735	1176
735	1186
735	1191
735	1192
735	1195
735	1197
735	1200
735	1210
735	1212
735	1219
735	1224
735	1419
1460	1461
1460	1482
1460	1500
1460	1511
1460	1524
1460	1538
1460	1539
1460	1546
1460	1561
1460	1566
1460	1588
1460	1592
1460	1621
1460	1628
1460	1640
1460	1642
1460	1652
1460	1653
1460	1657
1460	1669
1460	1671
1460	1674
1460	1675
1460	1682
1460	1692
1460	1715
1460	1720
1460	1729
1460	1743
1460	1772
1460	1811
1460	1819
1460	1845
1460	1871
1460	1884
1460	1906
1460	1916
1460	1922
1460	1925
1460	1933
1460	1940
1460	1944
986	1003
986	1005
986	1007
986	1011
986	1015
986	1028
986	1052
986	1098
986	1135
986	1138
986	1156
986	1169
986	1176
986	1186
986	1191
986	1192
986	1195
986	1197
986	1200
986	1210
986	1212
986	1219
986	1239
986	1280
986	1281
986	1293
986	1307
986	1310
986	1320
986	1328
986	1370
986	1384
986	1398
986	1419
986	1442
986	1443
986	1475
986	1482
986	1539
986	1743
1186	1191
1186	1192
1186	1195
1186	1197
1186	1200
1186	1210
1186	1212
1186	1219
1186	1224
1186	1239
1186	1245
1186	1253
1186	1270
1186	1280
1186	1281
1186	1293
1186	1307
1186	1310
1186	1320
1186	1328
1186	1362
1186	1370
1186	1384
1186	1391
1186	1398
1186	1419
1186	1442
1186	1443
1186	1460
1186	1461
1186	1475
1186	1482
1186	1500
1186	1506
1186	1511
1186	1524
1186	1538
1186	1539
1186	1546
1186	1561
1186	1566
1186	1588
1186	1592
1186	1621
1186	1628
1186	1640
1186	1642
1186	1652
1186	1653
1186	1657
1186	1669
1186	1674
1186	1675
1186	1682
1186	1720
1186	1871
1398	1419
1398	1442
1398	1443
1398	1460
1398	1475
1398	1482
1398	1500
1398	1511
1398	1524
1398	1538
1398	1539
1398	1546
1398	1561
1398	1566
1398	1592
1398	1621
1398	1628
1398	1640
1398	1642
1398	1652
1398	1653
1398	1657
1398	1669
1398	1674
1398	1675
1398	1682
1398	1692
1398	1715
1398	1743
1398	1772
1398	1811
1398	1819
1398	1845
1398	1848
1398	1871
1398	1884
1138	1156
1138	1169
1138	1176
1138	1191
1138	1192
1138	1195
1138	1197
1138	1200
1138	1210
1138	1212
1138	1219
1138	1224
1138	1239
1138	1245
1138	1253
1138	1270
1138	1280
1138	1281
1138	1293
1138	1310
1138	1320
1138	1328
1138	1362
1138	1370
1138	1384
1138	1391
1138	1398
1138	1419
1138	1442
1138	1460
1138	1461
1138	1475
1138	1482
1138	1500
1138	1506
1138	1511
1138	1524
1138	1538
1138	1539
1138	1546
1138	1561
1138	1566
1138	1588
1138	1592
1138	1621
1138	1628
1138	1982
600	619
600	621
600	625
600	632
600	641
600	642
600	677
600	697
600	700
600	717
600	735
600	741
600	744
600	745
600	748
600	755
600	766
600	767
600	773
600	799
600	819
600	821
600	836
600	841
600	855
600	880
600	887
600	889
600	904
600	911
600	946
600	981
600	986
600	1003
600	1005
600	1007
600	1011
600	1015
600	1028
600	1052
600	1398
600	1669
1195	1197
1195	1200
1195	1210
1195	1212
1195	1219
1195	1224
1195	1239
1195	1245
1195	1253
1195	1270
1195	1280
1195	1281
1195	1293
1195	1307
1195	1310
1195	1320
1195	1328
1195	1362
1195	1370
1195	1384
1195	1391
1195	1398
1195	1419
1195	1442
1195	1443
1195	1461
1195	1475
1195	1482
1195	1500
1195	1506
1195	1511
1195	1524
1195	1538
1195	1539
1195	1546
1195	1561
1195	1566
1195	1588
1195	1621
1195	1640
1195	1642
1195	1652
1195	1653
1195	1657
1195	1669
1195	1671
1195	1674
1195	1675
1195	1772
1195	1989
1219	1224
1219	1239
1219	1245
1219	1253
1219	1270
1219	1280
1219	1281
1219	1293
1219	1307
1219	1310
1219	1320
1219	1328
1219	1362
1219	1370
1219	1384
1219	1391
1219	1398
1219	1419
1219	1442
1219	1443
1219	1460
1219	1461
1219	1475
1219	1482
1219	1506
1219	1511
1219	1524
1219	1538
1219	1539
1219	1546
1219	1561
1219	1566
1219	1588
1219	1621
1219	1640
1219	1642
1219	1653
1219	1657
1219	1669
1219	1671
1219	1674
1219	1675
1219	1682
1219	1692
1219	1715
1219	1720
1219	1772
581	598
581	600
581	619
581	621
581	625
581	632
581	635
581	641
581	642
581	697
581	700
581	717
581	732
581	735
581	744
581	748
581	755
581	766
581	767
581	773
581	799
581	819
581	821
581	836
581	841
581	855
581	880
581	887
581	889
581	904
581	911
581	927
581	946
581	981
581	986
581	1005
581	1007
581	1011
581	1015
581	1028
581	1052
581	1197
581	1720
581	1819
1200	1210
1200	1212
1200	1219
1200	1224
1200	1239
1200	1245
1200	1253
1200	1270
1200	1280
1200	1281
1200	1293
1200	1328
1200	1370
1200	1384
1200	1391
1200	1398
1200	1419
1200	1442
1200	1443
1200	1460
1200	1461
1200	1475
1200	1482
1200	1500
1200	1506
1200	1511
1200	1524
1200	1538
1200	1539
1200	1546
1200	1561
1200	1566
1200	1588
1200	1592
1200	1628
1200	1640
1200	1642
1200	1652
1200	1653
1200	1657
1200	1669
1200	1671
1200	1674
1200	1675
1200	1682
1200	1692
1245	1253
1245	1270
1245	1280
1245	1281
1245	1293
1245	1307
1245	1320
1245	1328
1245	1362
1245	1370
1245	1384
1245	1391
1245	1398
1245	1419
1245	1442
1245	1443
1245	1460
1245	1461
1245	1475
1245	1482
1245	1506
1245	1524
1245	1538
1245	1539
1245	1546
1245	1561
1245	1566
1245	1588
1245	1592
1245	1621
1245	1628
1245	1640
1245	1642
1245	1652
1245	1653
1245	1657
1245	1671
1245	1675
1245	1682
1245	1692
1245	1715
1245	1720
1245	1729
1245	1743
1245	1911
1245	1982
1281	1293
1281	1307
1281	1310
1281	1320
1281	1328
1281	1362
1281	1370
1281	1384
1281	1398
1281	1419
1281	1442
1281	1443
1281	1460
1281	1461
1281	1475
1281	1482
1281	1500
1281	1506
1281	1511
1281	1524
1281	1538
1281	1539
1281	1546
1281	1561
1281	1566
1281	1588
1281	1621
1281	1628
1281	1640
1281	1642
1281	1652
1281	1653
1281	1657
1281	1669
1281	1671
1281	1674
1281	1675
1281	1682
1281	1692
1281	1715
1281	1720
1281	1729
1281	1743
1281	1772
1281	1933
621	625
621	641
621	642
621	677
621	697
621	700
621	717
621	735
621	741
621	744
621	745
621	755
621	766
621	767
621	773
621	819
621	841
621	855
621	880
621	887
621	889
621	904
621	911
621	927
621	946
621	981
621	986
621	1003
621	1005
621	1007
621	1011
621	1015
621	1028
621	1052
621	1098
621	1169
621	1442
621	1538
621	1592
621	1772
621	1900
621	1925
1169	1176
1169	1186
1169	1191
1169	1192
1169	1195
1169	1197
1169	1200
1169	1212
1169	1219
1169	1239
1169	1245
1169	1253
1169	1270
1169	1280
1169	1281
1169	1293
1169	1307
1169	1310
1169	1320
1169	1328
1169	1362
1169	1370
1169	1384
1169	1391
1169	1398
1169	1419
1169	1442
1169	1443
1169	1460
1169	1461
1169	1475
1169	1482
1169	1500
1169	1506
1169	1511
1169	1524
1169	1538
1169	1539
1169	1546
1169	1561
1169	1566
1169	1588
1169	1592
1169	1621
1169	1628
1169	1640
1169	1642
1169	1652
1169	1653
1169	1657
1169	1669
1169	1715
1169	1772
1169	1811
1169	1906
1475	1500
1475	1506
1475	1511
1475	1524
1475	1538
1475	1539
1475	1546
1475	1561
1475	1566
1475	1588
1475	1592
1475	1621
1475	1628
1475	1640
1475	1642
1475	1652
1475	1653
1475	1657
1475	1669
1475	1671
1475	1674
1475	1675
1475	1692
1475	1715
1475	1720
1475	1729
1475	1743
1475	1772
1475	1811
1475	1819
1475	1848
1475	1871
1475	1900
1475	1906
1475	1911
1475	1916
1475	1922
1475	1925
1475	1933
1475	1940
1475	1944
1475	1967
700	717
700	732
700	741
700	744
700	745
700	748
700	755
700	766
700	767
700	773
700	799
700	819
700	836
700	841
700	855
700	880
700	887
700	889
700	904
700	911
700	927
700	946
700	981
700	986
700	1003
700	1005
700	1007
700	1011
700	1015
700	1028
700	1098
700	1135
700	1138
700	1156
700	1169
700	1176
700	1186
700	1191
700	1195
700	1197
700	1200
700	1210
700	1224
700	1419
700	1566
700	1669
700	1720
700	1982
880	887
880	889
880	904
880	911
880	927
880	946
880	981
880	986
880	1003
880	1007
880	1011
880	1015
880	1028
880	1098
880	1135
880	1138
880	1156
880	1169
880	1176
880	1186
880	1191
880	1192
880	1195
880	1197
880	1200
880	1210
880	1212
880	1219
880	1224
880	1239
880	1245
880	1253
880	1270
880	1280
880	1281
880	1293
880	1307
880	1310
880	1320
880	1328
880	1362
880	1370
880	1588
1191	1192
1191	1195
1191	1197
1191	1210
1191	1212
1191	1219
1191	1224
1191	1239
1191	1245
1191	1253
1191	1270
1191	1280
1191	1281
1191	1293
1191	1307
1191	1310
1191	1320
1191	1328
1191	1362
1191	1370
1191	1384
1191	1391
1191	1398
1191	1419
1191	1442
1191	1443
1191	1460
1191	1461
1191	1475
1191	1482
1191	1506
1191	1511
1191	1524
1191	1538
1191	1539
1191	1546
1191	1561
1191	1566
1191	1588
1191	1592
1191	1621
1191	1628
1191	1640
1191	1642
1191	1652
1191	1653
1191	1657
1191	1671
1191	1675
1191	1682
1191	1715
1191	1743
1191	1922
1270	1280
1270	1281
1270	1293
1270	1307
1270	1310
1270	1320
1270	1362
1270	1370
1270	1391
1270	1398
1270	1419
1270	1442
1270	1443
1270	1460
1270	1461
1270	1475
1270	1482
1270	1500
1270	1506
1270	1511
1270	1524
1270	1539
1270	1546
1270	1561
1270	1566
1270	1588
1270	1592
1270	1621
1270	1628
1270	1640
1270	1652
1270	1653
1270	1657
1270	1669
1270	1671
1270	1674
1270	1675
1270	1682
1270	1692
1270	1715
1270	1720
1270	1729
1270	1743
732	735
732	741
732	744
732	745
732	748
732	755
732	766
732	767
732	773
732	799
732	819
732	821
732	836
732	841
732	855
732	880
732	887
732	889
732	904
732	911
732	927
732	946
732	981
732	986
732	1003
732	1005
732	1011
732	1015
732	1028
732	1052
732	1098
732	1138
732	1156
732	1169
732	1176
732	1186
732	1191
732	1192
732	1195
732	1197
732	1200
732	1210
732	1212
732	1219
732	1224
732	1443
732	1642
1135	1138
1135	1156
1135	1169
1135	1186
1135	1191
1135	1195
1135	1197
1135	1200
1135	1210
1135	1212
1135	1219
1135	1224
1135	1239
1135	1245
1135	1253
1135	1270
1135	1280
1135	1281
1135	1293
1135	1307
1135	1310
1135	1320
1135	1328
1135	1362
1135	1370
1135	1384
1135	1391
1135	1398
1135	1419
1135	1442
1135	1443
1135	1460
1135	1461
1135	1475
1135	1482
1135	1500
1135	1506
1135	1511
1135	1524
1135	1538
1135	1539
1135	1546
1135	1561
1135	1566
1135	1588
1135	1592
1135	1621
1135	1715
539	552
539	581
539	598
539	600
539	619
539	621
539	625
539	632
539	635
539	641
539	642
539	677
539	697
539	700
539	717
539	735
539	741
539	744
539	745
539	748
539	755
539	767
539	773
539	799
539	819
539	821
539	836
539	841
539	855
539	880
539	887
539	889
539	904
539	911
539	927
539	946
539	1003
539	1005
539	1007
539	1011
539	1015
539	1028
539	1538
539	1871
1482	1500
1482	1506
1482	1511
1482	1524
1482	1538
1482	1539
1482	1546
1482	1561
1482	1566
1482	1588
1482	1592
1482	1621
1482	1628
1482	1640
1482	1642
1482	1652
1482	1653
1482	1657
1482	1669
1482	1671
1482	1674
1482	1675
1482	1682
1482	1692
1482	1715
1482	1720
1482	1729
1482	1743
1482	1772
1482	1811
1482	1845
1482	1848
1482	1871
1482	1884
1482	1900
1482	1906
1482	1911
1482	1916
1482	1922
1482	1925
1482	1933
1482	1940
1482	1944
1482	1967
1482	1982
1210	1212
1210	1224
1210	1239
1210	1245
1210	1253
1210	1270
1210	1280
1210	1281
1210	1293
1210	1307
1210	1310
1210	1320
1210	1328
1210	1362
1210	1370
1210	1384
1210	1391
1210	1398
1210	1419
1210	1442
1210	1443
1210	1460
1210	1461
1210	1475
1210	1482
1210	1500
1210	1506
1210	1511
1210	1524
1210	1538
1210	1539
1210	1546
1210	1561
1210	1566
1210	1588
1210	1592
1210	1621
1210	1628
1210	1640
1210	1642
1210	1653
1210	1657
1210	1669
1210	1671
1210	1674
1210	1675
1210	1682
1210	1692
1210	1729
541	552
541	581
541	598
541	619
541	621
541	625
541	632
541	641
541	642
541	677
541	697
541	700
541	717
541	735
541	741
541	744
541	745
541	748
541	755
541	766
541	773
541	799
541	819
541	821
541	836
541	841
541	855
541	880
541	887
541	889
541	911
541	927
541	946
541	981
541	986
541	1003
541	1005
541	1011
541	1015
541	1028
541	1310
541	1546
541	1772
541	1906
1391	1398
1391	1442
1391	1443
1391	1460
1391	1461
1391	1482
1391	1500
1391	1506
1391	1511
1391	1524
1391	1538
1391	1546
1391	1561
1391	1566
1391	1588
1391	1592
1391	1621
1391	1628
1391	1640
1391	1642
1391	1652
1391	1653
1391	1657
1391	1669
1391	1671
1391	1674
1391	1675
1391	1682
1391	1692
1391	1715
1391	1720
1391	1729
1391	1743
1391	1772
1391	1811
1391	1819
1391	1845
1391	1848
1391	1884
1391	1989
598	600
598	619
598	621
598	625
598	632
598	635
598	641
598	642
598	697
598	700
598	717
598	732
598	741
598	744
598	755
598	766
598	767
598	773
598	799
598	819
598	821
598	836
598	841
598	855
598	880
598	887
598	889
598	911
598	946
598	981
598	986
598	1003
598	1005
598	1007
598	1011
598	1015
598	1028
598	1052
598	1098
598	1224
598	1370
598	1524
598	1621
598	1652
598	1715
1015	1098
1015	1135
1015	1138
1015	1156
1015	1169
1015	1176
1015	1186
1015	1192
1015	1195
1015	1197
1015	1200
1015	1210
1015	1212
1015	1219
1015	1224
1015	1239
1015	1245
1015	1253
1015	1270
1015	1280
1015	1281
1015	1293
1015	1307
1015	1310
1015	1320
1015	1328
1015	1362
1015	1370
1015	1384
1015	1398
1015	1419
1015	1442
1015	1443
1015	1460
1015	1461
1015	1475
1015	1482
1015	1500
1015	1506
1015	1511
745	748
745	755
745	767
745	773
745	799
745	819
745	821
745	836
745	841
745	855
745	880
745	887
745	889
745	904
745	911
745	981
745	986
745	1003
745	1005
745	1007
745	1011
745	1015
745	1028
745	1052
745	1098
745	1135
745	1138
745	1156
745	1176
745	1186
745	1191
745	1192
745	1195
745	1197
745	1200
745	1210
745	1212
745	1219
745	1224
745	1245
745	1900
745	1916
745	1922
1370	1384
1370	1391
1370	1398
1370	1419
1370	1443
1370	1460
1370	1461
1370	1475
1370	1482
1370	1500
1370	1506
1370	1511
1370	1524
1370	1538
1370	1539
1370	1546
1370	1561
1370	1566
1370	1588
1370	1592
1370	1621
1370	1640
1370	1642
1370	1653
1370	1657
1370	1669
1370	1671
1370	1674
1370	1682
1370	1692
1370	1715
1370	1720
1370	1729
1370	1743
1370	1772
1370	1811
1370	1819
1370	1845
1370	1848
1003	1005
1003	1007
1003	1011
1003	1015
1003	1028
1003	1052
1003	1098
1003	1135
1003	1138
1003	1156
1003	1169
1003	1191
1003	1192
1003	1195
1003	1197
1003	1200
1003	1210
1003	1212
1003	1219
1003	1224
1003	1239
1003	1245
1003	1253
1003	1270
1003	1280
1003	1281
1003	1293
1003	1307
1003	1310
1003	1320
1003	1328
1003	1362
1003	1370
1003	1384
1003	1391
1003	1398
1003	1442
1003	1443
1003	1460
1003	1461
1003	1475
1003	1482
1003	1500
1003	1642
1253	1270
1253	1280
1253	1281
1253	1293
1253	1307
1253	1310
1253	1320
1253	1328
1253	1362
1253	1370
1253	1384
1253	1391
1253	1398
1253	1419
1253	1442
1253	1443
1253	1460
1253	1461
1253	1475
1253	1482
1253	1500
1253	1506
1253	1511
1253	1524
1253	1538
1253	1539
1253	1546
1253	1566
1253	1588
1253	1592
1253	1621
1253	1628
1253	1642
1253	1652
1253	1653
1253	1657
1253	1669
1253	1671
1253	1674
1253	1675
1253	1682
1253	1692
1253	1715
1253	1720
1253	1729
1253	1743
1253	1884
1253	1933
1156	1169
1156	1176
1156	1186
1156	1192
1156	1195
1156	1197
1156	1200
1156	1210
1156	1212
1156	1219
1156	1224
1156	1239
1156	1245
1156	1253
1156	1270
1156	1280
1156	1281
1156	1293
1156	1307
1156	1310
1156	1320
1156	1328
1156	1362
1156	1370
1156	1384
1156	1391
1156	1398
1156	1419
1156	1442
1156	1443
1156	1460
1156	1461
1156	1475
1156	1482
1156	1500
1156	1506
1156	1511
1156	1524
1156	1538
1156	1546
1156	1561
1156	1566
1156	1588
1156	1640
1156	1642
1156	1652
1156	1653
1156	1671
1156	1675
1156	1911
1156	1982
887	889
887	904
887	911
887	927
887	946
887	981
887	1003
887	1005
887	1007
887	1011
887	1015
887	1028
887	1052
887	1098
887	1135
887	1138
887	1156
887	1169
887	1176
887	1186
887	1192
887	1197
887	1200
887	1210
887	1212
887	1219
887	1239
887	1245
887	1253
887	1280
887	1281
887	1293
887	1320
887	1328
887	1362
887	1370
887	1384
887	1460
887	1500
887	1682
887	1989
