# Undirected graph (each unordered pair of nodes is saved once): output/networks/SmallWorldRewire00removeCentrality-95percent.txt
# Nodes: 100 Edges: 2499
# NodeId	NodeId
1826	1827
1826	1828
1826	1829
1826	1830
1826	1831
1826	1832
1826	1833
1826	1834
1826	1835
1826	1836
1826	1837
1826	1838
1826	1839
1826	1840
1826	1841
1826	1842
1826	1843
1826	1844
1826	1845
1826	1846
1826	1847
1826	1848
1826	1849
1826	1850
1826	1851
1826	1852
1826	1853
1826	1854
1826	1855
1826	1856
1826	1857
1826	1858
1826	1859
1826	1860
1826	1861
1826	1862
1826	1863
1826	1864
1826	1865
1826	1866
1826	1867
1826	1868
1827	1828
1827	1829
1827	1830
1827	1831
1827	1832
1827	1833
1827	1834
1827	1835
1827	1836
1827	1837
1827	1838
1827	1839
1827	1840
1827	1841
1827	1842
1827	1843
1827	1844
1827	1845
1827	1846
1827	1847
1827	1848
1827	1849
1827	1850
1827	1851
1827	1852
1827	1853
1827	1854
1827	1855
1827	1856
1827	1857
1827	1858
1827	1859
1827	1860
1827	1861
1827	1862
1827	1863
1827	1864
1827	1865
1827	1866
1827	1867
1827	1868
1828	1829
1828	1830
1828	1831
1828	1832
1828	1833
1828	1834
1828	1835
1828	1836
1828	1837
1828	1838
1828	1839
1828	1840
1828	1841
1828	1842
1828	1843
1828	1844
1828	1845
1828	1846
1828	1847
1828	1848
1828	1849
1828	1850
1828	1851
1828	1852
1828	1853
1828	1854
1828	1855
1828	1856
1828	1857
1828	1858
1828	1859
1828	1860
1828	1861
1828	1862
1828	1863
1828	1864
1828	1865
1828	1866
1828	1867
1828	1868
1829	1830
1829	1831
1829	1832
1829	1833
1829	1834
1829	1835
1829	1836
1829	1837
1829	1838
1829	1839
1829	1840
1829	1841
1829	1842
1829	1843
1829	1844
1829	1845
1829	1846
1829	1847
1829	1848
1829	1849
1829	1850
1829	1851
1829	1852
1829	1853
1829	1854
1829	1855
1829	1856
1829	1857
1829	1858
1829	1859
1829	1860
1829	1861
1829	1862
1829	1863
1829	1864
1829	1865
1829	1866
1829	1867
1829	1868
1830	1831
1830	1832
1830	1833
1830	1834
1830	1835
1830	1836
1830	1837
1830	1838
1830	1839
1830	1840
1830	1841
1830	1842
1830	1843
1830	1844
1830	1845
1830	1846
1830	1847
1830	1848
1830	1849
1830	1850
1830	1851
1830	1852
1830	1853
1830	1854
1830	1855
1830	1856
1830	1857
1830	1858
1830	1859
1830	1860
1830	1861
1830	1862
1830	1863
1830	1864
1830	1865
1830	1866
1830	1867
1830	1868
1831	1832
1831	1833
1831	1834
1831	1835
1831	1836
1831	1837
1831	1838
1831	1839
1831	1840
1831	1841
1831	1842
1831	1843
1831	1844
1831	1845
1831	1846
1831	1847
1831	1848
1831	1849
1831	1850
1831	1851
1831	1852
1831	1853
1831	1854
1831	1855
1831	1856
1831	1857
1831	1858
1831	1859
1831	1860
1831	1861
1831	1862
1831	1863
1831	1864
1831	1865
1831	1866
1831	1867
1831	1868
1832	1833
1832	1834
1832	1835
1832	1836
1832	1837
1832	1838
1832	1839
1832	1840
1832	1841
1832	1842
1832	1843
1832	1844
1832	1845
1832	1846
1832	1847
1832	1848
1832	1849
1832	1850
1832	1851
1832	1852
1832	1853
1832	1854
1832	1855
1832	1856
1832	1857
1832	1858
1832	1859
1832	1860
1832	1861
1832	1862
1832	1863
1832	1864
1832	1865
1832	1866
1832	1867
1832	1868
1833	1834
1833	1835
1833	1836
1833	1837
1833	1838
1833	1839
1833	1840
1833	1841
1833	1842
1833	1843
1833	1844
1833	1845
1833	1846
1833	1847
1833	1848
1833	1849
1833	1850
1833	1851
1833	1852
1833	1853
1833	1854
1833	1855
1833	1856
1833	1857
1833	1858
1833	1859
1833	1860
1833	1861
1833	1862
1833	1863
1833	1864
1833	1865
1833	1866
1833	1867
1833	1868
1834	1835
1834	1836
1834	1837
1834	1838
1834	1839
1834	1840
1834	1841
1834	1842
1834	1843
1834	1844
1834	1845
1834	1846
1834	1847
1834	1848
1834	1849
1834	1850
1834	1851
1834	1852
1834	1853
1834	1854
1834	1855
1834	1856
1834	1857
1834	1858
1834	1859
1834	1860
1834	1861
1834	1862
1834	1863
1834	1864
1834	1865
1834	1866
1834	1867
1834	1868
1835	1836
1835	1837
1835	1838
1835	1839
1835	1840
1835	1841
1835	1842
1835	1843
1835	1844
1835	1845
1835	1846
1835	1847
1835	1848
1835	1849
1835	1850
1835	1851
1835	1852
1835	1853
1835	1854
1835	1855
1835	1856
1835	1857
1835	1858
1835	1859
1835	1860
1835	1861
1835	1862
1835	1863
1835	1864
1835	1865
1835	1866
1835	1867
1835	1868
1836	1837
1836	1838
1836	1839
1836	1840
1836	1841
1836	1842
1836	1843
1836	1844
1836	1845
1836	1846
1836	1847
1836	1848
1836	1849
1836	1850
1836	1851
1836	1852
1836	1853
1836	1854
1836	1855
1836	1856
1836	1857
1836	1858
1836	1859
1836	1860
1836	1861
1836	1862
1836	1863
1836	1864
1836	1865
1836	1866
1836	1867
1836	1868
1837	1838
1837	1839
1837	1840
1837	1841
1837	1842
1837	1843
1837	1844
1837	1845
1837	1846
1837	1847
1837	1848
1837	1849
1837	1850
1837	1851
1837	1852
1837	1853
1837	1854
1837	1855
1837	1856
1837	1857
1837	1858
1837	1859
1837	1860
1837	1861
1837	1862
1837	1863
1837	1864
1837	1865
1837	1866
1837	1867
1837	1868
1838	1839
1838	1840
1838	1841
1838	1842
1838	1843
1838	1844
1838	1845
1838	1846
1838	1847
1838	1848
1838	1849
1838	1850
1838	1851
1838	1852
1838	1853
1838	1854
1838	1855
1838	1856
1838	1857
1838	1858
1838	1859
1838	1860
1838	1861
1838	1862
1838	1863
1838	1864
1838	1865
1838	1866
1838	1867
1838	1868
1839	1840
1839	1841
1839	1842
1839	1843
1839	1844
1839	1845
1839	1846
1839	1847
1839	1848
1839	1849
1839	1850
1839	1851
1839	1852
1839	1853
1839	1854
1839	1855
1839	1856
1839	1857
1839	1858
1839	1859
1839	1860
1839	1861
1839	1862
1839	1863
1839	1864
1839	1865
1839	1866
1839	1867
1839	1868
1840	1841
1840	1842
1840	1843
1840	1844
1840	1845
1840	1846
1840	1847
1840	1848
1840	1849
1840	1850
1840	1851
1840	1852
1840	1853
1840	1854
1840	1855
1840	1856
1840	1857
1840	1858
1840	1859
1840	1860
1840	1861
1840	1862
1840	1863
1840	1864
1840	1865
1840	1866
1840	1867
1840	1868
1841	1842
1841	1843
1841	1844
1841	1845
1841	1846
1841	1847
1841	1848
1841	1849
1841	1850
1841	1851
1841	1852
1841	1853
1841	1854
1841	1855
1841	1856
1841	1857
1841	1858
1841	1859
1841	1860
1841	1861
1841	1862
1841	1863
1841	1864
1841	1865
1841	1866
1841	1867
1841	1868
1842	1843
1842	1844
1842	1845
1842	1846
1842	1847
1842	1848
1842	1849
1842	1850
1842	1851
1842	1852
1842	1853
1842	1854
1842	1855
1842	1856
1842	1857
1842	1858
1842	1859
1842	1860
1842	1861
1842	1862
1842	1863
1842	1864
1842	1865
1842	1866
1842	1867
1842	1868
1843	1844
1843	1845
1843	1846
1843	1847
1843	1848
1843	1849
1843	1850
1843	1851
1843	1852
1843	1853
1843	1854
1843	1855
1843	1856
1843	1857
1843	1858
1843	1859
1843	1860
1843	1861
1843	1862
1843	1863
1843	1864
1843	1865
1843	1866
1843	1867
1843	1868
1844	1845
1844	1846
1844	1847
1844	1848
1844	1849
1844	1850
1844	1851
1844	1852
1844	1853
1844	1854
1844	1855
1844	1856
1844	1857
1844	1858
1844	1859
1844	1860
1844	1861
1844	1862
1844	1863
1844	1864
1844	1865
1844	1866
1844	1867
1844	1868
1845	1846
1845	1847
1845	1848
1845	1849
1845	1850
1845	1851
1845	1852
1845	1853
1845	1854
1845	1855
1845	1856
1845	1857
1845	1858
1845	1859
1845	1860
1845	1861
1845	1862
1845	1863
1845	1864
1845	1865
1845	1866
1845	1867
1845	1868
1846	1847
1846	1848
1846	1849
1846	1850
1846	1851
1846	1852
1846	1853
1846	1854
1846	1855
1846	1856
1846	1857
1846	1858
1846	1859
1846	1860
1846	1861
1846	1862
1846	1863
1846	1864
1846	1865
1846	1866
1846	1867
1846	1868
1847	1848
1847	1849
1847	1850
1847	1851
1847	1852
1847	1853
1847	1854
1847	1855
1847	1856
1847	1857
1847	1858
1847	1859
1847	1860
1847	1861
1847	1862
1847	1863
1847	1864
1847	1865
1847	1866
1847	1867
1847	1868
1848	1849
1848	1850
1848	1851
1848	1852
1848	1853
1848	1854
1848	1855
1848	1856
1848	1857
1848	1858
1848	1859
1848	1860
1848	1861
1848	1862
1848	1863
1848	1864
1848	1865
1848	1866
1848	1867
1848	1868
1849	1850
1849	1851
1849	1852
1849	1853
1849	1854
1849	1855
1849	1856
1849	1857
1849	1858
1849	1859
1849	1860
1849	1861
1849	1862
1849	1863
1849	1864
1849	1865
1849	1866
1849	1867
1849	1868
1850	1851
1850	1852
1850	1853
1850	1854
1850	1855
1850	1856
1850	1857
1850	1858
1850	1859
1850	1860
1850	1861
1850	1862
1850	1863
1850	1864
1850	1865
1850	1866
1850	1867
1850	1868
1851	1852
1851	1853
1851	1854
1851	1855
1851	1856
1851	1857
1851	1858
1851	1859
1851	1860
1851	1861
1851	1862
1851	1863
1851	1864
1851	1865
1851	1866
1851	1867
1851	1868
1852	1853
1852	1854
1852	1855
1852	1856
1852	1857
1852	1858
1852	1859
1852	1860
1852	1861
1852	1862
1852	1863
1852	1864
1852	1865
1852	1866
1852	1867
1852	1868
1853	1854
1853	1855
1853	1856
1853	1857
1853	1858
1853	1859
1853	1860
1853	1861
1853	1862
1853	1863
1853	1864
1853	1865
1853	1866
1853	1867
1853	1868
1854	1855
1854	1856
1854	1857
1854	1858
1854	1859
1854	1860
1854	1861
1854	1862
1854	1863
1854	1864
1854	1865
1854	1866
1854	1867
1854	1868
1855	1856
1855	1857
1855	1858
1855	1859
1855	1860
1855	1861
1855	1862
1855	1863
1855	1864
1855	1865
1855	1866
1855	1867
1855	1868
1856	1857
1856	1858
1856	1859
1856	1860
1856	1861
1856	1862
1856	1863
1856	1864
1856	1865
1856	1866
1856	1867
1856	1868
1857	1858
1857	1859
1857	1860
1857	1861
1857	1862
1857	1863
1857	1864
1857	1865
1857	1866
1857	1867
1857	1868
1858	1859
1858	1860
1858	1861
1858	1862
1858	1863
1858	1864
1858	1865
1858	1866
1858	1867
1858	1868
1859	1860
1859	1861
1859	1862
1859	1863
1859	1864
1859	1865
1859	1866
1859	1867
1859	1868
1860	1861
1860	1862
1860	1863
1860	1864
1860	1865
1860	1866
1860	1867
1860	1868
1861	1862
1861	1863
1861	1864
1861	1865
1861	1866
1861	1867
1861	1868
1862	1863
1862	1864
1862	1865
1862	1866
1862	1867
1862	1868
1863	1864
1863	1865
1863	1866
1863	1867
1863	1868
1864	1865
1864	1866
1864	1867
1864	1868
1865	1866
1865	1867
1865	1868
1866	1867
1866	1868
1867	1868
1167	1168
1167	1169
1167	1170
1167	1171
1167	1172
1167	1173
1167	1174
1167	1175
1167	1176
1167	1177
1167	1178
1167	1179
1167	1180
1167	1181
1167	1182
1167	1183
1167	1184
1167	1185
1167	1186
1167	1187
1167	1188
1167	1189
1167	1190
1167	1191
1167	1192
1167	1193
1167	1194
1167	1195
1167	1196
1167	1197
1167	1198
1167	1199
1167	1200
1167	1201
1167	1202
1167	1203
1167	1204
1167	1205
1167	1206
1167	1226
1167	1227
1167	1228
1167	1229
1167	1230
1167	1231
1167	1232
1167	1233
1167	1234
1167	1235
1167	1236
1167	1237
1167	1238
1167	1239
1167	1240
1167	1241
1167	1242
1168	1169
1168	1170
1168	1171
1168	1172
1168	1173
1168	1174
1168	1175
1168	1176
1168	1177
1168	1178
1168	1179
1168	1180
1168	1181
1168	1182
1168	1183
1168	1184
1168	1185
1168	1186
1168	1187
1168	1188
1168	1189
1168	1190
1168	1191
1168	1192
1168	1193
1168	1194
1168	1195
1168	1196
1168	1197
1168	1198
1168	1199
1168	1200
1168	1201
1168	1202
1168	1203
1168	1204
1168	1205
1168	1206
1168	1226
1168	1227
1168	1228
1168	1229
1168	1230
1168	1231
1168	1232
1168	1233
1168	1234
1168	1235
1168	1236
1168	1237
1168	1238
1168	1239
1168	1240
1168	1241
1168	1242
1169	1170
1169	1171
1169	1172
1169	1173
1169	1174
1169	1175
1169	1176
1169	1177
1169	1178
1169	1179
1169	1180
1169	1181
1169	1182
1169	1183
1169	1184
1169	1185
1169	1186
1169	1187
1169	1188
1169	1189
1169	1190
1169	1191
1169	1192
1169	1193
1169	1194
1169	1195
1169	1196
1169	1197
1169	1198
1169	1199
1169	1200
1169	1201
1169	1202
1169	1203
1169	1204
1169	1205
1169	1206
1169	1226
1169	1227
1169	1228
1169	1229
1169	1230
1169	1231
1169	1232
1169	1233
1169	1234
1169	1235
1169	1236
1169	1237
1169	1238
1169	1239
1169	1240
1169	1241
1169	1242
1170	1171
1170	1172
1170	1173
1170	1174
1170	1175
1170	1176
1170	1177
1170	1178
1170	1179
1170	1180
1170	1181
1170	1182
1170	1183
1170	1184
1170	1185
1170	1186
1170	1187
1170	1188
1170	1189
1170	1190
1170	1191
1170	1192
1170	1193
1170	1194
1170	1195
1170	1196
1170	1197
1170	1198
1170	1199
1170	1200
1170	1201
1170	1202
1170	1203
1170	1204
1170	1205
1170	1206
1170	1226
1170	1227
1170	1228
1170	1229
1170	1230
1170	1231
1170	1232
1170	1233
1170	1234
1170	1235
1170	1236
1170	1237
1170	1238
1170	1239
1170	1240
1170	1241
1170	1242
1171	1172
1171	1173
1171	1174
1171	1175
1171	1176
1171	1177
1171	1178
1171	1179
1171	1180
1171	1181
1171	1182
1171	1183
1171	1184
1171	1185
1171	1186
1171	1187
1171	1188
1171	1189
1171	1190
1171	1191
1171	1192
1171	1193
1171	1194
1171	1195
1171	1196
1171	1197
1171	1198
1171	1199
1171	1200
1171	1201
1171	1202
1171	1203
1171	1204
1171	1205
1171	1206
1171	1226
1171	1227
1171	1228
1171	1229
1171	1230
1171	1231
1171	1232
1171	1233
1171	1234
1171	1235
1171	1236
1171	1237
1171	1238
1171	1239
1171	1240
1171	1241
1171	1242
1172	1173
1172	1174
1172	1175
1172	1176
1172	1177
1172	1178
1172	1179
1172	1180
1172	1181
1172	1182
1172	1183
1172	1184
1172	1185
1172	1186
1172	1187
1172	1188
1172	1189
1172	1190
1172	1191
1172	1192
1172	1193
1172	1194
1172	1195
1172	1196
1172	1197
1172	1198
1172	1199
1172	1200
1172	1201
1172	1202
1172	1203
1172	1204
1172	1205
1172	1206
1172	1226
1172	1227
1172	1228
1172	1229
1172	1230
1172	1231
1172	1232
1172	1233
1172	1234
1172	1235
1172	1236
1172	1237
1172	1238
1172	1239
1172	1240
1172	1241
1172	1242
1173	1174
1173	1175
1173	1176
1173	1177
1173	1178
1173	1179
1173	1180
1173	1181
1173	1182
1173	1183
1173	1184
1173	1185
1173	1186
1173	1187
1173	1188
1173	1189
1173	1190
1173	1191
1173	1192
1173	1193
1173	1194
1173	1195
1173	1196
1173	1197
1173	1198
1173	1199
1173	1200
1173	1201
1173	1202
1173	1203
1173	1204
1173	1205
1173	1206
1173	1226
1173	1227
1173	1228
1173	1229
1173	1230
1173	1231
1173	1232
1173	1233
1173	1234
1173	1235
1173	1236
1173	1237
1173	1238
1173	1239
1173	1240
1173	1241
1173	1242
1174	1175
1174	1176
1174	1177
1174	1178
1174	1179
1174	1180
1174	1181
1174	1182
1174	1183
1174	1184
1174	1185
1174	1186
1174	1187
1174	1188
1174	1189
1174	1190
1174	1191
1174	1192
1174	1193
1174	1194
1174	1195
1174	1196
1174	1197
1174	1198
1174	1199
1174	1200
1174	1201
1174	1202
1174	1203
1174	1204
1174	1205
1174	1206
1174	1226
1174	1227
1174	1228
1174	1229
1174	1230
1174	1231
1174	1232
1174	1233
1174	1234
1174	1235
1174	1236
1174	1237
1174	1238
1174	1239
1174	1240
1174	1241
1174	1242
1175	1176
1175	1177
1175	1178
1175	1179
1175	1180
1175	1181
1175	1182
1175	1183
1175	1184
1175	1185
1175	1186
1175	1187
1175	1188
1175	1189
1175	1190
1175	1191
1175	1192
1175	1193
1175	1194
1175	1195
1175	1196
1175	1197
1175	1198
1175	1199
1175	1200
1175	1201
1175	1202
1175	1203
1175	1204
1175	1205
1175	1206
1175	1226
1175	1227
1175	1228
1175	1229
1175	1230
1175	1231
1175	1232
1175	1233
1175	1234
1175	1235
1175	1236
1175	1237
1175	1238
1175	1239
1175	1240
1175	1241
1175	1242
1176	1177
1176	1178
1176	1179
1176	1180
1176	1181
1176	1182
1176	1183
1176	1184
1176	1185
1176	1186
1176	1187
1176	1188
1176	1189
1176	1190
1176	1191
1176	1192
1176	1193
1176	1194
1176	1195
1176	1196
1176	1197
1176	1198
1176	1199
1176	1200
1176	1201
1176	1202
1176	1203
1176	1204
1176	1205
1176	1206
1176	1226
1176	1227
1176	1228
1176	1229
1176	1230
1176	1231
1176	1232
1176	1233
1176	1234
1176	1235
1176	1236
1176	1237
1176	1238
1176	1239
1176	1240
1176	1241
1176	1242
1177	1178
1177	1179
1177	1180
1177	1181
1177	1182
1177	1183
1177	1184
1177	1185
1177	1186
1177	1187
1177	1188
1177	1189
1177	1190
1177	1191
1177	1192
1177	1193
1177	1194
1177	1195
1177	1196
1177	1197
1177	1198
1177	1199
1177	1200
1177	1201
1177	1202
1177	1203
1177	1204
1177	1205
1177	1206
1177	1226
1177	1227
1177	1228
1177	1229
1177	1230
1177	1231
1177	1232
1177	1233
1177	1234
1177	1235
1177	1236
1177	1237
1177	1238
1177	1239
1177	1240
1177	1241
1177	1242
1178	1179
1178	1180
1178	1181
1178	1182
1178	1183
1178	1184
1178	1185
1178	1186
1178	1187
1178	1188
1178	1189
1178	1190
1178	1191
1178	1192
1178	1193
1178	1194
1178	1195
1178	1196
1178	1197
1178	1198
1178	1199
1178	1200
1178	1201
1178	1202
1178	1203
1178	1204
1178	1205
1178	1206
1178	1226
1178	1227
1178	1228
1178	1229
1178	1230
1178	1231
1178	1232
1178	1233
1178	1234
1178	1235
1178	1236
1178	1237
1178	1238
1178	1239
1178	1240
1178	1241
1178	1242
1179	1180
1179	1181
1179	1182
1179	1183
1179	1184
1179	1185
1179	1186
1179	1187
1179	1188
1179	1189
1179	1190
1179	1191
1179	1192
1179	1193
1179	1194
1179	1195
1179	1196
1179	1197
1179	1198
1179	1199
1179	1200
1179	1201
1179	1202
1179	1203
1179	1204
1179	1205
1179	1206
1179	1226
1179	1227
1179	1228
1179	1229
1179	1230
1179	1231
1179	1232
1179	1233
1179	1234
1179	1235
1179	1236
1179	1237
1179	1238
1179	1239
1179	1240
1179	1241
1179	1242
1180	1181
1180	1182
1180	1183
1180	1184
1180	1185
1180	1186
1180	1187
1180	1188
1180	1189
1180	1190
1180	1191
1180	1192
1180	1193
1180	1194
1180	1195
1180	1196
1180	1197
1180	1198
1180	1199
1180	1200
1180	1201
1180	1202
1180	1203
1180	1204
1180	1205
1180	1206
1180	1226
1180	1227
1180	1228
1180	1229
1180	1230
1180	1231
1180	1232
1180	1233
1180	1234
1180	1235
1180	1236
1180	1237
1180	1238
1180	1239
1180	1240
1180	1241
1180	1242
1181	1182
1181	1183
1181	1184
1181	1185
1181	1186
1181	1187
1181	1188
1181	1189
1181	1190
1181	1191
1181	1192
1181	1193
1181	1194
1181	1195
1181	1196
1181	1197
1181	1198
1181	1199
1181	1200
1181	1201
1181	1202
1181	1203
1181	1204
1181	1205
1181	1206
1181	1226
1181	1227
1181	1228
1181	1229
1181	1230
1181	1231
1181	1232
1181	1233
1181	1234
1181	1235
1181	1236
1181	1237
1181	1238
1181	1239
1181	1240
1181	1241
1181	1242
1182	1183
1182	1184
1182	1185
1182	1186
1182	1187
1182	1188
1182	1189
1182	1190
1182	1191
1182	1192
1182	1193
1182	1194
1182	1195
1182	1196
1182	1197
1182	1198
1182	1199
1182	1200
1182	1201
1182	1202
1182	1203
1182	1204
1182	1205
1182	1206
1182	1226
1182	1227
1182	1228
1182	1229
1182	1230
1182	1231
1182	1232
1182	1233
1182	1234
1182	1235
1182	1236
1182	1237
1182	1238
1182	1239
1182	1240
1182	1241
1182	1242
1183	1184
1183	1185
1183	1186
1183	1187
1183	1188
1183	1189
1183	1190
1183	1191
1183	1192
1183	1193
1183	1194
1183	1195
1183	1196
1183	1197
1183	1198
1183	1199
1183	1200
1183	1201
1183	1202
1183	1203
1183	1204
1183	1205
1183	1206
1183	1226
1183	1227
1183	1228
1183	1229
1183	1230
1183	1231
1183	1232
1183	1233
1183	1234
1183	1235
1183	1236
1183	1237
1183	1238
1183	1239
1183	1240
1183	1241
1183	1242
1184	1185
1184	1186
1184	1187
1184	1188
1184	1189
1184	1190
1184	1191
1184	1192
1184	1193
1184	1194
1184	1195
1184	1196
1184	1197
1184	1198
1184	1199
1184	1200
1184	1201
1184	1202
1184	1203
1184	1204
1184	1205
1184	1206
1184	1226
1184	1227
1184	1228
1184	1229
1184	1230
1184	1231
1184	1232
1184	1233
1184	1234
1184	1235
1184	1236
1184	1237
1184	1238
1184	1239
1184	1240
1184	1241
1184	1242
1185	1186
1185	1187
1185	1188
1185	1189
1185	1190
1185	1191
1185	1192
1185	1193
1185	1194
1185	1195
1185	1196
1185	1197
1185	1198
1185	1199
1185	1200
1185	1201
1185	1202
1185	1203
1185	1204
1185	1205
1185	1206
1185	1226
1185	1227
1185	1228
1185	1229
1185	1230
1185	1231
1185	1232
1185	1233
1185	1234
1185	1235
1185	1236
1185	1237
1185	1238
1185	1239
1185	1240
1185	1241
1185	1242
1186	1187
1186	1188
1186	1189
1186	1190
1186	1191
1186	1192
1186	1193
1186	1194
1186	1195
1186	1196
1186	1197
1186	1198
1186	1199
1186	1200
1186	1201
1186	1202
1186	1203
1186	1204
1186	1205
1186	1206
1186	1226
1186	1227
1186	1228
1186	1229
1186	1230
1186	1231
1186	1232
1186	1233
1186	1234
1186	1235
1186	1236
1186	1237
1186	1238
1186	1239
1186	1240
1186	1241
1186	1242
1187	1188
1187	1189
1187	1190
1187	1191
1187	1192
1187	1193
1187	1194
1187	1195
1187	1196
1187	1197
1187	1198
1187	1199
1187	1200
1187	1201
1187	1202
1187	1203
1187	1204
1187	1205
1187	1206
1187	1226
1187	1227
1187	1228
1187	1229
1187	1230
1187	1231
1187	1232
1187	1233
1187	1234
1187	1235
1187	1236
1187	1237
1187	1238
1187	1239
1187	1240
1187	1241
1187	1242
1188	1189
1188	1190
1188	1191
1188	1192
1188	1193
1188	1194
1188	1195
1188	1196
1188	1197
1188	1198
1188	1199
1188	1200
1188	1201
1188	1202
1188	1203
1188	1204
1188	1205
1188	1206
1188	1226
1188	1227
1188	1228
1188	1229
1188	1230
1188	1231
1188	1232
1188	1233
1188	1234
1188	1235
1188	1236
1188	1237
1188	1238
1188	1239
1188	1240
1188	1241
1188	1242
1189	1190
1189	1191
1189	1192
1189	1193
1189	1194
1189	1195
1189	1196
1189	1197
1189	1198
1189	1199
1189	1200
1189	1201
1189	1202
1189	1203
1189	1204
1189	1205
1189	1206
1189	1226
1189	1227
1189	1228
1189	1229
1189	1230
1189	1231
1189	1232
1189	1233
1189	1234
1189	1235
1189	1236
1189	1237
1189	1238
1189	1239
1189	1240
1189	1241
1189	1242
1190	1191
1190	1192
1190	1193
1190	1194
1190	1195
1190	1196
1190	1197
1190	1198
1190	1199
1190	1200
1190	1201
1190	1202
1190	1203
1190	1204
1190	1205
1190	1206
1190	1226
1190	1227
1190	1228
1190	1229
1190	1230
1190	1231
1190	1232
1190	1233
1190	1234
1190	1235
1190	1236
1190	1237
1190	1238
1190	1239
1190	1240
1190	1241
1190	1242
1191	1192
1191	1193
1191	1194
1191	1195
1191	1196
1191	1197
1191	1198
1191	1199
1191	1200
1191	1201
1191	1202
1191	1203
1191	1204
1191	1205
1191	1206
1191	1226
1191	1227
1191	1228
1191	1229
1191	1230
1191	1231
1191	1232
1191	1233
1191	1234
1191	1235
1191	1236
1191	1237
1191	1238
1191	1239
1191	1240
1191	1241
1191	1242
1192	1193
1192	1194
1192	1195
1192	1196
1192	1197
1192	1198
1192	1199
1192	1200
1192	1201
1192	1202
1192	1203
1192	1204
1192	1205
1192	1206
1192	1226
1192	1227
1192	1228
1192	1229
1192	1230
1192	1231
1192	1232
1192	1233
1192	1234
1192	1235
1192	1236
1192	1237
1192	1238
1192	1239
1192	1240
1192	1241
1192	1242
1193	1194
1193	1195
1193	1196
1193	1197
1193	1198
1193	1199
1193	1200
1193	1201
1193	1202
1193	1203
1193	1204
1193	1205
1193	1206
1193	1226
1193	1227
1193	1228
1193	1229
1193	1230
1193	1231
1193	1232
1193	1233
1193	1234
1193	1235
1193	1236
1193	1237
1193	1238
1193	1239
1193	1240
1193	1241
1193	1242
1194	1195
1194	1196
1194	1197
1194	1198
1194	1199
1194	1200
1194	1201
1194	1202
1194	1203
1194	1204
1194	1205
1194	1206
1194	1226
1194	1227
1194	1228
1194	1229
1194	1230
1194	1231
1194	1232
1194	1233
1194	1234
1194	1235
1194	1236
1194	1237
1194	1238
1194	1239
1194	1240
1194	1241
1194	1242
1195	1196
1195	1197
1195	1198
1195	1199
1195	1200
1195	1201
1195	1202
1195	1203
1195	1204
1195	1205
1195	1206
1195	1226
1195	1227
1195	1228
1195	1229
1195	1230
1195	1231
1195	1232
1195	1233
1195	1234
1195	1235
1195	1236
1195	1237
1195	1238
1195	1239
1195	1240
1195	1241
1195	1242
1196	1197
1196	1198
1196	1199
1196	1200
1196	1201
1196	1202
1196	1203
1196	1204
1196	1205
1196	1206
1196	1226
1196	1227
1196	1228
1196	1229
1196	1230
1196	1231
1196	1232
1196	1233
1196	1234
1196	1235
1196	1236
1196	1237
1196	1238
1196	1239
1196	1240
1196	1241
1196	1242
1197	1198
1197	1199
1197	1200
1197	1201
1197	1202
1197	1203
1197	1204
1197	1205
1197	1206
1197	1226
1197	1227
1197	1228
1197	1229
1197	1230
1197	1231
1197	1232
1197	1233
1197	1234
1197	1235
1197	1236
1197	1237
1197	1238
1197	1239
1197	1240
1197	1241
1197	1242
1198	1199
1198	1200
1198	1201
1198	1202
1198	1203
1198	1204
1198	1205
1198	1206
1198	1226
1198	1227
1198	1228
1198	1229
1198	1230
1198	1231
1198	1232
1198	1233
1198	1234
1198	1235
1198	1236
1198	1237
1198	1238
1198	1239
1198	1240
1198	1241
1198	1242
1199	1200
1199	1201
1199	1202
1199	1203
1199	1204
1199	1205
1199	1206
1199	1226
1199	1227
1199	1228
1199	1229
1199	1230
1199	1231
1199	1232
1199	1233
1199	1234
1199	1235
1199	1236
1199	1237
1199	1238
1199	1239
1199	1240
1199	1241
1199	1242
1200	1201
1200	1202
1200	1203
1200	1204
1200	1205
1200	1206
1200	1226
1200	1227
1200	1228
1200	1229
1200	1230
1200	1231
1200	1232
1200	1233
1200	1234
1200	1235
1200	1236
1200	1237
1200	1238
1200	1239
1200	1240
1200	1241
1200	1242
1201	1202
1201	1203
1201	1204
1201	1205
1201	1206
1201	1226
1201	1227
1201	1228
1201	1229
1201	1230
1201	1231
1201	1232
1201	1233
1201	1234
1201	1235
1201	1236
1201	1237
1201	1238
1201	1239
1201	1240
1201	1241
1201	1242
1202	1203
1202	1204
1202	1205
1202	1206
1202	1226
1202	1227
1202	1228
1202	1229
1202	1230
1202	1231
1202	1232
1202	1233
1202	1234
1202	1235
1202	1236
1202	1237
1202	1238
1202	1239
1202	1240
1202	1241
1202	1242
1203	1204
1203	1205
1203	1206
1203	1226
1203	1227
1203	1228
1203	1229
1203	1230
1203	1231
1203	1232
1203	1233
1203	1234
1203	1235
1203	1236
1203	1237
1203	1238
1203	1239
1203	1240
1203	1241
1203	1242
1204	1205
1204	1206
1204	1226
1204	1227
1204	1228
1204	1229
1204	1230
1204	1231
1204	1232
1204	1233
1204	1234
1204	1235
1204	1236
1204	1237
1204	1238
1204	1239
1204	1240
1204	1241
1204	1242
1205	1206
1205	1226
1205	1227
1205	1228
1205	1229
1205	1230
1205	1231
1205	1232
1205	1233
1205	1234
1205	1235
1205	1236
1205	1237
1205	1238
1205	1239
1205	1240
1205	1241
1205	1242
1206	1226
1206	1227
1206	1228
1206	1229
1206	1230
1206	1231
1206	1232
1206	1233
1206	1234
1206	1235
1206	1236
1206	1237
1206	1238
1206	1239
1206	1240
1206	1241
1206	1242
1226	1227
1226	1228
1226	1229
1226	1230
1226	1231
1226	1232
1226	1233
1226	1234
1226	1235
1226	1236
1226	1237
1226	1238
1226	1239
1226	1240
1226	1241
1226	1242
1227	1228
1227	1229
1227	1230
1227	1231
1227	1232
1227	1233
1227	1234
1227	1235
1227	1236
1227	1237
1227	1238
1227	1239
1227	1240
1227	1241
1227	1242
1228	1229
1228	1230
1228	1231
1228	1232
1228	1233
1228	1234
1228	1235
1228	1236
1228	1237
1228	1238
1228	1239
1228	1240
1228	1241
1228	1242
1229	1230
1229	1231
1229	1232
1229	1233
1229	1234
1229	1235
1229	1236
1229	1237
1229	1238
1229	1239
1229	1240
1229	1241
1229	1242
1230	1231
1230	1232
1230	1233
1230	1234
1230	1235
1230	1236
1230	1237
1230	1238
1230	1239
1230	1240
1230	1241
1230	1242
1231	1232
1231	1233
1231	1234
1231	1235
1231	1236
1231	1237
1231	1238
1231	1239
1231	1240
1231	1241
1231	1242
1232	1233
1232	1234
1232	1235
1232	1236
1232	1237
1232	1238
1232	1239
1232	1240
1232	1241
1232	1242
1233	1234
1233	1235
1233	1236
1233	1237
1233	1238
1233	1239
1233	1240
1233	1241
1233	1242
1234	1235
1234	1236
1234	1237
1234	1238
1234	1239
1234	1240
1234	1241
1234	1242
1235	1236
1235	1237
1235	1238
1235	1239
1235	1240
1235	1241
1235	1242
1236	1237
1236	1238
1236	1239
1236	1240
1236	1241
1236	1242
1237	1238
1237	1239
1237	1240
1237	1241
1237	1242
1238	1239
1238	1240
1238	1241
1238	1242
1239	1240
1239	1241
1239	1242
1240	1241
1240	1242
1241	1242
