# Undirected graph (each unordered pair of nodes is saved once): output/networks/SmallWorldRewire07removeRandom-90percent.txt
# Nodes: 200 Edges: 9673
# NodeId	NodeId
8	18
8	31
8	40
8	49
8	51
8	54
8	77
8	88
8	90
8	98
8	103
8	111
8	144
8	155
8	170
8	171
8	172
8	194
8	202
8	207
8	240
8	242
8	263
8	264
8	270
8	272
8	275
8	293
8	296
8	298
8	315
8	319
8	321
8	325
8	351
8	353
8	363
8	367
8	372
8	374
8	382
8	385
8	386
8	387
8	398
8	403
8	453
8	456
8	466
8	473
8	479
8	483
8	494
8	499
8	564
8	574
8	652
8	667
8	784
8	949
8	1035
8	1045
8	1258
8	1283
8	1386
8	1524
8	1526
8	1545
8	1556
8	1562
8	1586
8	1637
8	1668
8	1686
8	1703
8	1706
8	1713
8	1714
8	1719
8	1738
8	1740
8	1747
8	1774
8	1775
8	1815
8	1838
8	1839
8	1858
8	1897
8	1903
8	1914
8	1921
8	1935
8	1954
8	1963
8	1964
18	31
18	40
18	49
18	51
18	54
18	77
18	88
18	90
18	98
18	103
18	111
18	144
18	155
18	170
18	171
18	172
18	194
18	202
18	207
18	240
18	242
18	263
18	264
18	270
18	272
18	275
18	296
18	298
18	313
18	315
18	319
18	321
18	325
18	351
18	353
18	363
18	367
18	372
18	374
18	382
18	385
18	387
18	398
18	403
18	456
18	466
18	473
18	479
18	483
18	494
18	653
18	772
18	966
18	1138
18	1507
18	1524
18	1526
18	1545
18	1562
18	1586
18	1637
18	1686
18	1703
18	1706
18	1713
18	1714
18	1719
18	1738
18	1740
18	1744
18	1747
18	1748
18	1774
18	1775
18	1780
18	1815
18	1826
18	1838
18	1839
18	1856
18	1858
18	1897
18	1903
18	1908
18	1914
18	1915
18	1921
18	1935
18	1954
18	1963
18	1964
31	49
31	51
31	54
31	59
31	77
31	88
31	90
31	98
31	103
31	155
31	170
31	171
31	172
31	194
31	202
31	207
31	240
31	242
31	263
31	264
31	270
31	272
31	275
31	293
31	296
31	298
31	313
31	315
31	319
31	321
31	325
31	351
31	353
31	363
31	367
31	372
31	374
31	382
31	385
31	386
31	387
31	398
31	403
31	456
31	466
31	473
31	479
31	494
31	499
31	508
31	525
31	526
31	574
31	746
31	784
31	1019
31	1138
31	1379
31	1545
31	1556
31	1562
31	1586
31	1637
31	1668
31	1686
31	1706
31	1713
31	1714
31	1719
31	1738
31	1740
31	1744
31	1747
31	1748
31	1774
31	1775
31	1780
31	1815
31	1826
31	1838
31	1839
31	1856
31	1858
31	1897
31	1903
31	1908
31	1914
31	1915
31	1921
31	1935
31	1954
31	1963
31	1964
49	51
49	54
49	59
49	77
49	88
49	90
49	98
49	103
49	111
49	144
49	170
49	171
49	172
49	194
49	202
49	242
49	263
49	264
49	270
49	275
49	293
49	296
49	315
49	319
49	321
49	351
49	353
49	363
49	367
49	372
49	374
49	382
49	385
49	386
49	387
49	398
49	403
49	453
49	456
49	466
49	473
49	479
49	483
49	494
49	499
49	508
49	525
49	526
49	541
49	751
49	904
49	1104
49	1556
49	1562
49	1586
49	1637
49	1686
49	1703
49	1706
49	1713
49	1714
49	1719
49	1738
49	1740
49	1744
49	1747
49	1748
49	1774
49	1775
49	1780
49	1815
49	1826
49	1838
49	1839
49	1856
49	1858
49	1897
49	1914
49	1915
49	1935
49	1954
49	1963
49	1964
51	54
51	59
51	77
51	88
51	98
51	103
51	111
51	155
51	170
51	171
51	172
51	194
51	207
51	240
51	242
51	264
51	270
51	272
51	275
51	293
51	296
51	298
51	313
51	315
51	319
51	321
51	325
51	351
51	353
51	363
51	367
51	374
51	382
51	385
51	387
51	398
51	403
51	453
51	456
51	466
51	473
51	479
51	483
51	494
51	499
51	508
51	525
51	526
51	541
51	574
51	611
51	667
51	1283
51	1386
51	1476
51	1556
51	1562
51	1586
51	1637
51	1668
51	1686
51	1703
51	1706
51	1713
51	1714
51	1719
51	1738
51	1740
51	1744
51	1747
51	1748
51	1774
51	1775
51	1780
51	1815
51	1826
51	1838
51	1839
51	1856
51	1858
51	1897
51	1903
51	1908
51	1914
51	1915
51	1921
51	1935
51	1954
51	1963
51	1964
59	77
59	88
59	90
59	98
59	103
59	111
59	155
59	170
59	171
59	172
59	194
59	202
59	207
59	240
59	242
59	263
59	264
59	270
59	272
59	275
59	293
59	296
59	298
59	313
59	315
59	319
59	321
59	325
59	353
59	363
59	367
59	372
59	374
59	382
59	385
59	386
59	387
59	398
59	403
59	453
59	456
59	466
59	473
59	479
59	483
59	494
59	499
59	508
59	525
59	526
59	541
59	611
59	876
59	1292
59	1562
59	1586
59	1637
59	1668
59	1686
59	1703
59	1706
59	1713
59	1714
59	1719
59	1738
59	1740
59	1744
59	1747
59	1748
59	1774
59	1775
59	1780
59	1815
59	1826
59	1838
59	1839
59	1856
59	1858
59	1897
59	1903
59	1908
59	1914
59	1915
59	1921
59	1935
59	1954
59	1963
59	1964
77	88
77	90
77	98
77	111
77	144
77	155
77	170
77	171
77	172
77	194
77	202
77	207
77	240
77	242
77	263
77	264
77	270
77	272
77	275
77	293
77	296
77	298
77	313
77	315
77	319
77	321
77	325
77	351
77	353
77	363
77	367
77	372
77	382
77	385
77	386
77	403
77	453
77	456
77	466
77	473
77	479
77	483
77	494
77	499
77	508
77	525
77	526
77	564
77	570
77	574
77	736
77	783
77	1292
77	1372
77	1385
77	1391
77	1556
77	1586
77	1637
77	1668
77	1686
77	1703
77	1706
77	1713
77	1714
77	1719
77	1738
77	1740
77	1744
77	1747
77	1748
77	1774
77	1780
77	1815
77	1826
77	1838
77	1839
77	1856
77	1858
77	1903
77	1908
77	1914
77	1915
77	1921
77	1935
77	1954
77	1964
88	90
88	103
88	111
88	144
88	155
88	170
88	171
88	172
88	194
88	207
88	240
88	242
88	263
88	264
88	270
88	272
88	275
88	293
88	296
88	298
88	313
88	315
88	319
88	321
88	325
88	351
88	353
88	363
88	367
88	372
88	374
88	382
88	385
88	386
88	398
88	453
88	466
88	473
88	479
88	483
88	494
88	499
88	508
88	525
88	541
88	564
88	570
88	574
88	588
88	1089
88	1159
88	1460
88	1637
88	1686
88	1703
88	1706
88	1713
88	1714
88	1719
88	1738
88	1740
88	1744
88	1747
88	1748
88	1774
88	1775
88	1815
88	1826
88	1838
88	1839
88	1856
88	1858
88	1897
88	1903
88	1908
88	1915
88	1921
88	1935
88	1954
88	1963
88	1964
90	98
90	103
90	111
90	144
90	155
90	170
90	172
90	194
90	202
90	207
90	240
90	242
90	263
90	264
90	270
90	272
90	293
90	296
90	298
90	313
90	315
90	319
90	321
90	351
90	353
90	367
90	372
90	374
90	382
90	385
90	386
90	387
90	398
90	453
90	456
90	473
90	479
90	483
90	494
90	499
90	508
90	525
90	526
90	541
90	564
90	570
90	574
90	588
90	783
90	979
90	1053
90	1142
90	1311
90	1389
90	1397
90	1495
90	1637
90	1668
90	1686
90	1703
90	1706
90	1713
90	1714
90	1719
90	1738
90	1740
90	1747
90	1748
90	1774
90	1775
90	1780
90	1815
90	1826
90	1839
90	1856
90	1858
90	1897
90	1903
90	1908
90	1914
90	1915
90	1921
90	1935
90	1963
90	1964
98	111
98	144
98	155
98	170
98	171
98	172
98	194
98	207
98	240
98	242
98	263
98	270
98	272
98	275
98	293
98	298
98	313
98	315
98	319
98	321
98	325
98	353
98	367
98	374
98	382
98	386
98	387
98	398
98	403
98	453
98	456
98	466
98	473
98	479
98	483
98	494
98	499
98	508
98	525
98	526
98	541
98	564
98	570
98	588
98	597
98	652
98	667
98	709
98	792
98	952
98	1104
98	1292
98	1637
98	1668
98	1686
98	1703
98	1713
98	1714
98	1719
98	1738
98	1740
98	1744
98	1747
98	1748
98	1774
98	1775
98	1780
98	1815
98	1826
98	1838
98	1839
98	1856
98	1858
98	1897
98	1903
98	1914
98	1915
98	1935
98	1954
98	1964
103	144
103	155
103	170
103	171
103	172
103	194
103	202
103	207
103	240
103	242
103	263
103	264
103	270
103	275
103	293
103	296
103	298
103	313
103	315
103	319
103	321
103	325
103	351
103	363
103	367
103	372
103	374
103	382
103	385
103	386
103	387
103	398
103	403
103	453
103	456
103	466
103	473
103	479
103	483
103	494
103	499
103	508
103	525
103	526
103	541
103	564
103	570
103	574
103	588
103	597
103	600
103	709
103	733
103	952
103	1163
103	1207
103	1306
103	1311
103	1372
103	1386
103	1556
103	1586
103	1637
103	1668
103	1686
103	1703
103	1706
103	1713
103	1714
103	1719
103	1738
103	1740
103	1747
103	1748
103	1774
103	1775
103	1780
103	1815
103	1826
103	1838
103	1839
103	1856
103	1858
103	1897
103	1903
103	1908
103	1914
103	1915
103	1935
103	1954
103	1963
103	1964
111	144
111	155
111	170
111	171
111	172
111	194
111	202
111	207
111	240
111	242
111	264
111	270
111	272
111	275
111	293
111	296
111	298
111	313
111	319
111	321
111	325
111	351
111	353
111	363
111	367
111	372
111	374
111	382
111	385
111	386
111	387
111	398
111	403
111	453
111	456
111	466
111	473
111	479
111	483
111	494
111	499
111	508
111	525
111	526
111	564
111	570
111	574
111	597
111	600
111	611
111	653
111	918
111	1283
111	1637
111	1668
111	1686
111	1703
111	1706
111	1713
111	1714
111	1719
111	1738
111	1744
111	1747
111	1748
111	1774
111	1780
111	1815
111	1826
111	1838
111	1839
111	1856
111	1858
111	1897
111	1903
111	1908
111	1914
111	1921
111	1935
111	1963
111	1964
144	155
144	170
144	171
144	172
144	202
144	207
144	242
144	264
144	270
144	272
144	275
144	293
144	296
144	298
144	315
144	319
144	321
144	351
144	353
144	363
144	367
144	372
144	374
144	382
144	385
144	386
144	387
144	398
144	403
144	453
144	456
144	466
144	473
144	479
144	494
144	499
144	508
144	525
144	526
144	541
144	564
144	570
144	574
144	588
144	597
144	600
144	611
144	804
144	809
144	1012
144	1078
144	1354
144	1440
144	1476
144	1526
144	1586
144	1668
144	1686
144	1703
144	1706
144	1714
144	1719
144	1738
144	1740
144	1744
144	1747
144	1748
144	1774
144	1775
144	1780
144	1815
144	1826
144	1838
144	1839
144	1856
144	1858
144	1897
144	1903
144	1908
144	1914
144	1915
144	1921
144	1935
144	1954
144	1963
144	1964
170	171
170	194
170	202
170	207
170	240
170	242
170	263
170	264
170	270
170	272
170	275
170	293
170	296
170	298
170	313
170	319
170	321
170	325
170	351
170	353
170	363
170	367
170	372
170	374
170	382
170	385
170	386
170	403
170	453
170	456
170	466
170	473
170	479
170	483
170	494
170	508
170	525
170	541
170	564
170	570
170	574
170	588
170	597
170	600
170	611
170	645
170	646
170	652
170	653
170	662
170	667
170	746
170	769
170	1094
170	1104
170	1349
170	1686
170	1703
170	1706
170	1713
170	1714
170	1719
170	1738
170	1740
170	1744
170	1747
170	1748
170	1774
170	1775
170	1780
170	1815
170	1826
170	1838
170	1839
170	1856
170	1858
170	1903
170	1908
170	1914
170	1915
170	1921
170	1935
170	1954
170	1963
170	1964
171	172
171	194
171	202
171	207
171	240
171	242
171	263
171	264
171	270
171	272
171	275
171	293
171	296
171	298
171	313
171	315
171	321
171	325
171	351
171	353
171	363
171	367
171	372
171	374
171	382
171	385
171	386
171	387
171	398
171	403
171	453
171	466
171	473
171	479
171	483
171	494
171	499
171	508
171	526
171	541
171	564
171	570
171	574
171	588
171	597
171	600
171	611
171	645
171	646
171	652
171	653
171	662
171	667
171	1045
171	1288
171	1306
171	1686
171	1703
171	1706
171	1713
171	1714
171	1719
171	1740
171	1744
171	1747
171	1748
171	1774
171	1775
171	1780
171	1815
171	1826
171	1838
171	1839
171	1858
171	1897
171	1903
171	1908
171	1921
171	1935
171	1954
171	1963
171	1964
172	194
172	202
172	207
172	240
172	242
172	263
172	264
172	272
172	275
172	293
172	296
172	298
172	313
172	315
172	319
172	321
172	325
172	351
172	353
172	363
172	367
172	372
172	374
172	382
172	385
172	386
172	387
172	403
172	453
172	456
172	466
172	473
172	479
172	483
172	494
172	499
172	508
172	525
172	526
172	564
172	570
172	574
172	588
172	600
172	611
172	645
172	646
172	652
172	653
172	662
172	667
172	804
172	1019
172	1045
172	1151
172	1349
172	1385
172	1637
172	1686
172	1703
172	1713
172	1714
172	1738
172	1740
172	1744
172	1747
172	1748
172	1775
172	1780
172	1815
172	1826
172	1838
172	1839
172	1856
172	1858
172	1897
172	1903
172	1908
172	1914
172	1915
172	1921
172	1935
172	1954
172	1963
172	1964
194	202
194	240
194	263
194	264
194	270
194	272
194	275
194	293
194	298
194	313
194	315
194	319
194	321
194	325
194	351
194	353
194	363
194	367
194	372
194	374
194	382
194	385
194	386
194	387
194	398
194	403
194	453
194	456
194	466
194	473
194	479
194	483
194	494
194	499
194	525
194	526
194	541
194	570
194	574
194	588
194	597
194	600
194	611
194	645
194	652
194	653
194	662
194	667
194	673
194	683
194	691
194	783
194	1151
194	1460
194	1507
194	1703
194	1706
194	1713
194	1714
194	1719
194	1738
194	1740
194	1744
194	1747
194	1748
194	1774
194	1775
194	1780
194	1826
194	1838
194	1839
194	1856
194	1897
194	1908
194	1914
194	1915
194	1921
194	1935
194	1954
194	1963
194	1964
202	207
202	240
202	242
202	263
202	264
202	270
202	272
202	275
202	293
202	296
202	298
202	313
202	315
202	319
202	321
202	325
202	351
202	353
202	363
202	367
202	372
202	374
202	382
202	386
202	387
202	398
202	403
202	453
202	456
202	466
202	473
202	479
202	483
202	494
202	499
202	508
202	525
202	526
202	541
202	564
202	570
202	574
202	588
202	597
202	600
202	611
202	645
202	646
202	652
202	653
202	673
202	683
202	691
202	702
202	725
202	746
202	1053
202	1094
202	1397
202	1526
202	1703
202	1706
202	1713
202	1714
202	1719
202	1738
202	1740
202	1744
202	1747
202	1748
202	1774
202	1775
202	1780
202	1815
202	1826
202	1838
202	1839
202	1856
202	1858
202	1897
202	1903
202	1908
202	1914
202	1915
202	1935
202	1954
202	1963
202	1964
207	240
207	242
207	264
207	270
207	272
207	275
207	293
207	296
207	298
207	313
207	315
207	319
207	325
207	351
207	363
207	367
207	372
207	382
207	385
207	387
207	398
207	403
207	453
207	456
207	466
207	473
207	479
207	483
207	494
207	499
207	508
207	525
207	526
207	541
207	564
207	570
207	574
207	588
207	597
207	600
207	611
207	645
207	646
207	652
207	653
207	662
207	667
207	673
207	683
207	691
207	702
207	809
207	813
207	820
207	842
207	1372
207	1713
207	1714
207	1719
207	1738
207	1740
207	1747
207	1748
207	1774
207	1775
207	1780
207	1815
207	1826
207	1838
207	1839
207	1856
207	1858
207	1897
207	1903
207	1908
207	1914
207	1915
207	1921
207	1935
207	1954
207	1964
240	242
240	263
240	264
240	270
240	275
240	293
240	296
240	298
240	313
240	315
240	319
240	321
240	325
240	351
240	353
240	372
240	374
240	382
240	385
240	387
240	398
240	403
240	453
240	456
240	466
240	473
240	483
240	494
240	499
240	508
240	525
240	526
240	541
240	564
240	570
240	588
240	597
240	600
240	645
240	646
240	652
240	653
240	662
240	667
240	673
240	683
240	691
240	702
240	709
240	713
240	721
240	725
240	733
240	736
240	739
240	769
240	1138
240	1146
240	1251
240	1379
240	1507
240	1526
240	1740
240	1744
240	1747
240	1748
240	1774
240	1775
240	1780
240	1815
240	1826
240	1838
240	1839
240	1856
240	1858
240	1897
240	1903
240	1908
240	1914
240	1915
240	1921
240	1935
240	1963
240	1964
242	263
242	264
242	270
242	272
242	275
242	293
242	296
242	298
242	315
242	319
242	321
242	325
242	351
242	353
242	363
242	367
242	372
242	382
242	385
242	386
242	387
242	398
242	403
242	453
242	456
242	466
242	473
242	479
242	483
242	494
242	499
242	508
242	525
242	526
242	564
242	570
242	574
242	588
242	597
242	600
242	611
242	645
242	646
242	652
242	653
242	667
242	673
242	683
242	702
242	709
242	713
242	721
242	725
242	733
242	736
242	739
242	792
242	1100
242	1391
242	1706
242	1740
242	1744
242	1747
242	1748
242	1774
242	1775
242	1780
242	1815
242	1838
242	1839
242	1856
242	1858
242	1903
242	1908
242	1914
242	1915
242	1921
242	1935
242	1954
242	1964
263	264
263	270
263	272
263	293
263	296
263	298
263	313
263	315
263	319
263	321
263	325
263	351
263	353
263	363
263	367
263	372
263	382
263	385
263	386
263	387
263	398
263	453
263	456
263	466
263	473
263	479
263	483
263	494
263	499
263	525
263	526
263	541
263	564
263	570
263	574
263	588
263	597
263	600
263	611
263	645
263	646
263	652
263	653
263	667
263	673
263	683
263	702
263	709
263	713
263	725
263	733
263	736
263	739
263	746
263	751
263	753
263	792
263	944
263	1045
263	1091
263	1251
263	1429
263	1545
263	1774
263	1775
263	1780
263	1815
263	1826
263	1838
263	1839
263	1856
263	1858
263	1897
263	1903
263	1914
263	1915
263	1921
263	1935
263	1954
263	1963
263	1964
264	270
264	272
264	275
264	293
264	296
264	298
264	313
264	315
264	319
264	321
264	325
264	351
264	353
264	363
264	372
264	374
264	382
264	385
264	386
264	387
264	398
264	453
264	466
264	473
264	479
264	483
264	494
264	499
264	508
264	526
264	541
264	564
264	570
264	588
264	597
264	600
264	611
264	645
264	646
264	653
264	662
264	667
264	673
264	683
264	691
264	702
264	709
264	721
264	725
264	733
264	736
264	739
264	746
264	751
264	753
264	1012
264	1088
264	1128
264	1386
264	1774
264	1775
264	1780
264	1815
264	1826
264	1838
264	1839
264	1856
264	1858
264	1897
264	1903
264	1908
264	1914
264	1915
264	1921
264	1935
264	1954
264	1963
264	1964
270	272
270	275
270	296
270	313
270	315
270	319
270	321
270	325
270	353
270	363
270	367
270	372
270	374
270	382
270	385
270	386
270	387
270	398
270	403
270	453
270	456
270	466
270	473
270	479
270	483
270	494
270	499
270	508
270	525
270	526
270	541
270	564
270	570
270	574
270	588
270	597
270	600
270	611
270	645
270	646
270	652
270	662
270	667
270	673
270	683
270	691
270	702
270	709
270	713
270	721
270	725
270	733
270	736
270	739
270	746
270	751
270	753
270	769
270	821
270	1306
270	1748
270	1774
270	1775
270	1780
270	1815
270	1826
270	1838
270	1839
270	1856
270	1858
270	1897
270	1903
270	1908
270	1915
270	1921
270	1935
270	1954
270	1963
272	275
272	293
272	296
272	298
272	313
272	315
272	319
272	321
272	325
272	351
272	353
272	363
272	367
272	374
272	382
272	385
272	386
272	387
272	398
272	403
272	453
272	466
272	479
272	483
272	494
272	499
272	508
272	525
272	526
272	541
272	564
272	570
272	574
272	588
272	597
272	600
272	611
272	645
272	646
272	652
272	653
272	662
272	667
272	673
272	683
272	691
272	702
272	709
272	713
272	721
272	725
272	736
272	739
272	746
272	751
272	753
272	769
272	772
272	842
272	1053
272	1747
272	1774
272	1775
272	1780
272	1815
272	1826
272	1838
272	1839
272	1856
272	1858
272	1897
272	1908
272	1914
272	1915
272	1935
272	1963
272	1964
275	293
275	296
275	298
275	313
275	315
275	319
275	321
275	353
275	363
275	367
275	372
275	374
275	382
275	385
275	386
275	387
275	398
275	403
275	453
275	466
275	473
275	479
275	483
275	494
275	508
275	526
275	541
275	564
275	570
275	574
275	588
275	597
275	600
275	611
275	645
275	646
275	652
275	653
275	662
275	667
275	673
275	683
275	691
275	702
275	709
275	713
275	721
275	733
275	736
275	746
275	751
275	769
275	772
275	809
275	842
275	966
275	1251
275	1282
275	1556
275	1774
275	1775
275	1780
275	1815
275	1826
275	1839
275	1856
275	1858
275	1897
275	1903
275	1908
275	1914
275	1915
275	1921
275	1954
275	1963
275	1964
293	296
293	298
293	313
293	315
293	319
293	321
293	325
293	351
293	353
293	363
293	367
293	372
293	374
293	382
293	385
293	386
293	387
293	398
293	403
293	466
293	473
293	479
293	483
293	494
293	499
293	508
293	525
293	526
293	564
293	570
293	574
293	588
293	597
293	600
293	611
293	645
293	646
293	652
293	653
293	662
293	667
293	673
293	683
293	691
293	709
293	713
293	721
293	725
293	733
293	736
293	739
293	746
293	751
293	769
293	772
293	783
293	784
293	792
293	848
293	1012
293	1094
293	1128
293	1377
293	1815
293	1826
293	1838
293	1839
293	1856
293	1858
293	1897
293	1903
293	1908
293	1914
293	1915
293	1921
293	1935
293	1954
293	1963
293	1964
296	298
296	315
296	319
296	321
296	351
296	353
296	363
296	367
296	372
296	374
296	385
296	386
296	387
296	398
296	403
296	453
296	456
296	466
296	473
296	479
296	483
296	494
296	499
296	508
296	525
296	526
296	541
296	564
296	570
296	574
296	588
296	597
296	600
296	611
296	645
296	646
296	652
296	653
296	662
296	667
296	673
296	683
296	691
296	702
296	709
296	713
296	721
296	725
296	733
296	736
296	739
296	746
296	751
296	753
296	769
296	772
296	783
296	784
296	792
296	1142
296	1282
296	1562
296	1815
296	1826
296	1838
296	1839
296	1858
296	1897
296	1908
296	1914
296	1921
296	1935
296	1954
296	1963
296	1964
298	315
298	319
298	321
298	325
298	351
298	353
298	363
298	367
298	372
298	374
298	382
298	385
298	386
298	387
298	398
298	403
298	453
298	456
298	466
298	473
298	479
298	483
298	494
298	499
298	508
298	541
298	564
298	570
298	588
298	597
298	600
298	611
298	645
298	646
298	652
298	653
298	662
298	667
298	683
298	691
298	702
298	709
298	721
298	725
298	733
298	736
298	739
298	746
298	751
298	753
298	769
298	772
298	783
298	784
298	792
298	842
298	1078
298	1386
298	1391
298	1495
298	1586
298	1703
298	1815
298	1826
298	1838
298	1839
298	1856
298	1858
298	1897
298	1903
298	1908
298	1914
298	1915
298	1921
298	1935
298	1954
298	1963
298	1964
313	315
313	319
313	321
313	325
313	351
313	353
313	367
313	372
313	374
313	382
313	385
313	386
313	387
313	398
313	403
313	453
313	456
313	466
313	473
313	479
313	483
313	494
313	499
313	508
313	525
313	526
313	541
313	570
313	574
313	588
313	597
313	600
313	611
313	645
313	646
313	652
313	653
313	662
313	667
313	673
313	683
313	691
313	702
313	709
313	713
313	721
313	725
313	733
313	736
313	739
313	751
313	753
313	769
313	783
313	784
313	792
313	804
313	809
313	812
313	813
313	1376
313	1386
313	1586
313	1637
313	1826
313	1839
313	1856
313	1858
313	1897
313	1903
313	1908
313	1914
313	1921
313	1935
313	1954
313	1963
313	1964
315	319
315	325
315	351
315	353
315	363
315	367
315	372
315	374
315	382
315	385
315	386
315	387
315	398
315	456
315	466
315	473
315	479
315	483
315	494
315	508
315	525
315	526
315	541
315	564
315	574
315	588
315	597
315	600
315	611
315	645
315	646
315	652
315	653
315	667
315	673
315	683
315	691
315	702
315	709
315	713
315	721
315	725
315	733
315	736
315	739
315	746
315	751
315	753
315	769
315	772
315	783
315	784
315	804
315	809
315	812
315	813
315	853
315	1151
315	1354
315	1389
315	1775
315	1826
315	1838
315	1856
315	1858
315	1897
315	1903
315	1908
315	1914
315	1915
315	1935
315	1954
315	1963
315	1964
319	325
319	351
319	353
319	363
319	367
319	372
319	374
319	382
319	385
319	387
319	403
319	453
319	456
319	466
319	473
319	479
319	483
319	494
319	508
319	525
319	526
319	541
319	564
319	570
319	588
319	597
319	600
319	611
319	646
319	652
319	653
319	662
319	667
319	673
319	683
319	691
319	702
319	709
319	721
319	725
319	733
319	736
319	739
319	751
319	753
319	769
319	772
319	783
319	784
319	792
319	804
319	809
319	812
319	918
319	1053
319	1246
319	1354
319	1385
319	1460
319	1826
319	1838
319	1839
319	1856
319	1858
319	1897
319	1903
319	1914
319	1915
319	1921
319	1963
319	1964
321	325
321	351
321	353
321	363
321	372
321	374
321	385
321	386
321	387
321	398
321	403
321	453
321	456
321	466
321	473
321	479
321	483
321	494
321	499
321	508
321	525
321	526
321	541
321	564
321	574
321	588
321	600
321	611
321	645
321	646
321	652
321	653
321	662
321	667
321	673
321	683
321	691
321	702
321	709
321	713
321	721
321	725
321	736
321	739
321	746
321	751
321	753
321	769
321	772
321	783
321	784
321	792
321	804
321	809
321	812
321	813
321	820
321	821
321	1562
321	1740
321	1774
321	1815
321	1838
321	1839
321	1897
321	1903
321	1908
321	1914
321	1915
321	1921
321	1935
321	1954
321	1963
321	1964
325	351
325	353
325	363
325	367
325	372
325	374
325	382
325	385
325	386
325	387
325	403
325	453
325	456
325	466
325	479
325	483
325	494
325	499
325	508
325	525
325	526
325	541
325	564
325	570
325	574
325	588
325	597
325	600
325	645
325	646
325	652
325	653
325	662
325	667
325	673
325	683
325	691
325	702
325	721
325	725
325	733
325	736
325	739
325	746
325	751
325	753
325	769
325	772
325	783
325	784
325	792
325	804
325	809
325	812
325	813
325	820
325	1349
325	1507
325	1562
325	1637
325	1686
325	1826
325	1838
325	1839
325	1856
325	1858
325	1897
325	1914
325	1921
325	1954
325	1963
351	353
351	363
351	367
351	372
351	374
351	382
351	385
351	386
351	387
351	398
351	403
351	453
351	456
351	466
351	473
351	479
351	483
351	494
351	499
351	508
351	525
351	526
351	541
351	570
351	574
351	588
351	597
351	600
351	611
351	645
351	646
351	652
351	653
351	662
351	667
351	673
351	683
351	691
351	702
351	709
351	713
351	721
351	725
351	736
351	739
351	751
351	753
351	769
351	772
351	784
351	792
351	804
351	809
351	812
351	813
351	820
351	821
351	842
351	848
351	1019
351	1078
351	1091
351	1163
351	1368
351	1460
351	1545
351	1719
351	1856
351	1858
351	1897
351	1903
351	1908
351	1914
351	1921
351	1935
351	1954
351	1963
351	1964
353	363
353	367
353	372
353	374
353	382
353	385
353	386
353	387
353	398
353	403
353	453
353	456
353	466
353	473
353	479
353	483
353	494
353	508
353	525
353	526
353	564
353	570
353	574
353	588
353	597
353	600
353	611
353	645
353	646
353	652
353	653
353	662
353	673
353	683
353	691
353	702
353	709
353	713
353	721
353	725
353	733
353	736
353	739
353	746
353	751
353	753
353	772
353	783
353	784
353	792
353	804
353	809
353	812
353	813
353	821
353	853
353	1279
353	1376
353	1379
353	1391
353	1856
353	1858
353	1897
353	1903
353	1908
353	1914
353	1921
353	1935
353	1954
353	1963
353	1964
363	367
363	372
363	374
363	382
363	386
363	387
363	398
363	403
363	453
363	456
363	466
363	473
363	479
363	483
363	494
363	499
363	508
363	525
363	526
363	541
363	570
363	574
363	588
363	597
363	600
363	611
363	645
363	646
363	652
363	653
363	662
363	667
363	673
363	683
363	691
363	702
363	709
363	713
363	721
363	725
363	733
363	736
363	746
363	753
363	769
363	772
363	783
363	784
363	792
363	804
363	809
363	812
363	813
363	820
363	821
363	842
363	848
363	853
363	979
363	1035
363	1088
363	1100
363	1526
363	1780
363	1897
363	1903
363	1908
363	1914
363	1915
363	1921
363	1935
363	1954
363	1963
363	1964
367	372
367	382
367	385
367	386
367	387
367	398
367	456
367	466
367	473
367	479
367	483
367	494
367	499
367	508
367	525
367	526
367	541
367	564
367	570
367	574
367	588
367	597
367	611
367	645
367	646
367	652
367	653
367	662
367	667
367	673
367	683
367	691
367	702
367	709
367	713
367	721
367	725
367	733
367	736
367	739
367	746
367	751
367	753
367	769
367	772
367	783
367	784
367	792
367	804
367	809
367	812
367	813
367	820
367	821
367	842
367	848
367	853
367	918
367	952
367	1019
367	1279
367	1379
367	1524
367	1738
367	1780
367	1897
367	1903
367	1908
367	1914
367	1915
367	1921
367	1935
367	1954
367	1963
367	1964
372	374
372	382
372	385
372	386
372	387
372	403
372	453
372	456
372	466
372	479
372	483
372	494
372	499
372	508
372	525
372	526
372	564
372	570
372	574
372	588
372	597
372	600
372	611
372	645
372	646
372	653
372	662
372	667
372	673
372	683
372	691
372	702
372	709
372	713
372	721
372	725
372	733
372	736
372	739
372	746
372	751
372	753
372	769
372	772
372	783
372	784
372	792
372	804
372	812
372	813
372	820
372	821
372	848
372	853
372	1012
372	1045
372	1132
372	1386
372	1526
372	1637
372	1897
372	1903
372	1908
372	1914
372	1921
372	1935
372	1954
372	1963
372	1964
374	385
374	386
374	387
374	398
374	403
374	453
374	456
374	466
374	473
374	479
374	483
374	494
374	499
374	508
374	525
374	526
374	541
374	564
374	570
374	574
374	588
374	597
374	600
374	611
374	645
374	646
374	653
374	662
374	667
374	673
374	691
374	702
374	709
374	713
374	721
374	725
374	733
374	746
374	751
374	753
374	769
374	772
374	783
374	784
374	792
374	804
374	809
374	812
374	813
374	820
374	821
374	848
374	853
374	1089
374	1142
374	1377
374	1495
374	1524
374	1526
374	1780
374	1897
374	1908
374	1914
374	1915
374	1921
374	1935
374	1954
374	1963
374	1964
382	385
382	386
382	387
382	398
382	403
382	453
382	456
382	466
382	479
382	483
382	494
382	499
382	508
382	525
382	526
382	541
382	570
382	574
382	588
382	597
382	600
382	611
382	645
382	646
382	652
382	653
382	662
382	667
382	683
382	691
382	709
382	713
382	721
382	733
382	736
382	739
382	746
382	751
382	753
382	769
382	772
382	784
382	792
382	804
382	809
382	812
382	813
382	820
382	821
382	842
382	853
382	876
382	944
382	1526
382	1668
382	1903
382	1908
382	1914
382	1915
382	1921
382	1935
382	1963
382	1964
385	386
385	387
385	398
385	403
385	453
385	456
385	466
385	473
385	479
385	494
385	508
385	526
385	564
385	570
385	574
385	588
385	597
385	600
385	611
385	645
385	646
385	652
385	653
385	662
385	667
385	673
385	683
385	691
385	702
385	709
385	713
385	721
385	725
385	733
385	739
385	746
385	753
385	769
385	772
385	783
385	784
385	792
385	809
385	812
385	813
385	820
385	821
385	842
385	848
385	853
385	876
385	883
385	1045
385	1246
385	1279
385	1306
385	1476
385	1524
385	1562
385	1774
385	1897
385	1903
385	1908
385	1914
385	1915
385	1921
385	1935
385	1954
385	1963
385	1964
387	398
387	403
387	453
387	456
387	466
387	473
387	479
387	483
387	494
387	499
387	508
387	525
387	526
387	541
387	564
387	570
387	574
387	588
387	597
387	600
387	611
387	645
387	646
387	652
387	653
387	662
387	667
387	673
387	683
387	691
387	702
387	709
387	713
387	721
387	725
387	733
387	736
387	739
387	746
387	751
387	753
387	769
387	772
387	784
387	792
387	804
387	809
387	812
387	813
387	820
387	821
387	842
387	848
387	853
387	876
387	1163
387	1311
387	1706
387	1839
387	1897
387	1903
387	1908
387	1915
387	1921
387	1935
387	1954
387	1963
387	1964
398	403
398	456
398	466
398	473
398	479
398	483
398	494
398	499
398	508
398	525
398	526
398	541
398	564
398	570
398	574
398	588
398	597
398	600
398	611
398	645
398	646
398	652
398	653
398	662
398	667
398	673
398	691
398	702
398	709
398	713
398	721
398	725
398	733
398	736
398	739
398	746
398	751
398	753
398	769
398	772
398	783
398	784
398	792
398	804
398	809
398	813
398	820
398	821
398	842
398	848
398	853
398	876
398	883
398	979
398	1258
398	1524
398	1908
398	1914
398	1915
398	1921
398	1935
398	1963
398	1964
403	453
403	456
403	466
403	473
403	479
403	483
403	494
403	499
403	508
403	525
403	526
403	541
403	564
403	570
403	574
403	588
403	597
403	600
403	645
403	646
403	652
403	653
403	662
403	667
403	673
403	683
403	691
403	702
403	709
403	713
403	721
403	725
403	733
403	739
403	746
403	751
403	753
403	769
403	772
403	783
403	784
403	792
403	804
403	809
403	812
403	813
403	820
403	821
403	842
403	848
403	853
403	876
403	883
403	1163
403	1288
403	1379
403	1385
403	1440
403	1703
403	1747
403	1903
403	1908
403	1914
403	1915
403	1921
403	1935
403	1954
403	1963
403	1964
453	456
453	479
453	483
453	494
453	499
453	508
453	525
453	526
453	541
453	564
453	570
453	574
453	588
453	597
453	600
453	611
453	645
453	646
453	652
453	653
453	667
453	673
453	683
453	691
453	709
453	713
453	721
453	725
453	733
453	736
453	739
453	746
453	753
453	769
453	772
453	783
453	784
453	792
453	804
453	809
453	812
453	813
453	820
453	821
453	842
453	853
453	876
453	883
453	904
453	918
453	944
453	949
453	952
453	1310
453	1372
453	1713
453	1747
453	1826
453	1954
453	1964
466	473
466	479
466	483
466	494
466	499
466	508
466	525
466	526
466	564
466	570
466	574
466	588
466	611
466	645
466	646
466	652
466	653
466	662
466	667
466	673
466	683
466	702
466	709
466	713
466	721
466	725
466	733
466	739
466	746
466	751
466	769
466	784
466	792
466	804
466	809
466	812
466	813
466	820
466	821
466	842
466	848
466	853
466	876
466	883
466	904
466	918
466	944
466	949
466	952
466	966
466	1306
466	1372
466	1377
466	1545
466	1668
473	479
473	483
473	494
473	499
473	508
473	525
473	526
473	541
473	570
473	574
473	588
473	597
473	600
473	611
473	645
473	646
473	652
473	662
473	667
473	673
473	683
473	702
473	709
473	713
473	721
473	725
473	733
473	736
473	739
473	746
473	751
473	753
473	769
473	772
473	783
473	784
473	792
473	804
473	812
473	813
473	820
473	821
473	853
473	876
473	883
473	904
473	949
473	966
473	1246
473	1637
473	1738
473	1826
479	483
479	494
479	499
479	508
479	525
479	526
479	541
479	564
479	570
479	574
479	588
479	597
479	600
479	645
479	646
479	652
479	653
479	667
479	673
479	683
479	691
479	702
479	709
479	713
479	725
479	733
479	739
479	746
479	751
479	753
479	769
479	772
479	783
479	792
479	809
479	812
479	813
479	820
479	821
479	842
479	848
479	853
479	876
479	883
479	904
479	918
479	944
479	952
479	966
479	979
479	1078
479	1311
479	1429
479	1495
479	1748
479	1897
483	494
483	508
483	525
483	526
483	564
483	570
483	574
483	588
483	597
483	600
483	611
483	645
483	646
483	652
483	653
483	662
483	673
483	683
483	691
483	702
483	709
483	713
483	721
483	725
483	733
483	736
483	739
483	746
483	751
483	753
483	772
483	783
483	784
483	792
483	804
483	809
483	812
483	813
483	821
483	848
483	853
483	876
483	883
483	904
483	918
483	944
483	949
483	979
483	1104
483	1368
483	1954
494	499
494	508
494	525
494	526
494	564
494	570
494	574
494	588
494	597
494	600
494	611
494	645
494	646
494	652
494	653
494	662
494	667
494	673
494	683
494	691
494	709
494	713
494	721
494	725
494	733
494	736
494	739
494	746
494	751
494	753
494	769
494	772
494	784
494	792
494	804
494	809
494	812
494	813
494	820
494	821
494	842
494	848
494	853
494	876
494	883
494	904
494	918
494	944
494	949
494	952
494	966
494	979
494	1035
494	1310
494	1372
494	1379
494	1524
494	1775
494	1839
494	1908
725	733
725	736
725	739
725	746
725	751
725	753
725	769
725	772
725	783
725	784
725	792
725	809
725	812
725	813
725	820
725	821
725	842
725	853
725	883
725	904
725	918
725	944
725	949
725	952
725	966
725	979
725	1012
725	1019
725	1030
725	1035
725	1078
725	1088
725	1089
725	1091
725	1094
725	1100
725	1128
725	1132
725	1138
725	1142
725	1146
725	1151
725	1159
725	1207
725	1258
725	1311
725	1397
725	1460
725	1964
1012	1019
1012	1030
1012	1035
1012	1045
1012	1053
1012	1078
1012	1088
1012	1089
1012	1091
1012	1094
1012	1100
1012	1104
1012	1128
1012	1132
1012	1138
1012	1142
1012	1146
1012	1159
1012	1163
1012	1207
1012	1246
1012	1251
1012	1258
1012	1279
1012	1288
1012	1292
1012	1306
1012	1310
1012	1311
1012	1354
1012	1368
1012	1376
1012	1377
1012	1379
1012	1385
1012	1386
1012	1389
1012	1391
1012	1397
1012	1429
1012	1440
1012	1460
1012	1476
1012	1495
1012	1668
1012	1780
1045	1053
1045	1078
1045	1088
1045	1089
1045	1091
1045	1094
1045	1100
1045	1128
1045	1132
1045	1138
1045	1142
1045	1146
1045	1159
1045	1163
1045	1207
1045	1246
1045	1251
1045	1282
1045	1283
1045	1288
1045	1306
1045	1310
1045	1311
1045	1349
1045	1354
1045	1368
1045	1372
1045	1376
1045	1377
1045	1379
1045	1385
1045	1386
1045	1391
1045	1397
1045	1429
1045	1460
1045	1476
1045	1495
1045	1507
1045	1524
1045	1526
1045	1545
1045	1775
1045	1914
1163	1207
1163	1251
1163	1258
1163	1279
1163	1282
1163	1283
1163	1288
1163	1292
1163	1306
1163	1310
1163	1311
1163	1349
1163	1354
1163	1368
1163	1372
1163	1377
1163	1379
1163	1385
1163	1386
1163	1391
1163	1397
1163	1429
1163	1440
1163	1460
1163	1476
1163	1495
1163	1507
1163	1524
1163	1526
1163	1545
1163	1556
1163	1562
1163	1586
1163	1637
1163	1914
1507	1524
1507	1545
1507	1556
1507	1562
1507	1586
1507	1637
1507	1668
1507	1703
1507	1706
1507	1713
1507	1714
1507	1740
1507	1744
1507	1747
1507	1748
1507	1774
1507	1775
1507	1780
1507	1815
1507	1826
1507	1838
1507	1839
1507	1858
1507	1897
1507	1903
1507	1908
1507	1914
1507	1915
1507	1921
1507	1935
1507	1954
1507	1964
1524	1526
1524	1545
1524	1556
1524	1562
1524	1586
1524	1637
1524	1668
1524	1703
1524	1706
1524	1713
1524	1714
1524	1719
1524	1738
1524	1740
1524	1744
1524	1748
1524	1774
1524	1775
1524	1780
1524	1815
1524	1826
1524	1838
1524	1839
1524	1856
1524	1858
1524	1897
1524	1908
1524	1914
1524	1915
1524	1921
1524	1935
1524	1954
1524	1963
1524	1964
1526	1545
1526	1562
1526	1586
1526	1637
1526	1668
1526	1686
1526	1703
1526	1706
1526	1713
1526	1714
1526	1719
1526	1738
1526	1740
1526	1744
1526	1747
1526	1748
1526	1774
1526	1775
1526	1815
1526	1826
1526	1838
1526	1839
1526	1856
1526	1858
1526	1897
1526	1903
1526	1908
1526	1914
1526	1915
1526	1921
1526	1935
1526	1954
1526	1963
1526	1964
1545	1556
1545	1562
1545	1586
1545	1637
1545	1668
1545	1686
1545	1703
1545	1706
1545	1713
1545	1714
1545	1719
1545	1738
1545	1740
1545	1744
1545	1774
1545	1775
1545	1780
1545	1815
1545	1826
1545	1838
1545	1839
1545	1856
1545	1858
1545	1897
1545	1903
1545	1908
1545	1914
1545	1915
1545	1921
1545	1935
1545	1954
1545	1963
1545	1964
1556	1562
1556	1586
1556	1637
1556	1668
1556	1686
1556	1706
1556	1713
1556	1714
1556	1719
1556	1738
1556	1740
1556	1744
1556	1747
1556	1748
1556	1774
1556	1775
1556	1815
1556	1826
1556	1839
1556	1856
1556	1858
1556	1903
1556	1908
1556	1914
1556	1915
1556	1921
1556	1935
1556	1954
1556	1963
1556	1964
1562	1586
1562	1637
1562	1668
1562	1686
1562	1703
1562	1706
1562	1713
1562	1714
1562	1719
1562	1738
1562	1740
1562	1744
1562	1747
1562	1748
1562	1774
1562	1775
1562	1780
1562	1815
1562	1826
1562	1838
1562	1839
1562	1856
1562	1858
1562	1897
1562	1903
1562	1908
1562	1914
1562	1915
1562	1921
1562	1935
1562	1954
1562	1963
1586	1637
1586	1668
1586	1686
1586	1703
1586	1706
1586	1713
1586	1714
1586	1719
1586	1738
1586	1740
1586	1744
1586	1747
1586	1748
1586	1774
1586	1775
1586	1780
1586	1815
1586	1826
1586	1838
1586	1839
1586	1856
1586	1903
1586	1908
1586	1914
1586	1915
1586	1921
1586	1935
1586	1954
1586	1964
1637	1668
1637	1686
1637	1714
1637	1719
1637	1740
1637	1744
1637	1747
1637	1748
1637	1775
1637	1780
1637	1815
1637	1826
1637	1838
1637	1839
1637	1856
1637	1858
1637	1897
1637	1903
1637	1908
1637	1914
1637	1915
1637	1921
1637	1935
1637	1954
1637	1963
1668	1703
1668	1706
1668	1713
1668	1714
1668	1719
1668	1738
1668	1740
1668	1744
1668	1747
1668	1748
1668	1774
1668	1775
1668	1780
1668	1815
1668	1826
1668	1838
1668	1839
1668	1856
1668	1858
1668	1897
1668	1903
1668	1908
1668	1914
1668	1915
1668	1921
1668	1935
1668	1963
1668	1964
1686	1703
1686	1706
1686	1713
1686	1714
1686	1719
1686	1738
1686	1740
1686	1744
1686	1780
1686	1815
1686	1826
1686	1838
1686	1839
1686	1856
1686	1858
1686	1903
1686	1908
1686	1914
1686	1915
1686	1921
1686	1935
1686	1954
1686	1963
1686	1964
1703	1706
1703	1713
1703	1714
1703	1719
1703	1738
1703	1740
1703	1744
1703	1747
1703	1774
1703	1775
1703	1780
1703	1815
1703	1826
1703	1838
1703	1839
1703	1856
1703	1858
1703	1897
1703	1903
1703	1908
1703	1914
1703	1915
1703	1921
1703	1935
1703	1954
1703	1963
1703	1964
1706	1713
1706	1714
1706	1719
1706	1738
1706	1740
1706	1747
1706	1748
1706	1774
1706	1775
1706	1780
1706	1815
1706	1826
1706	1838
1706	1839
1706	1856
1706	1858
1706	1897
1706	1903
1706	1914
1706	1915
1706	1921
1706	1935
1706	1954
1706	1963
1706	1964
1713	1714
1713	1719
1713	1738
1713	1740
1713	1747
1713	1748
1713	1774
1713	1775
1713	1780
1713	1815
1713	1826
1713	1838
1713	1839
1713	1856
1713	1858
1713	1897
1713	1903
1713	1908
1713	1914
1713	1915
1713	1921
1713	1935
1713	1954
1713	1964
1714	1719
1714	1738
1714	1744
1714	1747
1714	1748
1714	1774
1714	1775
1714	1780
1714	1815
1714	1826
1714	1838
1714	1839
1714	1856
1714	1858
1714	1897
1714	1903
1714	1914
1714	1915
1714	1921
1714	1935
1714	1954
1714	1963
1714	1964
1719	1738
1719	1740
1719	1744
1719	1747
1719	1748
1719	1774
1719	1775
1719	1780
1719	1815
1719	1826
1719	1838
1719	1839
1719	1856
1719	1858
1719	1903
1719	1908
1719	1914
1719	1915
1719	1935
1719	1954
1719	1963
1719	1964
1738	1740
1738	1744
1738	1747
1738	1774
1738	1775
1738	1780
1738	1826
1738	1838
1738	1839
1738	1856
1738	1858
1738	1897
1738	1908
1738	1915
1738	1935
1738	1954
1738	1963
1738	1964
1740	1744
1740	1747
1740	1748
1740	1774
1740	1775
1740	1780
1740	1815
1740	1826
1740	1838
1740	1839
1740	1858
1740	1897
1740	1903
1740	1908
1740	1914
1740	1915
1740	1921
1740	1935
1740	1954
1740	1964
1744	1747
1744	1748
1744	1774
1744	1775
1744	1780
1744	1815
1744	1826
1744	1838
1744	1839
1744	1856
1744	1858
1744	1897
1744	1903
1744	1908
1744	1914
1744	1915
1744	1921
1744	1935
1744	1954
1744	1963
1744	1964
1747	1748
1747	1774
1747	1775
1747	1780
1747	1815
1747	1826
1747	1838
1747	1839
1747	1858
1747	1897
1747	1903
1747	1908
1747	1915
1747	1921
1747	1935
1747	1954
1747	1963
1747	1964
1748	1774
1748	1775
1748	1780
1748	1826
1748	1838
1748	1839
1748	1856
1748	1897
1748	1903
1748	1908
1748	1914
1748	1915
1748	1921
1748	1935
1748	1954
1748	1963
1748	1964
1774	1775
1774	1780
1774	1815
1774	1826
1774	1838
1774	1839
1774	1856
1774	1858
1774	1897
1774	1903
1774	1914
1774	1915
1774	1921
1774	1954
1774	1963
1774	1964
1775	1780
1775	1815
1775	1826
1775	1838
1775	1839
1775	1856
1775	1858
1775	1897
1775	1903
1775	1908
1775	1914
1775	1915
1775	1921
1775	1935
1775	1954
1775	1963
1775	1964
1780	1815
1780	1826
1780	1838
1780	1856
1780	1858
1780	1897
1780	1903
1780	1908
1780	1914
1780	1915
1780	1921
1780	1935
1780	1954
1780	1964
1815	1826
1815	1838
1815	1839
1815	1858
1815	1897
1815	1903
1815	1914
1815	1915
1815	1921
1815	1935
1815	1954
1815	1963
1826	1838
1826	1839
1826	1858
1826	1897
1826	1903
1826	1908
1826	1914
1826	1915
1826	1921
1826	1935
1826	1954
1826	1963
1826	1964
1838	1839
1838	1856
1838	1858
1838	1897
1838	1908
1838	1914
1838	1915
1838	1921
1838	1935
1838	1954
1838	1963
1838	1964
1839	1856
1839	1858
1839	1897
1839	1903
1839	1908
1839	1914
1839	1915
1839	1921
1839	1935
1839	1954
1839	1963
1839	1964
1856	1858
1856	1897
1856	1908
1856	1914
1856	1915
1856	1921
1856	1935
1856	1954
1856	1963
1856	1964
1858	1903
1858	1908
1858	1914
1858	1915
1858	1921
1858	1935
1858	1954
1858	1964
1897	1903
1897	1908
1897	1914
1897	1915
1897	1921
1897	1935
1897	1954
1897	1963
1897	1964
1903	1908
1903	1914
1903	1915
1903	1921
1903	1954
1903	1963
1903	1964
1908	1915
1908	1921
1908	1935
1908	1954
1908	1963
1908	1964
1914	1915
1914	1921
1914	1935
1914	1954
1914	1963
1914	1964
1921	1935
1921	1954
1921	1964
1935	1954
1935	1963
1935	1964
1954	1963
1954	1964
1963	1964
40	49
40	51
40	54
40	59
40	77
40	88
40	90
40	98
40	103
40	144
40	155
40	170
40	171
40	172
40	194
40	202
40	207
40	263
40	264
40	270
40	272
40	293
40	296
40	298
40	313
40	315
40	319
40	321
40	325
40	353
40	363
40	367
40	372
40	374
40	382
40	385
40	386
40	387
40	398
40	403
40	453
40	456
40	466
40	473
40	479
40	483
40	494
40	499
40	508
40	525
40	526
40	1545
40	1556
40	1562
40	1586
40	1637
40	1668
40	1686
40	1703
40	1706
40	1713
40	1714
40	1719
40	1740
40	1744
40	1747
40	1748
40	1774
40	1775
40	1815
40	1826
40	1838
40	1839
40	1856
40	1858
40	1897
40	1903
40	1908
40	1914
40	1915
40	1921
40	1954
40	1963
40	1964
54	77
54	88
54	98
54	103
54	111
54	144
54	155
54	170
54	171
54	172
54	194
54	202
54	207
54	240
54	242
54	263
54	270
54	272
54	275
54	293
54	296
54	298
54	313
54	315
54	319
54	321
54	325
54	351
54	353
54	363
54	367
54	372
54	374
54	382
54	385
54	386
54	387
54	398
54	453
54	456
54	466
54	473
54	479
54	483
54	494
54	499
54	508
54	525
54	526
54	541
54	597
54	652
54	736
54	753
54	783
54	876
54	1094
54	1104
54	1159
54	1526
54	1556
54	1562
54	1586
54	1637
54	1668
54	1686
54	1703
54	1706
54	1713
54	1714
54	1719
54	1738
54	1740
54	1744
54	1747
54	1774
54	1775
54	1780
54	1815
54	1826
54	1838
54	1839
54	1856
54	1858
54	1897
54	1903
54	1914
54	1915
54	1921
54	1935
54	1954
54	1963
54	1964
155	170
155	171
155	172
155	194
155	202
155	240
155	242
155	263
155	264
155	270
155	272
155	275
155	293
155	296
155	298
155	313
155	315
155	319
155	321
155	325
155	351
155	353
155	363
155	367
155	372
155	374
155	382
155	385
155	386
155	387
155	398
155	453
155	456
155	473
155	483
155	494
155	499
155	508
155	525
155	526
155	541
155	564
155	570
155	574
155	588
155	597
155	600
155	611
155	645
155	646
155	652
155	725
155	842
155	848
155	1078
155	1368
155	1376
155	1637
155	1668
155	1686
155	1703
155	1706
155	1713
155	1714
155	1719
155	1738
155	1744
155	1747
155	1748
155	1774
155	1775
155	1780
155	1815
155	1826
155	1838
155	1839
155	1856
155	1858
155	1897
155	1903
155	1908
155	1914
155	1915
155	1921
155	1935
155	1954
155	1964
386	387
386	398
386	403
386	453
386	473
386	479
386	494
386	499
386	508
386	526
386	541
386	564
386	570
386	574
386	588
386	597
386	600
386	611
386	646
386	652
386	653
386	662
386	667
386	673
386	683
386	691
386	702
386	713
386	721
386	725
386	733
386	736
386	739
386	746
386	753
386	769
386	772
386	783
386	784
386	792
386	804
386	809
386	812
386	813
386	820
386	821
386	848
386	853
386	876
386	883
386	1163
386	1258
386	1379
386	1740
386	1897
386	1903
386	1908
386	1914
386	1915
386	1921
386	1935
386	1954
386	1963
386	1964
456	466
456	473
456	479
456	483
456	494
456	499
456	508
456	525
456	526
456	541
456	564
456	570
456	574
456	588
456	597
456	600
456	611
456	645
456	646
456	653
456	662
456	667
456	673
456	691
456	709
456	713
456	721
456	725
456	733
456	736
456	739
456	746
456	753
456	769
456	783
456	784
456	792
456	804
456	809
456	812
456	820
456	821
456	842
456	848
456	853
456	876
456	883
456	904
456	918
456	944
456	952
456	1078
456	1368
456	1963
456	1964
499	508
499	525
499	526
499	541
499	564
499	570
499	574
499	588
499	597
499	600
499	611
499	645
499	646
499	652
499	653
499	662
499	667
499	673
499	683
499	691
499	702
499	709
499	713
499	721
499	725
499	733
499	736
499	739
499	751
499	753
499	769
499	772
499	784
499	792
499	809
499	812
499	813
499	820
499	821
499	842
499	848
499	853
499	876
499	883
499	904
499	918
499	944
499	949
499	952
499	966
499	979
499	1100
499	1163
499	1668
499	1706
499	1780
499	1839
499	1914
662	667
662	683
662	702
662	709
662	713
662	721
662	725
662	733
662	739
662	746
662	751
662	753
662	769
662	772
662	783
662	784
662	792
662	804
662	809
662	812
662	813
662	820
662	821
662	848
662	853
662	876
662	904
662	918
662	944
662	949
662	952
662	966
662	979
662	1012
662	1019
662	1030
662	1035
662	1045
662	1053
662	1078
662	1088
662	1089
662	1091
662	1094
662	1100
662	1104
662	1128
662	1132
662	1138
662	1142
662	1146
662	1151
662	1159
662	1385
662	1713
662	1826
853	876
853	904
853	918
853	944
853	949
853	952
853	966
853	979
853	1012
853	1019
853	1030
853	1035
853	1045
853	1053
853	1088
853	1089
853	1091
853	1094
853	1100
853	1104
853	1128
853	1132
853	1138
853	1142
853	1146
853	1151
853	1159
853	1163
853	1207
853	1246
853	1251
853	1258
853	1279
853	1282
853	1283
853	1288
853	1292
853	1306
853	1310
853	1311
853	1897
853	1914
853	1921
904	918
904	944
904	949
904	952
904	966
904	979
904	1012
904	1019
904	1030
904	1035
904	1045
904	1078
904	1088
904	1089
904	1091
904	1100
904	1128
904	1138
904	1146
904	1151
904	1159
904	1163
904	1207
904	1246
904	1251
904	1258
904	1279
904	1282
904	1283
904	1288
904	1292
904	1306
904	1310
904	1311
904	1349
904	1354
904	1368
904	1372
904	1376
904	1377
904	1385
904	1386
904	1389
904	1391
904	1460
904	1495
904	1921
979	1012
979	1019
979	1030
979	1045
979	1053
979	1078
979	1088
979	1089
979	1091
979	1094
979	1104
979	1128
979	1132
979	1138
979	1142
979	1146
979	1151
979	1159
979	1163
979	1207
979	1246
979	1258
979	1279
979	1282
979	1283
979	1288
979	1292
979	1306
979	1310
979	1311
979	1349
979	1354
979	1368
979	1372
979	1376
979	1377
979	1379
979	1385
979	1386
979	1389
979	1391
979	1429
979	1440
979	1460
979	1476
979	1637
979	1686
979	1713
979	1815
979	1826
1089	1091
1089	1094
1089	1100
1089	1104
1089	1128
1089	1132
1089	1138
1089	1142
1089	1146
1089	1151
1089	1159
1089	1163
1089	1207
1089	1246
1089	1251
1089	1258
1089	1279
1089	1282
1089	1283
1089	1288
1089	1292
1089	1306
1089	1310
1089	1311
1089	1349
1089	1354
1089	1368
1089	1372
1089	1376
1089	1377
1089	1379
1089	1385
1089	1386
1089	1389
1089	1391
1089	1397
1089	1429
1089	1440
1089	1460
1089	1476
1089	1495
1089	1507
1089	1524
1089	1526
1089	1545
1089	1556
1089	1562
1089	1586
1146	1151
1146	1159
1146	1163
1146	1207
1146	1251
1146	1258
1146	1279
1146	1282
1146	1283
1146	1288
1146	1292
1146	1310
1146	1311
1146	1349
1146	1354
1146	1368
1146	1372
1146	1376
1146	1377
1146	1379
1146	1385
1146	1389
1146	1391
1146	1397
1146	1440
1146	1460
1146	1476
1146	1495
1146	1524
1146	1526
1146	1545
1146	1556
1146	1562
1146	1637
1146	1668
1146	1747
1915	1921
1915	1935
1915	1954
1915	1963
1915	1964
564	570
564	574
564	588
564	597
564	600
564	611
564	645
564	646
564	652
564	653
564	662
564	667
564	673
564	683
564	702
564	709
564	713
564	725
564	733
564	736
564	739
564	746
564	751
564	753
564	769
564	772
564	784
564	792
564	804
564	809
564	812
564	813
564	820
564	821
564	842
564	848
564	853
564	876
564	883
564	904
564	918
564	952
564	966
564	1012
564	1019
564	1030
564	1035
564	1045
564	1053
564	1283
564	1815
564	1908
564	1914
564	1964
1288	1292
1288	1306
1288	1310
1288	1311
1288	1349
1288	1354
1288	1368
1288	1372
1288	1376
1288	1377
1288	1379
1288	1385
1288	1386
1288	1389
1288	1391
1288	1429
1288	1440
1288	1460
1288	1476
1288	1507
1288	1524
1288	1526
1288	1545
1288	1556
1288	1562
1288	1586
1288	1637
1288	1668
1288	1703
1288	1713
1288	1714
1288	1719
1288	1738
1288	1740
1288	1744
1288	1747
1288	1748
1288	1774
1288	1775
1288	1780
1288	1858
1288	1935
588	597
588	600
588	645
588	646
588	652
588	653
588	662
588	667
588	673
588	683
588	691
588	702
588	709
588	713
588	721
588	725
588	733
588	736
588	739
588	746
588	751
588	753
588	769
588	772
588	783
588	784
588	804
588	809
588	812
588	813
588	820
588	821
588	842
588	848
588	853
588	876
588	883
588	904
588	918
588	944
588	949
588	952
588	966
588	979
588	1012
588	1019
588	1030
588	1035
588	1045
588	1053
588	1078
588	1088
588	1094
588	1310
588	1440
588	1703
588	1747
769	772
769	783
769	784
769	792
769	804
769	809
769	812
769	813
769	820
769	821
769	842
769	848
769	853
769	876
769	883
769	904
769	918
769	944
769	949
769	952
769	966
769	1012
769	1019
769	1030
769	1035
769	1045
769	1053
769	1078
769	1088
769	1089
769	1091
769	1094
769	1100
769	1104
769	1128
769	1132
769	1138
769	1142
769	1146
769	1151
769	1159
769	1163
769	1207
769	1246
769	1251
769	1258
769	1377
769	1460
769	1706
769	1744
769	1856
769	1858
769	1914
772	783
772	784
772	792
772	809
772	813
772	820
772	821
772	842
772	848
772	853
772	876
772	883
772	904
772	918
772	944
772	949
772	952
772	966
772	979
772	1012
772	1019
772	1030
772	1035
772	1045
772	1053
772	1088
772	1089
772	1091
772	1094
772	1100
772	1104
772	1128
772	1132
772	1138
772	1142
772	1151
772	1159
772	1163
772	1207
772	1246
772	1251
772	1258
772	1349
772	1775
784	792
784	804
784	809
784	812
784	820
784	821
784	842
784	848
784	853
784	876
784	883
784	904
784	918
784	944
784	949
784	952
784	966
784	979
784	1012
784	1019
784	1030
784	1035
784	1045
784	1053
784	1078
784	1088
784	1089
784	1091
784	1094
784	1100
784	1104
784	1128
784	1132
784	1138
784	1142
784	1146
784	1151
784	1163
784	1207
784	1246
784	1251
784	1258
784	1279
784	1282
784	1283
966	1012
966	1019
966	1030
966	1045
966	1053
966	1078
966	1088
966	1091
966	1094
966	1100
966	1104
966	1128
966	1132
966	1138
966	1142
966	1159
966	1163
966	1207
966	1246
966	1251
966	1258
966	1279
966	1282
966	1283
966	1288
966	1292
966	1306
966	1311
966	1349
966	1354
966	1368
966	1372
966	1376
966	1377
966	1379
966	1385
966	1386
966	1389
966	1391
966	1397
966	1429
966	1440
966	1460
966	1562
966	1908
966	1921
1372	1376
1372	1377
1372	1379
1372	1385
1372	1386
1372	1389
1372	1391
1372	1397
1372	1429
1372	1440
1372	1460
1372	1476
1372	1495
1372	1507
1372	1524
1372	1526
1372	1545
1372	1556
1372	1562
1372	1637
1372	1686
1372	1706
1372	1713
1372	1714
1372	1719
1372	1738
1372	1740
1372	1744
1372	1747
1372	1748
1372	1774
1372	1775
1372	1780
1372	1815
1372	1826
1372	1838
1372	1839
1372	1856
1372	1858
1397	1429
1397	1440
1397	1460
1397	1476
1397	1524
1397	1526
1397	1545
1397	1556
1397	1562
1397	1637
1397	1668
1397	1686
1397	1703
1397	1706
1397	1714
1397	1719
1397	1738
1397	1740
1397	1744
1397	1747
1397	1748
1397	1774
1397	1780
1397	1815
1397	1826
1397	1838
1397	1839
1397	1856
1397	1858
1397	1897
597	600
597	611
597	645
597	646
597	652
597	653
597	662
597	667
597	673
597	683
597	691
597	702
597	709
597	713
597	721
597	725
597	733
597	736
597	739
597	751
597	753
597	769
597	772
597	783
597	784
597	792
597	804
597	809
597	812
597	813
597	820
597	821
597	848
597	853
597	876
597	883
597	904
597	918
597	944
597	949
597	952
597	966
597	979
597	1012
597	1019
597	1030
597	1035
597	1045
597	1053
597	1078
597	1088
597	1089
597	1091
597	1094
597	1354
597	1774
611	645
611	646
611	652
611	653
611	662
611	667
611	673
611	683
611	691
611	702
611	709
611	713
611	721
611	725
611	733
611	736
611	739
611	746
611	751
611	753
611	769
611	772
611	783
611	784
611	792
611	804
611	812
611	813
611	820
611	821
611	842
611	848
611	853
611	876
611	883
611	904
611	918
611	952
611	966
611	1012
611	1019
611	1035
611	1045
611	1053
611	1078
611	1088
611	1091
611	1094
611	1104
611	1132
611	1146
611	1349
611	1826
611	1903
683	691
683	702
683	709
683	713
683	721
683	725
683	733
683	736
683	739
683	751
683	753
683	769
683	772
683	783
683	784
683	792
683	804
683	809
683	812
683	813
683	820
683	821
683	842
683	848
683	853
683	876
683	883
683	904
683	918
683	949
683	952
683	966
683	979
683	1012
683	1019
683	1030
683	1035
683	1045
683	1053
683	1078
683	1088
683	1091
683	1094
683	1100
683	1104
683	1128
683	1132
683	1138
683	1142
683	1146
683	1151
683	1159
683	1163
683	1288
683	1292
683	1349
683	1545
683	1586
683	1826
883	904
883	918
883	944
883	949
883	952
883	966
883	979
883	1012
883	1019
883	1030
883	1035
883	1053
883	1088
883	1089
883	1091
883	1094
883	1104
883	1128
883	1132
883	1142
883	1146
883	1151
883	1159
883	1163
883	1207
883	1246
883	1251
883	1258
883	1279
883	1282
883	1288
883	1292
883	1306
883	1310
883	1311
883	1349
883	1368
883	1372
883	1376
883	1377
883	1379
883	1495
883	1748
883	1921
918	944
918	949
918	952
918	966
918	979
918	1012
918	1019
918	1030
918	1035
918	1053
918	1078
918	1088
918	1089
918	1091
918	1094
918	1100
918	1104
918	1128
918	1132
918	1138
918	1142
918	1151
918	1159
918	1163
918	1207
918	1246
918	1251
918	1258
918	1282
918	1283
918	1288
918	1292
918	1306
918	1310
918	1311
918	1349
918	1354
918	1368
918	1372
918	1376
918	1377
918	1379
918	1385
918	1386
918	1389
918	1391
918	1397
918	1719
918	1856
918	1897
1159	1163
1159	1207
1159	1246
1159	1251
1159	1258
1159	1279
1159	1282
1159	1283
1159	1288
1159	1306
1159	1310
1159	1349
1159	1354
1159	1368
1159	1372
1159	1376
1159	1377
1159	1379
1159	1385
1159	1386
1159	1389
1159	1391
1159	1397
1159	1429
1159	1440
1159	1460
1159	1476
1159	1495
1159	1507
1159	1524
1159	1526
1159	1545
1159	1556
1159	1562
1159	1586
1159	1686
1159	1915
1142	1146
1142	1151
1142	1159
1142	1163
1142	1207
1142	1246
1142	1251
1142	1258
1142	1279
1142	1282
1142	1283
1142	1288
1142	1292
1142	1306
1142	1310
1142	1311
1142	1349
1142	1368
1142	1372
1142	1376
1142	1377
1142	1379
1142	1385
1142	1386
1142	1389
1142	1391
1142	1397
1142	1429
1142	1440
1142	1460
1142	1476
1142	1495
1142	1507
1142	1524
1142	1526
1142	1545
1142	1556
1142	1562
1142	1586
1142	1637
1142	1838
1495	1507
1495	1524
1495	1526
1495	1545
1495	1562
1495	1586
1495	1637
1495	1668
1495	1686
1495	1706
1495	1713
1495	1714
1495	1719
1495	1738
1495	1740
1495	1744
1495	1747
1495	1748
1495	1774
1495	1775
1495	1780
1495	1815
1495	1826
1495	1838
1495	1858
1495	1897
1495	1903
1495	1908
1495	1914
1495	1915
1495	1935
1495	1954
1495	1963
1495	1964
653	662
653	667
653	673
653	691
653	702
653	709
653	713
653	721
653	725
653	733
653	736
653	739
653	746
653	751
653	753
653	769
653	772
653	783
653	784
653	792
653	804
653	809
653	812
653	813
653	820
653	821
653	842
653	848
653	853
653	876
653	883
653	904
653	918
653	949
653	966
653	979
653	1012
653	1019
653	1030
653	1035
653	1045
653	1053
653	1078
653	1088
653	1089
653	1091
653	1094
653	1104
653	1128
653	1132
653	1138
653	1142
653	1146
653	1354
653	1389
653	1774
653	1775
653	1815
736	739
736	746
736	751
736	753
736	769
736	772
736	783
736	784
736	792
736	804
736	809
736	812
736	813
736	820
736	821
736	842
736	848
736	853
736	876
736	883
736	904
736	944
736	949
736	952
736	966
736	979
736	1012
736	1019
736	1030
736	1053
736	1078
736	1088
736	1089
736	1094
736	1100
736	1104
736	1128
736	1132
736	1138
736	1142
736	1146
736	1151
736	1159
736	1163
736	1207
736	1292
736	1389
736	1903
1030	1035
1030	1045
1030	1053
1030	1078
1030	1088
1030	1089
1030	1091
1030	1094
1030	1100
1030	1104
1030	1128
1030	1132
1030	1138
1030	1142
1030	1146
1030	1151
1030	1159
1030	1163
1030	1207
1030	1246
1030	1251
1030	1258
1030	1279
1030	1282
1030	1283
1030	1288
1030	1292
1030	1306
1030	1310
1030	1311
1030	1349
1030	1354
1030	1368
1030	1372
1030	1376
1030	1377
1030	1385
1030	1386
1030	1389
1030	1391
1030	1397
1030	1429
1030	1440
1030	1460
1030	1495
1030	1507
1030	1524
1030	1526
1030	1714
1132	1138
1132	1142
1132	1151
1132	1159
1132	1163
1132	1207
1132	1246
1132	1251
1132	1258
1132	1279
1132	1282
1132	1283
1132	1288
1132	1292
1132	1306
1132	1311
1132	1349
1132	1354
1132	1368
1132	1372
1132	1377
1132	1379
1132	1385
1132	1386
1132	1389
1132	1397
1132	1429
1132	1440
1132	1460
1132	1476
1132	1495
1132	1524
1132	1526
1132	1545
1132	1556
1132	1562
1132	1586
1132	1719
1132	1856
1132	1908
1132	1921
739	746
739	751
739	753
739	769
739	772
739	783
739	784
739	792
739	809
739	812
739	813
739	820
739	821
739	842
739	848
739	876
739	883
739	918
739	944
739	949
739	966
739	979
739	1012
739	1019
739	1030
739	1035
739	1045
739	1053
739	1078
739	1088
739	1089
739	1091
739	1094
739	1100
739	1104
739	1128
739	1132
739	1138
739	1142
739	1146
739	1151
739	1159
739	1163
739	1377
792	804
792	809
792	812
792	813
792	820
792	821
792	848
792	853
792	876
792	883
792	904
792	944
792	949
792	952
792	966
792	979
792	1012
792	1030
792	1035
792	1045
792	1053
792	1078
792	1088
792	1089
792	1091
792	1094
792	1100
792	1104
792	1128
792	1132
792	1138
792	1142
792	1146
792	1151
792	1159
792	1163
792	1207
792	1246
792	1251
792	1258
792	1282
792	1288
792	1292
792	1775
952	966
952	979
952	1012
952	1019
952	1030
952	1035
952	1053
952	1078
952	1088
952	1089
952	1091
952	1094
952	1100
952	1104
952	1128
952	1132
952	1138
952	1142
952	1146
952	1151
952	1159
952	1163
952	1207
952	1251
952	1258
952	1279
952	1282
952	1283
952	1288
952	1292
952	1306
952	1310
952	1311
952	1354
952	1368
952	1372
952	1376
952	1379
952	1385
952	1386
952	1389
952	1391
952	1429
952	1507
574	588
574	597
574	600
574	611
574	645
574	646
574	652
574	662
574	667
574	673
574	683
574	702
574	709
574	713
574	721
574	725
574	736
574	739
574	746
574	751
574	753
574	769
574	772
574	783
574	792
574	804
574	809
574	812
574	813
574	820
574	821
574	848
574	853
574	876
574	883
574	904
574	918
574	944
574	949
574	952
574	966
574	979
574	1012
574	1019
574	1030
574	1035
574	1045
574	1053
574	1207
574	1279
574	1349
574	1389
574	1495
574	1524
652	653
652	662
652	667
652	673
652	683
652	691
652	702
652	709
652	713
652	721
652	725
652	733
652	736
652	739
652	746
652	751
652	769
652	772
652	783
652	784
652	792
652	804
652	809
652	812
652	813
652	820
652	821
652	848
652	853
652	876
652	883
652	904
652	918
652	944
652	949
652	952
652	966
652	979
652	1012
652	1019
652	1030
652	1035
652	1045
652	1053
652	1078
652	1088
652	1089
652	1091
652	1128
652	1132
652	1142
652	1146
652	1159
652	1440
652	1637
652	1706
652	1780
652	1858
667	673
667	683
667	691
667	709
667	713
667	721
667	725
667	733
667	736
667	739
667	746
667	769
667	772
667	784
667	804
667	812
667	820
667	821
667	842
667	848
667	853
667	876
667	883
667	904
667	918
667	944
667	949
667	952
667	966
667	979
667	1012
667	1019
667	1030
667	1035
667	1053
667	1078
667	1088
667	1089
667	1091
667	1094
667	1100
667	1104
667	1128
667	1132
667	1138
667	1142
667	1146
667	1151
667	1159
667	1163
949	952
949	966
949	979
949	1012
949	1030
949	1035
949	1045
949	1053
949	1089
949	1091
949	1100
949	1104
949	1128
949	1132
949	1138
949	1146
949	1151
949	1159
949	1163
949	1207
949	1246
949	1251
949	1258
949	1279
949	1282
949	1283
949	1288
949	1292
949	1306
949	1310
949	1311
949	1349
949	1354
949	1372
949	1376
949	1377
949	1379
949	1385
949	1386
949	1389
949	1391
949	1397
949	1429
949	1440
949	1545
949	1908
1035	1045
1035	1053
1035	1078
1035	1088
1035	1089
1035	1091
1035	1100
1035	1104
1035	1128
1035	1132
1035	1138
1035	1142
1035	1151
1035	1159
1035	1163
1035	1207
1035	1246
1035	1258
1035	1279
1035	1282
1035	1283
1035	1288
1035	1306
1035	1310
1035	1311
1035	1349
1035	1368
1035	1376
1035	1379
1035	1385
1035	1386
1035	1389
1035	1391
1035	1397
1035	1429
1035	1440
1035	1460
1035	1476
1035	1495
1035	1507
1035	1524
1035	1526
1035	1935
1258	1279
1258	1282
1258	1283
1258	1288
1258	1292
1258	1306
1258	1310
1258	1311
1258	1349
1258	1354
1258	1368
1258	1372
1258	1376
1258	1377
1258	1379
1258	1385
1258	1386
1258	1389
1258	1397
1258	1429
1258	1440
1258	1495
1258	1507
1258	1524
1258	1526
1258	1545
1258	1556
1258	1562
1258	1586
1258	1637
1258	1668
1258	1686
1258	1703
1258	1706
1258	1713
1258	1714
1258	1719
1258	1740
1258	1744
1258	1747
1258	1748
1258	1826
1258	1897
1258	1903
1258	1921
1283	1288
1283	1292
1283	1306
1283	1310
1283	1311
1283	1349
1283	1354
1283	1368
1283	1372
1283	1376
1283	1379
1283	1385
1283	1386
1283	1389
1283	1391
1283	1397
1283	1429
1283	1440
1283	1460
1283	1476
1283	1495
1283	1507
1283	1524
1283	1526
1283	1545
1283	1556
1283	1562
1283	1586
1283	1637
1283	1668
1283	1686
1283	1703
1283	1706
1283	1713
1283	1714
1283	1719
1283	1738
1283	1740
1283	1744
1283	1747
1283	1748
1283	1774
1283	1775
1283	1780
1283	1903
1386	1389
1386	1391
1386	1397
1386	1429
1386	1440
1386	1476
1386	1495
1386	1507
1386	1524
1386	1526
1386	1545
1386	1586
1386	1637
1386	1668
1386	1686
1386	1703
1386	1706
1386	1713
1386	1714
1386	1719
1386	1738
1386	1740
1386	1744
1386	1747
1386	1748
1386	1774
1386	1775
1386	1780
1386	1826
1386	1838
1386	1839
1386	1856
1386	1858
1386	1897
508	525
508	526
508	541
508	564
508	570
508	574
508	588
508	597
508	600
508	611
508	645
508	646
508	652
508	653
508	662
508	667
508	673
508	683
508	691
508	709
508	713
508	721
508	725
508	733
508	736
508	739
508	751
508	753
508	769
508	772
508	783
508	784
508	792
508	804
508	809
508	812
508	813
508	820
508	821
508	842
508	848
508	876
508	883
508	904
508	918
508	944
508	949
508	952
508	979
508	1035
508	1146
508	1376
508	1377
508	1429
508	1524
1389	1391
1389	1397
1389	1429
1389	1440
1389	1460
1389	1476
1389	1507
1389	1524
1389	1526
1389	1556
1389	1562
1389	1586
1389	1637
1389	1668
1389	1686
1389	1703
1389	1706
1389	1713
1389	1714
1389	1738
1389	1740
1389	1744
1389	1747
1389	1748
1389	1774
1389	1775
1389	1815
1389	1826
1389	1838
1389	1839
1389	1856
1389	1858
1100	1104
1100	1128
1100	1132
1100	1138
1100	1146
1100	1159
1100	1163
1100	1207
1100	1246
1100	1251
1100	1258
1100	1279
1100	1282
1100	1292
1100	1306
1100	1310
1100	1311
1100	1349
1100	1354
1100	1368
1100	1372
1100	1376
1100	1377
1100	1379
1100	1385
1100	1386
1100	1389
1100	1391
1100	1397
1100	1429
1100	1440
1100	1460
1100	1495
1100	1507
1100	1524
1100	1526
1100	1545
1100	1556
1100	1562
1100	1586
1151	1159
1151	1163
1151	1246
1151	1258
1151	1279
1151	1282
1151	1283
1151	1288
1151	1292
1151	1306
1151	1310
1151	1311
1151	1349
1151	1354
1151	1368
1151	1372
1151	1376
1151	1377
1151	1379
1151	1385
1151	1386
1151	1389
1151	1391
1151	1397
1151	1429
1151	1440
1151	1460
1151	1495
1151	1507
1151	1524
1151	1526
1151	1545
1151	1556
1151	1586
1151	1637
1151	1839
570	574
570	588
570	597
570	600
570	645
570	646
570	652
570	653
570	662
570	667
570	673
570	683
570	691
570	702
570	709
570	713
570	721
570	725
570	733
570	736
570	739
570	746
570	751
570	753
570	769
570	772
570	783
570	792
570	804
570	809
570	812
570	813
570	820
570	821
570	842
570	848
570	853
570	876
570	883
570	918
570	949
570	952
570	966
570	979
570	1012
570	1019
570	1035
570	1045
570	1053
570	1142
570	1368
570	1858
673	683
673	691
673	702
673	709
673	713
673	721
673	736
673	739
673	746
673	751
673	753
673	769
673	783
673	784
673	792
673	804
673	809
673	812
673	813
673	820
673	821
673	842
673	848
673	853
673	876
673	883
673	904
673	918
673	944
673	949
673	952
673	966
673	1012
673	1019
673	1030
673	1035
673	1045
673	1053
673	1078
673	1088
673	1089
673	1091
673	1094
673	1100
673	1104
673	1128
673	1132
673	1138
673	1142
673	1146
673	1163
673	1738
812	813
812	820
812	821
812	842
812	848
812	853
812	876
812	883
812	904
812	918
812	944
812	949
812	952
812	966
812	979
812	1012
812	1030
812	1035
812	1045
812	1053
812	1078
812	1088
812	1089
812	1091
812	1094
812	1100
812	1104
812	1128
812	1132
812	1138
812	1142
812	1146
812	1151
812	1159
812	1163
812	1246
812	1251
812	1258
812	1279
812	1283
812	1288
812	1292
812	1306
812	1310
812	1311
812	1377
812	1379
812	1526
812	1668
812	1839
812	1921
820	821
820	842
820	848
820	853
820	876
820	883
820	904
820	944
820	949
820	952
820	966
820	979
820	1012
820	1019
820	1030
820	1035
820	1045
820	1053
820	1078
820	1088
820	1091
820	1094
820	1104
820	1128
820	1132
820	1138
820	1142
820	1146
820	1151
820	1159
820	1163
820	1207
820	1246
820	1251
820	1258
820	1279
820	1282
820	1283
820	1288
820	1306
820	1310
820	1311
820	1372
820	1740
820	1856
820	1897
820	1908
1251	1258
1251	1279
1251	1282
1251	1283
1251	1288
1251	1292
1251	1306
1251	1311
1251	1349
1251	1354
1251	1368
1251	1376
1251	1377
1251	1379
1251	1386
1251	1389
1251	1391
1251	1397
1251	1429
1251	1440
1251	1460
1251	1476
1251	1495
1251	1507
1251	1524
1251	1526
1251	1545
1251	1556
1251	1562
1251	1586
1251	1637
1251	1686
1251	1703
1251	1706
1251	1713
1251	1714
1251	1719
1251	1738
1251	1740
1251	1744
1251	1747
1251	1748
1311	1349
1311	1354
1311	1368
1311	1372
1311	1376
1311	1377
1311	1379
1311	1385
1311	1386
1311	1389
1311	1391
1311	1397
1311	1429
1311	1440
1311	1460
1311	1476
1311	1495
1311	1507
1311	1524
1311	1545
1311	1556
1311	1562
1311	1586
1311	1637
1311	1668
1311	1686
1311	1706
1311	1714
1311	1719
1311	1738
1311	1740
1311	1744
1311	1747
1311	1748
1311	1774
1311	1775
1311	1780
1311	1839
1376	1377
1376	1379
1376	1385
1376	1386
1376	1389
1376	1391
1376	1397
1376	1429
1376	1440
1376	1460
1376	1476
1376	1495
1376	1507
1376	1524
1376	1526
1376	1545
1376	1556
1376	1562
1376	1586
1376	1637
1376	1668
1376	1686
1376	1703
1376	1706
1376	1713
1376	1714
1376	1719
1376	1738
1376	1740
1376	1744
1376	1747
1376	1748
1376	1774
1376	1775
1376	1780
1376	1815
1376	1826
1376	1838
1376	1839
1376	1856
1376	1903
709	713
709	721
709	725
709	733
709	736
709	739
709	746
709	751
709	753
709	769
709	772
709	783
709	784
709	792
709	804
709	809
709	812
709	813
709	820
709	821
709	842
709	848
709	853
709	876
709	883
709	904
709	918
709	944
709	952
709	966
709	979
709	1012
709	1019
709	1030
709	1035
709	1045
709	1053
709	1078
709	1088
709	1089
709	1091
709	1094
709	1100
709	1104
709	1132
709	1138
709	1146
709	1151
709	1159
709	1163
709	1207
709	1703
821	842
821	848
821	853
821	876
821	883
821	904
821	918
821	944
821	949
821	952
821	966
821	1012
821	1019
821	1035
821	1045
821	1053
821	1078
821	1088
821	1089
821	1091
821	1094
821	1100
821	1104
821	1128
821	1132
821	1138
821	1142
821	1146
821	1151
821	1159
821	1163
821	1207
821	1246
821	1251
821	1258
821	1279
821	1282
821	1283
821	1288
821	1292
821	1306
821	1310
821	1311
821	1349
821	1897
821	1914
1246	1251
1246	1258
1246	1279
1246	1282
1246	1283
1246	1288
1246	1292
1246	1306
1246	1310
1246	1311
1246	1349
1246	1354
1246	1368
1246	1372
1246	1376
1246	1377
1246	1379
1246	1385
1246	1386
1246	1389
1246	1391
1246	1397
1246	1429
1246	1440
1246	1460
1246	1476
1246	1495
1246	1507
1246	1524
1246	1526
1246	1545
1246	1556
1246	1562
1246	1586
1246	1637
1246	1668
1246	1686
1246	1703
1246	1706
1246	1713
1246	1714
1246	1719
1246	1738
1246	1740
1246	1744
1246	1903
1385	1386
1385	1391
1385	1397
1385	1429
1385	1440
1385	1460
1385	1476
1385	1495
1385	1507
1385	1524
1385	1526
1385	1545
1385	1556
1385	1562
1385	1586
1385	1637
1385	1668
1385	1686
1385	1703
1385	1706
1385	1713
1385	1714
1385	1719
1385	1738
1385	1740
1385	1744
1385	1748
1385	1774
1385	1775
1385	1780
1385	1815
1385	1838
1385	1839
1385	1856
1476	1495
1476	1524
1476	1526
1476	1545
1476	1562
1476	1586
1476	1637
1476	1668
1476	1686
1476	1703
1476	1706
1476	1713
1476	1714
1476	1738
1476	1744
1476	1747
1476	1748
1476	1774
1476	1775
1476	1780
1476	1815
1476	1826
1476	1838
1476	1839
1476	1856
1476	1858
1476	1897
1476	1903
1476	1908
1476	1914
1476	1915
1476	1921
1476	1935
1476	1954
1476	1963
1476	1964
746	769
746	772
746	784
746	792
746	804
746	809
746	813
746	820
746	821
746	842
746	848
746	853
746	876
746	883
746	904
746	918
746	944
746	949
746	952
746	966
746	979
746	1012
746	1019
746	1030
746	1035
746	1045
746	1053
746	1078
746	1088
746	1089
746	1091
746	1094
746	1100
746	1104
746	1128
746	1132
746	1138
746	1142
746	1146
746	1151
746	1159
746	1163
746	1207
746	1246
746	1376
746	1545
746	1744
746	1915
746	1963
1088	1089
1088	1091
1088	1094
1088	1100
1088	1104
1088	1128
1088	1132
1088	1138
1088	1142
1088	1146
1088	1151
1088	1159
1088	1163
1088	1246
1088	1251
1088	1258
1088	1279
1088	1282
1088	1283
1088	1288
1088	1306
1088	1310
1088	1311
1088	1349
1088	1354
1088	1368
1088	1372
1088	1377
1088	1379
1088	1385
1088	1386
1088	1389
1088	1391
1088	1397
1088	1429
1088	1440
1088	1460
1088	1476
1088	1495
1088	1507
1088	1524
1088	1545
1088	1556
1088	1562
1088	1586
1088	1738
1088	1780
1088	1914
1282	1283
1282	1306
1282	1310
1282	1311
1282	1349
1282	1354
1282	1368
1282	1372
1282	1376
1282	1377
1282	1379
1282	1385
1282	1386
1282	1389
1282	1391
1282	1397
1282	1429
1282	1440
1282	1460
1282	1476
1282	1495
1282	1524
1282	1526
1282	1545
1282	1556
1282	1562
1282	1586
1282	1637
1282	1668
1282	1686
1282	1703
1282	1706
1282	1713
1282	1714
1282	1719
1282	1740
1282	1744
1282	1747
1282	1748
1282	1774
1282	1775
1282	1780
1282	1935
1282	1963
783	784
783	809
783	812
783	813
783	820
783	821
783	842
783	848
783	853
783	883
783	904
783	918
783	949
783	952
783	966
783	979
783	1012
783	1019
783	1030
783	1035
783	1053
783	1078
783	1088
783	1089
783	1091
783	1094
783	1100
783	1104
783	1132
783	1138
783	1142
783	1146
783	1151
783	1159
783	1163
783	1251
783	1258
783	1279
783	1282
783	1283
804	809
804	812
804	813
804	821
804	842
804	848
804	853
804	876
804	883
804	904
804	918
804	944
804	949
804	952
804	966
804	979
804	1012
804	1019
804	1030
804	1035
804	1045
804	1053
804	1078
804	1088
804	1089
804	1091
804	1094
804	1100
804	1104
804	1128
804	1132
804	1138
804	1142
804	1146
804	1151
804	1159
804	1163
804	1207
804	1246
804	1251
804	1258
804	1283
804	1288
804	1292
804	1915
1078	1088
1078	1091
1078	1094
1078	1100
1078	1104
1078	1128
1078	1132
1078	1142
1078	1146
1078	1151
1078	1159
1078	1163
1078	1207
1078	1246
1078	1251
1078	1258
1078	1279
1078	1282
1078	1283
1078	1288
1078	1292
1078	1306
1078	1310
1078	1311
1078	1349
1078	1354
1078	1368
1078	1372
1078	1379
1078	1385
1078	1386
1078	1389
1078	1391
1078	1440
1078	1460
1078	1476
1078	1495
1078	1507
1078	1524
1078	1526
1078	1545
1078	1556
1078	1562
1078	1586
1279	1282
1279	1283
1279	1288
1279	1306
1279	1310
1279	1349
1279	1354
1279	1368
1279	1372
1279	1377
1279	1379
1279	1385
1279	1386
1279	1389
1279	1391
1279	1397
1279	1429
1279	1460
1279	1507
1279	1524
1279	1526
1279	1545
1279	1556
1279	1562
1279	1586
1279	1637
1279	1668
1279	1686
1279	1703
1279	1706
1279	1713
1279	1714
1279	1719
1279	1738
1279	1740
1279	1744
1279	1747
1279	1748
1279	1774
1279	1775
1279	1780
1310	1311
1310	1349
1310	1354
1310	1372
1310	1379
1310	1385
1310	1386
1310	1389
1310	1391
1310	1397
1310	1429
1310	1440
1310	1460
1310	1476
1310	1495
1310	1507
1310	1526
1310	1545
1310	1556
1310	1562
1310	1586
1310	1637
1310	1668
1310	1686
1310	1703
1310	1713
1310	1719
1310	1738
1310	1744
1310	1747
1310	1748
1310	1774
1310	1775
1310	1780
1349	1354
1349	1368
1349	1372
1349	1376
1349	1377
1349	1379
1349	1385
1349	1386
1349	1389
1349	1391
1349	1397
1349	1440
1349	1476
1349	1507
1349	1524
1349	1526
1349	1545
1349	1556
1349	1562
1349	1586
1349	1637
1349	1668
1349	1703
1349	1706
1349	1714
1349	1719
1349	1738
1349	1740
1349	1744
1349	1747
1349	1748
1349	1774
1349	1775
1349	1780
1349	1815
1349	1826
1349	1838
1349	1839
1094	1100
1094	1104
1094	1128
1094	1132
1094	1146
1094	1207
1094	1246
1094	1251
1094	1258
1094	1279
1094	1283
1094	1288
1094	1292
1094	1306
1094	1311
1094	1349
1094	1354
1094	1368
1094	1372
1094	1376
1094	1377
1094	1379
1094	1385
1094	1386
1094	1389
1094	1397
1094	1429
1094	1440
1094	1460
1094	1476
1094	1495
1094	1507
1094	1524
1094	1545
1094	1556
1094	1562
1094	1586
1094	1748
1094	1780
1094	1935
1094	1963
1104	1128
1104	1132
1104	1138
1104	1142
1104	1146
1104	1151
1104	1159
1104	1163
1104	1207
1104	1246
1104	1251
1104	1258
1104	1279
1104	1282
1104	1283
1104	1288
1104	1292
1104	1306
1104	1310
1104	1311
1104	1349
1104	1354
1104	1368
1104	1372
1104	1376
1104	1377
1104	1379
1104	1385
1104	1386
1104	1389
1104	1391
1104	1397
1104	1429
1104	1440
1104	1460
1104	1495
1104	1507
1104	1524
1104	1526
1104	1545
1104	1556
1104	1562
1104	1586
1104	1668
1460	1476
1460	1495
1460	1507
1460	1524
1460	1526
1460	1545
1460	1556
1460	1562
1460	1586
1460	1637
1460	1668
1460	1686
1460	1703
1460	1706
1460	1713
1460	1714
1460	1719
1460	1738
1460	1740
1460	1744
1460	1747
1460	1748
1460	1774
1460	1775
1460	1780
1460	1815
1460	1826
1460	1838
1460	1839
1460	1856
1460	1858
1460	1897
1460	1903
1460	1908
1460	1914
1460	1915
1460	1921
1460	1935
1460	1954
1053	1078
1053	1088
1053	1089
1053	1091
1053	1100
1053	1104
1053	1128
1053	1132
1053	1138
1053	1142
1053	1146
1053	1151
1053	1163
1053	1207
1053	1246
1053	1251
1053	1258
1053	1279
1053	1282
1053	1283
1053	1288
1053	1292
1053	1306
1053	1310
1053	1311
1053	1349
1053	1354
1053	1372
1053	1376
1053	1377
1053	1379
1053	1385
1053	1386
1053	1389
1053	1391
1053	1397
1053	1440
1053	1476
1053	1495
1053	1507
1053	1524
1053	1526
1053	1545
1138	1142
1138	1146
1138	1151
1138	1159
1138	1163
1138	1207
1138	1246
1138	1251
1138	1258
1138	1279
1138	1282
1138	1283
1138	1288
1138	1292
1138	1306
1138	1310
1138	1311
1138	1349
1138	1354
1138	1368
1138	1372
1138	1376
1138	1377
1138	1385
1138	1389
1138	1391
1138	1397
1138	1429
1138	1440
1138	1460
1138	1476
1138	1495
1138	1507
1138	1524
1138	1526
1138	1545
1138	1556
1138	1562
1138	1586
1138	1637
1138	1747
600	645
600	646
600	652
600	653
600	662
600	667
600	683
600	691
600	702
600	709
600	713
600	721
600	725
600	733
600	736
600	746
600	751
600	753
600	769
600	783
600	804
600	809
600	812
600	813
600	820
600	821
600	842
600	853
600	883
600	904
600	918
600	944
600	949
600	952
600	966
600	979
600	1012
600	1019
600	1035
600	1045
600	1053
600	1078
600	1088
600	1089
600	1091
600	1094
600	1100
600	1385
753	772
753	783
753	784
753	792
753	804
753	809
753	812
753	813
753	820
753	821
753	842
753	848
753	876
753	883
753	904
753	944
753	949
753	952
753	966
753	979
753	1012
753	1019
753	1030
753	1035
753	1045
753	1053
753	1088
753	1089
753	1091
753	1094
753	1100
753	1128
753	1132
753	1138
753	1142
753	1146
753	1151
753	1207
753	1246
753	1251
753	1815
1019	1030
1019	1035
1019	1053
1019	1078
1019	1088
1019	1091
1019	1094
1019	1100
1019	1104
1019	1128
1019	1132
1019	1142
1019	1146
1019	1151
1019	1159
1019	1163
1019	1207
1019	1251
1019	1258
1019	1279
1019	1282
1019	1283
1019	1288
1019	1292
1019	1306
1019	1310
1019	1311
1019	1349
1019	1354
1019	1368
1019	1372
1019	1377
1019	1386
1019	1389
1019	1397
1019	1429
1019	1440
1019	1460
1019	1476
1019	1495
1019	1507
1019	1774
645	646
645	652
645	653
645	662
645	667
645	673
645	683
645	691
645	709
645	713
645	721
645	725
645	733
645	736
645	739
645	746
645	751
645	753
645	769
645	772
645	783
645	792
645	804
645	809
645	812
645	813
645	820
645	821
645	842
645	848
645	853
645	876
645	904
645	918
645	944
645	949
645	952
645	966
645	979
645	1012
645	1019
645	1030
645	1035
645	1045
645	1088
645	1089
645	1094
645	1100
645	1104
645	1128
645	1132
645	1138
645	1142
645	1159
645	1251
645	1706
1207	1246
1207	1251
1207	1283
1207	1288
1207	1292
1207	1310
1207	1311
1207	1354
1207	1368
1207	1372
1207	1376
1207	1377
1207	1379
1207	1385
1207	1386
1207	1389
1207	1391
1207	1397
1207	1440
1207	1460
1207	1476
1207	1495
1207	1507
1207	1524
1207	1526
1207	1545
1207	1556
1207	1562
1207	1637
1207	1668
1207	1686
1207	1703
1207	1706
1207	1838
1379	1385
1379	1386
1379	1391
1379	1397
1379	1429
1379	1440
1379	1460
1379	1476
1379	1495
1379	1507
1379	1524
1379	1526
1379	1545
1379	1556
1379	1562
1379	1586
1379	1637
1379	1668
1379	1686
1379	1703
1379	1706
1379	1714
1379	1719
1379	1738
1379	1740
1379	1744
1379	1747
1379	1748
1379	1774
1379	1775
1379	1780
1379	1815
1379	1838
1379	1839
1379	1856
1379	1858
1379	1903
1379	1914
1429	1440
1429	1460
1429	1476
1429	1495
1429	1507
1429	1524
1429	1545
1429	1556
1429	1562
1429	1586
1429	1637
1429	1668
1429	1686
1429	1703
1429	1706
1429	1713
1429	1714
1429	1719
1429	1738
1429	1740
1429	1744
1429	1747
1429	1774
1429	1775
1429	1780
1429	1826
1429	1838
1429	1839
1429	1856
1429	1858
1429	1897
1429	1903
1429	1908
1429	1914
1429	1915
1429	1921
1368	1372
1368	1376
1368	1377
1368	1379
1368	1385
1368	1386
1368	1389
1368	1391
1368	1397
1368	1429
1368	1440
1368	1460
1368	1476
1368	1495
1368	1507
1368	1524
1368	1526
1368	1545
1368	1556
1368	1562
1368	1586
1368	1637
1368	1668
1368	1686
1368	1703
1368	1706
1368	1713
1368	1714
1368	1719
1368	1738
1368	1740
1368	1744
1368	1747
1368	1748
1368	1774
1368	1775
1368	1780
1368	1815
1368	1839
1368	1856
721	733
721	736
721	746
721	751
721	753
721	769
721	772
721	784
721	804
721	809
721	812
721	813
721	820
721	821
721	842
721	848
721	853
721	876
721	883
721	904
721	944
721	949
721	952
721	966
721	979
721	1012
721	1019
721	1045
721	1053
721	1078
721	1088
721	1089
721	1091
721	1094
721	1100
721	1104
721	1128
721	1132
721	1138
721	1142
721	1151
721	1159
721	1163
721	1207
721	1545
721	1706
721	1713
813	820
813	821
813	848
813	853
813	883
813	904
813	918
813	944
813	949
813	952
813	966
813	979
813	1012
813	1019
813	1030
813	1035
813	1045
813	1053
813	1078
813	1088
813	1089
813	1091
813	1094
813	1100
813	1128
813	1132
813	1138
813	1142
813	1146
813	1151
813	1159
813	1207
813	1246
813	1251
813	1258
813	1279
813	1282
813	1283
813	1292
813	1306
813	1310
813	1311
813	1440
813	1738
813	1921
525	526
525	564
525	588
525	597
525	600
525	611
525	645
525	646
525	652
525	653
525	662
525	667
525	673
525	683
525	691
525	702
525	709
525	713
525	721
525	725
525	733
525	736
525	739
525	746
525	751
525	753
525	769
525	772
525	783
525	784
525	792
525	804
525	809
525	812
525	813
525	820
525	821
525	842
525	848
525	853
525	876
525	883
525	904
525	918
525	944
525	949
525	952
525	966
525	979
525	1012
525	1019
525	1354
525	1562
525	1668
525	1839
751	753
751	769
751	772
751	783
751	784
751	792
751	804
751	809
751	812
751	813
751	820
751	821
751	842
751	848
751	853
751	876
751	883
751	904
751	918
751	944
751	949
751	952
751	979
751	1012
751	1019
751	1030
751	1035
751	1045
751	1053
751	1088
751	1089
751	1091
751	1094
751	1100
751	1104
751	1128
751	1132
751	1142
751	1146
751	1151
751	1159
751	1163
751	1207
751	1246
751	1251
751	1283
751	1292
751	1349
751	1376
751	1686
751	1706
751	1748
751	1858
526	541
526	564
526	574
526	588
526	597
526	600
526	611
526	645
526	646
526	652
526	653
526	662
526	667
526	673
526	683
526	702
526	709
526	721
526	725
526	733
526	736
526	739
526	746
526	751
526	753
526	769
526	772
526	783
526	784
526	792
526	804
526	809
526	812
526	813
526	820
526	821
526	842
526	848
526	853
526	883
526	918
526	944
526	952
526	966
526	979
526	1012
526	1019
526	1030
526	1207
526	1246
526	1379
526	1389
526	1495
526	1856
526	1954
713	721
713	725
713	733
713	736
713	739
713	751
713	753
713	769
713	772
713	783
713	792
713	804
713	809
713	812
713	813
713	820
713	821
713	848
713	853
713	883
713	904
713	918
713	944
713	949
713	952
713	966
713	979
713	1012
713	1030
713	1045
713	1053
713	1078
713	1088
713	1089
713	1091
713	1094
713	1100
713	1104
713	1128
713	1132
713	1138
713	1142
713	1151
713	1159
713	1163
713	1207
713	1306
733	736
733	746
733	751
733	753
733	772
733	783
733	784
733	792
733	804
733	809
733	812
733	813
733	820
733	821
733	842
733	848
733	876
733	883
733	904
733	918
733	944
733	949
733	952
733	979
733	1012
733	1019
733	1030
733	1035
733	1045
733	1053
733	1088
733	1089
733	1091
733	1094
733	1100
733	1104
733	1132
733	1138
733	1142
733	1146
733	1163
733	1207
733	1279
733	1311
733	1747
733	1964
842	848
842	853
842	876
842	883
842	904
842	918
842	944
842	949
842	952
842	966
842	979
842	1019
842	1030
842	1035
842	1045
842	1053
842	1078
842	1088
842	1089
842	1091
842	1094
842	1100
842	1104
842	1128
842	1132
842	1138
842	1142
842	1146
842	1151
842	1163
842	1246
842	1251
842	1258
842	1279
842	1282
842	1283
842	1288
842	1292
842	1306
842	1310
842	1391
842	1429
842	1839
842	1935
876	883
876	904
876	918
876	944
876	949
876	952
876	966
876	979
876	1019
876	1030
876	1035
876	1045
876	1053
876	1078
876	1088
876	1089
876	1091
876	1094
876	1100
876	1104
876	1128
876	1132
876	1138
876	1142
876	1146
876	1151
876	1163
876	1207
876	1246
876	1251
876	1258
876	1279
876	1282
876	1283
876	1288
876	1292
876	1306
876	1310
876	1311
876	1349
876	1354
876	1368
876	1372
876	1376
876	1377
876	1719
876	1774
646	652
646	653
646	662
646	667
646	673
646	683
646	691
646	702
646	709
646	713
646	721
646	725
646	733
646	736
646	739
646	746
646	751
646	753
646	769
646	772
646	783
646	784
646	792
646	804
646	809
646	812
646	813
646	820
646	821
646	842
646	848
646	853
646	876
646	883
646	904
646	918
646	944
646	952
646	966
646	979
646	1012
646	1019
646	1030
646	1035
646	1045
646	1053
646	1078
646	1088
646	1089
646	1094
646	1100
646	1104
646	1128
646	1132
646	1138
646	1146
646	1391
646	1429
646	1744
646	1747
646	1748
646	1780
1306	1310
1306	1311
1306	1349
1306	1354
1306	1368
1306	1372
1306	1376
1306	1377
1306	1379
1306	1385
1306	1386
1306	1389
1306	1391
1306	1397
1306	1429
1306	1440
1306	1460
1306	1476
1306	1507
1306	1524
1306	1526
1306	1545
1306	1556
1306	1562
1306	1586
1306	1668
1306	1686
1306	1703
1306	1706
1306	1713
1306	1714
1306	1719
1306	1738
1306	1740
1306	1747
1306	1748
1306	1774
1306	1775
1306	1780
848	853
848	883
848	904
848	918
848	944
848	949
848	952
848	966
848	979
848	1012
848	1019
848	1030
848	1035
848	1045
848	1078
848	1088
848	1091
848	1094
848	1100
848	1104
848	1128
848	1132
848	1138
848	1142
848	1146
848	1151
848	1163
848	1207
848	1246
848	1251
848	1258
848	1282
848	1283
848	1288
848	1292
848	1306
848	1310
848	1311
848	1385
848	1389
848	1815
848	1838
848	1908
541	564
541	570
541	574
541	588
541	597
541	611
541	645
541	646
541	652
541	653
541	662
541	667
541	673
541	691
541	702
541	709
541	713
541	721
541	725
541	733
541	736
541	739
541	751
541	753
541	769
541	772
541	783
541	792
541	804
541	809
541	812
541	813
541	820
541	821
541	842
541	848
541	853
541	876
541	883
541	918
541	944
541	949
541	952
541	966
541	979
541	1012
541	1019
541	1030
541	1035
541	1310
541	1349
541	1440
541	1556
541	1748
1128	1132
1128	1138
1128	1142
1128	1146
1128	1151
1128	1159
1128	1163
1128	1207
1128	1246
1128	1251
1128	1258
1128	1282
1128	1283
1128	1288
1128	1292
1128	1306
1128	1310
1128	1311
1128	1349
1128	1354
1128	1368
1128	1372
1128	1376
1128	1377
1128	1379
1128	1385
1128	1386
1128	1389
1128	1391
1128	1397
1128	1429
1128	1440
1128	1460
1128	1476
1128	1495
1128	1507
1128	1524
1128	1526
1128	1545
1128	1562
1128	1586
1128	1839
1354	1368
1354	1372
1354	1376
1354	1377
1354	1379
1354	1385
1354	1386
1354	1389
1354	1391
1354	1397
1354	1429
1354	1440
1354	1460
1354	1476
1354	1495
1354	1507
1354	1524
1354	1526
1354	1545
1354	1562
1354	1586
1354	1637
1354	1668
1354	1703
1354	1706
1354	1713
1354	1714
1354	1719
1354	1738
1354	1740
1354	1744
1354	1748
1354	1774
1354	1775
1354	1780
1354	1815
1354	1826
1391	1397
1391	1429
1391	1440
1391	1460
1391	1495
1391	1507
1391	1524
1391	1526
1391	1545
1391	1556
1391	1562
1391	1586
1391	1637
1391	1668
1391	1686
1391	1713
1391	1714
1391	1719
1391	1738
1391	1740
1391	1744
1391	1747
1391	1748
1391	1774
1391	1775
1391	1780
1391	1815
1391	1826
1391	1838
1391	1839
1391	1856
1391	1858
1440	1460
1440	1476
1440	1495
1440	1507
1440	1524
1440	1526
1440	1545
1440	1556
1440	1562
1440	1586
1440	1637
1440	1668
1440	1686
1440	1703
1440	1706
1440	1713
1440	1714
1440	1719
1440	1738
1440	1740
1440	1744
1440	1747
1440	1748
1440	1774
1440	1775
1440	1780
1440	1815
1440	1826
1440	1838
1440	1839
1440	1856
1440	1858
1440	1897
1440	1903
1440	1908
1440	1914
1440	1915
1440	1921
1440	1935
944	949
944	952
944	966
944	979
944	1012
944	1030
944	1045
944	1053
944	1078
944	1088
944	1089
944	1091
944	1094
944	1100
944	1104
944	1128
944	1132
944	1138
944	1142
944	1146
944	1151
944	1159
944	1163
944	1207
944	1246
944	1251
944	1258
944	1279
944	1282
944	1283
944	1288
944	1292
944	1306
944	1310
944	1311
944	1349
944	1354
944	1372
944	1377
944	1379
944	1385
944	1386
944	1391
944	1429
944	1440
944	1738
944	1963
1377	1379
1377	1385
1377	1386
1377	1389
1377	1391
1377	1429
1377	1440
1377	1460
1377	1476
1377	1495
1377	1507
1377	1524
1377	1526
1377	1545
1377	1556
1377	1562
1377	1586
1377	1637
1377	1668
1377	1686
1377	1703
1377	1706
1377	1714
1377	1738
1377	1740
1377	1744
1377	1747
1377	1748
1377	1774
1377	1775
1377	1780
1377	1815
1377	1826
1377	1838
1377	1839
1377	1856
1377	1858
1292	1306
1292	1310
1292	1311
1292	1349
1292	1354
1292	1376
1292	1377
1292	1385
1292	1386
1292	1389
1292	1391
1292	1460
1292	1476
1292	1495
1292	1507
1292	1524
1292	1526
1292	1545
1292	1556
1292	1562
1292	1586
1292	1637
1292	1668
1292	1686
1292	1703
1292	1713
1292	1714
1292	1719
1292	1738
1292	1740
1292	1744
1292	1747
1292	1748
1292	1774
1292	1775
1292	1780
702	709
702	713
702	721
702	725
702	733
702	736
702	739
702	746
702	751
702	753
702	769
702	772
702	783
702	784
702	792
702	804
702	809
702	812
702	813
702	820
702	821
702	842
702	848
702	876
702	883
702	904
702	918
702	944
702	949
702	952
702	966
702	979
702	1012
702	1030
702	1035
702	1045
702	1053
702	1078
702	1088
702	1089
702	1091
702	1094
702	1128
702	1132
702	1138
702	1142
702	1146
702	1151
702	1159
702	1163
702	1713
702	1714
691	702
691	713
691	725
691	733
691	736
691	739
691	746
691	751
691	753
691	769
691	772
691	783
691	784
691	792
691	804
691	812
691	813
691	820
691	821
691	842
691	848
691	853
691	876
691	883
691	918
691	944
691	949
691	952
691	966
691	979
691	1012
691	1019
691	1030
691	1035
691	1045
691	1053
691	1078
691	1088
691	1089
691	1091
691	1094
691	1100
691	1104
691	1128
691	1132
691	1138
691	1142
691	1146
691	1151
691	1159
691	1163
691	1311
691	1391
691	1738
691	1915
809	813
809	820
809	821
809	842
809	853
809	876
809	883
809	904
809	918
809	944
809	949
809	966
809	979
809	1019
809	1030
809	1035
809	1045
809	1053
809	1078
809	1088
809	1089
809	1100
809	1104
809	1128
809	1132
809	1138
809	1142
809	1146
809	1151
809	1163
809	1207
809	1246
809	1251
809	1258
809	1279
809	1282
809	1283
809	1288
809	1306
809	1379
809	1775
1091	1094
1091	1100
1091	1104
1091	1128
1091	1138
1091	1142
1091	1146
1091	1151
1091	1159
1091	1163
1091	1207
1091	1246
1091	1251
1091	1258
1091	1279
1091	1282
1091	1283
1091	1288
1091	1292
1091	1306
1091	1310
1091	1311
1091	1354
1091	1368
1091	1372
1091	1376
1091	1377
1091	1385
1091	1386
1091	1389
1091	1391
1091	1397
1091	1429
1091	1440
1091	1460
1091	1476
1091	1495
1091	1507
1091	1524
1091	1526
1091	1556
1091	1562
1091	1586
1091	1774
1091	1780
1091	1914
