# Undirected graph (each unordered pair of nodes is saved once): output/networks/SmallWorldRewire05removeDegree-95percent.txt
# Nodes: 100 Edges: 1357
# NodeId	NodeId
309	319
309	321
309	326
309	337
309	345
309	350
309	351
309	352
309	357
309	361
309	367
309	368
309	370
309	371
309	380
309	381
309	406
309	407
309	419
309	436
309	437
309	454
309	459
309	464
309	469
309	472
309	1817
319	326
319	337
319	345
319	350
319	351
319	352
319	357
319	367
319	368
319	370
319	371
319	380
319	384
319	396
319	407
319	410
319	419
319	436
319	437
319	454
319	459
319	463
319	469
319	472
319	482
321	326
321	337
321	345
321	351
321	352
321	357
321	370
321	371
321	384
321	396
321	406
321	407
321	419
321	437
321	459
321	463
321	464
321	1080
321	1705
321	1759
321	1816
326	337
326	345
326	350
326	351
326	352
326	367
326	368
326	371
326	380
326	381
326	396
326	406
326	410
326	419
326	436
326	437
326	459
326	463
326	464
326	469
326	482
326	1020
337	350
337	352
337	368
337	370
337	371
337	380
337	381
337	384
337	406
337	407
337	410
337	419
337	436
337	437
337	454
337	459
337	463
337	464
337	469
337	472
337	482
337	1010
337	1062
345	350
345	351
345	352
345	357
345	367
345	368
345	370
345	371
345	380
345	381
345	384
345	396
345	406
345	407
345	410
345	419
345	436
345	454
345	463
345	464
345	469
345	472
345	482
350	357
350	361
350	367
350	368
350	370
350	371
350	380
350	381
350	384
350	407
350	410
350	419
350	436
350	437
350	454
350	459
350	463
350	469
350	472
350	990
350	1005
350	1020
351	352
351	357
351	361
351	367
351	368
351	370
351	380
351	384
351	396
351	406
351	407
351	410
351	419
351	437
351	463
351	464
351	469
351	472
351	1658
351	1719
351	1762
351	1805
357	361
357	370
357	371
357	380
357	381
357	384
357	396
357	406
357	407
357	410
357	419
357	437
357	459
357	463
357	464
357	469
357	472
357	482
357	1025
357	1699
361	368
361	370
361	380
361	381
361	396
361	406
361	407
361	410
361	419
361	436
361	437
361	454
361	459
361	463
361	464
361	469
361	472
367	370
367	381
367	384
367	396
367	406
367	407
367	410
367	419
367	436
367	437
367	454
367	459
367	463
367	464
367	469
367	472
367	981
367	1028
367	1075
367	1733
367	1738
368	370
368	380
368	381
368	384
368	396
368	406
368	407
368	419
368	436
368	437
368	454
368	459
368	463
368	464
368	469
368	472
368	482
370	371
370	380
370	384
370	396
370	406
370	407
370	410
370	419
370	437
370	454
370	459
370	463
370	464
370	469
370	482
370	1005
371	381
371	384
371	396
371	406
371	407
371	410
371	419
371	436
371	437
371	454
371	459
371	464
371	469
371	472
371	1762
371	1794
380	381
380	384
380	396
380	406
380	436
380	437
380	454
380	459
380	464
380	469
380	472
380	482
380	1054
380	1077
380	1138
381	384
381	396
381	406
381	407
381	410
381	437
381	454
381	463
381	464
381	469
381	472
381	482
381	1075
384	396
384	407
384	410
384	419
384	436
384	437
384	454
384	459
384	463
384	464
384	469
384	472
384	482
384	1696
396	406
396	410
396	419
396	436
396	437
396	454
396	459
396	463
396	469
396	482
396	1038
396	1750
396	1771
396	1801
406	407
406	410
406	419
406	436
406	437
406	454
406	463
406	469
406	472
406	1721
407	410
407	419
407	436
407	454
407	463
407	464
407	469
407	482
407	1083
407	1794
410	419
410	436
410	454
410	459
410	472
410	482
436	454
436	459
436	463
436	464
436	472
436	482
436	1658
437	454
437	459
437	463
437	464
437	469
437	472
437	482
437	1696
454	464
454	469
454	472
454	482
454	1719
454	1763
454	1792
459	463
459	469
459	472
459	482
459	985
459	1040
459	1750
463	464
463	469
463	482
464	469
464	472
464	482
464	1001
464	1719
469	472
469	482
469	969
472	482
472	969
472	1010
472	1041
472	1075
472	1080
482	969
482	981
482	1041
482	1074
482	1075
1025	1028
1025	1032
1025	1038
1025	1040
1025	1041
1025	1051
1025	1054
1025	1062
1025	1074
1025	1077
1025	1083
1025	1096
1025	1115
1025	1116
1025	1129
1025	1138
1025	1142
1025	1146
1025	1148
1038	1040
1038	1041
1038	1051
1038	1054
1038	1062
1038	1074
1038	1075
1038	1080
1038	1093
1038	1115
1038	1116
1038	1129
1038	1142
1038	1146
1038	1688
1041	1051
1041	1074
1041	1075
1041	1077
1041	1083
1041	1093
1041	1096
1041	1115
1041	1116
1041	1129
1041	1138
1041	1142
1041	1768
1083	1093
1083	1096
1083	1115
1083	1116
1083	1129
1083	1138
1083	1148
1083	1792
1648	1658
1648	1659
1648	1662
1648	1683
1648	1688
1648	1696
1648	1699
1648	1702
1648	1705
1648	1714
1648	1719
1648	1721
1648	1733
1648	1738
1648	1739
1648	1748
1648	1750
1648	1762
1648	1768
1648	1771
1648	1792
1648	1794
1648	1798
1648	1801
1648	1805
1648	1814
1648	1816
1648	1817
1657	1658
1657	1662
1657	1688
1657	1696
1657	1702
1657	1705
1657	1714
1657	1721
1657	1733
1657	1738
1657	1739
1657	1748
1657	1750
1657	1762
1657	1768
1657	1771
1657	1792
1657	1794
1657	1798
1657	1801
1657	1817
1658	1659
1658	1662
1658	1683
1658	1688
1658	1696
1658	1699
1658	1702
1658	1705
1658	1710
1658	1714
1658	1719
1658	1721
1658	1733
1658	1739
1658	1750
1658	1759
1658	1762
1658	1763
1658	1768
1658	1792
1658	1794
1658	1801
1658	1805
1658	1814
1659	1662
1659	1683
1659	1688
1659	1696
1659	1699
1659	1702
1659	1705
1659	1710
1659	1714
1659	1719
1659	1733
1659	1738
1659	1739
1659	1748
1659	1759
1659	1762
1659	1768
1659	1771
1659	1792
1659	1798
1659	1801
1659	1805
1659	1814
1659	1817
1662	1699
1662	1702
1662	1705
1662	1714
1662	1719
1662	1721
1662	1733
1662	1738
1662	1739
1662	1748
1662	1750
1662	1759
1662	1763
1662	1768
1662	1771
1662	1792
1662	1794
1662	1798
1662	1801
1662	1805
1662	1814
1662	1816
1662	1817
1683	1688
1683	1702
1683	1705
1683	1710
1683	1714
1683	1719
1683	1721
1683	1733
1683	1738
1683	1739
1683	1748
1683	1750
1683	1759
1683	1768
1683	1792
1683	1798
1683	1801
1683	1805
1683	1814
1683	1816
1683	1817
1688	1696
1688	1699
1688	1702
1688	1705
1688	1710
1688	1714
1688	1719
1688	1738
1688	1748
1688	1750
1688	1759
1688	1762
1688	1763
1688	1768
1688	1792
1688	1794
1688	1798
1688	1801
1688	1805
1688	1814
1688	1816
1696	1699
1696	1705
1696	1710
1696	1714
1696	1719
1696	1721
1696	1738
1696	1739
1696	1750
1696	1763
1696	1768
1696	1771
1696	1792
1696	1794
1696	1798
1696	1801
1696	1805
1696	1814
1696	1816
1699	1702
1699	1705
1699	1710
1699	1714
1699	1721
1699	1733
1699	1738
1699	1739
1699	1748
1699	1750
1699	1759
1699	1762
1699	1763
1699	1771
1699	1792
1699	1794
1699	1798
1699	1805
1699	1814
1699	1817
1702	1705
1702	1710
1702	1719
1702	1721
1702	1733
1702	1738
1702	1739
1702	1748
1702	1750
1702	1759
1702	1762
1702	1763
1702	1801
1702	1805
1702	1814
1702	1816
1702	1817
1705	1710
1705	1714
1705	1719
1705	1721
1705	1738
1705	1739
1705	1759
1705	1762
1705	1763
1705	1771
1705	1794
1705	1798
1705	1801
1705	1816
1705	1817
1710	1714
1710	1719
1710	1721
1710	1733
1710	1738
1710	1739
1710	1748
1710	1750
1710	1759
1710	1763
1710	1771
1710	1792
1710	1794
1710	1798
1710	1801
1710	1805
1710	1814
1710	1816
1710	1817
1714	1719
1714	1721
1714	1733
1714	1738
1714	1748
1714	1750
1714	1759
1714	1762
1714	1763
1714	1768
1714	1771
1714	1792
1714	1798
1714	1814
1714	1816
1714	1817
1719	1721
1719	1738
1719	1748
1719	1750
1719	1762
1719	1763
1719	1768
1719	1771
1719	1794
1719	1798
1719	1801
1719	1805
1719	1816
1719	1817
1721	1733
1721	1739
1721	1748
1721	1759
1721	1762
1721	1768
1721	1771
1721	1792
1721	1794
1721	1798
1721	1801
1721	1805
1721	1814
1721	1816
1721	1817
1733	1739
1733	1748
1733	1750
1733	1759
1733	1762
1733	1763
1733	1768
1733	1792
1733	1794
1733	1798
1733	1801
1733	1805
1733	1814
1733	1816
1738	1750
1738	1759
1738	1762
1738	1763
1738	1768
1738	1771
1738	1792
1738	1794
1738	1798
1738	1801
1738	1814
1738	1816
1738	1817
1739	1748
1739	1750
1739	1763
1739	1768
1739	1771
1739	1794
1739	1798
1739	1801
1739	1805
1739	1814
1739	1816
1739	1817
1748	1750
1748	1759
1748	1762
1748	1763
1748	1768
1748	1771
1748	1792
1748	1794
1748	1798
1748	1805
1748	1814
1748	1817
1750	1759
1750	1763
1750	1768
1750	1771
1750	1792
1750	1794
1750	1801
1750	1805
1750	1816
1750	1817
1759	1763
1759	1768
1759	1771
1759	1792
1759	1794
1759	1798
1759	1801
1759	1814
1759	1816
1759	1817
1762	1763
1762	1768
1762	1771
1762	1792
1762	1798
1762	1801
1762	1814
1762	1816
1763	1768
1763	1771
1763	1792
1763	1794
1763	1798
1763	1801
1763	1805
1763	1814
1763	1816
1763	1817
1768	1792
1768	1798
1768	1801
1768	1805
1768	1814
1768	1816
1768	1817
1771	1792
1771	1794
1771	1798
1771	1801
1771	1805
1771	1814
1771	1816
1771	1817
1792	1798
1792	1801
1792	1805
1792	1814
1792	1816
1792	1817
1798	1801
1798	1814
1798	1816
1801	1817
1805	1814
1805	1816
1805	1817
352	357
352	361
352	370
352	371
352	380
352	406
352	407
352	410
352	419
352	436
352	437
352	454
352	463
352	464
352	469
352	482
352	1657
419	436
419	437
419	454
419	463
419	464
419	469
419	472
1010	1015
1010	1020
1010	1025
1010	1028
1010	1032
1010	1038
1010	1040
1010	1041
1010	1051
1010	1054
1010	1080
1010	1083
1010	1093
1010	1096
1010	1115
1010	1116
1010	1129
1010	1138
1010	1142
1010	1146
1028	1032
1028	1041
1028	1051
1028	1054
1028	1062
1028	1075
1028	1077
1028	1080
1028	1093
1028	1116
1028	1129
1028	1138
1028	1142
1028	1146
1028	1148
1028	1798
1028	1817
1040	1041
1040	1054
1040	1062
1040	1077
1040	1080
1040	1093
1040	1096
1040	1115
1040	1116
1040	1129
1040	1138
1040	1142
1040	1146
1040	1148
1040	1759
1040	1768
1054	1062
1054	1075
1054	1077
1054	1080
1054	1083
1054	1093
1054	1096
1054	1115
1054	1116
1054	1129
1054	1138
1054	1142
1054	1148
1054	1699
1146	1683
1794	1798
1794	1801
1794	1805
1794	1814
1794	1816
1794	1817
981	989
981	990
981	1001
981	1002
981	1005
981	1008
981	1015
981	1020
981	1025
981	1028
981	1040
981	1041
981	1051
981	1054
981	1062
981	1075
981	1077
981	1080
981	1093
981	1115
981	1116
981	1129
981	1138
981	1142
981	1146
981	1148
981	1710
989	990
989	1001
989	1002
989	1005
989	1010
989	1015
989	1020
989	1025
989	1032
989	1038
989	1051
989	1054
989	1062
989	1074
989	1075
989	1077
989	1080
989	1083
989	1093
989	1096
989	1115
989	1129
989	1138
989	1142
989	1146
989	1148
1001	1002
1001	1005
1001	1008
1001	1010
1001	1015
1001	1020
1001	1025
1001	1028
1001	1038
1001	1051
1001	1054
1001	1062
1001	1074
1001	1075
1001	1077
1001	1080
1001	1083
1001	1096
1001	1115
1001	1116
1001	1142
1001	1146
1001	1705
1005	1008
1005	1010
1005	1015
1005	1032
1005	1038
1005	1040
1005	1041
1005	1054
1005	1062
1005	1074
1005	1083
1005	1093
1005	1096
1005	1115
1005	1116
1005	1129
1005	1138
1005	1142
1005	1146
1005	1762
1008	1010
1008	1015
1008	1020
1008	1025
1008	1028
1008	1032
1008	1038
1008	1040
1008	1041
1008	1051
1008	1062
1008	1074
1008	1075
1008	1077
1008	1080
1008	1083
1008	1093
1008	1096
1008	1115
1008	1116
1008	1129
1008	1138
1008	1146
1008	1762
1008	1794
990	1001
990	1002
990	1005
990	1008
990	1010
990	1015
990	1020
990	1025
990	1028
990	1032
990	1038
990	1051
990	1054
990	1062
990	1080
990	1083
990	1093
990	1096
990	1115
990	1116
990	1129
990	1138
990	1146
990	1148
1096	1116
1096	1129
1096	1138
1096	1148
1096	1683
1080	1083
1080	1093
1080	1096
1080	1115
1080	1116
1080	1129
1080	1146
1080	1148
1080	1696
1142	1146
1142	1148
1142	1710
969	981
969	985
969	989
969	990
969	1002
969	1005
969	1010
969	1015
969	1020
969	1025
969	1028
969	1032
969	1038
969	1040
969	1041
969	1051
969	1074
969	1075
969	1077
969	1083
969	1093
969	1115
969	1129
969	1138
969	1142
969	1148
1077	1080
1077	1083
1077	1093
1077	1096
1077	1115
1077	1129
1077	1142
1077	1146
1077	1148
985	989
985	990
985	1001
985	1002
985	1005
985	1010
985	1015
985	1020
985	1025
985	1028
985	1040
985	1041
985	1051
985	1062
985	1074
985	1075
985	1077
985	1083
985	1093
985	1115
985	1116
985	1129
985	1138
985	1142
985	1146
985	1148
985	1714
1093	1096
1093	1115
1093	1116
1093	1129
1093	1138
1093	1146
1093	1739
1075	1077
1075	1080
1075	1083
1075	1093
1075	1096
1075	1115
1075	1129
1075	1138
1075	1142
1075	1146
1075	1148
1148	1648
1032	1038
1032	1040
1032	1041
1032	1051
1032	1054
1032	1062
1032	1077
1032	1080
1032	1096
1032	1116
1032	1129
1032	1142
1032	1146
1032	1148
1032	1805
1138	1142
1138	1146
1138	1148
1138	1733
1062	1074
1062	1075
1062	1080
1062	1093
1062	1115
1062	1116
1062	1138
1062	1142
1062	1148
1062	1768
1002	1015
1002	1020
1002	1032
1002	1040
1002	1041
1002	1051
1002	1054
1002	1062
1002	1074
1002	1077
1002	1080
1002	1093
1002	1096
1002	1115
1002	1116
1002	1129
1002	1142
1002	1146
1002	1148
1074	1075
1074	1077
1074	1080
1074	1083
1074	1093
1074	1096
1074	1116
1074	1129
1074	1142
1074	1146
1074	1148
1115	1129
1115	1138
1115	1142
1115	1148
1115	1658
1115	1733
1116	1129
1116	1138
1116	1142
1116	1146
1116	1148
1116	1738
1129	1138
1129	1142
1129	1148
1015	1025
1015	1032
1015	1038
1015	1040
1015	1041
1015	1051
1015	1054
1015	1062
1015	1074
1015	1075
1015	1077
1015	1083
1015	1093
1015	1096
1015	1116
1015	1138
1015	1142
1015	1146
1015	1148
1051	1054
1051	1074
1051	1077
1051	1083
1051	1096
1051	1115
1051	1116
1051	1129
1051	1142
1051	1146
1051	1148
1051	1763
1020	1025
1020	1028
1020	1032
1020	1038
1020	1040
1020	1041
1020	1051
1020	1054
1020	1062
1020	1075
1020	1080
1020	1083
1020	1093
1020	1096
1020	1115
1020	1146
1020	1683
