# Undirected graph (each unordered pair of nodes is saved once): output/networks/yeastremoveRandom-55percent.txt
# Nodes: 1063 Edges: 1608
# NodeId	NodeId
1	1
5	1100
6	6
6	82
6	184
6	747
6	784
6	1113
6	1180
6	1182
6	1183
6	1185
6	1419
6	1573
6	1574
6	1576
6	1577
6	1580
6	1581
8	8
9	9
11	11
11	168
11	172
11	252
11	253
11	299
11	540
11	910
11	994
11	995
11	996
17	17
17	186
17	369
17	1393
17	1568
21	227
21	593
21	849
21	1174
22	22
28	392
33	33
33	36
33	38
46	212
46	275
46	298
46	299
46	302
46	1021
46	1028
46	1714
59	59
59	117
59	165
59	168
59	1224
59	1809
63	63
63	375
63	849
63	850
63	851
66	66
66	2171
67	67
70	588
70	943
70	1210
70	1849
70	2119
70	2287
76	709
77	77
79	79
79	81
79	82
79	83
82	874
82	1805
82	1972
82	2334
83	406
83	709
83	1020
83	1487
85	85
87	508
88	89
92	92
92	188
92	1178
93	93
93	95
93	96
93	98
93	101
93	102
93	103
95	102
95	1768
96	102
98	102
101	102
102	102
102	103
102	1325
103	1768
106	106
113	425
114	114
114	1408
117	186
117	349
117	508
117	635
117	995
123	131
123	132
123	135
123	591
123	799
123	1532
127	132
127	252
127	627
130	131
130	132
130	135
130	652
130	849
130	2017
131	131
131	132
131	133
131	135
131	138
131	165
131	243
131	246
131	252
131	1439
131	2040
132	132
132	135
132	252
132	443
132	537
133	135
133	165
133	243
133	252
133	290
133	302
133	425
133	443
133	537
133	546
133	697
133	1915
133	1917
133	2040
135	138
135	169
135	243
135	246
135	252
135	443
135	884
135	1021
135	1439
135	1915
135	2040
138	165
138	243
138	246
138	252
138	290
138	299
138	301
138	302
138	985
138	996
138	1915
138	1959
138	2017
138	2040
143	143
143	144
143	1487
144	995
145	145
145	463
145	784
145	995
145	1817
145	1905
148	932
150	150
150	160
150	170
150	687
150	688
151	1261
151	1392
157	1261
160	688
162	162
162	164
162	165
162	168
162	169
162	170
162	172
162	543
162	1392
162	1928
164	165
164	302
164	543
164	818
164	1028
165	165
165	169
165	243
165	252
165	302
165	425
165	443
165	544
165	697
165	884
165	985
165	2168
168	172
168	253
168	272
168	299
168	540
168	849
168	995
168	996
168	1336
168	2267
169	172
169	302
169	591
169	697
169	1915
170	170
170	197
170	237
170	302
170	369
170	498
170	1295
170	1392
170	2112
172	172
172	237
172	272
172	996
172	1443
176	176
176	737
176	744
176	748
176	849
176	1227
176	1231
176	1232
176	1275
176	2164
179	179
179	181
179	184
179	185
179	376
179	1139
179	1520
181	181
181	1607
181	1912
184	227
184	252
184	265
184	1674
184	1805
184	2090
185	396
185	425
185	510
185	520
185	593
185	627
185	697
185	709
185	849
185	850
185	1194
185	1599
185	1912
185	2238
185	2268
186	186
186	252
186	290
186	1069
186	1311
186	1551
186	1852
186	1881
186	2347
186	2349
186	2350
188	304
190	190
190	191
190	192
190	312
190	1252
190	1500
190	2283
190	2332
191	1476
192	1602
194	194
194	196
194	197
194	198
194	1432
194	1732
196	197
196	198
196	1059
196	1489
196	1795
196	1919
196	1971
196	2342
197	198
197	1775
198	508
198	647
198	1656
212	212
212	301
212	302
212	304
212	403
212	404
212	437
212	620
212	622
212	1020
212	1096
212	1171
212	1173
212	1379
212	1714
218	218
221	290
221	1207
221	1311
226	226
226	709
227	227
227	232
227	235
227	237
227	238
227	239
227	1678
227	1688
232	1307
237	272
237	294
237	298
237	454
237	583
237	709
237	1392
238	238
238	479
238	1044
238	1283
238	1285
238	1286
238	1606
238	2078
238	2138
238	2334
239	302
239	399
239	537
239	595
239	1021
239	1376
239	1915
240	240
242	252
242	537
243	252
243	290
243	537
243	697
243	1915
243	2040
243	2106
246	302
247	247
247	548
251	996
252	252
252	268
252	290
252	302
252	443
252	697
252	1137
252	1484
252	1495
252	1538
252	1593
252	1690
252	1794
252	1795
252	1915
253	253
253	272
253	299
253	498
253	540
253	721
253	910
253	995
253	1100
253	1101
253	2267
254	254
254	256
254	257
254	258
254	259
254	260
254	261
254	262
254	264
254	265
254	266
254	268
254	269
254	270
256	266
256	1435
257	261
257	264
257	265
257	688
258	266
258	268
259	259
260	261
260	266
260	1435
260	2261
261	261
261	264
261	266
261	268
261	314
261	365
261	1435
264	265
264	266
264	688
264	1435
265	265
265	266
265	268
265	277
265	365
265	688
265	1435
266	268
266	269
266	270
266	366
266	1435
268	268
268	272
268	688
268	806
268	990
268	1435
269	688
269	1435
270	1435
272	272
272	273
272	275
272	277
272	279
272	281
272	1714
273	299
273	1102
275	275
275	299
275	301
275	302
275	363
275	985
275	1224
275	2261
277	277
277	399
277	924
277	927
277	928
277	929
277	930
277	1422
277	1446
279	1444
286	286
286	289
286	290
286	291
286	294
286	316
286	474
286	543
289	289
289	290
289	291
289	294
289	474
289	543
289	1003
290	291
290	474
290	498
290	543
290	686
290	784
290	1003
290	1254
290	1478
290	1487
290	1533
290	1538
290	1539
290	1540
290	1931
291	291
291	294
291	316
291	474
294	294
294	315
294	316
294	375
294	474
294	543
294	748
294	985
298	298
298	299
298	301
298	302
298	303
298	304
299	299
299	301
299	302
299	1028
299	1714
301	302
301	784
301	1021
301	1028
301	1402
301	1714
302	316
302	425
302	544
302	591
302	783
302	985
302	1021
302	1028
302	1224
302	1714
302	1770
302	1775
302	1805
302	1960
302	2055
303	303
303	304
303	591
303	625
303	874
304	304
304	591
304	592
304	593
304	620
304	622
304	625
304	874
315	315
315	316
316	316
323	325
323	425
323	523
324	325
325	325
326	326
345	346
345	382
346	346
346	348
346	382
346	383
346	401
346	850
348	382
349	349
350	350
350	351
351	351
351	946
351	949
351	1056
351	1057
358	1520
365	365
365	366
365	369
365	688
366	631
366	688
366	1200
366	1435
369	643
369	1281
369	1478
375	392
375	849
376	376
376	537
376	652
376	784
376	2334
378	378
378	379
378	671
378	784
379	784
382	382
382	383
382	384
382	850
385	385
385	388
388	388
388	874
388	1041
388	1066
388	1484
388	1520
388	2157
390	390
390	591
390	622
390	874
390	875
390	985
390	1071
390	1119
390	2164
391	391
391	1069
391	1071
391	1073
391	1074
391	1075
391	1439
391	1912
393	591
395	395
395	508
395	627
396	396
396	399
396	400
399	399
399	537
399	588
399	818
399	884
399	930
399	960
399	962
399	963
399	970
399	972
399	999
399	1385
399	1446
399	2058
401	401
401	403
401	404
403	1171
406	406
406	407
406	408
406	409
406	784
406	2267
407	806
407	1188
417	417
418	1880
425	425
425	651
425	1028
425	1915
431	784
443	1102
446	446
446	508
446	995
446	1905
446	2169
454	454
454	455
454	458
463	463
463	1498
463	1621
463	1721
463	1852
464	464
472	472
472	498
474	475
474	476
474	477
474	543
482	482
486	583
486	584
486	588
486	1033
486	1117
486	1122
486	1817
489	489
489	1460
496	498
496	500
496	1435
496	1817
496	2090
496	2138
498	502
498	1714
498	1732
500	502
500	983
500	1526
500	1577
500	1714
502	1714
505	505
505	508
505	509
505	688
505	782
505	795
505	1200
508	509
508	601
508	659
508	688
508	1200
508	1311
508	1478
508	1487
508	1502
508	1602
508	1637
508	1732
508	1777
508	1778
508	1780
508	1781
508	1782
508	1783
509	509
509	681
509	688
510	510
510	1041
510	1194
513	513
516	516
516	518
516	519
516	1373
516	1508
516	1528
516	1529
518	1920
518	2017
518	2238
519	1508
520	520
521	521
522	522
523	523
527	527
528	528
535	535
537	595
537	1590
537	1591
537	1593
537	1596
537	1598
540	540
540	583
540	712
540	1915
543	543
543	544
543	546
544	697
544	709
544	1021
544	1915
546	657
572	572
574	574
574	2077
574	2119
575	575
575	576
575	578
575	627
578	784
578	1393
578	1554
578	2267
578	2334
583	583
583	584
583	585
583	588
584	584
584	585
584	588
584	963
584	1033
584	1111
584	1113
584	1122
584	1443
585	585
585	588
585	959
585	963
585	1033
585	1117
585	1118
585	1122
585	1912
585	2119
585	2231
588	1006
588	1033
588	1041
588	1043
588	1111
588	1113
588	1117
588	1122
588	1509
588	1621
588	1817
588	1966
588	2138
588	2251
591	592
591	593
591	595
591	598
591	1505
591	1664
591	2012
591	2093
591	2267
593	593
593	752
593	874
595	595
595	598
595	818
595	857
595	858
595	985
595	1435
595	1569
595	2290
598	752
598	985
598	1599
601	601
601	995
601	1336
601	1418
601	2318
602	602
603	603
603	604
603	608
603	609
603	610
609	1707
620	874
622	874
625	874
627	627
627	629
627	1020
627	1113
627	1414
627	1602
627	1617
627	1653
627	1656
631	631
631	1817
631	2040
636	636
637	637
639	1357
643	1028
647	1028
651	1311
652	652
652	1435
652	2030
652	2112
654	1028
659	659
659	671
659	1554
665	1281
665	1817
665	1912
668	1281
669	1281
669	1817
671	671
671	678
685	685
685	686
686	2078
687	688
687	1200
688	990
688	1205
697	697
709	709
712	712
712	1311
717	717
717	718
721	722
721	723
721	728
721	729
721	730
721	731
721	734
721	737
721	739
721	742
722	737
722	972
722	1068
722	1194
723	737
723	1068
728	737
728	1068
729	737
729	1068
730	737
730	1068
730	1171
730	1926
731	737
731	1068
734	737
734	1068
737	737
737	739
737	744
737	748
737	1232
737	1237
739	1068
744	748
744	1232
744	1275
748	748
748	752
748	1231
748	1232
748	1275
748	1277
752	752
780	806
782	804
782	806
782	888
783	804
783	806
783	888
784	1004
784	1031
784	1139
784	1183
784	1407
784	1444
784	1478
784	1479
784	1481
784	1482
784	1483
784	1484
784	1485
784	1487
784	1488
784	1489
784	1491
784	1493
784	1495
784	1496
784	1498
784	1500
784	1502
786	804
786	806
790	806
790	888
795	806
799	806
806	807
806	809
806	810
806	812
806	813
818	1919
818	1958
818	2191
840	840
842	842
848	848
849	849
849	856
850	850
850	853
850	1912
857	1376
863	1100
874	875
875	875
875	1071
887	1817
887	1828
887	1966
887	2090
887	2138
887	2299
888	888
888	889
888	890
896	896
896	897
896	901
897	901
901	901
903	2017
904	973
904	1174
907	1146
907	1150
908	908
908	909
908	2135
910	995
910	996
910	2267
911	911
911	912
911	913
921	1376
927	1912
928	1396
929	1422
929	1443
930	1422
931	931
932	932
934	934
934	935
934	937
943	943
943	2038
944	944
945	945
946	946
946	949
959	960
959	972
960	960
960	962
960	963
960	967
960	972
960	978
960	979
962	972
963	972
963	1117
965	972
967	972
967	1443
970	972
970	1554
972	972
972	978
972	1116
972	1135
973	973
973	974
973	975
973	1678
974	974
974	975
974	1394
975	975
976	976
976	977
978	1175
983	983
984	984
984	985
984	986
985	2040
990	1435
995	1311
995	1637
995	1686
995	1732
995	1777
995	1778
995	1781
995	1782
995	1853
996	996
996	1101
996	1297
1003	1003
1004	1004
1004	1005
1004	1006
1004	1825
1004	1826
1004	2138
1006	1043
1006	1478
1006	1607
1021	1026
1021	1694
1021	1917
1023	1028
1028	1028
1028	1413
1028	1740
1031	1357
1033	1033
1033	1036
1033	1037
1033	1909
1039	1281
1041	1041
1041	1042
1041	1043
1041	1044
1041	1372
1042	1055
1042	1443
1042	1817
1043	1507
1043	1912
1043	1966
1043	2093
1043	2248
1047	1047
1047	1049
1049	1049
1051	1051
1055	1055
1055	1056
1055	1602
1055	1852
1059	1059
1059	1060
1059	1900
1060	1613
1060	1714
1066	1066
1069	1071
1069	1073
1069	1074
1071	1563
1073	1429
1073	1849
1096	1171
1100	1100
1100	1261
1100	1264
1100	1265
1100	1266
1111	1122
1111	1606
1111	1817
1111	1900
1113	1117
1113	1122
1113	1629
1113	1972
1117	1117
1121	1121
1122	1123
1122	1817
1130	2188
1135	1175
1137	1137
1137	1138
1137	1139
1137	1140
1139	1810
1139	1816
1139	1915
1139	1966
1139	2138
1140	2261
1146	1938
1161	1161
1161	1905
1162	1162
1162	1163
1162	1164
1165	1165
1171	1171
1171	1415
1171	1416
1174	1174
1174	1175
1175	2334
1178	1178
1178	1443
1178	1966
1183	1407
1188	1188
1188	1193
1188	1372
1194	1194
1194	1443
1194	2135
1195	1195
1195	1196
1198	1368
1200	1200
1207	1207
1207	1210
1207	1212
1207	1646
1207	1831
1207	2103
1207	2119
1210	1212
1212	1569
1227	1275
1232	1275
1232	1517
1247	1248
1261	1261
1264	1599
1281	1281
1281	1282
1283	1284
1283	1285
1292	2078
1298	1298
1299	1299
1299	1300
1311	1311
1311	1312
1311	1313
1311	1314
1311	1319
1311	1320
1311	1443
1311	1508
1311	1912
1311	2251
1311	2261
1328	1328
1328	1329
1331	1331
1331	1817
1336	1336
1349	1349
1352	1355
1355	1357
1357	1357
1357	1359
1361	1361
1362	1362
1368	1368
1368	1370
1372	1372
1372	1373
1373	1373
1379	1379
1385	1385
1389	1390
1392	1392
1393	1393
1393	1517
1393	1642
1393	1721
1396	1396
1398	1398
1401	1401
1402	1402
1406	1406
1407	1407
1408	1408
1409	1409
1410	1410
1417	1417
1418	1418
1418	1509
1418	1573
1418	1734
1419	1419
1422	1422
1429	1429
1432	1432
1435	1435
1435	1770
1439	1439
1439	1912
1443	1444
1443	1476
1443	1478
1443	1493
1443	1509
1443	1551
1443	1568
1443	1581
1443	1678
1443	1858
1443	1887
1443	1891
1443	1892
1443	1897
1443	1898
1443	1900
1444	1444
1445	1445
1446	1446
1447	1447
1448	1448
1450	1450
1451	1451
1460	1460
1460	1461
1463	1463
1464	1464
1466	1466
1467	1467
1468	1468
1470	1470
1471	1471
1476	1915
1476	1948
1476	2138
1478	1849
1478	1931
1478	1948
1478	2251
1478	2288
1479	2056
1482	2238
1484	1969
1484	2040
1485	2334
1487	1613
1487	1931
1489	2238
1489	2299
1491	1613
1491	2058
1493	1613
1493	1966
1493	2138
1495	1849
1495	1966
1496	1533
1496	1702
1496	2299
1498	2078
1498	2225
1500	1972
1500	2138
1502	1613
1502	1810
1502	1816
1502	1915
1505	1912
1507	1508
1507	1509
1508	1529
1508	1920
1509	1664
1509	1702
1509	1880
1509	2267
1509	2336
1516	1554
1516	1563
1516	1628
1517	1817
1517	2002
1517	2077
1517	2329
1520	1629
1520	1805
1520	1900
1520	2238
1524	1817
1526	1817
1526	2056
1526	2289
1551	1607
1554	1563
1554	1646
1554	1695
1554	1696
1554	1697
1554	1698
1554	1700
1554	1702
1554	1703
1560	1561
1560	1563
1563	1721
1563	1996
1563	1997
1567	1568
1568	1586
1568	1791
1568	1792
1568	2183
1577	1912
1577	1972
1577	2017
1581	1900
1581	2251
1590	1817
1590	1948
1590	2138
1593	1664
1593	2012
1593	2334
1596	1817
1599	1613
1599	1664
1599	1803
1599	1804
1602	1613
1602	2090
1602	2138
1606	2078
1607	1609
1607	1610
1607	1611
1607	1915
1610	1925
1610	2030
1610	2299
1621	1637
1621	1817
1621	1966
1621	1972
1628	1629
1628	1939
1629	1646
1629	1939
1633	1634
1642	1664
1642	1966
1645	1943
1646	1664
1646	1912
1646	1925
1646	1944
1646	2060
1646	2127
1646	2267
1656	1817
1674	1678
1678	2090
1678	2290
1695	1966
1695	2334
1702	2089
1707	1712
1720	1764
1721	1810
1744	2138
1778	1905
1781	2289
1788	1789
1788	1790
1789	1925
1805	1807
1814	2030
1817	1818
1817	1819
1817	1823
1817	1825
1836	2345
1841	1842
1849	1850
1852	2299
1858	1966
1876	2056
1880	1881
1900	1966
1900	1996
1905	1908
1912	2178
1912	2179
1912	2180
1915	1917
1915	1919
1919	2329
1920	1960
1947	2090
1948	1951
1966	2057
1966	2078
1971	2078
1971	2231
1972	1973
2004	2008
2030	2031
2030	2032
2040	2042
2056	2057
2058	2268
2060	2205
2119	2120
2119	2121
2126	2127
2127	2226
2138	2139
2138	2140
2158	2159
2158	2160
2173	2174
2173	2175
2231	2232
2231	2233
2254	2255
2261	2262
2261	2263
2268	2269
2323	2324
2323	2325
2334	2341
2338	2339
