# Undirected graph (each unordered pair of nodes is saved once): output/networks/yeastremoveCentrality-15percent.txt
# Nodes: 2007 Edges: 2113
# NodeId	NodeId
1	1
1	2
1	3
2	1076
2	1078
2	1079
2	1246
2	1275
3	974
3	975
3	996
3	1079
4	4
4	5
4	1880
8	8
9	9
10	10
10	11
10	907
10	2021
11	11
11	56
11	540
11	994
11	996
11	1259
12	12
12	13
12	14
13	13
13	143
13	1527
13	1650
13	1651
13	1659
14	14
14	2289
16	16
17	17
17	1334
17	1393
17	1568
18	18
18	1192
19	19
19	980
19	1512
19	2188
20	20
20	22
20	1079
22	22
24	24
24	25
24	26
24	27
24	28
24	392
24	2328
27	392
27	2220
28	392
28	2122
29	29
30	32
33	33
33	34
33	36
33	38
40	40
40	41
40	42
40	43
41	1739
44	44
44	45
44	47
44	48
45	45
45	48
45	1012
48	48
48	49
49	173
49	317
49	683
49	1220
49	1452
50	50
51	51
52	52
52	53
52	54
52	55
52	56
52	59
53	53
53	54
53	55
53	56
53	59
53	78
53	1491
54	54
54	55
54	56
54	59
54	1210
55	56
55	59
56	56
56	59
59	59
59	1224
59	1612
59	1809
60	62
60	65
62	62
62	1948
65	65
65	377
65	944
66	66
66	1548
66	2171
66	2328
67	67
70	943
70	1210
70	1849
70	2119
70	2287
72	396
72	753
72	976
72	1452
74	319
74	709
74	1192
74	1247
74	1444
74	1568
75	1033
75	1439
76	709
77	77
77	1679
79	79
79	80
79	81
79	84
80	1001
80	1866
84	837
84	1948
85	85
85	843
86	86
86	87
87	1475
88	89
90	90
90	91
90	92
91	92
91	111
92	92
92	188
92	1178
93	93
93	95
93	96
93	97
93	98
93	99
93	100
93	101
93	102
93	103
95	102
95	1768
96	102
97	102
98	102
99	102
100	102
101	102
102	102
102	103
102	1325
103	1768
104	104
104	105
106	106
107	107
107	108
107	109
107	110
107	111
107	112
107	113
107	664
107	1566
110	111
111	630
111	664
111	1506
111	1525
111	1566
111	2240
111	2241
111	2242
111	2243
111	2244
111	2245
111	2246
112	112
112	1961
114	114
114	1408
115	115
115	116
115	2078
116	116
116	349
116	635
116	1130
116	1136
119	119
125	129
125	1596
125	2322
128	128
128	129
128	2038
129	129
139	139
139	140
139	141
139	142
139	2095
142	142
142	2095
143	143
143	144
144	982
154	689
154	845
154	1200
160	689
160	845
160	939
164	278
164	818
173	173
174	174
174	175
174	177
174	178
179	179
179	180
179	181
179	182
179	183
179	204
179	1170
179	1583
180	181
180	183
181	181
181	182
181	183
181	208
181	885
181	1170
182	183
183	183
183	946
183	947
183	948
183	950
183	2078
187	896
187	1178
187	1281
187	1403
187	1422
188	867
188	1052
188	1058
189	189
189	190
189	191
189	192
189	193
189	1535
189	1822
189	2001
189	2290
190	190
190	191
190	192
190	309
190	310
190	311
190	312
190	313
190	1252
190	1500
190	2001
190	2283
190	2332
194	194
194	196
194	198
194	1432
194	1731
194	1732
194	1733
196	198
196	1059
196	1489
196	1546
196	1739
196	1795
196	1971
196	2342
196	2343
196	2344
198	633
198	647
198	837
198	1656
200	1283
201	1452
204	204
204	205
204	206
207	207
207	357
208	1289
211	211
215	215
215	216
218	218
218	225
218	1787
219	480
219	753
219	765
220	220
220	389
220	1787
220	2015
222	472
223	1787
224	224
224	1046
225	225
226	226
226	616
226	708
226	709
226	710
226	1571
226	1572
228	2173
232	1131
232	1279
232	1307
232	1663
232	2072
233	233
233	338
233	970
233	978
234	234
234	335
234	337
234	338
234	1168
234	1169
240	240
241	241
241	444
247	247
247	547
247	548
251	846
251	996
255	255
255	266
256	266
257	261
257	264
257	265
258	266
259	259
260	261
260	266
260	2261
261	261
261	264
261	266
261	267
261	314
264	265
264	266
264	267
265	265
265	266
265	277
266	269
266	270
266	366
266	368
273	1102
274	315
275	275
275	280
275	362
275	363
275	530
275	596
275	1224
275	2261
277	277
277	633
277	924
277	926
277	927
277	928
277	929
277	930
277	1422
277	1446
278	278
278	351
278	824
278	1816
278	2131
279	1444
280	280
280	361
280	362
280	363
280	364
282	657
282	1393
284	284
284	285
284	286
284	287
284	288
284	289
284	291
284	292
284	293
284	294
284	474
284	919
285	285
285	286
285	287
285	288
285	289
285	291
285	292
285	293
285	294
285	320
285	474
285	919
286	286
286	287
286	289
286	291
286	292
286	293
286	294
286	316
286	474
286	919
287	287
287	288
287	289
287	291
287	292
287	293
287	294
287	295
287	316
287	474
287	919
288	289
288	291
288	292
288	293
288	474
288	919
288	1003
289	289
289	291
289	292
289	293
289	294
289	474
289	917
289	919
289	1003
291	291
291	292
291	293
291	294
291	316
291	474
291	919
291	1436
292	292
292	293
292	294
292	316
292	474
292	917
292	918
292	919
293	293
293	294
293	919
293	1003
294	294
294	315
294	316
294	317
294	474
294	1065
296	296
296	297
296	359
296	520
296	1247
300	875
300	1087
300	1120
300	1866
306	2048
307	996
307	1259
315	315
315	316
315	317
316	316
316	317
319	319
319	320
319	1695
321	325
321	1870
322	325
322	523
322	674
322	1303
323	325
323	523
323	1303
324	325
325	325
325	1054
326	326
327	327
329	1922
329	2114
329	2172
330	331
330	332
330	333
335	338
337	338
338	338
338	507
338	590
338	1168
338	1169
338	1394
338	1704
338	1705
338	1706
339	339
339	340
339	341
339	342
339	343
339	344
339	345
339	347
339	348
339	382
341	341
341	342
341	343
341	344
341	347
341	348
341	382
341	383
341	384
341	703
342	382
343	382
344	382
345	382
347	382
348	382
348	703
349	349
349	530
350	350
350	351
350	354
350	355
350	356
351	351
351	946
351	949
351	1056
351	1057
351	2070
355	1585
355	2356
356	356
356	393
356	394
357	357
357	358
357	359
357	360
357	1960
357	2006
357	2007
358	2352
359	359
359	1452
361	361
361	362
361	363
361	364
361	1626
366	1200
368	1200
370	1200
374	430
374	1568
382	382
382	383
382	384
385	385
385	386
385	387
386	1663
386	1695
386	2351
387	2215
389	389
389	391
391	391
391	1069
391	1070
391	1071
391	1072
391	1073
391	1074
391	1075
391	1120
391	1439
393	394
395	395
396	396
396	397
396	400
397	397
397	692
400	1866
401	401
401	402
401	403
401	404
402	1098
402	1707
405	405
406	406
406	407
406	408
406	409
407	1188
410	410
411	411
411	412
411	413
411	414
411	415
411	861
411	2184
417	417
418	1880
421	996
426	1511
427	1019
427	1930
430	1502
430	2099
434	434
435	436
435	437
435	438
435	439
435	440
435	441
436	439
437	439
439	439
439	440
439	441
439	461
439	462
440	574
441	2164
444	2040
446	446
446	1905
446	1921
446	2169
447	447
447	448
447	449
450	450
450	451
450	452
450	453
450	905
453	453
453	905
453	907
453	919
453	1146
453	1147
453	1148
453	1149
453	1150
453	2313
453	2314
454	454
454	455
454	456
454	457
454	458
456	456
456	457
456	458
456	460
458	526
461	1068
461	1406
462	867
462	2164
464	464
465	465
465	466
465	467
465	468
465	469
465	470
465	471
466	466
472	472
472	498
473	473
474	476
474	477
474	919
480	480
480	481
480	660
480	1288
481	481
482	482
483	483
483	484
484	1442
485	485
485	487
485	488
487	664
489	489
489	1460
496	498
496	837
496	2113
496	2353
498	1732
503	503
503	506
503	507
503	1750
510	510
510	1167
510	1194
512	1194
513	513
514	514
515	515
516	516
516	517
516	518
516	519
516	1373
516	1508
516	1527
516	1528
516	1529
516	1530
516	1531
517	517
518	1531
518	1920
518	2017
518	2238
519	1508
519	1685
520	520
521	521
522	522
523	523
524	524
524	1515
524	1616
524	1718
524	1947
525	525
526	526
527	527
528	528
529	529
530	530
530	531
530	532
530	533
534	534
535	535
536	536
539	1573
540	540
540	541
540	542
540	712
541	541
541	542
541	2092
546	657
550	2137
550	2268
555	555
555	657
555	981
555	1378
558	1052
558	1058
565	565
565	946
568	1375
568	1630
569	569
569	570
569	571
569	2328
570	679
571	1444
572	572
573	573
574	574
574	2077
574	2119
575	575
575	576
575	577
575	579
580	580
582	582
582	2189
592	1052
594	1058
594	1628
596	597
596	1052
596	2265
597	875
597	1087
599	599
599	2016
600	600
601	601
601	1336
601	1418
601	2318
602	602
603	603
603	604
603	605
603	606
603	607
603	608
603	609
603	610
609	1707
616	616
616	708
622	867
622	1058
625	867
625	1058
625	1289
630	630
632	632
632	633
632	634
633	1422
633	2330
636	636
636	2155
637	637
638	638
638	639
639	1357
639	1358
643	2019
643	2020
647	1001
651	1395
651	1403
652	652
652	653
652	2030
652	2110
652	2112
653	653
653	1812
657	1730
659	659
659	660
663	1188
663	1766
663	2358
663	2359
663	2360
663	2361
664	664
664	665
664	666
664	667
664	668
664	669
665	1281
665	2144
668	1281
669	1281
670	670
672	679
673	673
674	679
679	680
679	681
679	682
683	684
683	2327
684	684
684	1220
685	685
685	686
686	2078
686	2189
687	689
687	845
687	1200
689	689
689	690
689	691
689	845
689	1200
690	845
691	845
693	693
693	1460
693	1468
694	694
694	695
694	696
700	2188
701	702
703	703
703	704
703	705
703	2204
704	2318
705	2204
706	706
706	707
708	708
708	709
708	710
708	711
709	709
709	710
709	1582
710	710
712	712
712	713
713	1102
713	1259
713	2353
714	714
714	715
716	716
717	717
717	718
717	719
720	720
722	972
722	1068
722	1194
722	2304
723	1068
724	1068
724	1236
725	1068
725	2234
726	1068
728	1068
729	1068
730	1068
730	1273
730	1926
730	1927
731	1068
732	1068
733	1068
733	1236
734	1068
735	1068
736	1068
736	1236
738	1068
739	1068
740	1068
741	1068
744	1275
745	1068
746	1452
749	749
750	750
750	751
750	1496
750	2037
751	751
753	753
753	754
753	755
753	756
753	757
753	758
753	759
753	760
753	761
753	762
753	763
753	764
753	765
753	766
753	768
753	769
753	770
753	771
753	772
753	773
753	774
754	765
756	765
758	765
758	1386
759	765
762	765
763	765
764	765
765	765
765	766
765	771
765	772
765	773
765	774
765	820
768	1469
779	804
783	804
783	888
786	804
788	1068
790	888
791	804
791	888
798	804
798	888
801	888
802	802
802	1145
804	805
818	844
818	1958
818	2191
818	2192
825	825
825	982
830	2272
831	1066
834	837
834	2317
835	1669
837	1610
840	840
841	841
842	842
843	843
844	844
845	845
846	846
846	847
848	848
855	855
855	856
855	2094
860	1008
862	862
862	863
863	1870
866	866
866	2091
867	867
867	868
867	869
867	870
867	871
870	2208
875	875
875	1070
875	1071
875	1087
875	1088
875	1089
875	1090
875	1091
875	1092
877	877
877	878
877	1180
877	1690
883	2000
885	885
885	886
888	888
888	889
888	890
888	891
888	892
888	894
891	891
891	892
891	894
893	893
894	894
896	896
896	897
896	898
896	899
896	900
896	901
897	901
898	901
899	901
900	901
901	901
902	902
902	903
902	904
902	1137
903	2017
904	973
904	1131
904	1174
905	905
905	906
905	907
905	908
905	909
907	1146
907	1147
907	1150
907	1886
907	2214
908	908
908	909
908	1374
908	2135
911	911
911	912
911	913
911	914
915	915
915	916
917	917
917	919
918	918
918	1132
918	1134
919	919
920	921
921	1970
922	922
922	923
926	1422
928	1386
928	1396
929	1422
930	1422
931	931
932	932
932	933
934	934
934	935
934	936
934	937
934	938
934	939
934	940
936	936
936	937
936	938
936	940
937	939
938	939
939	939
939	940
939	1367
939	2077
940	2147
941	941
942	942
943	943
943	2038
944	944
945	945
946	946
946	947
946	948
946	949
946	950
951	952
951	953
951	954
951	955
951	956
951	957
951	958
959	960
959	966
959	972
960	960
960	962
960	963
960	964
960	966
960	967
960	972
960	978
960	979
961	966
962	966
962	972
963	966
963	972
964	972
965	966
965	972
966	967
966	968
966	970
966	972
966	1116
966	2046
966	2047
967	972
970	972
972	972
972	978
972	1116
972	1135
973	973
973	974
973	975
973	1434
973	2045
974	974
974	975
974	1394
975	975
975	1457
976	976
976	977
978	1175
980	980
980	1491
982	1546
982	1579
982	1630
982	1891
983	983
984	984
984	986
984	1953
984	2220
994	1527
996	996
996	1099
996	1101
996	1259
996	1296
996	1297
997	1407
1003	1003
1004	1004
1004	1005
1004	1007
1004	1619
1004	1825
1004	1826
1004	2219
1007	1008
1007	2261
1008	1008
1008	1009
1008	2261
1012	1213
1014	1014
1015	1015
1017	2238
1019	1019
1031	1357
1031	1358
1031	1974
1031	2307
1033	1033
1033	1035
1033	1036
1033	1037
1033	1787
1033	1909
1037	2146
1039	1281
1040	1309
1040	2193
1040	2231
1040	2353
1044	1303
1047	1047
1047	1048
1047	1049
1048	1452
1049	1049
1050	1050
1051	1051
1052	1052
1052	1058
1058	1058
1059	1059
1059	1060
1060	1294
1060	1613
1061	1061
1062	1062
1064	1064
1065	1707
1066	1066
1066	1067
1067	1067
1069	1070
1069	1071
1069	1072
1069	1073
1069	1074
1069	1120
1070	1076
1070	1079
1070	1087
1071	1076
1071	1078
1071	1079
1071	1087
1071	1563
1072	1078
1072	1087
1072	1563
1073	1087
1073	1429
1073	1849
1076	1076
1076	1077
1076	1078
1076	1079
1076	1080
1076	1081
1076	1082
1076	1083
1076	1563
1076	2224
1077	1078
1077	1079
1078	1079
1078	1080
1078	1083
1078	1084
1078	1086
1078	2224
1079	1079
1079	1080
1079	1081
1079	1083
1079	1084
1079	1085
1080	1429
1081	2224
1084	1275
1084	1563
1084	2224
1086	1326
1087	1087
1087	1088
1087	1089
1093	1974
1102	1103
1102	1104
1102	1105
1104	2329
1105	2329
1116	2114
1120	2265
1121	1121
1123	1421
1124	1124
1124	1125
1124	1126
1124	1127
1124	1128
1130	2188
1131	1131
1132	1132
1132	1133
1132	1134
1135	1175
1136	1136
1136	2093
1137	1137
1137	1138
1137	1140
1137	1141
1137	1142
1137	1143
1140	2261
1146	1147
1146	1663
1146	1938
1146	2052
1147	1148
1147	1150
1147	1895
1151	1738
1153	1153
1153	1154
1153	1155
1153	1156
1153	1157
1153	1158
1154	1154
1154	1155
1154	1157
1159	2135
1161	1161
1161	1905
1162	1162
1162	1163
1162	1164
1165	1165
1167	1167
1169	1645
1170	1170
1172	1491
1172	1843
1172	1844
1172	1845
1174	1174
1174	1175
1174	1176
1174	1177
1175	1739
1175	2334
1178	1178
1178	1870
1178	1910
1179	1192
1180	1936
1180	2153
1183	1407
1188	1188
1188	1189
1188	1190
1188	1191
1188	1192
1188	1193
1188	1372
1190	1491
1192	1985
1194	1194
1194	2135
1195	1195
1195	1196
1197	1197
1197	1198
1197	1199
1198	1368
1199	1368
1200	1200
1206	1206
1210	1212
1210	1739
1212	1569
1213	1213
1213	1214
1213	1215
1213	1216
1213	1217
1218	1218
1218	1219
1220	1220
1225	1225
1225	1226
1227	1273
1227	1275
1229	2334
1233	2164
1235	1275
1238	1238
1238	1239
1240	1240
1240	1241
1240	1242
1240	1243
1240	1244
1240	1245
1240	1674
1247	1248
1251	1251
1256	1828
1256	2006
1259	1259
1259	1260
1267	1273
1268	1273
1268	1326
1271	1273
1272	1273
1272	1275
1273	1274
1273	1275
1279	1279
1279	1280
1281	1281
1281	1282
1283	1284
1283	1285
1288	1423
1289	1289
1289	1290
1289	1291
1289	1292
1289	1293
1292	2078
1294	1294
1298	1298
1299	1299
1299	1300
1301	1301
1301	1302
1303	1303
1303	1304
1308	1308
1308	1309
1308	1310
1308	1585
1309	1310
1309	1585
1309	1685
1309	1925
1310	1373
1310	1585
1310	1685
1310	2101
1310	2102
1310	2315
1318	1318
1321	1787
1322	1322
1323	1323
1323	1324
1324	1880
1326	1326
1326	1327
1328	1328
1328	1329
1328	1330
1331	1331
1332	1332
1332	1333
1333	1801
1334	1334
1335	1335
1336	1336
1346	1346
1346	1459
1348	1348
1349	1349
1352	1353
1352	1354
1352	1355
1352	1356
1353	1357
1353	1870
1353	2173
1354	1358
1355	1357
1357	1357
1357	1358
1357	1359
1358	1358
1360	1360
1360	1361
1361	1361
1362	1362
1362	1363
1364	1364
1364	1365
1364	1366
1368	1368
1368	1369
1368	1370
1368	1371
1372	1372
1372	1373
1373	1373
1375	1375
1375	1961
1378	1593
1378	1656
1378	1888
1378	1908
1380	1380
1380	1625
1381	1381
1381	1382
1381	1383
1381	1384
1384	2220
1385	1385
1386	1386
1386	1387
1386	1389
1386	1390
1386	1391
1389	1390
1393	1393
1393	1642
1394	2209
1395	1395
1396	1396
1396	1877
1397	1397
1398	1398
1399	1399
1400	1400
1401	1401
1402	1402
1403	1403
1404	1404
1404	1841
1405	1405
1406	1406
1407	1407
1408	1408
1409	1409
1410	1410
1411	1411
1417	1417
1418	1418
1418	1573
1418	1734
1418	1735
1418	1736
1418	1737
1419	1419
1421	1421
1422	1422
1423	1423
1423	1424
1424	1424
1425	1425
1426	1426
1429	1429
1431	1431
1432	1432
1434	2144
1437	1437
1437	1438
1439	1439
1442	1442
1442	1479
1442	1482
1444	1444
1445	1445
1446	1446
1447	1447
1448	1448
1449	1449
1450	1450
1451	1451
1452	1452
1452	1453
1452	1454
1452	1455
1452	1456
1456	2071
1460	1460
1460	1461
1460	1462
1463	1463
1464	1464
1465	1465
1466	1466
1467	1467
1468	1468
1469	1469
1470	1470
1471	1471
1471	1787
1472	1472
1473	1473
1474	1474
1475	1477
1479	2056
1479	2252
1482	2238
1485	2334
1489	1635
1489	2238
1491	1613
1491	1956
1491	2058
1495	1849
1496	1533
1496	1559
1496	1635
1496	1702
1496	2307
1498	2078
1498	2225
1498	2307
1502	1513
1502	1613
1502	1679
1502	1810
1502	1816
1502	2315
1503	1504
1505	1506
1506	1931
1506	2254
1507	1508
1507	1510
1507	1511
1508	1529
1508	1685
1508	1920
1510	2261
1511	2002
1513	1514
1513	1515
1513	1516
1515	1993
1516	1563
1516	1628
1516	1993
1518	2122
1523	2127
1526	2056
1526	2141
1526	2289
1527	1759
1530	1920
1531	2017
1534	1664
1535	1582
1537	1568
1537	1724
1546	1948
1548	2035
1548	2171
1558	2048
1560	1561
1560	1562
1560	1563
1560	1564
1563	1996
1563	1997
1563	1998
1563	1999
1564	1802
1564	2014
1564	2321
1565	1566
1565	1868
1567	1568
1568	1586
1568	1600
1568	1791
1568	1792
1568	2183
1577	1636
1577	2017
1577	2152
1577	2193
1579	2251
1580	2114
1582	1583
1585	1586
1585	1685
1589	1648
1589	1788
1589	1828
1589	1925
1590	1948
1593	1664
1593	1827
1593	2012
1593	2260
1593	2266
1593	2334
1594	1664
1594	1682
1608	1931
1610	1925
1610	2030
1610	2122
1610	2223
1616	1944
1616	2141
1625	1626
1625	1627
1627	1831
1628	1629
1628	1630
1628	1939
1629	1939
1629	1940
1630	1765
1630	1978
1630	2040
1631	1632
1633	1634
1636	1637
1637	1673
1637	2036
1639	1640
1639	1641
1640	2078
1641	2333
1642	1664
1645	1942
1645	1943
1650	1651
1650	2036
1650	2137
1651	1659
1651	1744
1651	1745
1651	1746
1651	2137
1669	1877
1670	2238
1673	2305
1674	1675
1674	1676
1674	1677
1682	2054
1685	1920
1685	2102
1689	2173
1690	1886
1695	2334
1702	2089
1703	2192
1707	1708
1707	1709
1707	1710
1707	1711
1707	1712
1707	1713
1708	1710
1709	1710
1710	1711
1710	1712
1710	1713
1710	1990
1710	2252
1720	1764
1724	1743
1727	1728
1727	2260
1727	2318
1730	2040
1738	1739
1741	1803
1742	1815
1747	1748
1747	1749
1751	1752
1751	1753
1751	1754
1755	1756
1755	1757
1755	1758
1763	1764
1765	1766
1769	2260
1771	1772
1771	1773
1772	2000
1772	2044
1775	2193
1776	1849
1778	1905
1781	2122
1781	2289
1787	1979
1787	1980
1788	1790
1793	2193
1805	1806
1805	1807
1806	1905
1810	1811
1812	2017
1814	2030
1820	2317
1828	1829
1828	1830
1828	2006
1829	2006
1830	2006
1831	1832
1831	1833
1835	2260
1836	2345
1837	2340
1838	1839
1838	1840
1841	1842
1846	1847
1846	1848
1847	2223
1847	2276
1849	1850
1849	1851
1851	2251
1858	1870
1858	2114
1866	1867
1870	1871
1870	1872
1870	1873
1876	2056
1876	2302
1877	1878
1877	1879
1880	1881
1880	1882
1882	1886
1886	2235
1886	2236
1886	2237
1899	2340
1905	1906
1905	1907
1905	1908
1906	1974
1908	2147
1910	1911
1910	1913
1910	1914
1920	1960
1922	2340
1923	1924
1942	2081
1944	1945
1945	2286
1948	1949
1948	1951
1953	1954
1953	1955
1954	2054
1957	1958
1960	2076
1963	2146
1971	2078
1971	2231
1974	1975
1974	1976
1974	1977
1974	1978
1981	1982
1990	1991
1990	1992
1994	1995
2001	2189
2001	2290
2004	2005
2004	2008
2005	2088
2006	2319
2006	2320
2007	2192
2013	2014
2030	2031
2030	2032
2030	2033
2038	2039
2040	2041
2040	2042
2040	2223
2045	2086
2046	2069
2048	2049
2054	2264
2056	2057
2057	2201
2058	2059
2058	2268
2060	2205
2068	2154
2070	2071
2078	2079
2078	2080
2110	2111
2114	2115
2119	2120
2119	2121
2120	2264
2122	2123
2122	2301
2126	2127
2126	2128
2127	2226
2135	2136
2142	2146
2144	2145
2150	2151
2158	2159
2158	2160
2162	2163
2164	2165
2164	2166
2164	2167
2173	2174
2173	2175
2176	2323
2189	2190
2193	2194
2206	2207
2209	2210
2209	2211
2220	2239
2231	2232
2231	2233
2254	2255
2261	2262
2261	2263
2268	2269
2270	2271
2275	2334
2291	2292
2291	2293
2297	2298
2302	2303
2323	2324
2323	2325
2334	2341
2336	2337
2338	2339
2353	2354
