# Undirected graph (each unordered pair of nodes is saved once): output/networks/yeastremoveRandom-15percent.txt
# Nodes: 2007 Edges: 5166
# NodeId	NodeId
1	1
1	2
1	3
2	1041
2	1076
2	1079
2	1275
3	463
3	974
3	975
3	996
3	1079
4	4
4	5
4	6
4	566
4	1443
4	1880
4	1972
5	149
5	1100
5	2308
6	6
6	18
6	57
6	82
6	118
6	149
6	184
6	224
6	357
6	713
6	747
6	784
6	877
6	997
6	1113
6	1176
6	1180
6	1181
6	1182
6	1183
6	1184
6	1185
6	1186
6	1187
6	1279
6	1419
6	1521
6	1573
6	1574
6	1575
6	1576
6	1577
6	1578
6	1579
6	1580
6	1581
8	8
9	9
10	10
10	11
10	907
11	11
11	56
11	64
11	126
11	168
11	172
11	252
11	253
11	299
11	540
11	910
11	994
11	995
11	996
11	1259
12	12
12	14
12	644
14	14
14	508
14	2289
17	17
17	186
17	369
17	1334
17	1393
17	1568
18	18
18	508
19	19
19	980
19	1512
19	2188
20	20
20	21
20	22
20	23
20	1079
21	227
21	593
21	849
21	920
21	1174
22	22
23	303
23	396
23	417
23	439
23	485
23	593
23	699
23	833
23	849
23	877
23	1174
23	1336
23	1376
23	1379
27	392
27	2220
28	392
28	2122
28	2257
29	29
30	31
30	32
31	338
31	369
31	539
31	566
31	648
31	1006
31	1028
31	1038
31	1346
31	1352
31	1357
31	1372
31	1378
31	1707
31	1831
31	1934
31	1941
31	2068
31	2251
31	2334
33	33
33	34
33	35
33	36
33	37
33	38
33	39
35	38
35	122
35	126
35	133
35	163
35	165
35	277
35	425
35	432
35	445
35	1640
35	1786
35	1874
35	1875
35	1876
37	60
37	116
37	172
37	249
37	490
37	864
37	946
37	1100
37	1106
37	1392
39	126
39	389
39	391
39	566
39	591
39	1041
39	1069
39	1100
39	1439
39	1449
39	1726
39	2127
40	40
40	41
40	42
40	43
41	1739
44	44
44	45
44	46
44	47
45	45
45	1012
46	61
46	212
46	275
46	278
46	298
46	299
46	302
46	318
46	1021
46	1028
46	1208
46	1714
46	1808
50	50
51	51
51	508
53	53
53	56
53	57
53	59
53	1491
56	56
56	57
56	58
56	59
57	57
57	59
57	71
57	76
57	215
57	222
57	388
57	509
57	585
57	588
57	927
57	1040
57	1113
57	1444
57	1518
57	1519
57	1520
57	1521
57	1522
57	1524
57	1525
57	1526
57	1614
57	1817
57	1870
57	1900
57	1966
57	2090
57	2127
57	2141
57	2143
57	2220
58	68
58	227
58	265
58	284
58	1004
58	1022
58	1041
58	1310
58	1328
58	1450
58	1664
58	1817
58	1912
58	1948
58	2022
59	59
59	117
59	165
59	168
59	1224
59	1809
60	61
60	63
60	64
60	65
61	61
61	64
61	83
61	166
61	299
61	301
61	302
61	341
61	382
61	401
61	418
61	420
61	423
61	425
61	428
61	430
61	443
61	445
61	463
61	507
61	641
61	643
61	644
61	647
61	649
61	656
61	658
61	767
61	1014
61	1019
61	1028
61	1129
61	1165
61	1413
61	1414
61	1428
61	1808
61	1915
61	2073
61	2096
61	2257
63	63
63	375
63	849
63	850
63	851
63	852
63	1053
64	115
64	116
64	163
64	164
64	170
64	268
64	388
64	390
64	417
64	635
64	649
64	1038
64	1136
64	1247
64	1424
65	65
65	944
66	66
66	566
66	1548
66	2171
66	2328
67	67
68	68
68	69
68	70
68	71
68	73
68	74
68	75
68	76
68	456
68	663
68	836
68	1041
68	1443
68	1817
68	2220
69	102
69	181
69	299
69	334
69	530
69	709
69	717
69	827
69	874
69	984
69	1053
69	1395
69	1410
69	1520
69	1554
69	1880
69	1952
70	566
70	588
70	699
70	943
70	1038
70	1210
70	1849
70	2119
70	2287
71	143
71	238
71	399
71	566
71	664
71	699
71	1034
71	1041
71	1102
71	1167
71	1346
71	1408
71	1726
71	1817
71	1827
73	583
73	584
73	585
73	586
73	588
73	752
73	1033
73	1034
73	1117
73	1122
73	1952
73	2143
74	709
74	1041
74	1247
74	1444
74	1568
74	2257
75	583
75	584
75	586
75	925
75	1033
75	1034
75	1038
75	1117
75	1122
75	1439
76	709
77	77
77	566
77	1679
79	79
79	80
79	81
79	82
79	83
80	120
80	138
80	149
80	537
80	554
80	850
80	1001
80	1006
80	1866
80	2053
82	372
82	874
82	1378
82	1386
82	1805
82	1972
82	2022
82	2114
82	2334
83	156
83	306
83	406
83	611
83	709
83	1007
83	1020
83	1269
83	1487
83	1709
83	2221
83	2222
83	2257
85	85
85	843
86	86
86	87
87	508
88	89
90	90
90	92
92	92
92	188
92	1178
93	93
93	94
93	95
93	96
93	97
93	98
93	99
93	101
93	102
93	103
94	102
94	456
94	485
94	664
94	699
94	1137
94	1153
94	1221
95	102
95	1768
96	102
97	102
98	102
99	102
101	102
102	102
102	103
102	1325
103	1768
104	104
104	105
106	106
107	107
107	108
107	109
107	110
107	113
107	664
113	425
114	114
114	1408
115	115
115	116
115	117
115	118
115	784
115	2078
116	116
116	117
116	170
116	349
116	635
116	1130
116	1136
117	186
117	349
117	508
117	635
117	995
117	1388
117	1962
117	2260
118	272
118	767
118	777
118	975
118	1240
118	2138
118	2267
119	119
120	120
120	121
120	122
120	123
120	124
120	125
120	126
120	127
120	130
120	131
120	132
120	133
120	134
120	135
120	137
120	138
120	141
120	169
120	238
120	268
120	334
120	544
120	591
120	652
120	676
120	762
120	765
120	822
120	834
120	881
120	903
120	921
120	985
120	1135
120	1347
120	1487
120	1493
120	1557
120	1570
120	1599
120	1812
120	1814
121	126
121	131
121	132
121	134
121	135
121	165
121	252
121	697
121	882
122	126
122	131
122	132
122	134
122	135
122	165
122	252
122	302
122	697
122	996
122	1106
122	1915
122	2017
123	125
123	126
123	131
123	132
123	134
123	135
123	591
123	767
123	799
123	1521
123	1532
125	126
125	131
125	134
125	1596
125	2322
126	126
126	127
126	131
126	132
126	134
126	135
126	137
126	138
126	166
126	167
126	168
126	169
126	174
126	241
126	242
126	243
126	244
126	245
126	246
126	247
126	249
126	251
126	252
126	253
126	302
126	537
126	1742
126	1962
126	1981
126	2016
126	2030
126	2040
127	132
127	252
127	627
130	131
130	132
130	134
130	135
130	249
130	456
130	638
130	652
130	849
130	1106
130	2017
131	131
131	132
131	133
131	134
131	135
131	138
131	165
131	167
131	171
131	241
131	243
131	246
131	252
131	445
131	882
131	1439
131	1440
131	2040
132	132
132	134
132	135
132	167
132	252
132	443
132	537
133	135
133	165
133	243
133	252
133	290
133	302
133	425
133	427
133	443
133	537
133	546
133	697
133	882
133	1250
133	1511
133	1570
133	1915
133	1917
133	1962
133	2040
134	134
134	135
134	138
134	249
134	595
135	138
135	167
135	169
135	243
135	246
135	252
135	443
135	445
135	460
135	880
135	882
135	884
135	1021
135	1250
135	1439
135	1440
135	1441
135	1808
135	1915
135	2000
135	2010
135	2040
135	2073
135	2257
135	2278
137	170
137	199
137	400
137	490
137	1010
137	1021
137	1240
138	165
138	166
138	167
138	243
138	246
138	252
138	290
138	299
138	301
138	302
138	460
138	882
138	985
138	996
138	1106
138	1440
138	1511
138	1570
138	1915
138	1959
138	2016
138	2017
138	2040
139	139
139	140
139	141
139	142
139	2095
142	142
142	2095
143	143
143	144
143	611
143	1487
144	566
144	982
144	995
145	145
145	430
145	463
145	784
145	995
145	1679
145	1680
145	1817
145	1905
145	1934
145	2022
145	2260
146	146
146	148
146	149
146	150
146	151
146	153
146	154
146	156
146	157
146	158
146	159
146	160
146	161
146	845
148	357
148	932
148	1010
148	1011
148	1255
148	1458
148	2073
148	2192
149	149
149	150
149	153
149	154
149	160
149	167
149	170
149	329
149	687
149	689
149	691
149	845
149	943
149	992
149	1181
149	1202
149	1497
149	1517
149	1971
150	150
150	153
150	154
150	158
150	160
150	170
150	199
150	255
150	263
150	367
150	687
150	688
150	689
150	691
150	1202
151	1010
151	1261
151	1392
153	153
153	156
153	157
153	158
153	159
153	160
153	161
153	170
153	199
153	214
153	365
153	367
153	545
153	688
153	689
153	691
153	845
153	874
153	985
153	1010
153	1136
153	1200
153	1202
153	1204
153	1252
153	1254
153	1255
153	1256
153	1257
153	1258
153	1392
153	1435
154	689
154	845
154	1200
154	1202
156	226
156	234
156	303
156	338
156	388
156	399
156	895
156	1651
156	1942
156	2268
157	214
157	1010
157	1261
158	158
158	254
158	255
158	261
158	266
158	365
158	688
158	988
158	992
158	1202
159	844
159	1010
159	1261
160	688
160	689
160	845
160	1202
161	162
161	197
161	199
161	291
161	490
161	498
161	826
161	1010
161	1011
161	1392
161	2073
161	2096
162	162
162	163
162	164
162	165
162	166
162	167
162	168
162	169
162	170
162	171
162	172
162	490
162	543
162	644
162	872
162	1392
162	1928
162	1929
162	2010
163	163
163	164
163	166
163	401
163	418
163	420
163	423
163	425
163	426
163	427
163	428
163	430
163	507
163	640
163	643
163	644
163	647
163	649
163	654
163	655
163	656
163	657
163	658
164	165
164	278
164	302
164	428
164	543
164	644
164	818
164	1028
165	165
165	167
165	169
165	171
165	243
165	252
165	302
165	425
165	443
165	445
165	490
165	491
165	544
165	697
165	882
165	884
165	985
165	1570
165	2073
165	2168
166	172
166	268
166	272
166	428
166	543
166	644
166	872
166	882
166	1028
166	1053
166	1714
166	1808
166	1915
166	2278
166	2326
167	241
167	252
167	302
167	456
167	543
167	697
167	872
167	882
167	1726
167	2073
168	172
168	253
168	272
168	299
168	540
168	849
168	995
168	996
168	1259
168	1336
168	2267
169	172
169	302
169	490
169	591
169	697
169	1053
169	1570
169	1808
169	1915
169	2010
170	170
170	197
170	199
170	237
170	302
170	369
170	428
170	493
170	498
170	545
170	767
170	768
170	826
170	1010
170	1011
170	1295
170	1392
170	1570
170	1808
170	2073
170	2096
170	2112
171	399
171	422
171	428
171	490
171	882
171	1915
171	1962
171	2010
171	2073
172	172
172	237
172	272
172	638
172	996
172	1011
172	1106
172	1430
172	1443
172	2073
172	2096
173	173
174	174
174	175
174	176
174	177
174	178
174	1038
175	1038
176	176
176	361
176	461
176	737
176	744
176	748
176	811
176	849
176	1227
176	1228
176	1229
176	1230
176	1231
176	1232
176	1234
176	1275
176	2164
177	1607
178	1038
179	179
179	181
179	184
179	185
179	376
179	1139
179	1170
179	1520
179	1583
179	1624
179	1950
181	181
181	208
181	885
181	1170
181	1607
181	1912
184	227
184	252
184	265
184	285
184	426
184	428
184	1279
184	1674
184	1805
184	1806
184	2090
185	396
185	425
185	510
185	520
185	593
185	627
185	697
185	709
185	844
185	849
185	850
185	1038
185	1194
185	1599
185	1912
185	2137
185	2238
185	2268
186	186
186	187
186	252
186	290
186	1067
186	1069
186	1208
186	1311
186	1521
186	1551
186	1852
186	1881
186	2346
186	2347
186	2349
186	2350
187	896
187	1178
187	1281
187	1403
187	1422
188	304
188	1052
188	1058
189	189
189	190
189	191
189	192
189	193
189	283
189	1535
189	1714
189	2001
189	2290
190	190
190	191
190	192
190	310
190	311
190	312
190	313
190	1252
190	1500
190	1962
190	2001
190	2283
190	2332
191	1476
191	1521
192	1602
194	194
194	196
194	197
194	198
194	1432
194	1731
194	1732
194	1733
196	197
196	198
196	1045
196	1059
196	1489
196	1739
196	1795
196	1919
196	1971
196	2342
196	2343
197	198
197	278
197	283
197	1337
197	1618
197	1775
198	508
198	647
198	837
198	1656
199	199
199	201
199	372
199	498
199	537
199	732
199	826
199	887
199	1021
199	1181
199	1208
199	1323
199	1392
199	1554
199	1569
199	1577
199	1625
199	1831
199	1854
199	2022
199	2073
199	2257
201	611
201	806
201	1055
201	1100
207	207
207	357
208	874
208	1443
211	211
211	212
211	214
212	212
212	214
212	301
212	302
212	304
212	402
212	403
212	404
212	437
212	620
212	622
212	843
212	1020
212	1094
212	1096
212	1171
212	1172
212	1173
212	1379
212	1714
214	214
214	276
214	299
214	302
214	402
214	403
214	404
214	437
214	596
214	1094
214	1095
214	1096
214	1171
215	215
215	216
217	217
217	218
217	219
217	220
217	221
217	222
217	223
217	224
217	225
217	389
217	659
217	911
218	218
218	225
218	495
218	1787
219	318
219	480
219	753
219	765
219	767
220	220
220	389
220	833
220	1787
220	2015
221	290
221	1207
221	1208
221	1311
222	472
223	1787
224	224
224	1046
225	225
226	226
226	616
226	708
226	709
226	1570
226	1571
226	1572
226	2257
227	227
227	230
227	232
227	233
227	234
227	235
227	236
227	237
227	238
227	239
227	877
227	1187
227	1618
227	1678
227	1688
230	854
232	236
232	566
232	1131
232	1279
232	1307
232	1614
232	1680
232	2072
233	233
233	236
233	338
233	970
233	978
234	234
234	236
234	335
234	337
234	338
234	1168
234	1169
236	236
236	685
236	686
236	1131
236	1305
236	1307
236	1680
236	2082
236	2206
237	272
237	294
237	298
237	334
237	435
237	454
237	583
237	644
237	709
237	1058
237	1392
237	1449
238	238
238	398
238	479
238	1044
238	1045
238	1283
238	1285
238	1286
238	1287
238	1326
238	1606
238	1910
238	2022
238	2078
238	2138
238	2334
239	278
239	302
239	399
239	537
239	595
239	885
239	920
239	1021
239	1181
239	1376
239	1915
239	2006
239	2257
240	240
241	241
241	243
242	252
242	537
243	252
243	290
243	537
243	697
243	882
243	1240
243	1915
243	2040
243	2104
243	2105
243	2106
245	537
245	784
245	1915
245	2257
246	302
246	1962
247	247
247	548
247	823
249	249
249	652
249	996
249	1106
251	846
251	996
252	252
252	268
252	290
252	302
252	427
252	443
252	445
252	697
252	872
252	880
252	882
252	1045
252	1137
252	1250
252	1480
252	1484
252	1495
252	1538
252	1593
252	1690
252	1739
252	1793
252	1794
252	1795
252	1797
252	1915
252	2016
252	2257
253	253
253	272
253	299
253	497
253	498
253	540
253	721
253	910
253	995
253	1099
253	1100
253	1101
253	1259
253	2267
254	254
254	255
254	256
254	257
254	258
254	259
254	260
254	261
254	262
254	263
254	264
254	265
254	266
254	267
254	268
254	269
254	270
254	271
254	992
255	255
255	266
255	365
255	688
255	988
255	1202
256	266
256	1435
257	261
257	264
257	265
257	688
258	266
258	268
258	992
259	259
260	261
260	266
260	992
260	1435
260	2261
261	261
261	263
261	264
261	266
261	267
261	268
261	314
261	365
261	992
261	1202
261	1435
262	992
263	266
263	268
263	505
263	509
263	673
263	688
263	872
263	988
263	992
263	1200
263	1202
263	1435
264	265
264	266
264	267
264	688
264	992
264	1202
264	1435
265	265
265	266
265	268
265	277
265	365
265	688
265	1202
265	1435
266	268
266	269
266	270
266	366
266	368
266	1435
267	688
267	1435
268	268
268	272
268	545
268	611
268	644
268	688
268	806
268	990
268	991
268	992
268	1435
269	688
269	992
269	1435
270	992
270	1435
272	272
272	273
272	274
272	275
272	276
272	277
272	278
272	279
272	281
272	283
272	1714
273	299
273	1102
274	315
275	275
275	299
275	301
275	302
275	362
275	363
275	530
275	554
275	596
275	985
275	1224
275	2261
276	298
276	304
276	591
276	593
276	752
276	827
276	833
276	874
276	1052
276	1053
276	1058
276	1213
276	1607
277	277
277	399
277	924
277	925
277	926
277	927
277	928
277	929
277	930
277	1422
277	1446
278	278
278	301
278	351
278	1816
278	2131
279	1444
283	283
283	290
283	369
283	428
283	508
283	596
283	627
283	632
283	697
283	829
283	1011
283	1038
283	1041
283	1053
283	1100
283	1172
283	1295
283	1443
283	1559
283	1727
283	1866
283	2022
283	2093
283	2141
283	2161
284	284
284	285
284	286
284	287
284	288
284	289
284	290
284	291
284	293
284	294
284	474
284	919
285	285
285	286
285	287
285	288
285	289
285	291
285	293
285	294
285	320
285	474
285	543
285	919
285	1187
286	286
286	287
286	289
286	290
286	291
286	293
286	294
286	316
286	474
286	543
286	919
287	287
287	288
287	289
287	290
287	291
287	293
287	294
287	295
287	316
287	474
287	543
287	919
288	289
288	291
288	293
288	474
288	543
288	919
288	1003
289	289
289	290
289	291
289	293
289	294
289	474
289	543
289	917
289	919
289	1003
290	291
290	293
290	474
290	497
290	498
290	543
290	686
290	784
290	879
290	919
290	1003
290	1254
290	1440
290	1477
290	1478
290	1487
290	1497
290	1506
290	1533
290	1535
290	1536
290	1537
290	1538
290	1539
290	1540
290	1931
291	291
291	293
291	294
291	316
291	474
291	919
291	1436
293	293
293	294
293	543
293	919
293	1003
294	294
294	315
294	316
294	317
294	375
294	474
294	543
294	748
294	985
294	1065
295	302
296	296
296	297
296	359
296	520
296	1247
298	298
298	299
298	300
298	301
298	302
298	303
298	304
299	299
299	301
299	302
299	305
299	306
299	307
299	308
299	663
299	1028
299	1714
300	390
300	566
300	591
300	875
300	985
300	1866
300	2096
301	302
301	318
301	784
301	1021
301	1028
301	1181
301	1402
301	1714
301	1808
301	2223
302	308
302	316
302	318
302	361
302	425
302	544
302	591
302	649
302	783
302	834
302	985
302	1021
302	1028
302	1109
302	1136
302	1208
302	1224
302	1497
302	1511
302	1714
302	1770
302	1775
302	1805
302	1808
302	1960
302	1976
302	2053
302	2055
302	2109
303	303
303	304
303	591
303	625
303	874
303	1058
304	304
304	566
304	591
304	592
304	593
304	620
304	621
304	622
304	623
304	624
304	625
304	626
304	874
304	1058
307	995
307	996
307	1259
307	2267
315	315
315	316
315	317
315	318
316	316
316	317
318	318
318	865
318	1109
318	1151
318	1264
321	325
321	1870
322	325
322	523
322	674
322	775
322	1303
323	325
323	425
323	523
323	1303
324	325
325	325
325	429
325	775
325	1054
326	326
329	1255
329	1435
329	1922
329	1966
329	2114
334	334
334	335
334	337
334	338
334	854
334	995
334	1378
334	1505
334	1613
334	1664
334	1904
334	1974
334	2012
334	2022
334	2260
334	2299
335	338
337	338
338	338
338	507
338	590
338	1168
338	1169
338	1394
338	1705
338	1706
339	339
339	340
339	341
339	342
339	343
339	344
339	345
339	346
339	347
339	348
339	382
339	1129
341	341
341	342
341	343
341	344
341	346
341	347
341	348
341	382
341	383
341	384
341	1129
342	346
342	382
342	1129
343	346
343	382
343	1129
344	346
344	382
344	850
344	1129
345	346
345	382
345	1129
346	346
346	347
346	348
346	382
346	383
346	401
346	850
346	1129
347	382
347	850
347	1129
348	382
348	1129
349	349
349	530
350	350
350	351
350	352
350	353
350	354
350	355
351	351
351	352
351	353
351	946
351	949
351	1056
351	1057
351	2070
352	353
352	588
352	669
352	887
352	946
352	949
352	1045
352	1055
352	1056
352	1484
352	1498
352	1557
352	1950
352	2127
353	588
353	925
353	946
353	1055
353	1167
353	1606
353	1950
353	2070
353	2186
353	2187
355	854
355	1912
355	2356
357	357
357	358
357	359
357	360
357	425
357	1960
357	2006
357	2007
358	1520
358	1605
358	2352
359	359
359	721
361	361
361	362
361	363
361	364
361	1626
365	365
365	366
365	367
365	368
365	369
365	370
365	688
365	988
365	1202
366	631
366	688
366	988
366	1200
366	1202
366	1435
367	688
367	992
367	1010
367	1200
367	1202
368	988
368	1200
368	1202
369	643
369	648
369	988
369	1166
369	1167
369	1202
369	1281
369	1337
369	1478
369	1589
369	1689
370	688
370	988
370	992
370	1200
370	1202
372	372
372	373
372	375
372	697
372	777
372	1599
372	2022
372	2251
373	373
373	375
373	648
373	1011
373	1194
373	1599
373	1994
373	2156
373	2266
373	2267
375	392
375	435
375	439
375	447
375	849
376	376
376	537
376	652
376	784
376	836
376	1680
376	1726
376	1808
376	2022
376	2143
376	2334
378	378
378	379
378	380
378	381
378	671
378	677
378	784
378	882
379	784
380	784
381	784
382	382
382	383
382	384
382	617
382	850
382	1129
383	617
383	1129
385	385
385	386
385	387
385	388
386	827
386	1557
386	1695
386	1950
386	2351
387	2215
388	388
388	589
388	823
388	827
388	829
388	830
388	837
388	874
388	1041
388	1066
388	1484
388	1520
388	2157
389	389
389	390
389	391
390	390
390	566
390	591
390	622
390	746
390	874
390	875
390	985
390	1070
390	1071
390	1072
390	1088
390	1089
390	1091
390	1092
390	1119
390	2164
391	391
391	566
391	1069
391	1070
391	1071
391	1072
391	1073
391	1074
391	1075
391	1439
391	1912
393	394
393	591
395	395
395	508
395	627
396	396
396	397
396	398
396	399
396	400
397	397
397	692
398	456
398	485
398	616
398	627
398	632
398	664
398	699
398	849
398	1041
398	1100
398	1102
398	1194
398	1281
398	1346
398	1379
399	399
399	424
399	537
399	587
399	588
399	818
399	873
399	884
399	930
399	960
399	962
399	963
399	970
399	972
399	997
399	998
399	999
399	1000
399	1001
399	1385
399	1446
399	1994
399	2058
400	1866
401	401
401	402
401	403
401	404
401	644
401	767
401	1129
402	1171
402	1707
403	1171
405	405
406	406
406	407
406	408
406	409
406	554
406	784
406	854
406	2267
407	554
407	806
407	1188
410	410
417	417
417	422
417	554
418	644
418	1880
419	644
420	644
422	422
422	424
422	431
422	544
422	575
422	784
422	1004
422	1413
422	1414
422	1838
423	644
425	425
425	426
425	428
425	628
425	644
425	649
425	650
425	651
425	1028
425	1458
425	1915
425	1962
425	2010
425	2073
425	2257
425	2278
426	644
426	1187
426	1511
426	1678
426	2299
427	428
427	644
427	1019
427	1028
427	1930
428	428
428	445
428	507
428	640
428	641
428	643
428	644
428	645
428	647
428	648
428	799
428	1017
428	1187
428	1489
428	1520
428	1678
428	1808
428	1814
428	1871
428	2050
428	2051
429	447
429	632
429	664
429	699
429	850
429	885
429	943
429	1323
430	644
430	1493
430	1502
430	2099
431	784
435	436
435	437
435	438
435	439
435	440
435	1181
436	439
437	439
439	439
439	440
439	461
439	1181
440	574
440	1181
443	872
443	882
443	1102
443	1570
443	2073
445	882
446	446
446	508
446	995
446	1905
446	1921
446	2169
447	447
447	448
447	449
447	2022
454	454
454	455
454	456
454	457
454	458
456	456
456	457
456	458
456	460
458	526
460	1714
460	2010
461	721
461	737
461	1068
461	1406
463	463
463	968
463	1076
463	1084
463	1498
463	1618
463	1621
463	1721
463	1852
463	2335
464	464
465	465
465	466
465	467
465	468
465	469
465	470
465	471
466	466
471	1337
472	472
472	498
473	473
474	475
474	476
474	477
474	543
474	919
475	882
480	480
480	1288
482	482
483	483
483	484
484	1442
484	2022
485	485
485	486
485	487
485	488
486	566
486	583
486	584
486	586
486	588
486	925
486	1033
486	1034
486	1117
486	1122
486	1817
486	1952
487	664
489	489
489	1460
490	491
490	493
490	627
491	697
491	872
491	1962
491	2010
493	505
493	775
493	777
493	804
493	806
493	1392
494	494
494	495
494	496
494	497
494	498
494	500
494	502
494	617
495	593
495	833
495	885
495	1281
495	1376
496	498
496	500
496	566
496	837
496	1435
496	1817
496	2090
496	2138
496	2353
497	498
497	500
497	617
497	1261
497	1392
497	1714
498	502
498	826
498	1714
498	1732
500	502
500	550
500	617
500	983
500	1040
500	1526
500	1577
500	1671
500	1672
500	1714
502	617
502	1172
502	1714
505	505
505	508
505	509
505	676
505	680
505	688
505	767
505	782
505	785
505	789
505	795
505	798
505	801
505	987
505	988
505	989
505	992
505	1200
505	1202
506	872
506	992
507	644
507	872
507	1028
508	509
508	582
508	601
508	659
508	673
508	688
508	988
508	989
508	992
508	1136
508	1200
508	1202
508	1311
508	1478
508	1487
508	1502
508	1602
508	1605
508	1637
508	1699
508	1731
508	1732
508	1769
508	1776
508	1777
508	1778
508	1779
508	1780
508	1781
508	1782
508	1783
508	1786
509	509
509	673
509	681
509	688
509	872
509	988
509	989
509	992
509	1202
509	1624
510	510
510	699
510	1038
510	1041
510	1167
510	1194
513	513
514	514
515	515
516	516
516	518
516	519
516	1373
516	1508
516	1528
516	1529
516	1530
518	1920
518	2017
518	2238
519	1508
520	520
521	521
522	522
523	523
524	524
524	1045
524	1515
524	1616
524	1718
524	1947
525	525
526	526
527	527
528	528
529	529
530	530
530	531
530	532
530	533
534	534
535	535
536	536
537	539
537	550
537	595
537	611
537	826
537	1017
537	1521
537	1588
537	1589
537	1590
537	1591
537	1593
537	1595
537	1596
537	1597
537	1598
539	1573
540	540
540	542
540	583
540	712
540	1915
542	583
543	543
543	544
543	545
543	546
543	644
543	1010
544	697
544	709
544	882
544	1021
544	1808
544	1915
544	1962
544	2073
544	2096
544	2247
544	2257
545	872
545	1240
546	644
546	657
548	823
550	850
550	1614
550	2137
550	2268
554	583
554	591
554	985
554	1020
554	1224
554	1933
554	1934
555	555
555	617
555	657
555	981
555	1378
556	1726
558	1052
558	1058
565	565
565	946
565	1100
566	566
566	570
566	601
566	628
566	704
566	875
566	887
566	1031
566	1036
566	1040
566	1045
566	1052
566	1069
566	1070
566	1071
566	1072
566	1073
566	1075
566	1088
566	1089
566	1091
566	1093
566	1487
566	1500
566	1524
566	1525
566	1543
566	1544
566	1547
566	1548
566	1549
566	1550
566	1551
566	1552
566	1553
566	1554
566	1556
566	1557
566	1558
566	2141
570	671
570	676
570	677
570	699
570	1443
571	882
571	1038
571	1444
572	572
573	573
574	574
574	2077
574	2119
575	575
575	576
575	577
575	578
575	579
575	627
578	784
578	1255
578	1393
578	1554
578	2022
578	2267
578	2334
580	580
582	582
582	2189
583	583
583	584
583	585
583	586
583	587
583	588
583	589
583	1952
584	584
584	585
584	586
584	587
584	588
584	589
584	628
584	925
584	963
584	966
584	1033
584	1034
584	1111
584	1113
584	1122
584	1443
584	2143
585	585
585	586
585	588
585	628
585	959
585	963
585	1033
585	1034
585	1038
585	1117
585	1118
585	1122
585	1614
585	1912
585	1952
585	2119
585	2231
586	586
586	587
586	588
586	589
586	628
586	676
586	925
586	1033
586	1034
586	1111
586	1113
586	1115
586	1117
586	1122
586	1726
586	1817
586	1952
586	1966
587	588
587	752
587	1122
587	1346
587	1952
587	2251
588	589
588	925
588	1006
588	1033
588	1034
588	1038
588	1041
588	1043
588	1111
588	1113
588	1117
588	1122
588	1442
588	1509
588	1621
588	1624
588	1801
588	1817
588	1952
588	1966
588	2043
588	2070
588	2138
588	2251
589	925
589	1033
589	1034
589	1117
589	1122
589	1629
589	1952
591	592
591	593
591	594
591	595
591	596
591	598
591	833
591	1001
591	1458
591	1505
591	1664
591	2012
591	2093
591	2096
591	2267
592	1052
593	593
593	752
593	874
593	1052
593	1058
593	2009
594	874
594	1058
594	1628
595	595
595	598
595	818
595	857
595	858
595	860
595	861
595	985
595	1063
595	1435
595	1569
595	1679
595	1726
595	1932
595	2290
596	1052
596	1484
596	2265
598	752
598	985
598	1599
599	599
599	854
599	2016
600	600
601	601
601	854
601	995
601	1336
601	1418
601	1962
601	2318
602	602
603	603
603	604
603	605
603	606
603	607
603	608
603	609
603	610
609	1707
611	611
611	612
611	613
611	614
611	615
611	784
611	854
611	1817
611	1966
611	2053
616	616
616	708
617	617
617	618
617	619
620	874
622	823
622	827
622	874
622	1058
625	874
625	1058
626	874
627	627
627	628
627	629
627	664
627	1007
627	1020
627	1113
627	1159
627	1176
627	1414
627	1477
627	1525
627	1578
627	1579
627	1602
627	1617
627	1631
627	1650
627	1651
627	1652
627	1653
627	1654
627	1655
627	1656
627	1658
627	1661
627	1662
628	664
628	925
628	960
628	1004
628	1033
628	1034
628	1038
628	1100
628	1117
628	1122
628	1194
628	1554
628	1912
630	630
631	631
631	632
631	982
631	1022
631	1817
631	2040
631	2095
632	632
632	1554
636	636
636	2155
637	637
638	638
638	639
639	1357
640	644
640	1962
641	644
641	648
641	1028
643	644
643	1022
643	1028
643	2019
644	644
644	647
644	648
644	649
644	656
644	657
644	658
644	848
644	865
644	959
644	962
644	972
644	1019
644	1020
644	1021
644	1022
644	1023
644	1024
644	1026
644	1027
644	1028
644	1774
647	1001
647	1028
648	669
648	846
648	877
648	985
648	1028
648	1180
648	1509
648	1517
648	1602
648	1799
648	1800
649	1337
651	1311
651	1395
651	1403
652	652
652	1435
652	1962
652	2030
652	2112
654	1028
656	2308
657	1730
658	1028
659	659
659	671
659	1554
663	1188
663	1337
663	1766
663	2359
664	664
664	665
664	666
664	667
664	668
664	669
665	1281
665	1817
665	1912
665	2144
668	699
668	833
668	1281
669	699
669	1281
669	1817
671	671
671	673
671	674
671	675
671	676
671	677
671	678
673	673
673	676
673	677
674	676
674	677
674	1202
674	1311
674	1337
676	677
676	682
676	992
677	1479
677	1756
678	1010
680	688
680	1202
681	988
685	685
685	686
686	2078
686	2189
687	688
687	689
687	845
687	1200
688	691
688	990
688	1203
688	1205
689	689
689	691
689	845
689	1200
689	1202
691	845
691	1028
691	1202
694	694
694	695
694	696
697	697
697	699
697	700
697	882
699	699
699	934
699	1159
699	1161
699	1194
699	1207
699	2238
699	2316
700	1129
700	2188
701	702
704	2318
706	706
706	707
706	1714
708	708
708	709
708	711
709	709
712	712
712	713
712	1311
712	1962
713	1102
713	1259
713	2353
717	717
717	718
717	719
720	720
721	722
721	723
721	724
721	725
721	726
721	728
721	729
721	730
721	731
721	732
721	734
721	735
721	736
721	737
721	738
721	739
721	741
721	742
722	737
722	972
722	1068
722	1194
722	2304
723	737
723	1068
724	737
724	1068
724	1236
724	2308
725	737
725	1068
726	737
726	1068
728	737
728	1068
729	737
729	1068
730	737
730	1068
730	1171
730	1273
730	1926
731	737
731	1068
732	737
732	1068
732	1509
734	737
734	1068
735	737
735	1068
736	737
736	1068
736	1236
737	737
737	738
737	739
737	741
737	744
737	748
737	1084
737	1232
737	1236
737	1237
738	1068
739	1068
741	1068
744	748
744	811
744	1053
744	1232
744	1275
748	748
748	752
748	811
748	1053
748	1067
748	1228
748	1231
748	1232
748	1234
748	1272
748	1273
748	1275
748	1277
748	1278
748	1326
749	749
750	750
750	1041
750	1496
750	2037
752	752
752	811
752	1053
753	753
753	754
753	755
753	756
753	757
753	758
753	759
753	760
753	761
753	762
753	763
753	764
753	765
753	766
753	767
753	768
753	769
753	770
753	771
753	772
753	774
754	765
754	767
756	765
756	767
758	765
758	767
758	1386
759	765
759	767
760	767
761	767
762	765
762	767
763	765
763	767
764	765
764	767
765	765
765	766
765	767
765	771
765	772
765	774
766	767
767	768
767	770
767	771
767	772
767	814
767	816
767	817
767	818
767	819
767	822
768	1469
775	775
775	776
775	777
775	779
775	780
775	781
775	782
775	783
775	784
775	785
775	786
775	787
775	789
775	790
775	792
775	794
775	795
775	864
777	777
777	782
777	785
777	786
777	789
777	792
777	796
777	797
777	798
777	799
777	800
777	801
777	803
779	804
779	806
780	806
781	806
782	804
782	806
782	888
783	804
783	806
783	888
784	997
784	1004
784	1008
784	1031
784	1139
784	1151
784	1181
784	1183
784	1395
784	1407
784	1444
784	1478
784	1479
784	1480
784	1481
784	1482
784	1483
784	1484
784	1485
784	1487
784	1488
784	1489
784	1490
784	1491
784	1492
784	1493
784	1495
784	1496
784	1497
784	1498
784	1500
784	1502
785	806
786	804
786	806
789	804
789	806
790	806
790	888
792	1261
794	806
795	806
796	806
798	804
798	806
798	888
799	806
800	1213
800	1221
801	806
801	888
803	806
804	805
805	806
806	807
806	808
806	809
806	810
806	811
806	812
806	813
811	811
811	1053
811	1187
811	1227
811	1230
811	1267
811	1272
811	1273
811	1275
811	1326
811	1379
811	1581
811	1678
811	2034
818	844
818	1255
818	1919
818	1958
818	2191
818	2192
823	823
823	826
823	827
823	2096
826	826
826	982
826	1295
826	1311
826	1378
826	1435
826	1680
826	1817
826	1966
826	2022
826	2249
826	2287
827	827
827	829
827	830
827	831
827	833
827	834
827	835
827	836
827	837
827	839
829	1045
829	1100
829	1484
829	1487
829	1624
830	1041
830	2138
830	2272
831	833
831	1066
833	833
833	858
833	904
833	929
833	1029
833	1030
833	1031
833	1032
833	1551
833	2060
833	2146
834	837
834	1714
834	2073
834	2257
834	2317
836	1066
836	1480
836	1590
836	1595
836	1602
836	1852
836	1949
836	2003
837	1610
839	1187
839	1678
840	840
841	841
842	842
843	843
844	844
844	1337
845	845
845	1202
846	846
846	847
848	848
849	849
849	852
849	854
849	856
849	1063
850	850
850	852
850	853
850	854
850	1063
850	1337
850	1912
852	854
853	854
854	1067
854	1449
854	1518
854	1599
854	1601
854	1602
854	1603
854	1604
854	1605
854	1606
854	1641
854	1763
857	1376
860	1008
860	1063
860	1376
863	1100
863	1870
864	864
864	865
865	882
866	866
866	2091
872	873
872	2257
873	1392
874	875
874	876
875	875
875	1070
875	1071
875	1088
875	1089
875	1091
875	1092
877	877
877	1180
877	1690
882	882
882	884
882	1305
882	1420
884	1771
885	885
885	886
885	887
887	1614
887	1817
887	1828
887	1966
887	2070
887	2090
887	2138
887	2141
887	2299
888	888
888	889
888	890
888	892
888	894
894	894
896	896
896	897
896	898
896	899
896	900
896	901
897	901
898	901
899	901
900	901
901	901
902	902
902	903
902	904
902	1137
903	2017
904	973
904	1011
904	1131
904	1174
905	905
905	906
905	907
905	908
905	909
905	910
907	1146
907	1147
907	1150
907	1962
908	908
908	909
908	2135
910	995
910	996
910	1259
910	2141
910	2267
911	911
911	912
911	913
911	914
915	915
915	916
917	917
917	919
918	918
918	1132
918	1134
919	919
920	921
921	1376
921	1970
922	922
922	923
925	1034
925	1117
925	1122
925	1817
925	1952
926	1422
927	1181
927	1912
928	1386
928	1396
929	1422
929	1443
930	1422
930	1667
931	931
932	932
932	933
933	1726
934	934
934	935
934	936
934	937
934	938
934	940
936	936
936	937
936	938
936	940
940	2147
942	942
943	943
943	1726
943	2038
944	944
945	945
946	946
946	947
946	948
946	949
951	952
951	955
951	956
951	957
959	960
959	966
959	972
959	1034
960	960
960	962
960	963
960	966
960	967
960	972
960	978
960	979
960	1034
961	966
961	1034
962	966
962	972
962	1034
963	966
963	972
963	1034
963	1117
965	966
965	972
965	1034
966	967
966	968
966	970
966	972
966	1034
966	1116
966	1443
966	1618
966	2046
966	2047
967	972
967	1034
967	1443
970	972
970	1554
972	972
972	978
972	1034
972	1116
972	1135
973	973
973	974
973	975
973	1187
973	1434
973	1618
973	1678
973	2045
974	974
974	975
974	1394
975	975
976	976
976	977
978	1175
980	980
980	1476
980	1491
982	1311
982	1487
982	1579
982	1852
982	1891
983	983
984	984
984	985
984	986
984	2220
985	1970
985	2040
985	2087
988	988
988	989
988	1205
988	1223
989	992
989	1202
990	992
990	1202
990	1435
992	993
995	1311
995	1477
995	1637
995	1686
995	1732
995	1733
995	1769
995	1776
995	1777
995	1778
995	1781
995	1782
995	1853
996	996
996	1099
996	1101
996	1259
996	1296
996	1297
997	1407
1003	1003
1004	1004
1004	1005
1004	1006
1004	1007
1004	1619
1004	1825
1004	1826
1004	2138
1004	2219
1006	1043
1006	1478
1006	1607
1006	2122
1006	2123
1006	2124
1007	1008
1007	2261
1008	1008
1008	1009
1008	2261
1010	1010
1010	1011
1010	1012
1010	1013
1011	1011
1011	1166
1011	1775
1011	1808
1012	1213
1014	1014
1015	1015
1017	2238
1019	1019
1021	1026
1021	1694
1021	1719
1021	1917
1021	2212
1021	2213
1022	1137
1022	1314
1022	1478
1022	1498
1023	1028
1028	1028
1028	1413
1028	1433
1028	1434
1028	1511
1028	1740
1028	1741
1028	1742
1031	1357
1031	1974
1031	2022
1033	1033
1033	1034
1033	1036
1033	1037
1033	1787
1033	1909
1034	1034
1034	1038
1034	1111
1034	1113
1034	1117
1034	1122
1034	1137
1034	1726
1034	1817
1034	1952
1037	2146
1038	1038
1038	1039
1038	1040
1038	1484
1038	1487
1038	1521
1038	1590
1038	1595
1038	1689
1038	1721
1038	1819
1038	1887
1038	1949
1038	2148
1039	1281
1040	1554
1040	1615
1040	1817
1040	2193
1040	2231
1040	2353
1041	1041
1041	1042
1041	1043
1041	1044
1041	1045
1041	1372
1042	1055
1042	1443
1042	1817
1043	1507
1043	1726
1043	1912
1043	1966
1043	2093
1043	2143
1043	2248
1043	2257
1044	1303
1045	1131
1045	1726
1045	1817
1045	2022
1046	1106
1047	1047
1047	1049
1049	1049
1050	1050
1051	1051
1052	1052
1052	1053
1052	1058
1053	1053
1053	1227
1053	1267
1053	1269
1053	1270
1053	1271
1053	1272
1053	1273
1053	1326
1053	1379
1055	1055
1055	1056
1055	1521
1055	1550
1055	1602
1055	1672
1055	1852
1055	2070
1055	2141
1055	2193
1058	1058
1059	1059
1059	1060
1059	1900
1060	1294
1060	1613
1060	1714
1061	1061
1063	1063
1063	1183
1063	1311
1063	1321
1063	1500
1063	1561
1063	1744
1063	1839
1063	2034
1063	2145
1063	2279
1063	2280
1063	2281
1063	2283
1063	2284
1063	2285
1064	1064
1065	1707
1066	1066
1066	1067
1067	1067
1069	1070
1069	1071
1069	1072
1069	1073
1069	1074
1070	1076
1070	1079
1071	1076
1071	1079
1071	1563
1072	1563
1073	1429
1073	1849
1076	1076
1076	1079
1076	1080
1076	1081
1076	1082
1076	1563
1076	2138
1076	2224
1079	1079
1079	1080
1079	1081
1079	1084
1079	1085
1080	1429
1081	2224
1084	1275
1084	1563
1084	2224
1086	1181
1086	1326
1086	2257
1093	1974
1096	1171
1099	1808
1100	1100
1100	1261
1100	1264
1100	1265
1100	1266
1100	1808
1102	1103
1102	1104
1102	1105
1104	2329
1105	2329
1106	1107
1106	1108
1106	1109
1109	1392
1111	1122
1111	1606
1111	1817
1111	1900
1111	1952
1113	1117
1113	1122
1113	1629
1113	1952
1113	1972
1115	1952
1116	2114
1117	1117
1121	1121
1122	1123
1122	1817
1122	1952
1123	1421
1129	1129
1129	1130
1130	2188
1131	1131
1132	1132
1132	1133
1132	1134
1135	1175
1136	1136
1136	2022
1136	2093
1137	1137
1137	1138
1137	1139
1137	1140
1137	1141
1137	1142
1137	1143
1139	1679
1139	1810
1139	1816
1139	1915
1139	1966
1139	2022
1139	2138
1139	2315
1140	2261
1146	1147
1146	1938
1146	2052
1147	1148
1147	1150
1147	1895
1151	1738
1151	2257
1153	1153
1153	1154
1153	1156
1153	1157
1153	1158
1154	1154
1154	1157
1159	2135
1161	1161
1161	1905
1162	1162
1162	1163
1162	1164
1165	1165
1167	1167
1169	1645
1170	1170
1171	1171
1171	1415
1171	1416
1172	1476
1172	1491
1172	1844
1172	1845
1174	1174
1174	1175
1174	1176
1175	1739
1175	2334
1178	1178
1178	1443
1178	1870
1178	1910
1178	1966
1180	2153
1181	1271
1181	1509
1181	1874
1181	1937
1181	1938
1182	1208
1183	1407
1187	1294
1187	1674
1187	1710
1187	1726
1187	1806
1187	1861
1187	1923
1187	2090
1187	2100
1187	2290
1187	2355
1188	1188
1188	1189
1188	1190
1188	1191
1188	1193
1188	1372
1190	1491
1194	1194
1194	1443
1194	2135
1195	1195
1195	1196
1197	1197
1197	1198
1197	1199
1198	1368
1199	1368
1200	1200
1200	1202
1202	1203
1202	1204
1207	1207
1207	1208
1207	1209
1207	1210
1207	1211
1207	1212
1207	1548
1207	1615
1207	1646
1207	1831
1207	2103
1207	2119
1208	1208
1208	1209
1208	1210
1208	1211
1208	1212
1208	1478
1208	1518
1208	1803
1208	2119
1208	2121
1210	1212
1210	1739
1211	1443
1212	1569
1213	1213
1213	1214
1213	1215
1213	1216
1213	1217
1221	1222
1227	1273
1227	1275
1229	1232
1229	2334
1232	1234
1232	1275
1232	1517
1236	1680
1240	1240
1240	1241
1240	1243
1240	1244
1240	1245
1240	1443
1240	1674
1247	1248
1250	1570
1250	1915
1251	1251
1254	1726
1255	1557
1255	1703
1255	2277
1256	1680
1256	1828
1256	2006
1259	1259
1259	1260
1261	1261
1261	1262
1261	1263
1264	1599
1267	1273
1271	1273
1272	1273
1272	1275
1273	1275
1277	2257
1279	1279
1279	1280
1281	1281
1281	1282
1283	1284
1283	1285
1288	1423
1292	2078
1294	1294
1294	2308
1298	1298
1299	1299
1299	1300
1303	1303
1303	1304
1308	1308
1308	1310
1308	1680
1310	1373
1310	1478
1310	1618
1310	1621
1310	1680
1310	2101
1310	2102
1310	2315
1311	1311
1311	1312
1311	1313
1311	1314
1311	1315
1311	1316
1311	1317
1311	1318
1311	1319
1311	1320
1311	1321
1311	1443
1311	1508
1311	1912
1311	1934
1311	2251
1311	2261
1311	2308
1318	1318
1321	1787
1323	1323
1326	1326
1326	1327
1328	1328
1328	1329
1331	1331
1331	1817
1332	1332
1332	1333
1333	1801
1334	1334
1335	1335
1336	1336
1337	1337
1337	1338
1337	1339
1337	1340
1337	1341
1337	1342
1337	1343
1337	1344
1337	1345
1337	1346
1337	1347
1337	1607
1337	1870
1337	2189
1337	2290
1341	1726
1345	1900
1345	1966
1346	1346
1346	1459
1349	1349
1352	1355
1352	1356
1355	1357
1357	1357
1357	1359
1360	1360
1360	1361
1361	1361
1362	1362
1364	1364
1364	1365
1364	1366
1368	1368
1368	1369
1368	1370
1368	1371
1372	1372
1372	1373
1373	1373
1376	1378
1378	1593
1378	1656
1378	1888
1378	1908
1379	1379
1384	2220
1385	1385
1386	1386
1386	1387
1386	1388
1386	1389
1386	1390
1386	1391
1386	1646
1387	1388
1388	1388
1388	1389
1388	1390
1388	1828
1388	1848
1388	1960
1388	1961
1389	1390
1392	1392
1393	1393
1393	1480
1393	1517
1393	1642
1393	1721
1395	1395
1396	1396
1396	1877
1397	1397
1398	1398
1398	1680
1399	1399
1400	1400
1401	1401
1402	1402
1403	1403
1404	1404
1404	1841
1406	1406
1407	1407
1408	1408
1409	1409
1410	1410
1411	1411
1417	1417
1418	1418
1418	1509
1418	1573
1418	1734
1418	1735
1418	1736
1418	1737
1419	1419
1420	2022
1421	1421
1422	1422
1423	1423
1423	1424
1424	1424
1425	1425
1426	1426
1429	1429
1431	1431
1432	1432
1434	2144
1435	1435
1435	1449
1435	1769
1435	1770
1439	1439
1439	1912
1440	1962
1442	1442
1442	1443
1442	1479
1442	1482
1442	1520
1443	1444
1443	1476
1443	1478
1443	1493
1443	1509
1443	1518
1443	1521
1443	1525
1443	1551
1443	1568
1443	1581
1443	1616
1443	1618
1443	1624
1443	1678
1443	1858
1443	1884
1443	1887
1443	1888
1443	1891
1443	1892
1443	1893
1443	1894
1443	1895
1443	1897
1443	1898
1443	1900
1443	1901
1443	1902
1444	1444
1445	1445
1446	1446
1447	1447
1448	1448
1449	1449
1449	2022
1450	1450
1451	1451
1456	2071
1460	1460
1460	1461
1460	1462
1463	1463
1464	1464
1465	1465
1466	1466
1467	1467
1468	1468
1469	1469
1470	1470
1471	1471
1471	1787
1472	1472
1473	1473
1474	1474
1476	1771
1476	1870
1476	1915
1476	1948
1476	2138
1476	2141
1476	2308
1477	2053
1478	1849
1478	1931
1478	1948
1478	2251
1478	2288
1479	2056
1479	2252
1480	1491
1480	1707
1480	1810
1480	2030
1480	2152
1480	2268
1482	2238
1484	1725
1484	1726
1484	1969
1484	2022
1484	2040
1485	2334
1487	1613
1487	1635
1487	1923
1487	1931
1487	2036
1487	2053
1487	2266
1489	1635
1489	2022
1489	2238
1489	2299
1491	1613
1491	1614
1491	1956
1491	2058
1493	1613
1493	1679
1493	1680
1493	1966
1493	2022
1493	2036
1493	2073
1493	2138
1495	1849
1495	1966
1496	1533
1496	1559
1496	1635
1496	1702
1496	2053
1496	2299
1497	1962
1497	2257
1498	2078
1498	2225
1500	1972
1500	2138
1502	1613
1502	1679
1502	1810
1502	1816
1502	1915
1502	2022
1502	2315
1503	1504
1505	1506
1505	1912
1506	1931
1506	2254
1507	1508
1507	1509
1507	1510
1507	1511
1508	1529
1508	1680
1508	1920
1509	1664
1509	1666
1509	1680
1509	1682
1509	1702
1509	1880
1509	2267
1509	2336
1510	2261
1511	1570
1511	2002
1515	1993
1516	1554
1516	1563
1516	1614
1516	1628
1516	1726
1516	1993
1517	1667
1517	1726
1517	1817
1517	1993
1517	2002
1517	2073
1517	2077
1517	2329
1518	1680
1518	2122
1518	2308
1520	1629
1520	1726
1520	1805
1520	1900
1520	2238
1521	1614
1521	1674
1521	1948
1521	2022
1521	2138
1521	2267
1524	1817
1525	1912
1526	1817
1526	2056
1526	2141
1526	2289
1529	1726
1530	1920
1532	1665
1532	2144
1532	2224
1537	1568
1537	1724
1544	1680
1548	2022
1548	2035
1548	2171
1548	2299
1549	1714
1550	2022
1551	1607
1551	2022
1554	1563
1554	1616
1554	1646
1554	1695
1554	1696
1554	1697
1554	1698
1554	1699
1554	1700
1554	1701
1554	1702
1554	1703
1557	1621
1557	1680
1557	1944
1557	2053
1557	2056
1557	2126
1557	2257
1560	1561
1560	1563
1560	1564
1563	1721
1563	1950
1563	1996
1563	1997
1563	1998
1564	1605
1564	2014
1565	1868
1567	1568
1568	1586
1568	1791
1568	1792
1568	2183
1570	1917
1570	1989
1570	2011
1577	1912
1577	1972
1577	2017
1577	2152
1577	2193
1579	2251
1580	2114
1581	1726
1581	1900
1581	2070
1581	2251
1583	1607
1583	2299
1589	1667
1589	1788
1589	1789
1589	1828
1589	1925
1590	1680
1590	1808
1590	1817
1590	1948
1590	2138
1593	1664
1593	1680
1593	1808
1593	1827
1593	2012
1593	2022
1593	2260
1593	2266
1593	2334
1595	2138
1596	1817
1599	1613
1599	1664
1599	1803
1599	1804
1599	1962
1599	2022
1599	2095
1602	1613
1602	1866
1602	2090
1602	2138
1602	2260
1602	2266
1605	1623
1605	1624
1605	1680
1605	2013
1605	2022
1605	2078
1605	2138
1605	2238
1606	1616
1606	1639
1606	2078
1607	1608
1607	1609
1607	1610
1607	1611
1607	1915
1607	1962
1608	1931
1610	1680
1610	1925
1610	2022
1610	2030
1610	2122
1610	2223
1610	2299
1614	1615
1614	1616
1614	1617
1614	1618
1614	1619
1614	1620
1614	1621
1614	1622
1615	1665
1615	1666
1615	1817
1615	1828
1615	1831
1615	1841
1615	1870
1615	1900
1615	2138
1615	2141
1615	2220
1616	1900
1616	1912
1616	1944
1616	1966
1616	2141
1618	1726
1618	1817
1618	1826
1618	2090
1618	2299
1619	1817
1621	1637
1621	1760
1621	1761
1621	1817
1621	1966
1621	1972
1624	1629
1624	2114
1624	2248
1624	2252
1624	2266
1624	2308
1625	1626
1625	1627
1627	1831
1628	1629
1628	1939
1629	1646
1629	1665
1629	1939
1629	1940
1631	1632
1633	1634
1637	1673
1637	2036
1639	1640
1639	1641
1640	2078
1641	2333
1642	1664
1642	1666
1642	1966
1642	2073
1642	2308
1645	1942
1645	1943
1646	1664
1646	1726
1646	1729
1646	1787
1646	1910
1646	1912
1646	1925
1646	1944
1646	2060
1646	2127
1646	2257
1646	2267
1646	2308
1650	1651
1650	2036
1650	2137
1651	1744
1651	1745
1651	1746
1651	1808
1651	2137
1656	1817
1656	2022
1664	1665
1664	1666
1665	1666
1665	1869
1665	1910
1665	1932
1665	1944
1665	1946
1665	1962
1665	2018
1665	2035
1665	2116
1665	2118
1665	2215
1665	2266
1666	1690
1666	1841
1666	1869
1666	1910
1666	1912
1666	1944
1666	1946
1666	1962
1666	2266
1667	1668
1674	1675
1674	1676
1674	1678
1678	1710
1678	1806
1678	1923
1678	2070
1678	2090
1678	2290
1680	1681
1680	1682
1680	1683
1680	1684
1680	1686
1680	1687
1680	1688
1680	1689
1680	1690
1680	1692
1680	1693
1680	1694
1680	1695
1682	2054
1689	2173
1695	1966
1695	2334
1702	2089
1703	2192
1707	1708
1707	1709
1707	1710
1707	1712
1707	1713
1708	1710
1709	1710
1710	1712
1710	1713
1710	2252
1714	1715
1714	1716
1714	1717
1718	1912
1719	1726
1719	1966
1719	2137
1720	1764
1721	1726
1721	1810
1721	2005
1721	2152
1724	1743
1725	1726
1726	2045
1726	2086
1726	2129
1726	2130
1726	2131
1726	2133
1726	2134
1727	1728
1727	2260
1727	2318
1730	2040
1733	2022
1738	1739
1739	1972
1739	2022
1739	2090
1739	2138
1741	1803
1744	2138
1751	1752
1751	1753
1756	2299
1757	1808
1763	1764
1765	1766
1769	1962
1769	2260
1770	2022
1771	1773
1775	2010
1775	2193
1776	1849
1778	1905
1779	2090
1781	2122
1781	2289
1782	2073
1787	1979
1788	1789
1788	1790
1789	1925
1789	2010
1789	2124
1793	2193
1795	2022
1805	1806
1805	1807
1806	1905
1806	2022
1808	1989
1810	1811
1812	2017
1814	2030
1817	1818
1817	1819
1817	1820
1817	1821
1817	1823
1817	1824
1817	1825
1820	2053
1820	2317
1828	1829
1828	1830
1828	2006
1829	2006
1830	2006
1831	1833
1834	2022
1835	2260
1836	2345
1837	2340
1838	1839
1841	1842
1847	2223
1847	2276
1849	1850
1849	1851
1851	2251
1852	2022
1852	2299
1858	1870
1858	1966
1858	2053
1858	2114
1861	1972
1866	1867
1870	1871
1870	1872
1870	1873
1876	2056
1876	2302
1877	1878
1877	1879
1880	1881
1880	1882
1884	1915
1884	2010
1897	2053
1900	1923
1900	1950
1900	1966
1900	1996
1905	1907
1905	1908
1908	2147
1910	1911
1910	1912
1910	1914
1912	1945
1912	2176
1912	2177
1912	2178
1912	2179
1912	2180
1915	1916
1915	1917
1915	1918
1915	1919
1917	2010
1917	2247
1919	1957
1919	2073
1919	2096
1919	2192
1919	2329
1920	1960
1922	2340
1923	1924
1944	1945
1947	2090
1948	1949
1948	1950
1948	1951
1949	2138
1950	1960
1950	2015
1950	2090
1950	2143
1950	2220
1950	2357
1954	2054
1957	1958
1960	2076
1962	1963
1962	1964
1962	1965
1962	1966
1963	2146
1966	2043
1966	2057
1966	2078
1966	2114
1966	2125
1966	2156
1966	2264
1971	2078
1971	2231
1972	1973
1974	1975
1974	1976
1974	1977
1974	1978
1976	2096
1976	2299
1981	1982
1989	2073
1989	2096
2001	2189
2001	2290
2004	2005
2004	2008
2005	2088
2006	2319
2006	2320
2007	2192
2010	2011
2013	2014
2019	2022
2022	2023
2022	2024
2022	2025
2022	2026
2022	2027
2022	2029
2030	2031
2030	2032
2040	2042
2040	2223
2043	2267
2043	2299
2045	2086
2053	2054
2053	2055
2054	2264
2056	2057
2057	2201
2058	2059
2058	2073
2058	2268
2060	2205
2063	2308
2065	2143
2068	2154
2070	2071
2073	2074
2073	2075
2078	2080
2096	2097
2097	2257
2119	2120
2119	2121
2120	2264
2122	2123
2122	2301
2126	2127
2127	2226
2138	2139
2138	2140
2138	2141
2142	2143
2142	2146
2143	2312
2144	2145
2157	2257
2158	2159
2158	2160
2164	2165
2164	2166
2164	2167
2173	2174
2173	2175
2176	2323
2189	2190
2193	2194
2206	2207
2220	2239
2231	2232
2231	2233
2254	2255
2257	2258
2261	2262
2261	2263
2268	2269
2270	2271
2275	2334
2297	2298
2299	2300
2302	2303
2308	2309
2308	2310
2308	2311
2323	2324
2323	2325
2334	2341
2338	2339
2353	2354
