# Undirected graph (each unordered pair of nodes is saved once): output/networks/yeastremoveRandom-35percent.txt
# Nodes: 1535 Edges: 3134
# NodeId	NodeId
1	1
1	2
1	3
2	1041
2	1079
2	1275
3	463
3	974
3	975
3	996
3	1079
4	4
4	5
4	6
4	1443
4	1880
4	1972
5	149
5	1100
5	2308
6	6
6	57
6	82
6	118
6	149
6	184
6	224
6	357
6	747
6	784
6	997
6	1113
6	1176
6	1180
6	1182
6	1183
6	1184
6	1185
6	1279
6	1419
6	1521
6	1573
6	1574
6	1576
6	1577
6	1578
6	1580
6	1581
8	8
9	9
10	10
10	11
10	907
11	11
11	56
11	168
11	172
11	252
11	253
11	299
11	540
11	910
11	994
11	995
11	996
12	12
12	14
12	644
14	14
14	508
14	2289
17	17
17	186
17	369
17	1334
17	1393
17	1568
20	20
20	21
20	22
20	1079
21	227
21	593
21	849
21	920
21	1174
22	22
28	392
29	29
33	33
33	35
33	36
33	37
33	38
35	38
35	133
35	165
35	277
35	425
35	1640
35	1786
35	1874
35	1876
37	60
37	116
37	172
37	490
37	864
37	946
37	1100
37	1106
37	1392
44	44
44	45
44	46
44	47
45	45
45	1012
46	212
46	275
46	298
46	299
46	302
46	1021
46	1028
46	1208
46	1714
50	50
56	56
56	57
56	59
57	57
57	59
57	71
57	76
57	222
57	388
57	509
57	585
57	588
57	927
57	1113
57	1444
57	1520
57	1521
57	1524
57	1525
57	1526
57	1817
57	1870
57	1900
57	1966
57	2090
57	2127
59	59
59	117
59	165
59	168
59	1224
59	1809
60	63
60	65
63	63
63	375
63	849
63	850
63	851
63	852
63	1053
65	65
65	944
66	66
66	2171
67	67
70	588
70	699
70	943
70	1038
70	1210
70	1849
70	2119
70	2287
71	143
71	238
71	399
71	664
71	699
71	1041
71	1102
71	1167
71	1346
71	1408
71	1817
71	1827
76	709
77	77
79	79
79	80
79	81
79	82
79	83
80	120
80	138
80	149
80	537
80	850
80	1001
80	1006
80	2053
82	874
82	1378
82	1805
82	1972
82	2114
82	2334
83	406
83	611
83	709
83	1020
83	1487
83	2221
83	2222
85	85
85	843
86	86
86	87
87	508
88	89
90	90
90	92
92	92
92	188
92	1178
93	93
93	94
93	95
93	96
93	97
93	98
93	101
93	102
93	103
94	102
94	456
94	664
94	699
94	1137
94	1153
95	102
95	1768
96	102
97	102
98	102
101	102
102	102
102	103
102	1325
103	1768
106	106
113	425
114	114
114	1408
115	115
115	116
115	117
115	118
115	784
115	2078
116	116
116	117
116	170
116	349
116	635
116	1130
116	1136
117	186
117	349
117	508
117	635
117	995
117	1962
118	272
118	777
118	975
118	1240
118	2138
118	2267
119	119
120	120
120	123
120	124
120	127
120	130
120	131
120	132
120	133
120	135
120	138
120	141
120	169
120	238
120	268
120	544
120	591
120	652
120	676
120	765
120	822
120	834
120	881
120	903
120	921
120	985
120	1135
120	1347
120	1487
120	1493
120	1557
120	1599
120	1814
123	131
123	132
123	135
123	591
123	799
123	1521
123	1532
127	132
127	252
127	627
130	131
130	132
130	135
130	456
130	638
130	652
130	849
130	1106
130	2017
131	131
131	132
131	133
131	135
131	138
131	165
131	241
131	243
131	246
131	252
131	1439
131	2040
132	132
132	135
132	252
132	443
132	537
133	135
133	165
133	243
133	252
133	290
133	302
133	425
133	443
133	537
133	546
133	697
133	1250
133	1511
133	1915
133	1917
133	1962
133	2040
135	138
135	169
135	243
135	246
135	252
135	443
135	880
135	884
135	1021
135	1250
135	1439
135	1441
135	1915
135	2000
135	2040
135	2073
138	165
138	166
138	243
138	246
138	252
138	290
138	299
138	301
138	302
138	985
138	996
138	1106
138	1511
138	1915
138	1959
138	2016
138	2017
138	2040
142	142
142	2095
143	143
143	144
143	611
143	1487
144	995
145	145
145	463
145	784
145	995
145	1680
145	1817
145	1905
145	1934
148	357
148	932
148	1011
148	2073
149	149
149	150
149	153
149	154
149	160
149	170
149	687
149	691
149	943
149	1202
149	1497
149	1517
149	1971
150	150
150	153
150	154
150	158
150	160
150	170
150	367
150	687
150	688
150	691
150	1202
151	1261
151	1392
153	153
153	157
153	158
153	160
153	170
153	214
153	365
153	367
153	545
153	688
153	691
153	874
153	985
153	1136
153	1200
153	1202
153	1204
153	1252
153	1254
153	1256
153	1258
153	1392
153	1435
154	1200
154	1202
157	214
157	1261
158	158
158	254
158	261
158	266
158	365
158	688
158	988
158	1202
160	688
160	1202
162	162
162	164
162	165
162	166
162	168
162	169
162	170
162	172
162	490
162	543
162	644
162	872
162	1392
162	1928
162	1929
164	165
164	302
164	428
164	543
164	644
164	818
164	1028
165	165
165	169
165	243
165	252
165	302
165	425
165	443
165	490
165	544
165	697
165	884
165	985
165	2073
165	2168
166	172
166	268
166	272
166	428
166	543
166	644
166	872
166	1028
166	1053
166	1714
166	1915
166	2326
168	172
168	253
168	272
168	299
168	540
168	849
168	995
168	996
168	1336
168	2267
169	172
169	302
169	490
169	591
169	697
169	1053
169	1915
170	170
170	197
170	237
170	302
170	369
170	428
170	493
170	498
170	545
170	768
170	826
170	1011
170	1295
170	1392
170	2073
170	2112
172	172
172	237
172	272
172	638
172	996
172	1011
172	1106
172	1443
172	2073
173	173
174	174
174	175
174	176
174	177
174	178
174	1038
175	1038
176	176
176	361
176	461
176	737
176	744
176	748
176	811
176	849
176	1227
176	1229
176	1231
176	1232
176	1234
176	1275
176	2164
177	1607
178	1038
179	179
179	181
179	184
179	185
179	376
179	1139
179	1170
179	1520
179	1950
181	181
181	1170
181	1607
181	1912
184	227
184	252
184	265
184	428
184	1279
184	1674
184	1805
184	1806
184	2090
185	396
185	425
185	510
185	520
185	593
185	627
185	697
185	709
185	849
185	850
185	1038
185	1194
185	1599
185	1912
185	2137
185	2238
185	2268
186	186
186	252
186	290
186	1067
186	1069
186	1208
186	1311
186	1521
186	1551
186	1852
186	1881
186	2347
186	2349
186	2350
188	304
188	1058
190	190
190	191
190	192
190	311
190	312
190	1252
190	1500
190	1962
190	2001
190	2283
190	2332
191	1476
191	1521
192	1602
194	194
194	196
194	197
194	198
194	1432
194	1731
194	1732
196	197
196	198
196	1059
196	1489
196	1795
196	1919
196	1971
196	2342
196	2343
197	198
197	283
197	1337
197	1775
198	508
198	647
198	1656
212	212
212	214
212	301
212	302
212	304
212	402
212	403
212	404
212	437
212	620
212	622
212	843
212	1020
212	1096
212	1171
212	1172
212	1173
212	1379
212	1714
214	214
214	276
214	299
214	302
214	402
214	403
214	404
214	437
214	1096
214	1171
218	218
218	225
219	753
219	765
221	290
221	1207
221	1208
221	1311
222	472
224	224
224	1046
225	225
226	226
226	616
226	708
226	709
226	1571
226	1572
227	227
227	230
227	232
227	235
227	237
227	238
227	239
227	1678
227	1688
232	1131
232	1279
232	1307
232	1680
237	272
237	294
237	298
237	435
237	454
237	583
237	644
237	709
237	1058
237	1392
238	238
238	398
238	479
238	1044
238	1283
238	1285
238	1286
238	1287
238	1326
238	1606
238	1910
238	2078
238	2138
238	2334
239	302
239	399
239	537
239	595
239	920
239	1021
239	1376
239	1915
240	240
241	241
241	243
242	252
242	537
243	252
243	290
243	537
243	697
243	1240
243	1915
243	2040
243	2104
243	2106
246	302
246	1962
247	247
247	548
251	996
252	252
252	268
252	290
252	302
252	443
252	697
252	872
252	880
252	1137
252	1250
252	1480
252	1484
252	1495
252	1538
252	1593
252	1690
252	1793
252	1794
252	1795
252	1915
252	2016
253	253
253	272
253	299
253	497
253	498
253	540
253	721
253	910
253	995
253	1100
253	1101
253	2267
254	254
254	256
254	257
254	258
254	259
254	260
254	261
254	262
254	264
254	265
254	266
254	268
254	269
254	270
254	271
256	266
256	1435
257	261
257	264
257	265
257	688
258	266
258	268
259	259
260	261
260	266
260	1435
260	2261
261	261
261	264
261	266
261	268
261	314
261	365
261	1202
261	1435
264	265
264	266
264	688
264	1202
264	1435
265	265
265	266
265	268
265	277
265	365
265	688
265	1202
265	1435
266	268
266	269
266	270
266	366
266	1435
268	268
268	272
268	545
268	611
268	644
268	688
268	806
268	990
268	991
268	1435
269	688
269	1435
270	1435
272	272
272	273
272	275
272	276
272	277
272	279
272	281
272	283
272	1714
273	299
273	1102
275	275
275	299
275	301
275	302
275	362
275	363
275	985
275	1224
275	2261
276	298
276	304
276	591
276	593
276	752
276	833
276	874
276	1053
276	1058
276	1213
276	1607
277	277
277	399
277	924
277	926
277	927
277	928
277	929
277	930
277	1422
277	1446
279	1444
283	283
283	290
283	369
283	428
283	508
283	627
283	632
283	697
283	829
283	1011
283	1038
283	1041
283	1053
283	1100
283	1172
283	1295
283	1443
283	1559
283	2093
283	2161
284	284
284	286
284	289
284	290
284	291
284	294
284	474
286	286
286	289
286	290
286	291
286	294
286	316
286	474
286	543
289	289
289	290
289	291
289	294
289	474
289	543
289	917
289	1003
290	291
290	474
290	497
290	498
290	543
290	686
290	784
290	1003
290	1254
290	1478
290	1487
290	1497
290	1533
290	1535
290	1537
290	1538
290	1539
290	1540
290	1931
291	291
291	294
291	316
291	474
294	294
294	315
294	316
294	317
294	375
294	474
294	543
294	748
294	985
294	1065
295	302
298	298
298	299
298	300
298	301
298	302
298	303
298	304
299	299
299	301
299	302
299	307
299	1028
299	1714
300	390
300	591
300	875
300	985
301	302
301	784
301	1021
301	1028
301	1402
301	1714
301	2223
302	316
302	361
302	425
302	544
302	591
302	649
302	783
302	834
302	985
302	1021
302	1028
302	1136
302	1208
302	1224
302	1497
302	1511
302	1714
302	1770
302	1775
302	1805
302	1960
302	1976
302	2053
302	2055
302	2109
303	303
303	304
303	591
303	625
303	874
303	1058
304	304
304	591
304	592
304	593
304	620
304	622
304	624
304	625
304	626
304	874
304	1058
307	995
307	996
307	2267
315	315
315	316
315	317
316	316
316	317
321	325
321	1870
323	325
323	425
323	523
324	325
325	325
325	775
325	1054
326	326
339	339
339	340
339	341
339	344
339	345
339	346
339	347
339	348
339	382
339	1129
341	341
341	344
341	346
341	347
341	348
341	382
341	383
341	384
341	1129
344	346
344	382
344	850
344	1129
345	346
345	382
345	1129
346	346
346	347
346	348
346	382
346	383
346	401
346	850
346	1129
347	382
347	850
347	1129
348	382
348	1129
349	349
350	350
350	351
350	353
350	355
351	351
351	353
351	946
351	949
351	1056
351	1057
353	588
353	946
353	1055
353	1167
353	1606
353	1950
353	2186
353	2187
355	1912
355	2356
357	357
357	358
357	360
357	425
357	1960
358	1520
358	1605
361	361
361	362
361	363
361	364
361	1626
365	365
365	366
365	367
365	369
365	688
365	988
365	1202
366	631
366	688
366	988
366	1200
366	1202
366	1435
367	688
367	1200
367	1202
369	643
369	648
369	988
369	1167
369	1202
369	1281
369	1337
369	1478
369	1589
375	392
375	435
375	439
375	849
376	376
376	537
376	652
376	784
376	1680
376	2334
378	378
378	379
378	671
378	784
379	784
382	382
382	383
382	384
382	617
382	850
382	1129
383	617
383	1129
385	385
385	388
388	388
388	589
388	829
388	830
388	874
388	1041
388	1066
388	1484
388	1520
388	2157
389	389
389	390
389	391
390	390
390	591
390	622
390	746
390	874
390	875
390	985
390	1070
390	1071
390	1091
390	1092
390	1119
390	2164
391	391
391	1069
391	1070
391	1071
391	1073
391	1074
391	1075
391	1439
391	1912
393	394
393	591
395	395
395	508
395	627
396	396
396	397
396	398
396	399
396	400
397	397
397	692
398	456
398	616
398	627
398	632
398	664
398	699
398	849
398	1041
398	1100
398	1102
398	1194
398	1281
398	1346
398	1379
399	399
399	424
399	537
399	588
399	818
399	873
399	884
399	930
399	960
399	962
399	963
399	970
399	972
399	997
399	998
399	999
399	1001
399	1385
399	1446
399	2058
401	401
401	402
401	403
401	404
401	644
401	1129
402	1171
402	1707
403	1171
405	405
406	406
406	407
406	408
406	409
406	784
406	2267
407	806
407	1188
410	410
417	417
418	644
418	1880
419	644
420	644
425	425
425	428
425	628
425	644
425	649
425	650
425	651
425	1028
425	1915
425	1962
425	2073
428	428
428	507
428	640
428	643
428	644
428	645
428	647
428	648
428	799
428	1017
428	1489
428	1520
428	1678
428	1814
428	1871
428	2050
428	2051
431	784
435	436
435	437
435	438
435	439
435	440
436	439
437	439
439	439
439	440
439	461
440	574
443	872
443	1102
443	2073
446	446
446	508
446	995
446	1905
446	1921
446	2169
454	454
454	455
454	456
454	457
454	458
456	456
456	457
456	458
461	721
461	737
461	1068
461	1406
463	463
463	968
463	1084
463	1498
463	1621
463	1721
463	1852
464	464
471	1337
472	472
472	498
474	475
474	476
474	477
474	543
482	482
484	1442
486	583
486	584
486	586
486	588
486	1033
486	1117
486	1122
486	1817
486	1952
489	489
489	1460
490	493
490	627
493	505
493	775
493	777
493	804
493	806
493	1392
494	494
494	496
494	497
494	498
494	500
494	502
494	617
496	498
496	500
496	1435
496	1817
496	2090
496	2138
497	498
497	500
497	617
497	1261
497	1392
497	1714
498	502
498	826
498	1714
498	1732
500	502
500	550
500	617
500	983
500	1526
500	1577
500	1672
500	1714
502	617
502	1172
502	1714
505	505
505	508
505	509
505	676
505	680
505	688
505	782
505	785
505	789
505	795
505	798
505	801
505	988
505	1200
505	1202
507	644
507	872
507	1028
508	509
508	582
508	601
508	659
508	688
508	988
508	1136
508	1200
508	1202
508	1311
508	1478
508	1487
508	1502
508	1602
508	1605
508	1637
508	1731
508	1732
508	1777
508	1778
508	1780
508	1781
508	1782
508	1783
508	1786
509	509
509	681
509	688
509	872
509	988
509	1202
510	510
510	699
510	1038
510	1041
510	1167
510	1194
513	513
514	514
515	515
516	516
516	518
516	519
516	1373
516	1508
516	1528
516	1529
516	1530
518	1920
518	2017
518	2238
519	1508
520	520
521	521
522	522
523	523
524	524
524	1515
524	1947
525	525
527	527
528	528
529	529
535	535
537	539
537	550
537	595
537	611
537	826
537	1017
537	1521
537	1588
537	1589
537	1590
537	1591
537	1593
537	1595
537	1596
537	1598
539	1573
540	540
540	542
540	583
540	712
540	1915
542	583
543	543
543	544
543	545
543	546
543	644
544	697
544	709
544	1021
544	1915
544	1962
544	2073
545	872
545	1240
546	644
546	657
550	850
550	2137
550	2268
565	565
565	946
565	1100
570	671
570	676
570	699
570	1443
572	572
573	573
574	574
574	2077
574	2119
575	575
575	576
575	577
575	578
575	579
575	627
578	784
578	1393
578	1554
578	2267
578	2334
582	582
582	2189
583	583
583	584
583	585
583	586
583	588
583	589
583	1952
584	584
584	585
584	586
584	588
584	589
584	628
584	963
584	1033
584	1111
584	1113
584	1122
584	1443
585	585
585	586
585	588
585	628
585	959
585	963
585	1033
585	1038
585	1117
585	1118
585	1122
585	1912
585	1952
585	2119
585	2231
586	586
586	588
586	589
586	628
586	676
586	1033
586	1111
586	1113
586	1115
586	1117
586	1122
586	1817
586	1952
586	1966
588	589
588	1006
588	1033
588	1038
588	1041
588	1043
588	1111
588	1113
588	1117
588	1122
588	1442
588	1509
588	1621
588	1801
588	1817
588	1952
588	1966
588	2138
588	2251
589	1033
589	1117
589	1122
589	1629
589	1952
591	592
591	593
591	595
591	598
591	833
591	1001
591	1505
591	1664
591	2012
591	2093
591	2267
593	593
593	752
593	874
593	1058
593	2009
595	595
595	598
595	818
595	857
595	858
595	860
595	985
595	1063
595	1435
595	1569
595	1932
595	2290
598	752
598	985
598	1599
600	600
601	601
601	995
601	1336
601	1418
601	1962
601	2318
602	602
603	603
603	604
603	606
603	608
603	609
603	610
609	1707
611	611
611	612
611	613
611	614
611	784
611	1817
611	1966
611	2053
616	616
616	708
617	617
617	618
617	619
620	874
622	874
622	1058
625	874
625	1058
626	874
627	627
627	628
627	629
627	664
627	1020
627	1113
627	1176
627	1414
627	1525
627	1578
627	1602
627	1617
627	1631
627	1651
627	1652
627	1653
627	1656
627	1658
627	1661
628	664
628	960
628	1004
628	1033
628	1038
628	1100
628	1117
628	1122
628	1194
628	1554
628	1912
631	631
631	632
631	1022
631	1817
631	2040
631	2095
632	632
632	1554
636	636
636	2155
637	637
638	638
638	639
639	1357
640	644
640	1962
643	644
643	1022
643	1028
644	644
644	647
644	648
644	649
644	656
644	657
644	848
644	865
644	959
644	962
644	972
644	1020
644	1021
644	1022
644	1023
644	1024
644	1026
644	1028
644	1774
647	1001
647	1028
648	669
648	985
648	1028
648	1180
648	1509
648	1517
648	1602
648	1799
648	1800
649	1337
651	1311
651	1395
651	1403
652	652
652	1435
652	1962
652	2030
652	2112
654	1028
656	2308
659	659
659	671
659	1554
664	664
664	665
664	666
664	667
664	668
664	669
665	1281
665	1817
665	1912
668	699
668	833
668	1281
669	699
669	1281
669	1817
671	671
671	674
671	676
671	678
674	676
674	1202
674	1311
674	1337
676	682
680	688
680	1202
681	988
685	685
685	686
686	2078
686	2189
687	688
687	1200
688	691
688	990
688	1205
691	1028
691	1202
697	697
697	699
697	700
699	699
699	934
699	1161
699	1194
699	1207
699	2238
699	2316
700	1129
700	2188
701	702
706	706
706	1714
708	708
708	709
708	711
709	709
712	712
712	1311
712	1962
717	717
717	718
717	719
720	720
721	722
721	723
721	728
721	729
721	730
721	731
721	732
721	734
721	736
721	737
721	739
721	742
722	737
722	972
722	1068
722	1194
723	737
723	1068
728	737
728	1068
729	737
729	1068
730	737
730	1068
730	1171
730	1273
730	1926
731	737
731	1068
732	737
732	1068
732	1509
734	737
734	1068
736	737
736	1068
737	737
737	739
737	744
737	748
737	1084
737	1232
737	1237
739	1068
744	748
744	811
744	1053
744	1232
744	1275
748	748
748	752
748	811
748	1053
748	1067
748	1231
748	1232
748	1234
748	1273
748	1275
748	1277
748	1326
750	750
750	1041
750	1496
750	2037
752	752
752	811
752	1053
753	753
753	754
753	755
753	756
753	757
753	758
753	761
753	763
753	765
753	766
753	768
753	769
753	770
753	772
753	774
754	765
756	765
758	765
763	765
765	765
765	766
765	772
765	774
768	1469
775	775
775	776
775	777
775	779
775	780
775	782
775	783
775	784
775	785
775	786
775	787
775	789
775	790
775	794
775	795
775	864
777	777
777	782
777	785
777	786
777	789
777	796
777	797
777	798
777	799
777	800
777	801
777	803
779	804
779	806
780	806
782	804
782	806
782	888
783	804
783	806
783	888
784	997
784	1004
784	1008
784	1031
784	1139
784	1151
784	1183
784	1395
784	1407
784	1444
784	1478
784	1479
784	1480
784	1481
784	1482
784	1483
784	1484
784	1485
784	1487
784	1488
784	1489
784	1491
784	1492
784	1493
784	1495
784	1496
784	1497
784	1498
784	1500
784	1502
785	806
786	804
786	806
789	804
789	806
790	806
790	888
794	806
795	806
796	806
798	804
798	806
798	888
799	806
800	1213
801	806
801	888
803	806
806	807
806	808
806	809
806	810
806	811
806	812
806	813
811	811
811	1053
811	1227
811	1267
811	1273
811	1275
811	1326
811	1379
811	1581
811	1678
811	2034
818	1919
818	1958
818	2191
826	826
826	1295
826	1311
826	1378
826	1435
826	1680
826	1817
826	1966
826	2249
826	2287
829	1100
829	1484
829	1487
830	1041
830	2138
830	2272
833	833
833	858
833	904
833	929
833	1029
833	1030
833	1031
833	1032
833	1551
833	2060
834	1714
834	2073
834	2317
840	840
841	841
842	842
843	843
848	848
849	849
849	852
849	856
849	1063
850	850
850	852
850	853
850	1063
850	1337
850	1912
857	1376
860	1008
860	1063
860	1376
863	1100
863	1870
864	864
864	865
872	873
873	1392
874	875
875	875
875	1070
875	1071
875	1091
875	1092
887	1817
887	1828
887	1966
887	2090
887	2138
887	2299
888	888
888	889
888	890
888	892
888	894
894	894
896	896
896	897
896	898
896	899
896	900
896	901
897	901
898	901
899	901
900	901
901	901
902	902
902	903
902	904
902	1137
903	2017
904	973
904	1011
904	1131
904	1174
907	1146
907	1150
907	1962
908	908
908	909
908	2135
910	995
910	996
910	2267
911	911
911	912
911	913
917	917
918	918
918	1132
920	921
921	1376
921	1970
926	1422
927	1912
928	1396
929	1422
929	1443
930	1422
931	931
932	932
934	934
934	935
934	937
934	940
943	943
943	2038
944	944
945	945
946	946
946	947
946	949
959	960
959	972
960	960
960	962
960	963
960	967
960	972
960	978
960	979
962	972
963	972
963	1117
965	972
967	972
967	1443
970	972
970	1554
972	972
972	978
972	1116
972	1135
973	973
973	974
973	975
973	1434
973	1678
974	974
974	975
974	1394
975	975
976	976
976	977
978	1175
983	983
984	984
984	985
984	986
985	1970
985	2040
988	988
988	1205
990	1202
990	1435
995	1311
995	1637
995	1686
995	1732
995	1777
995	1778
995	1781
995	1782
995	1853
996	996
996	1101
996	1296
996	1297
997	1407
1003	1003
1004	1004
1004	1005
1004	1006
1004	1825
1004	1826
1004	2138
1006	1043
1006	1478
1006	1607
1006	2123
1008	1008
1008	1009
1008	2261
1011	1011
1011	1775
1012	1213
1015	1015
1017	2238
1021	1026
1021	1694
1021	1719
1021	1917
1021	2212
1021	2213
1022	1137
1022	1314
1022	1478
1022	1498
1023	1028
1028	1028
1028	1413
1028	1434
1028	1511
1028	1740
1028	1741
1028	1742
1031	1357
1031	1974
1033	1033
1033	1036
1033	1037
1033	1909
1038	1038
1038	1039
1038	1484
1038	1487
1038	1521
1038	1590
1038	1595
1038	1721
1038	1819
1038	1887
1038	1949
1038	2148
1039	1281
1041	1041
1041	1042
1041	1043
1041	1044
1041	1372
1042	1055
1042	1443
1042	1817
1043	1507
1043	1912
1043	1966
1043	2093
1043	2248
1046	1106
1047	1047
1047	1049
1049	1049
1050	1050
1051	1051
1053	1053
1053	1227
1053	1267
1053	1270
1053	1271
1053	1273
1053	1326
1053	1379
1055	1055
1055	1056
1055	1521
1055	1602
1055	1672
1055	1852
1055	2193
1058	1058
1059	1059
1059	1060
1059	1900
1060	1613
1060	1714
1063	1063
1063	1183
1063	1311
1063	1500
1063	1561
1063	1744
1063	1839
1063	2034
1063	2145
1063	2283
1064	1064
1065	1707
1066	1066
1066	1067
1067	1067
1069	1070
1069	1071
1069	1073
1069	1074
1070	1079
1071	1079
1071	1563
1073	1429
1073	1849
1079	1079
1079	1081
1079	1084
1079	1085
1081	2224
1084	1275
1084	1563
1084	2224
1086	1326
1093	1974
1096	1171
1100	1100
1100	1261
1100	1264
1100	1265
1100	1266
1106	1107
1106	1108
1111	1122
1111	1606
1111	1817
1111	1900
1111	1952
1113	1117
1113	1122
1113	1629
1113	1952
1113	1972
1115	1952
1116	2114
1117	1117
1121	1121
1122	1123
1122	1817
1122	1952
1129	1129
1129	1130
1130	2188
1131	1131
1132	1132
1132	1133
1135	1175
1136	1136
1136	2093
1137	1137
1137	1138
1137	1139
1137	1140
1137	1141
1137	1142
1139	1810
1139	1816
1139	1915
1139	1966
1139	2138
1140	2261
1146	1938
1146	2052
1151	1738
1153	1153
1153	1154
1153	1156
1153	1157
1153	1158
1154	1154
1154	1157
1161	1161
1161	1905
1162	1162
1162	1163
1162	1164
1165	1165
1167	1167
1170	1170
1171	1171
1171	1415
1171	1416
1172	1476
1172	1491
1172	1844
1172	1845
1174	1174
1174	1175
1174	1176
1175	2334
1178	1178
1178	1443
1178	1870
1178	1910
1178	1966
1180	2153
1182	1208
1183	1407
1188	1188
1188	1190
1188	1191
1188	1193
1188	1372
1190	1491
1194	1194
1194	1443
1194	2135
1195	1195
1195	1196
1197	1197
1197	1198
1198	1368
1200	1200
1200	1202
1202	1204
1207	1207
1207	1208
1207	1210
1207	1211
1207	1212
1207	1646
1207	1831
1207	2103
1207	2119
1208	1208
1208	1210
1208	1211
1208	1212
1208	1478
1208	1803
1208	2119
1208	2121
1210	1212
1211	1443
1212	1569
1213	1213
1213	1214
1213	1216
1213	1217
1227	1273
1227	1275
1229	1232
1229	2334
1232	1234
1232	1275
1232	1517
1240	1240
1240	1243
1240	1443
1240	1674
1247	1248
1250	1915
1251	1251
1256	1680
1256	1828
1261	1261
1264	1599
1267	1273
1271	1273
1273	1275
1279	1279
1279	1280
1281	1281
1281	1282
1283	1284
1283	1285
1288	1423
1292	2078
1298	1298
1299	1299
1299	1300
1311	1311
1311	1312
1311	1313
1311	1314
1311	1319
1311	1320
1311	1443
1311	1508
1311	1912
1311	1934
1311	2251
1311	2261
1311	2308
1326	1326
1328	1328
1328	1329
1331	1331
1331	1817
1332	1332
1332	1333
1333	1801
1334	1334
1336	1336
1337	1337
1337	1338
1337	1339
1337	1340
1337	1343
1337	1344
1337	1345
1337	1346
1337	1347
1337	1607
1337	1870
1337	2189
1337	2290
1345	1900
1345	1966
1346	1346
1349	1349
1352	1355
1352	1356
1355	1357
1357	1357
1357	1359
1360	1360
1360	1361
1361	1361
1362	1362
1368	1368
1368	1369
1368	1370
1372	1372
1372	1373
1373	1373
1376	1378
1378	1593
1378	1656
1378	1908
1379	1379
1385	1385
1389	1390
1392	1392
1393	1393
1393	1480
1393	1517
1393	1642
1393	1721
1395	1395
1396	1396
1396	1877
1398	1398
1398	1680
1401	1401
1402	1402
1403	1403
1404	1404
1404	1841
1406	1406
1407	1407
1408	1408
1409	1409
1410	1410
1411	1411
1417	1417
1418	1418
1418	1509
1418	1573
1418	1734
1418	1737
1419	1419
1422	1422
1423	1423
1423	1424
1424	1424
1426	1426
1429	1429
1432	1432
1435	1435
1435	1770
1439	1439
1439	1912
1442	1442
1442	1443
1442	1479
1442	1482
1442	1520
1443	1444
1443	1476
1443	1478
1443	1493
1443	1509
1443	1521
1443	1525
1443	1551
1443	1568
1443	1581
1443	1678
1443	1858
1443	1887
1443	1891
1443	1892
1443	1895
1443	1897
1443	1898
1443	1900
1444	1444
1445	1445
1446	1446
1447	1447
1448	1448
1450	1450
1451	1451
1460	1460
1460	1461
1463	1463
1464	1464
1466	1466
1467	1467
1468	1468
1469	1469
1470	1470
1471	1471
1473	1473
1474	1474
1476	1870
1476	1915
1476	1948
1476	2138
1476	2308
1478	1849
1478	1931
1478	1948
1478	2251
1478	2288
1479	2056
1479	2252
1480	1491
1480	1707
1480	1810
1480	2030
1480	2152
1480	2268
1482	2238
1484	1969
1484	2040
1485	2334
1487	1613
1487	1923
1487	1931
1487	2036
1487	2053
1489	2238
1489	2299
1491	1613
1491	2058
1493	1613
1493	1680
1493	1966
1493	2036
1493	2073
1493	2138
1495	1849
1495	1966
1496	1533
1496	1559
1496	1702
1496	2053
1496	2299
1497	1962
1498	2078
1498	2225
1500	1972
1500	2138
1502	1613
1502	1810
1502	1816
1502	1915
1503	1504
1505	1912
1507	1508
1507	1509
1507	1510
1507	1511
1508	1529
1508	1680
1508	1920
1509	1664
1509	1680
1509	1702
1509	1880
1509	2267
1509	2336
1510	2261
1511	2002
1515	1993
1516	1554
1516	1563
1516	1628
1516	1993
1517	1817
1517	1993
1517	2002
1517	2073
1517	2077
1517	2329
1520	1629
1520	1805
1520	1900
1520	2238
1521	1674
1521	1948
1521	2138
1521	2267
1524	1817
1525	1912
1526	1817
1526	2056
1526	2289
1530	1920
1532	1665
1532	2224
1537	1568
1537	1724
1549	1714
1551	1607
1554	1563
1554	1646
1554	1695
1554	1696
1554	1697
1554	1698
1554	1700
1554	1701
1554	1702
1554	1703
1557	1621
1557	1680
1557	1944
1557	2053
1557	2056
1557	2126
1560	1561
1560	1563
1563	1721
1563	1950
1563	1996
1563	1997
1563	1998
1565	1868
1567	1568
1568	1586
1568	1791
1568	1792
1568	2183
1577	1912
1577	1972
1577	2017
1577	2152
1577	2193
1580	2114
1581	1900
1581	2251
1589	1788
1589	1789
1589	1828
1589	1925
1590	1680
1590	1817
1590	1948
1590	2138
1593	1664
1593	1680
1593	1827
1593	2012
1593	2334
1595	2138
1596	1817
1599	1613
1599	1664
1599	1803
1599	1804
1599	1962
1599	2095
1602	1613
1602	2090
1602	2138
1605	1623
1605	1680
1605	2013
1605	2078
1605	2138
1605	2238
1606	2078
1607	1608
1607	1609
1607	1610
1607	1611
1607	1915
1607	1962
1608	1931
1610	1680
1610	1925
1610	2030
1610	2223
1610	2299
1621	1637
1621	1760
1621	1761
1621	1817
1621	1966
1621	1972
1625	1626
1628	1629
1628	1939
1629	1646
1629	1665
1629	1939
1629	1940
1631	1632
1633	1634
1637	1673
1637	2036
1640	2078
1642	1664
1642	1966
1642	2073
1642	2308
1645	1942
1645	1943
1646	1664
1646	1729
1646	1910
1646	1912
1646	1925
1646	1944
1646	2060
1646	2127
1646	2267
1646	2308
1651	1744
1651	1746
1651	2137
1656	1817
1664	1665
1665	1869
1665	1910
1665	1932
1665	1944
1665	1962
1665	2018
1665	2035
1665	2116
1665	2118
1674	1678
1678	1710
1678	1806
1678	1923
1678	2090
1678	2290
1680	1686
1680	1687
1680	1688
1680	1690
1680	1692
1680	1693
1680	1694
1680	1695
1695	1966
1695	2334
1702	2089
1707	1710
1707	1712
1707	1713
1710	1712
1710	1713
1710	2252
1714	1715
1714	1716
1719	1966
1719	2137
1720	1764
1721	1810
1721	2005
1721	2152
1741	1803
1744	2138
1756	2299
1763	1764
1775	2193
1778	1905
1781	2289
1782	2073
1788	1789
1788	1790
1789	1925
1793	2193
1805	1806
1805	1807
1806	1905
1814	2030
1817	1818
1817	1819
1817	1820
1817	1823
1817	1825
1820	2053
1820	2317
1828	1829
1831	1833
1836	2345
1838	1839
1841	1842
1847	2223
1847	2276
1849	1850
1849	1851
1851	2251
1852	2299
1858	1870
1858	1966
1858	2053
1858	2114
1870	1871
1870	1872
1870	1873
1876	2056
1876	2302
1877	1878
1877	1879
1880	1881
1897	2053
1900	1923
1900	1950
1900	1966
1900	1996
1905	1908
1910	1911
1910	1912
1912	2176
1912	2177
1912	2178
1912	2179
1912	2180
1915	1916
1915	1917
1915	1919
1919	2073
1919	2329
1920	1960
1922	2340
1947	2090
1948	1949
1948	1950
1948	1951
1949	2138
1950	1960
1950	2015
1950	2090
1954	2054
1960	2076
1962	1963
1962	1964
1962	1966
1966	2057
1966	2078
1966	2114
1966	2125
1966	2264
1971	2078
1971	2231
1972	1973
1974	1975
1974	1976
1974	1977
1974	1978
1976	2299
1981	1982
1989	2073
2001	2189
2001	2290
2004	2005
2004	2008
2005	2088
2013	2014
2030	2031
2030	2032
2040	2042
2040	2223
2053	2054
2053	2055
2054	2264
2056	2057
2057	2201
2058	2073
2058	2268
2060	2205
2063	2308
2068	2154
2073	2074
2073	2075
2078	2080
2119	2120
2119	2121
2120	2264
2126	2127
2127	2226
2138	2139
2138	2140
2158	2159
2158	2160
2164	2165
2164	2166
2164	2167
2173	2174
2173	2175
2176	2323
2189	2190
2193	2194
2231	2232
2231	2233
2254	2255
2261	2262
2261	2263
2268	2269
2270	2271
2275	2334
2299	2300
2302	2303
2308	2309
2308	2311
2323	2324
2323	2325
2334	2341
2338	2339
