# Undirected graph (each unordered pair of nodes is saved once): output/networks/yeastremoveRandom-30percent.txt
# Nodes: 1653 Edges: 3753
# NodeId	NodeId
2	1079
2	1246
2	1275
2	1350
3	463
3	974
3	975
3	996
3	1079
4	4
4	5
4	1443
4	1880
4	1972
5	149
10	10
10	907
10	2021
12	12
12	13
12	14
13	13
13	143
13	631
13	1650
13	1659
14	14
14	508
14	2289
15	15
15	352
15	676
15	1052
15	1055
16	16
16	508
17	17
17	186
17	369
17	1334
17	1568
17	1896
19	19
19	980
19	1512
20	20
20	21
20	23
20	1079
21	155
21	227
21	849
21	920
21	1249
23	417
23	439
23	485
23	670
23	699
23	727
23	802
23	833
23	849
23	877
23	1336
23	1376
23	1379
24	24
24	26
24	27
24	28
24	392
27	392
27	2220
28	392
28	2122
28	2257
29	29
30	31
30	32
31	183
31	338
31	369
31	539
31	648
31	1028
31	1038
31	1346
31	1358
31	1372
31	1831
31	1934
31	1941
31	2068
31	2251
31	2273
33	33
33	34
33	39
39	126
39	231
39	389
39	391
39	549
39	1069
39	1246
39	1439
39	1449
39	1726
40	40
40	42
45	45
45	1012
46	212
46	275
46	278
46	280
46	298
46	299
46	302
46	549
46	1021
46	1028
46	1208
46	1225
46	1714
46	1808
51	51
51	508
52	52
52	54
52	57
52	59
54	54
54	57
54	59
54	1210
57	57
57	59
57	71
57	215
57	222
57	388
57	585
57	588
57	927
57	1113
57	1324
57	1444
57	1518
57	1520
57	1521
57	1523
57	1524
57	1525
57	1526
57	1614
57	1900
57	1966
57	2090
57	2143
57	2220
59	59
59	165
59	1612
59	1809
60	62
60	63
60	64
60	65
62	62
62	64
62	1221
63	63
63	375
63	849
63	850
63	851
63	852
63	1053
64	115
64	164
64	170
64	268
64	388
64	390
64	417
64	649
64	1038
64	1136
64	1247
64	1424
64	1555
65	65
65	377
65	944
66	66
66	1548
66	2171
67	67
69	102
69	181
69	299
69	334
69	530
69	709
69	717
69	827
69	867
69	874
69	1053
69	1520
69	1554
69	1880
69	1952
71	143
71	238
71	399
71	664
71	699
71	1102
71	1167
71	1346
71	1408
71	1726
71	1747
71	1827
72	753
72	823
72	849
72	976
74	319
74	709
74	1192
74	1247
74	1444
74	1568
74	1896
74	2257
77	77
77	1679
78	120
78	126
78	134
78	135
78	1443
80	120
80	138
80	149
80	537
80	554
80	850
80	1001
80	1866
80	2053
80	2273
82	874
82	1386
82	1805
82	1896
82	1972
84	837
86	86
86	87
87	508
87	1475
88	89
88	549
90	90
90	91
90	92
91	92
91	111
92	92
92	188
92	1178
93	93
93	94
93	96
93	99
93	100
93	102
94	102
94	450
94	485
94	664
94	699
94	1137
94	1153
94	1221
96	102
99	102
100	102
102	102
106	106
107	107
107	108
107	110
107	111
107	112
107	113
107	664
110	111
111	630
111	664
111	1208
111	1506
111	1525
111	2240
111	2241
111	2243
111	2244
111	2245
112	112
112	748
112	1520
112	1961
113	425
114	114
114	1408
115	115
115	118
115	784
115	2078
118	272
118	767
118	777
118	975
118	1240
118	1412
118	2138
119	119
120	120
120	121
120	122
120	124
120	125
120	126
120	127
120	129
120	131
120	133
120	134
120	135
120	137
120	138
120	141
120	169
120	203
120	238
120	268
120	334
120	544
120	549
120	652
120	676
120	765
120	820
120	822
120	834
120	921
120	985
120	1016
120	1135
120	1347
120	1570
120	1599
120	1638
120	1812
120	1813
120	1814
121	126
121	131
121	134
121	135
121	165
121	252
121	697
121	1249
122	126
122	131
122	134
122	135
122	165
122	252
122	302
122	697
122	996
122	1249
122	2017
125	126
125	129
125	131
125	134
125	549
125	1596
125	2322
126	126
126	127
126	131
126	134
126	135
126	137
126	138
126	166
126	167
126	169
126	174
126	241
126	242
126	243
126	244
126	245
126	246
126	247
126	248
126	250
126	251
126	252
126	302
126	492
126	537
126	1249
126	1962
126	1981
126	2016
126	2040
126	2216
126	2331
127	252
127	627
129	129
129	134
131	131
131	133
131	134
131	135
131	138
131	165
131	167
131	171
131	203
131	241
131	243
131	246
131	248
131	252
131	444
131	1439
131	2040
133	135
133	165
133	243
133	252
133	302
133	425
133	443
133	492
133	537
133	546
133	697
133	1249
133	1511
133	1570
133	1917
133	1962
133	2040
133	2331
134	134
134	135
134	138
134	595
135	138
135	167
135	169
135	243
135	246
135	248
135	250
135	252
135	443
135	444
135	459
135	460
135	492
135	880
135	884
135	1021
135	1249
135	1439
135	1441
135	1808
135	2000
135	2040
135	2073
135	2257
135	2278
137	170
137	199
137	400
137	490
137	1021
137	1240
138	147
138	165
138	166
138	167
138	243
138	246
138	252
138	299
138	302
138	460
138	492
138	985
138	996
138	1249
138	1511
138	1570
138	2016
138	2017
138	2040
142	142
142	2095
143	143
143	144
143	611
144	982
144	995
145	145
145	430
145	463
145	784
145	995
145	1679
145	1680
145	1905
145	1934
145	1983
145	2260
146	146
146	147
146	148
146	149
146	150
146	153
146	155
146	156
146	157
146	158
146	159
146	161
146	845
147	149
147	153
147	155
147	156
147	162
147	167
147	212
147	226
147	234
147	292
147	338
147	339
147	343
147	348
147	382
147	399
147	402
147	437
147	441
147	474
147	492
147	721
147	727
147	895
147	1052
147	1055
147	1129
147	1255
147	1277
147	1648
147	1808
147	1828
147	1829
147	1857
147	1935
147	2053
147	2112
147	2195
147	2196
147	2198
147	2199
147	2200
147	2318
148	155
148	357
148	492
148	932
148	1011
148	1255
148	2073
149	149
149	150
149	153
149	155
149	167
149	170
149	328
149	329
149	687
149	690
149	691
149	845
149	943
149	992
149	1179
149	1181
149	1202
149	1309
149	1497
149	1517
149	1971
150	150
150	153
150	155
150	158
150	170
150	199
150	263
150	687
150	690
150	691
150	1202
153	153
153	155
153	156
153	157
153	158
153	159
153	161
153	170
153	199
153	214
153	365
153	545
153	690
153	691
153	845
153	874
153	985
153	1136
153	1200
153	1202
153	1204
153	1252
153	1253
153	1255
153	1257
153	1392
155	155
155	161
155	263
155	369
155	687
155	690
155	691
155	845
156	226
156	234
156	338
156	388
156	399
156	481
156	492
156	895
156	2268
157	214
157	1261
158	158
158	254
158	261
158	365
158	992
158	1144
158	1201
158	1202
159	844
159	1261
161	162
161	197
161	199
161	291
161	490
161	826
161	1011
161	1392
161	2073
161	2096
162	162
162	164
162	165
162	166
162	167
162	169
162	170
162	171
162	172
162	490
162	492
162	543
162	872
162	941
162	1392
162	1928
164	165
164	278
164	302
164	428
164	543
164	818
164	1028
165	165
165	167
165	169
165	171
165	203
165	243
165	248
165	252
165	302
165	425
165	443
165	490
165	491
165	544
165	642
165	697
165	884
165	985
165	1249
165	1570
165	2073
165	2168
166	172
166	268
166	272
166	428
166	543
166	872
166	1028
166	1053
166	1714
166	1808
166	2278
166	2326
167	241
167	252
167	302
167	492
167	543
167	697
167	872
167	1249
167	1726
167	1896
167	2073
169	172
169	302
169	490
169	492
169	697
169	1053
169	1249
169	1570
169	1808
170	170
170	197
170	199
170	200
170	202
170	237
170	302
170	369
170	428
170	492
170	493
170	545
170	767
170	826
170	1011
170	1295
170	1392
170	1570
170	1808
170	2073
170	2096
170	2112
171	399
171	428
171	490
171	492
171	1412
171	1962
171	2073
172	172
172	237
172	272
172	996
172	1011
172	1430
172	1443
172	2073
172	2096
174	174
174	175
174	177
174	178
174	1038
175	1038
177	1607
178	1038
180	181
180	183
181	181
181	183
181	208
181	210
181	885
181	1170
181	1607
181	1912
183	183
183	946
183	947
183	948
183	950
183	2078
184	227
184	252
184	426
184	428
184	1016
184	1805
184	1806
184	1886
184	2090
184	2202
184	2306
185	425
185	510
185	520
185	627
185	697
185	709
185	844
185	849
185	850
185	1038
185	1194
185	1599
185	1912
185	2137
185	2238
185	2268
186	186
186	187
186	252
186	1067
186	1069
186	1208
186	1218
186	1311
186	1521
186	1551
186	1852
186	1881
186	2346
186	2347
186	2350
187	896
187	1178
187	1281
187	1403
187	1422
188	304
188	867
188	1052
190	190
190	191
190	309
190	310
190	311
190	312
190	313
190	1252
190	1962
190	2001
190	2283
190	2332
191	1521
194	194
194	196
194	197
194	198
194	1432
194	1731
194	1733
196	197
196	198
196	1045
196	1059
196	1489
196	1795
196	1919
196	1971
196	2342
196	2343
196	2344
197	198
197	278
197	283
197	1337
197	1767
198	508
198	633
198	647
198	837
198	1656
199	199
199	200
199	201
199	202
199	203
199	492
199	537
199	679
199	826
199	887
199	1021
199	1181
199	1208
199	1323
199	1392
199	1554
199	1569
199	1577
199	1625
199	1831
199	1854
199	1886
199	1896
199	2073
199	2257
199	2273
200	1283
201	611
201	806
201	1055
202	302
202	350
202	356
202	394
202	490
203	428
203	490
203	492
203	549
203	767
203	775
203	777
203	806
203	1129
203	2238
204	204
207	207
207	357
208	874
208	1443
210	321
210	322
210	323
210	324
210	369
210	684
210	775
210	1004
210	1324
210	1443
210	1521
210	1525
210	1615
210	1648
210	1903
210	2053
210	2170
210	2189
211	211
211	212
211	213
211	214
212	212
212	214
212	302
212	304
212	402
212	437
212	622
212	843
212	1020
212	1171
212	1172
212	1173
212	1379
212	1714
212	2208
213	280
213	399
213	447
213	520
213	595
213	664
213	1346
213	1350
213	1443
213	1554
213	1900
213	1966
214	214
214	299
214	302
214	402
214	437
214	1095
214	1171
215	215
215	216
217	217
217	220
217	222
217	224
217	225
217	389
217	659
217	911
220	220
220	389
220	833
220	2015
224	224
225	225
226	226
226	616
226	709
226	710
226	1570
226	1571
226	1572
226	2257
227	227
227	228
227	229
227	230
227	231
227	234
227	235
227	236
227	237
227	238
227	239
227	549
227	877
227	1587
227	1688
228	1962
228	2173
229	280
229	549
229	777
229	1311
229	1337
231	231
231	234
231	236
231	447
231	959
231	960
231	961
231	963
231	964
231	965
231	966
231	968
231	970
231	971
231	972
231	1020
231	1043
231	1131
231	1307
231	1333
231	1520
231	1614
231	1680
231	1756
231	2072
234	234
234	236
234	335
234	337
234	338
234	1168
236	236
236	685
236	1131
236	1307
236	1680
236	2082
236	2206
237	272
237	298
237	334
237	454
237	541
237	583
237	709
237	1392
237	1449
238	238
238	398
238	824
238	1044
238	1045
238	1283
238	1285
238	1286
238	1287
238	1326
238	1606
238	1896
238	1910
238	2078
238	2138
238	2273
239	278
239	302
239	399
239	492
239	537
239	595
239	885
239	920
239	1021
239	1181
239	1376
239	2006
239	2257
240	240
241	241
241	243
241	444
241	1249
242	252
242	537
243	252
243	492
243	537
243	697
243	1240
243	1363
243	1896
243	2040
243	2104
243	2105
245	537
245	784
245	2257
246	302
246	1249
246	1962
247	247
247	547
247	548
247	823
248	492
248	1249
248	1570
250	252
250	302
251	846
251	996
252	252
252	268
252	302
252	443
252	444
252	492
252	697
252	872
252	880
252	1045
252	1137
252	1249
252	1480
252	1495
252	1545
252	1593
252	1690
252	1793
252	1794
252	1795
252	1797
252	1798
252	2016
252	2257
254	254
254	256
254	260
254	261
254	262
254	263
254	264
254	267
254	268
254	269
254	270
254	271
254	992
260	261
260	992
261	261
261	263
261	264
261	267
261	268
261	314
261	365
261	992
261	1202
262	992
263	268
263	503
263	505
263	673
263	679
263	872
263	992
263	1200
263	1201
263	1202
264	267
264	992
264	1202
268	268
268	272
268	492
268	545
268	611
268	806
268	990
268	992
269	992
270	992
272	272
272	273
272	274
272	275
272	277
272	278
272	279
272	280
272	282
272	283
272	1714
273	299
273	1102
274	315
275	275
275	280
275	299
275	302
275	362
275	363
275	530
275	554
275	985
277	277
277	399
277	633
277	924
277	925
277	926
277	927
277	929
277	930
277	1422
277	1446
278	278
278	824
278	2131
279	1444
280	280
280	299
280	302
280	362
280	363
280	850
282	1443
282	1726
283	283
283	369
283	428
283	508
283	627
283	632
283	697
283	829
283	1011
283	1038
283	1053
283	1172
283	1295
283	1350
283	1443
283	1559
283	1648
283	1866
283	1896
283	2093
283	2161
284	284
284	286
284	287
284	288
284	289
284	291
284	292
284	293
284	474
286	286
286	287
286	289
286	291
286	292
286	293
286	316
286	474
286	543
287	287
287	288
287	289
287	291
287	292
287	293
287	316
287	474
287	543
288	289
288	291
288	292
288	293
288	474
288	543
288	1003
289	289
289	291
289	292
289	293
289	474
289	543
289	917
289	1003
291	291
291	292
291	293
291	316
291	474
291	1436
292	292
292	293
292	316
292	474
292	543
292	917
292	918
293	293
293	543
293	1003
298	298
298	299
298	300
298	302
298	304
299	299
299	302
299	306
299	307
299	308
299	663
299	1028
299	1714
300	390
300	985
300	1087
300	1866
300	2096
302	308
302	316
302	425
302	544
302	549
302	649
302	834
302	985
302	1016
302	1021
302	1028
302	1109
302	1136
302	1208
302	1225
302	1249
302	1309
302	1497
302	1511
302	1555
302	1630
302	1714
302	1805
302	1808
302	1960
302	1976
302	2053
302	2055
302	2107
302	2108
304	304
304	592
304	621
304	622
304	624
304	625
304	626
304	703
304	867
304	874
306	2048
307	995
307	996
307	1259
315	315
315	316
315	317
316	316
316	317
319	319
322	674
322	775
322	1303
323	425
323	1303
326	326
328	328
328	329
328	784
328	1554
328	1896
328	1953
328	2172
328	2256
328	2270
329	1016
329	1255
329	1966
329	2172
329	2216
329	2273
330	331
330	333
334	334
334	335
334	336
334	337
334	338
334	995
334	1475
334	1505
334	1896
334	2012
334	2172
334	2250
334	2260
334	2299
335	338
336	777
336	1213
336	1412
337	338
338	338
338	507
338	590
338	1168
338	1704
338	1705
338	1706
339	339
339	340
339	342
339	343
339	344
339	345
339	348
339	382
339	1129
342	382
342	1129
343	382
343	1129
344	382
344	850
344	1129
344	2216
345	382
345	1129
348	382
348	703
348	1129
349	349
349	530
350	350
350	352
350	353
350	356
352	353
352	588
352	887
352	946
352	949
352	1045
352	1055
352	1498
352	1846
353	588
353	925
353	946
353	1055
353	1167
353	1606
353	1691
353	2070
353	2186
353	2187
356	356
356	393
356	394
356	1443
357	357
357	359
357	360
357	425
357	549
357	1960
357	2006
357	2007
359	359
359	721
365	365
365	366
365	369
365	370
365	1202
366	631
366	1200
366	1201
366	1202
369	643
369	648
369	1166
369	1167
369	1202
369	1281
369	1337
369	1589
370	992
370	1200
370	1201
370	1202
373	373
373	375
373	648
373	1011
373	1194
373	1599
373	1994
373	2156
373	2266
374	430
374	1568
374	1599
374	1983
375	392
375	439
375	447
375	849
375	867
375	1016
377	595
380	784
381	784
382	382
382	384
382	850
382	1129
385	385
385	386
385	387
385	388
386	549
386	827
386	1663
386	2351
388	388
388	589
388	684
388	823
388	827
388	828
388	829
388	837
388	874
388	1066
388	1520
388	2157
389	389
389	390
389	391
390	390
390	622
390	746
390	874
390	985
390	1070
390	1071
390	1072
390	1087
390	1088
390	1090
390	1091
390	1092
390	1119
390	1772
390	2164
391	391
391	1069
391	1070
391	1071
391	1072
391	1075
391	1439
391	1912
393	394
397	397
397	692
398	485
398	549
398	616
398	627
398	632
398	664
398	699
398	849
398	1102
398	1194
398	1281
398	1346
398	1379
399	399
399	537
399	549
399	587
399	588
399	818
399	873
399	884
399	930
399	960
399	963
399	970
399	972
399	997
399	998
399	1000
399	1001
399	1446
399	1994
399	2058
400	1866
401	401
401	402
401	767
401	1129
402	1171
405	405
407	554
407	806
407	1188
409	661
410	410
411	411
411	412
411	413
411	414
411	861
411	2184
417	417
417	554
417	1412
425	425
425	426
425	428
425	492
425	549
425	628
425	649
425	650
425	651
425	1028
425	1962
425	2073
425	2257
425	2278
426	1511
426	1587
426	2299
428	428
428	433
428	507
428	640
428	641
428	642
428	643
428	645
428	646
428	647
428	648
428	1017
428	1489
428	1520
428	1638
428	1808
428	1814
428	1871
430	1502
430	2099
431	784
431	1412
434	434
436	439
437	439
439	439
439	440
439	441
439	462
439	1181
440	574
440	1181
441	492
441	1181
441	1232
441	2164
443	492
443	872
443	1102
443	1249
443	1570
443	2073
444	697
444	784
444	1249
444	2040
446	446
446	508
446	995
446	1905
446	2169
447	447
447	448
450	450
450	453
450	905
453	453
453	905
453	907
453	1147
453	1149
453	2313
453	2314
454	454
454	457
457	1114
459	1001
459	1249
459	1962
460	1714
462	537
462	867
462	1181
462	2164
463	463
463	968
463	1077
463	1309
463	1498
463	1621
463	1721
463	1767
463	1852
463	2335
465	465
465	466
465	467
465	469
466	466
469	2202
474	475
474	476
474	477
474	543
481	481
482	482
485	485
485	487
487	664
490	491
490	492
490	493
490	627
490	2216
491	492
491	697
491	872
491	1249
491	1962
492	544
492	546
492	642
492	649
492	826
492	834
492	921
492	1016
492	1017
492	1099
492	1144
492	1511
492	1555
492	1638
492	1785
492	1814
492	1916
492	1917
492	1958
492	2006
492	2011
492	2227
492	2228
492	2230
493	505
493	775
493	777
493	804
493	806
493	1392
494	494
494	495
494	496
494	501
494	502
495	569
495	833
495	885
495	1281
495	1376
496	501
496	837
496	1896
496	2090
496	2113
496	2138
496	2353
501	501
501	502
501	1136
501	1221
502	1172
502	1714
503	503
503	504
503	505
503	507
503	508
503	1750
504	505
504	679
504	811
504	872
504	992
504	1202
505	505
505	508
505	672
505	676
505	680
505	767
505	782
505	791
505	992
505	1200
505	1202
507	872
507	1028
508	601
508	659
508	673
508	679
508	716
508	824
508	941
508	992
508	1110
508	1136
508	1200
508	1201
508	1202
508	1311
508	1502
508	1600
508	1602
508	1605
508	1636
508	1637
508	1731
508	1776
508	1777
508	1778
508	1779
508	1780
508	1782
508	1783
508	1785
508	1786
510	510
510	699
510	1038
510	1167
510	1194
512	1194
514	514
516	516
516	518
516	1373
516	1508
516	1528
516	2273
518	2017
518	2238
520	520
524	524
524	1045
524	1515
524	1616
524	1718
524	1947
526	526
527	527
528	528
529	529
530	530
530	531
530	532
534	534
535	535
536	536
537	538
537	539
537	550
537	595
537	611
537	826
537	1017
537	1179
537	1218
537	1253
537	1521
537	1588
537	1589
537	1590
537	1593
537	1595
537	1596
537	1597
537	1598
539	1573
541	541
541	542
541	583
541	1545
542	583
543	543
543	544
543	545
543	546
544	697
544	709
544	1021
544	1808
544	1962
544	2073
544	2096
544	2257
545	872
545	1240
547	823
548	823
549	550
549	551
549	553
549	554
549	555
549	559
549	560
549	562
549	564
549	568
549	784
549	833
549	985
549	1001
549	1714
549	2002
549	2257
549	2291
550	850
550	1614
550	2137
550	2268
551	767
554	583
554	985
554	1020
554	1638
554	1933
554	1934
555	555
555	981
568	1630
569	569
569	570
569	571
570	671
570	676
570	679
570	699
570	1443
571	1038
571	1444
572	572
574	574
574	2077
574	2119
575	575
575	576
575	577
575	578
575	579
575	627
578	784
578	1255
578	1554
580	580
583	583
583	585
583	586
583	587
583	588
583	589
583	1952
585	585
585	586
585	588
585	628
585	959
585	963
585	964
585	1033
585	1038
585	1114
585	1118
585	1350
585	1614
585	1912
585	1952
585	2119
585	2216
585	2231
586	586
586	587
586	588
586	589
586	628
586	676
586	684
586	925
586	1033
586	1111
586	1113
586	1114
586	1115
586	1726
586	1952
586	1966
586	1983
586	2202
587	588
587	752
587	1114
587	1346
587	1350
587	1952
587	2251
588	589
588	925
588	1033
588	1038
588	1043
588	1111
588	1112
588	1113
588	1114
588	1350
588	1509
588	1621
588	1624
588	1648
588	1767
588	1801
588	1952
588	1966
588	1983
588	2043
588	2070
588	2138
588	2251
589	925
589	1033
589	1114
589	1629
589	1952
592	1052
595	595
595	598
595	818
595	858
595	861
595	985
595	1569
595	1679
595	1726
595	1932
595	2290
598	752
598	985
598	1599
599	599
599	2016
601	601
601	995
601	1336
601	1418
601	1962
601	2318
602	602
603	603
603	604
603	605
603	606
603	608
603	609
611	611
611	614
611	784
611	1966
611	2053
616	616
622	823
622	827
622	867
622	874
625	867
625	874
626	874
627	627
627	628
627	629
627	664
627	1007
627	1020
627	1083
627	1113
627	1176
627	1358
627	1525
627	1579
627	1602
627	1617
627	1650
627	1652
627	1653
627	1654
627	1656
627	1658
627	1659
627	1660
627	1661
627	1662
627	1663
628	664
628	925
628	960
628	1004
628	1033
628	1038
628	1114
628	1194
628	1554
628	1912
630	630
631	631
631	632
631	633
631	634
631	982
631	1022
631	1114
631	1896
631	2040
631	2095
632	632
632	633
632	634
632	1554
633	1422
633	1554
636	636
636	2155
637	637
639	1358
640	1962
641	648
641	1028
642	872
642	1022
642	1028
642	1129
642	1962
643	1016
643	1022
643	1028
643	1545
643	2019
643	2020
647	1001
647	1028
648	846
648	877
648	985
648	1028
648	1180
648	1509
648	1517
648	1602
648	1799
648	1800
649	1337
651	727
651	1311
651	1350
651	1403
652	652
652	653
652	1896
652	1962
652	2112
653	653
653	1812
658	1028
659	659
659	671
659	1554
661	661
661	662
661	663
661	849
661	932
661	1188
661	1189
661	1353
661	1372
661	1480
661	1516
661	1554
661	1590
661	1721
661	1767
661	2294
661	2295
661	2296
663	1188
663	1337
663	1766
663	2358
663	2359
664	664
664	665
665	1281
665	1912
665	1983
665	2144
670	670
671	671
671	672
671	673
671	674
671	676
671	678
671	679
672	679
672	992
673	673
673	676
674	676
674	679
674	1202
674	1311
674	1337
676	679
676	682
676	992
676	2216
679	680
679	681
679	682
680	1202
683	684
683	1443
683	2327
684	684
684	727
684	1220
685	685
687	845
687	1200
690	845
691	845
691	1028
691	1202
693	693
693	1460
693	1468
694	694
694	696
697	697
697	698
697	699
697	700
697	1249
699	699
699	934
699	1160
699	1194
699	2238
699	2316
700	1129
701	702
703	703
703	705
703	2143
705	2143
706	706
706	1714
709	709
709	710
710	710
710	1016
713	1102
713	1259
713	2353
715	1962
716	716
717	717
717	718
717	719
720	720
721	722
721	723
721	724
721	725
721	727
721	728
721	730
721	731
721	733
721	735
721	737
721	738
721	740
721	741
721	742
722	727
722	737
722	972
722	1068
722	1194
722	2304
723	737
723	1068
724	727
724	737
724	1068
725	737
725	1068
725	2234
727	727
727	730
727	731
727	733
727	737
727	738
727	740
727	741
727	743
727	744
727	745
727	746
727	747
727	748
727	1068
728	737
728	1068
730	737
730	1068
730	1171
730	1926
730	1927
731	737
731	1068
733	737
733	806
733	1053
733	1068
735	737
735	1068
737	737
737	738
737	740
737	741
737	744
737	745
737	748
737	1232
738	1068
740	1068
740	1201
741	1068
744	748
744	811
744	1053
744	1232
744	1275
745	1068
748	748
748	752
748	811
748	1053
748	1067
748	1228
748	1232
748	1234
748	1272
748	1274
748	1275
748	1277
748	1278
748	1326
749	749
751	751
752	752
752	811
752	941
752	1053
753	753
753	754
753	755
753	756
753	758
753	760
753	763
753	765
753	766
753	767
753	770
753	772
753	773
754	765
754	767
756	765
756	767
758	765
758	767
758	1386
760	767
763	765
763	767
765	765
765	766
765	767
765	772
765	773
765	820
766	767
767	770
767	772
767	773
767	814
767	816
767	817
767	818
767	819
767	820
767	822
775	775
775	777
775	778
775	779
775	780
775	781
775	782
775	784
775	786
775	787
775	788
775	791
775	792
775	793
777	777
777	782
777	786
777	791
777	792
777	796
777	797
777	800
777	802
778	806
779	804
779	806
780	806
781	806
782	804
782	806
782	888
784	997
784	1004
784	1008
784	1139
784	1151
784	1179
784	1181
784	1183
784	1412
784	1444
784	1480
784	1483
784	1485
784	1486
784	1489
784	1490
784	1491
784	1492
784	1495
784	1496
784	1497
784	1498
784	1499
784	1502
786	804
786	806
788	1068
791	804
791	888
791	1350
792	1261
796	806
800	1213
800	1221
800	1412
802	802
802	1145
804	805
805	806
806	807
806	808
806	809
806	810
806	811
806	812
806	813
811	811
811	824
811	1053
811	1227
811	1230
811	1267
811	1268
811	1272
811	1275
811	1326
811	1379
811	1581
811	1587
811	2034
818	844
818	1255
818	1785
818	1919
818	1958
818	2191
823	823
823	824
823	826
823	827
823	2096
824	1972
826	826
826	941
826	982
826	1192
826	1295
826	1311
826	1350
826	1680
826	1896
826	1966
826	2273
826	2287
827	827
827	828
827	829
827	831
827	832
827	833
827	834
827	836
827	837
828	1714
828	2096
829	1045
829	1624
831	833
831	1066
833	833
833	858
833	904
833	929
833	1030
833	1032
833	1545
833	1551
833	1691
833	2060
833	2146
834	837
834	1714
834	2073
834	2257
836	1066
836	1480
836	1590
836	1595
836	1602
836	1852
836	1886
837	1638
840	840
841	841
842	842
843	843
844	844
844	1337
845	845
845	1202
846	846
848	848
849	849
849	852
849	856
850	850
850	852
850	853
850	1337
850	1912
850	2202
862	862
866	866
866	2091
867	867
867	868
867	871
867	1171
872	873
872	2257
873	1392
874	876
877	877
877	878
877	1180
877	1690
884	1249
884	1771
885	885
885	886
885	887
887	1614
887	1828
887	1966
887	2070
887	2090
887	2138
887	2299
888	888
893	893
896	896
896	897
896	898
896	899
896	900
896	901
897	901
898	901
899	901
900	901
901	901
904	1011
904	1131
905	905
905	906
905	907
905	909
905	910
907	1147
907	1886
907	1962
907	2214
910	995
910	996
910	1259
911	911
911	912
911	913
915	915
915	916
917	917
918	918
918	1132
918	1134
920	921
921	1376
922	922
922	923
925	1114
925	1350
925	1952
926	1422
927	1181
927	1912
929	1422
929	1443
930	1422
930	1667
931	931
932	932
934	934
934	935
934	936
934	937
934	938
934	1276
936	936
936	937
936	938
941	941
942	942
943	943
943	1726
944	944
945	945
946	946
946	947
946	948
946	949
946	950
951	953
951	956
951	957
951	958
959	960
959	966
959	972
960	960
960	963
960	964
960	966
960	972
960	978
961	966
961	1114
963	966
963	972
963	1114
964	972
965	966
965	972
965	1114
966	968
966	970
966	972
966	1114
966	1116
966	1443
966	2046
970	972
970	1554
972	972
972	978
972	1114
972	1116
972	1135
974	974
974	975
975	975
975	1457
976	976
976	977
980	980
980	1491
982	1311
982	1579
982	1630
982	1852
982	1891
985	1555
985	1638
985	2040
985	2291
990	992
990	1202
992	993
995	1112
995	1311
995	1637
995	1686
995	1733
995	1776
995	1777
995	1778
995	1782
995	1853
996	996
996	1099
996	1101
996	1259
996	1297
1001	1638
1003	1003
1004	1004
1004	1005
1004	1007
1004	1619
1004	1825
1004	1826
1004	2138
1004	2219
1007	1008
1008	1008
1011	1011
1011	1166
1011	1808
1012	1213
1016	1016
1016	1017
1016	1587
1016	1663
1016	2257
1017	2238
1019	1019
1021	1026
1021	1638
1021	1694
1021	1785
1021	1917
1021	2213
1022	1137
1022	1314
1022	1498
1022	1545
1023	1028
1028	1028
1028	1413
1028	1433
1028	1434
1028	1511
1028	1740
1028	1741
1033	1033
1033	1035
1033	1036
1033	1909
1038	1038
1038	1039
1038	1521
1038	1590
1038	1595
1038	1721
1038	1767
1038	2148
1038	2273
1039	1281
1042	1055
1042	1350
1042	1443
1043	1726
1043	1912
1043	1966
1043	2093
1043	2143
1043	2248
1043	2257
1044	1303
1045	1131
1045	1726
1045	1896
1050	1050
1051	1051
1052	1052
1052	1053
1053	1053
1053	1227
1053	1267
1053	1268
1053	1270
1053	1272
1053	1326
1053	1379
1055	1055
1055	1521
1055	1550
1055	1602
1055	1672
1055	1852
1055	2070
1059	1059
1059	1900
1062	1062
1066	1066
1066	1067
1067	1067
1069	1070
1069	1071
1069	1072
1070	1079
1070	1087
1071	1079
1071	1087
1071	1563
1072	1087
1072	1563
1077	1079
1079	1079
1079	1083
1079	1085
1087	1087
1087	1088
1099	1808
1102	1103
1102	1104
1102	1105
1104	2329
1105	2329
1109	1392
1111	1114
1111	1606
1111	1900
1111	1952
1112	1952
1113	1114
1113	1629
1113	1952
1113	1972
1114	1114
1114	1115
1114	1116
1114	1124
1114	1767
1114	1952
1114	1983
1114	2251
1115	1952
1124	1124
1124	1126
1124	1127
1129	1129
1131	1131
1132	1132
1132	1133
1132	1134
1136	1136
1136	2093
1137	1137
1137	1139
1137	1140
1137	1141
1137	1142
1137	1143
1139	1679
1139	1966
1139	2138
1139	2315
1144	1144
1144	1208
1144	1520
1144	1584
1144	1718
1144	1720
1144	1721
1144	1722
1144	1723
1145	1376
1151	1738
1151	1983
1151	2257
1152	1188
1152	1392
1153	1153
1153	1154
1153	1155
1153	1156
1153	1157
1154	1154
1154	1155
1154	1157
1165	1165
1167	1167
1170	1170
1171	1171
1171	1415
1171	1416
1172	1491
1172	1843
1172	1844
1172	1845
1178	1178
1178	1443
1178	1910
1178	1966
1179	1192
1180	1936
1181	1509
1181	1936
1181	1937
1181	1938
1188	1188
1188	1189
1188	1190
1188	1191
1188	1192
1188	1372
1190	1491
1192	1509
1194	1194
1194	1443
1194	2135
1198	1368
1199	1350
1199	1368
1200	1200
1200	1202
1202	1204
1206	1206
1208	1208
1208	1209
1208	1210
1208	1211
1208	1212
1208	1518
1208	2119
1210	1212
1210	1587
1211	1443
1212	1569
1213	1213
1213	1215
1213	1216
1213	1412
1218	1218
1218	1219
1220	1220
1221	1222
1225	1225
1227	1275
1229	1232
1232	1233
1232	1234
1232	1275
1232	1517
1233	2164
1235	1275
1238	1238
1238	1239
1240	1240
1240	1241
1240	1242
1240	1244
1240	1443
1249	1249
1249	1808
1249	1962
1251	1251
1255	1703
1255	2277
1259	1259
1261	1261
1261	1263
1264	1599
1268	1326
1272	1275
1275	1276
1276	1666
1276	1667
1276	1968
1276	2206
1277	2257
1281	1281
1281	1282
1283	1284
1283	1285
1285	1896
1287	2202
1292	2078
1294	1294
1295	1767
1298	1298
1299	1299
1299	1300
1301	1301
1301	1302
1303	1303
1303	1304
1308	1308
1308	1309
1308	1585
1308	1680
1309	1585
1309	1680
1311	1311
1311	1312
1311	1314
1311	1316
1311	1318
1311	1319
1311	1443
1311	1508
1311	1912
1311	1934
1311	2251
1318	1318
1323	1323
1323	1324
1324	1880
1326	1326
1326	1327
1328	1328
1328	1330
1331	1331
1332	1332
1332	1333
1333	1801
1334	1334
1335	1335
1336	1336
1337	1337
1337	1338
1337	1339
1337	1340
1337	1341
1337	1345
1337	1346
1337	1347
1337	1607
1337	1648
1337	2189
1337	2290
1341	1726
1345	1900
1345	1966
1346	1346
1349	1349
1350	1350
1350	1351
1350	1554
1350	1983
1350	2220
1353	2173
1358	1358
1358	1443
1358	1614
1358	2138
1361	1361
1362	1362
1362	1363
1364	1364
1364	1365
1364	1366
1368	1368
1368	1369
1372	1372
1372	1373
1373	1373
1379	1379
1384	2220
1386	1386
1386	1387
1386	1388
1386	1389
1386	1390
1386	1391
1387	1388
1388	1388
1388	1389
1388	1390
1388	1767
1388	1828
1388	1848
1388	1960
1388	1961
1389	1390
1392	1392
1396	1396
1396	1877
1397	1397
1400	1400
1401	1401
1402	1402
1403	1403
1404	1404
1404	1841
1406	1406
1408	1408
1411	1411
1412	1412
1412	1413
1417	1417
1418	1418
1418	1509
1418	1573
1418	1734
1418	1735
1419	1419
1422	1422
1423	1423
1423	1424
1424	1424
1425	1425
1431	1431
1432	1432
1434	1983
1434	2144
1437	1437
1439	1439
1439	1912
1443	1444
1443	1509
1443	1518
1443	1521
1443	1525
1443	1551
1443	1568
1443	1581
1443	1616
1443	1624
1443	1691
1443	1858
1443	1883
1443	1884
1443	1885
1443	1886
1443	1888
1443	1889
1443	1891
1443	1892
1443	1893
1443	1894
1443	1896
1443	1898
1443	1900
1443	1901
1443	1902
1444	1444
1445	1445
1446	1446
1448	1448
1449	1449
1449	1896
1450	1450
1460	1460
1460	1461
1460	1462
1463	1463
1464	1464
1467	1467
1468	1468
1469	1469
1474	1474
1480	1491
1480	2152
1480	2268
1486	1607
1489	1635
1489	2238
1489	2299
1491	1614
1491	1956
1491	2058
1495	1849
1495	1966
1496	1559
1496	1635
1496	2053
1496	2299
1497	1962
1497	2257
1498	2078
1502	1679
1502	2315
1505	1506
1505	1912
1506	1931
1506	2254
1508	1680
1509	1666
1509	1680
1509	1880
1509	1983
1511	1570
1511	2002
1515	1993
1516	1554
1516	1563
1516	1614
1516	1726
1516	1993
1517	1585
1517	1667
1517	1726
1517	1755
1517	1993
1517	2002
1517	2073
1517	2077
1517	2329
1518	1680
1518	1896
1518	2122
1520	1629
1520	1726
1520	1805
1520	1896
1520	1900
1520	2238
1521	1614
1521	2138
1525	1912
1526	2289
1532	2144
1532	2224
1537	1568
1545	1680
1545	1808
1545	1852
1545	1966
1545	2299
1548	2035
1548	2171
1548	2299
1549	1714
1550	2273
1551	1607
1554	1563
1554	1616
1554	1696
1554	1697
1554	1698
1554	1700
1554	1701
1554	1703
1555	1570
1555	1962
1555	2073
1555	2257
1558	2048
1562	1621
1562	1966
1563	1721
1563	1996
1563	1997
1563	1998
1563	1999
1565	1868
1567	1568
1568	1586
1568	1600
1568	1791
1568	2183
1570	1785
1570	1917
1570	1989
1570	2011
1577	1636
1577	1896
1577	1912
1577	1972
1577	2017
1577	2152
1579	2251
1581	1726
1581	1900
1581	1983
1581	2070
1581	2251
1583	1607
1583	2202
1583	2299
1585	1586
1585	1587
1587	1806
1587	1923
1587	2070
1587	2090
1587	2268
1587	2306
1589	1648
1589	1667
1589	1788
1589	1828
1590	1680
1590	1808
1590	1983
1590	2138
1593	1680
1593	1808
1593	1827
1593	2012
1593	2260
1593	2266
1595	2138
1595	2273
1599	1804
1599	1896
1599	1962
1599	2095
1600	1680
1602	1866
1602	2090
1602	2138
1602	2260
1602	2266
1605	1623
1605	1624
1605	1680
1605	2078
1605	2138
1605	2238
1606	1616
1606	2078
1607	1608
1607	1609
1607	1612
1607	1962
1608	1931
1614	1615
1614	1616
1614	1617
1614	1619
1614	1620
1614	1621
1614	1622
1615	1666
1615	1828
1615	1831
1615	1841
1615	1900
1615	2138
1615	2220
1616	1900
1616	1912
1616	1966
1621	1637
1621	1760
1621	1761
1621	1762
1621	1886
1621	1966
1621	1972
1621	1983
1624	1629
1624	2248
1624	2266
1625	1626
1629	1939
1629	1940
1630	1765
1630	1978
1630	2040
1636	1637
1637	1673
1637	2036
1638	1714
1638	2143
1638	2299
1642	1666
1642	1966
1642	2073
1650	2036
1650	2137
1666	1690
1666	1841
1666	1869
1666	1910
1666	1912
1666	1946
1666	1962
1666	2266
1667	1668
1670	2238
1680	1681
1680	1684
1680	1686
1680	1688
1680	1690
1680	1691
1680	1692
1680	1693
1680	1694
1690	1886
1691	1896
1691	1983
1691	2257
1691	2273
1714	1715
1714	1716
1718	1912
1721	1726
1721	2005
1721	2152
1726	2048
1726	2129
1726	2130
1726	2131
1726	2132
1726	2133
1726	2134
1744	2138
1747	1748
1747	1749
1751	1752
1751	1753
1751	1754
1752	1983
1753	1983
1755	1756
1755	1896
1756	2299
1765	1766
1767	1900
1767	1912
1767	1952
1767	1983
1767	2185
1771	1772
1771	1773
1772	1900
1772	1919
1772	2000
1772	2044
1776	1849
1778	1905
1779	2090
1782	2073
1785	2006
1785	2073
1785	2096
1805	1806
1805	1807
1806	1905
1808	1989
1812	2017
1820	2053
1820	2273
1824	1983
1828	1829
1828	1830
1828	2006
1829	2006
1830	2006
1831	1832
1831	1833
1835	2260
1836	2345
1846	1847
1846	1848
1847	2223
1847	2276
1849	1850
1849	1851
1851	2251
1852	1983
1852	2299
1858	1966
1858	2053
1861	1972
1866	1867
1871	1896
1876	1896
1876	2302
1877	1878
1877	1879
1880	1881
1886	2235
1896	1930
1896	2062
1896	2063
1896	2067
1896	2068
1900	1923
1900	1966
1900	1996
1905	1906
1905	1907
1905	1908
1908	2147
1910	1911
1910	1912
1910	1914
1912	2178
1912	2180
1912	2181
1912	2182
1919	1983
1919	2073
1919	2096
1919	2329
1947	2090
1953	1954
1953	1955
1962	1963
1962	1964
1962	1965
1962	1966
1962	1967
1963	2146
1966	2043
1966	2057
1966	2078
1966	2125
1966	2156
1966	2264
1971	2078
1971	2231
1972	1973
1976	2096
1976	2299
1981	1982
1983	1984
1983	1986
1983	1987
1983	1988
1983	1989
1989	2073
1989	2096
1990	1991
2001	2189
2001	2290
2006	2319
2006	2320
2040	2041
2040	2042
2040	2223
2043	2299
2053	2055
2057	2201
2058	2073
2058	2268
2073	2074
2073	2075
2078	2079
2078	2080
2096	2098
2100	2202
2119	2120
2120	2264
2122	2123
2122	2301
2126	2128
2138	2139
2138	2140
2143	2312
2144	2145
2150	2151
2157	2257
2164	2165
2164	2166
2164	2167
2173	2175
2189	2190
2202	2203
2206	2207
2216	2217
2216	2218
2220	2239
2254	2255
2257	2258
2268	2269
2270	2271
2273	2274
2273	2275
2291	2292
2291	2293
2297	2298
2299	2300
2302	2303
2323	2324
2323	2325
2353	2354
