# Undirected graph (each unordered pair of nodes is saved once): Random8000.txt
# Nodes: 2000 Edges: 8000
# NodeId	NodeId
0	507
0	591
0	1059
0	1371
0	1523
0	1712
0	1880
0	1976
1	163
1	245
1	1565
1	1756
1	1883
1	1983
2	529
2	1254
2	1325
2	1366
2	1419
2	1480
2	1520
2	1907
2	1984
3	48
3	245
3	251
3	519
3	774
3	829
3	1012
3	1503
3	1531
4	117
4	161
4	326
4	356
4	450
4	456
4	980
4	1069
4	1242
4	1325
4	1738
4	1947
4	1999
5	132
5	219
5	277
5	722
5	889
5	970
5	1165
5	1369
5	1408
5	1632
5	1846
5	1881
6	349
6	627
6	632
6	804
6	924
6	1008
6	1411
6	1443
6	1526
7	133
7	215
7	425
7	534
7	821
7	1295
7	1380
7	1687
7	1793
7	1907
7	1945
8	459
8	539
8	659
8	945
8	1221
8	1234
8	1522
8	1523
8	1654
8	1682
8	1943
9	472
9	569
9	612
9	1169
9	1179
9	1634
9	1807
9	1923
10	89
10	155
10	312
10	493
10	817
10	1033
11	115
11	784
11	969
11	970
11	1879
11	1978
12	279
12	554
12	832
12	1098
12	1130
12	1229
12	1230
12	1279
12	1484
13	571
13	934
13	1379
13	1584
13	1592
13	1593
13	1706
14	259
14	326
14	535
14	674
14	684
14	708
14	957
14	995
14	1033
14	1136
14	1766
14	1912
15	655
15	922
15	1086
15	1265
15	1388
16	301
16	456
16	809
16	974
16	1233
16	1681
16	1992
17	283
17	377
17	984
17	993
17	1192
17	1240
17	1418
17	1621
17	1716
18	107
18	761
18	884
18	936
18	1208
18	1545
18	1905
19	173
19	376
19	790
19	1323
19	1358
19	1740
19	1747
19	1789
20	102
20	339
20	1252
21	121
21	415
21	518
21	556
21	731
21	1172
21	1704
21	1895
21	1997
22	79
22	308
22	580
22	714
22	802
22	862
22	1344
22	1707
22	1881
23	376
23	725
23	778
23	1384
23	1609
23	1612
23	1878
24	361
24	1465
24	1721
24	1782
24	1963
25	454
25	750
25	757
25	787
25	812
25	1137
25	1554
25	1657
25	1661
26	159
26	219
26	634
26	925
26	942
26	1118
26	1315
26	1806
26	1823
26	1896
27	504
27	755
27	912
27	1180
27	1358
27	1403
27	1751
27	1908
27	1952
28	117
28	596
28	1140
28	1286
28	1318
28	1374
28	1720
28	1875
28	1882
29	442
29	492
29	1005
29	1186
29	1531
29	1603
29	1722
29	1778
30	476
30	514
30	666
30	892
30	943
30	1359
31	75
31	703
31	839
31	1245
31	1442
31	1619
31	1686
31	1822
32	173
32	174
32	506
32	593
32	857
32	916
32	1025
32	1051
32	1375
32	1432
32	1565
32	1635
32	1901
32	1959
33	43
33	257
33	264
33	1116
33	1442
33	1446
33	1575
33	1723
34	132
34	785
34	787
34	951
34	1323
34	1492
34	1521
34	1553
35	114
35	191
35	354
35	786
35	904
35	1628
35	1918
36	266
36	283
36	404
36	788
36	805
36	1117
36	1987
37	120
37	236
37	462
37	878
37	1519
37	1528
37	1570
37	1785
37	1899
38	198
38	1027
38	1063
38	1076
38	1102
38	1610
38	1862
39	621
39	939
39	943
39	1089
39	1282
39	1637
40	323
40	876
41	450
41	691
41	1278
41	1301
41	1374
41	1444
41	1504
41	1776
41	1939
42	222
42	288
42	976
42	985
42	1325
42	1738
43	247
43	674
43	759
43	942
43	1031
43	1453
43	1455
44	409
44	1265
44	1314
44	1317
44	1338
44	1381
44	1603
45	467
45	533
45	720
45	733
45	1362
45	1840
46	77
46	361
46	465
46	935
46	959
46	1019
46	1298
46	1329
46	1519
46	1751
47	263
47	292
47	834
47	847
47	1301
47	1425
47	1902
47	1961
48	75
48	136
48	427
48	498
48	1243
48	1453
48	1472
48	1838
48	1862
49	116
49	256
49	563
49	1015
49	1112
49	1390
49	1401
49	1717
49	1775
49	1832
49	1845
49	1875
50	263
50	409
50	767
50	771
50	851
50	994
50	1030
50	1273
50	1404
50	1545
50	1606
50	1687
50	1771
50	1815
50	1821
50	1892
51	199
51	421
51	550
51	659
51	679
51	846
51	1071
51	1117
51	1259
51	1329
51	1380
51	1978
52	299
52	363
52	461
52	837
52	841
52	923
53	171
53	276
53	302
53	385
53	631
53	825
53	888
53	1223
53	1296
53	1538
54	68
54	445
54	1161
54	1325
54	1538
55	69
55	234
55	728
55	745
55	898
55	935
55	1011
55	1013
55	1547
55	1722
56	132
56	653
56	743
56	1175
56	1806
57	595
57	697
57	1468
58	88
58	134
58	434
58	700
58	812
58	859
58	1191
58	1272
58	1448
58	1456
58	1471
58	1889
58	1910
59	265
59	820
59	1001
59	1054
59	1236
59	1385
59	1991
60	202
60	250
60	369
60	1502
60	1701
60	1832
61	739
61	1185
61	1643
61	1936
62	561
62	578
62	709
62	732
62	965
62	1211
62	1261
62	1313
62	1745
62	1771
62	1816
63	941
63	1654
63	1730
63	1898
64	403
64	793
64	986
64	1275
64	1378
64	1419
64	1493
64	1520
64	1573
64	1614
65	202
65	230
65	322
65	475
65	864
65	870
65	1246
65	1283
65	1457
65	1896
66	80
66	94
66	330
66	782
66	912
66	1210
66	1650
67	97
67	105
67	110
67	269
67	581
67	649
67	1507
67	1511
67	1846
68	263
68	532
68	539
68	628
68	638
68	1111
68	1157
68	1615
68	1826
69	533
69	880
69	1348
69	1936
70	585
70	763
70	898
70	1004
70	1284
70	1311
70	1434
70	1505
70	1702
70	1807
71	310
71	815
71	1014
71	1234
71	1508
71	1684
71	1689
71	1842
72	87
72	399
72	612
72	1034
72	1118
72	1349
72	1391
72	1774
73	111
73	350
73	406
73	701
73	848
73	851
73	936
73	1276
73	1663
74	93
74	258
74	307
74	793
74	1006
74	1008
74	1187
74	1236
74	1445
74	1634
74	1649
74	1690
74	1791
75	99
75	259
75	503
75	666
75	1142
75	1151
75	1152
75	1819
75	1909
75	1981
75	1995
76	159
76	190
76	1432
77	290
77	397
77	588
77	600
77	609
77	625
77	822
77	882
77	1052
77	1241
77	1902
77	1972
78	195
78	450
78	544
78	551
78	1287
78	1645
78	1717
78	1747
79	124
79	130
79	269
79	1060
79	1230
79	1317
79	1880
79	1989
80	383
80	1270
80	1517
80	1572
80	1808
81	368
81	482
81	531
81	543
81	756
81	1010
81	1376
81	1499
81	1729
81	1802
81	1873
82	84
82	672
82	702
82	806
82	1004
82	1385
82	1463
82	1551
82	1795
83	420
83	474
83	658
83	681
83	755
83	960
83	1014
83	1681
83	1816
84	752
84	820
84	877
84	878
84	1048
84	1615
84	1692
84	1853
84	1888
84	1917
84	1974
85	179
85	449
85	472
85	593
85	617
85	629
85	844
85	1030
85	1100
85	1275
85	1904
86	141
86	191
86	523
86	641
86	853
86	864
86	910
86	1089
86	1152
86	1166
86	1266
86	1442
86	1621
86	1663
86	1870
87	765
87	1488
87	1560
88	172
88	621
88	742
88	824
88	846
88	974
88	1471
88	1475
88	1613
88	1706
89	307
89	1135
89	1229
89	1640
89	1941
89	1951
90	94
90	669
90	890
90	989
90	1020
90	1559
90	1717
91	258
91	530
91	563
91	937
91	985
91	1285
91	1867
92	337
92	521
92	524
92	660
92	679
92	1207
92	1399
92	1568
92	1849
92	1954
93	183
93	1442
93	1691
93	1803
94	444
94	743
94	776
94	867
94	906
94	1002
94	1240
94	1403
94	1633
94	1660
94	1691
95	856
95	858
95	899
95	1043
95	1422
95	1647
95	1674
95	1817
96	332
96	451
96	557
96	574
96	829
96	1038
96	1516
97	137
97	147
97	1206
97	1234
97	1423
97	1539
97	1612
97	1969
98	226
98	262
98	843
98	1210
98	1380
98	1391
98	1422
98	1470
98	1552
98	1673
98	1943
99	281
99	545
99	1025
99	1116
99	1325
99	1676
99	1795
100	741
100	1290
100	1505
100	1810
100	1969
101	214
101	342
101	642
101	823
101	988
101	1025
101	1337
101	1388
101	1584
101	1622
101	1774
102	569
102	690
102	987
102	1826
103	152
103	311
103	334
103	495
103	615
103	654
103	1364
103	1566
103	1629
103	1729
103	1844
103	1971
103	1979
104	426
104	497
104	865
104	1008
104	1395
105	611
105	1077
105	1285
105	1440
106	278
106	558
106	748
106	1170
106	1648
106	1851
106	1946
107	220
107	297
107	465
107	542
107	644
107	811
107	839
107	1003
107	1351
107	1376
107	1520
107	1555
107	1642
108	294
108	376
108	471
108	565
108	580
108	819
108	1061
108	1430
108	1535
108	1564
108	1724
108	1861
108	1871
109	147
109	170
109	429
109	819
109	1107
109	1399
109	1554
110	269
110	290
110	482
110	598
110	953
110	1639
111	510
111	519
111	615
111	741
111	852
111	966
111	1001
111	1977
112	277
112	444
112	482
112	620
112	1365
112	1522
112	1669
112	1715
112	1954
113	195
113	274
113	330
113	420
113	808
113	1272
113	1708
113	1822
113	1946
114	167
114	491
114	542
114	685
114	1331
114	1371
114	1467
114	1860
115	250
115	323
115	668
115	810
115	824
115	1132
115	1535
115	1550
115	1603
115	1615
115	1626
116	120
116	167
116	179
116	686
116	800
116	992
116	1195
116	1307
116	1390
116	1408
116	1983
117	347
117	557
117	857
117	948
117	1445
117	1536
117	1572
118	132
118	253
118	858
118	1123
118	1139
118	1304
118	1337
118	1429
118	1547
118	1849
119	195
119	1119
119	1164
119	1471
119	1521
119	1727
119	1981
120	479
120	508
120	798
120	825
120	1192
120	1592
120	1652
121	193
121	513
121	517
121	526
121	528
121	1605
121	1670
121	1682
122	265
122	376
122	755
122	830
122	990
122	1029
122	1224
122	1968
123	593
123	1068
123	1395
123	1581
124	261
124	427
124	738
124	791
124	831
124	1737
125	298
125	466
125	615
125	1156
125	1317
125	1959
126	211
126	251
126	316
126	369
126	633
126	743
126	777
126	1002
126	1120
126	1180
127	1172
127	1278
127	1311
127	1431
127	1471
127	1555
127	1704
127	1800
128	211
128	701
128	850
128	1057
128	1504
128	1626
129	263
129	525
129	527
129	547
129	725
129	936
129	1367
130	425
130	551
130	649
130	991
131	210
131	562
131	799
131	880
131	1062
131	1492
132	439
132	787
132	1424
132	1705
132	1724
132	1735
133	241
133	294
133	580
133	1354
133	1403
134	397
134	548
134	954
134	1042
134	1301
134	1363
134	1430
134	1685
134	1794
135	186
135	273
135	534
135	729
135	826
135	935
135	1016
135	1493
135	1552
135	1623
136	418
136	1270
136	1447
136	1623
137	622
137	746
137	1137
137	1215
137	1389
137	1601
137	1995
138	163
138	645
138	1283
138	1997
139	438
139	473
139	482
139	507
139	594
139	686
139	984
139	1086
139	1120
139	1171
139	1556
140	574
140	599
140	645
140	767
140	787
140	882
140	964
140	1585
140	1723
141	209
141	451
141	624
141	1057
141	1647
141	1912
142	389
142	457
142	674
142	841
142	1186
142	1429
142	1701
142	1716
142	1817
143	522
143	736
143	840
143	1336
143	1388
143	1473
143	1508
144	588
144	682
144	709
144	760
144	921
144	1033
144	1168
144	1216
144	1764
145	175
145	1085
145	1096
145	1203
145	1808
146	285
146	351
146	789
146	1500
146	1589
146	1936
147	394
147	518
147	897
147	901
147	1060
147	1140
147	1324
147	1348
147	1370
147	1471
147	1490
147	1576
147	1592
147	1596
147	1764
148	481
148	838
148	898
148	1543
148	1841
148	1856
148	1858
149	209
149	423
149	592
149	874
149	1388
149	1597
149	1887
150	314
150	775
150	1180
150	1437
150	1637
150	1780
151	157
151	381
151	550
151	923
151	949
151	1642
152	581
152	1601
153	368
153	388
153	492
153	1636
153	1786
153	1930
153	1969
153	1979
154	585
154	612
154	789
154	1114
154	1323
154	1349
154	1400
154	1543
154	1619
154	1623
154	1899
154	1921
154	1967
155	167
155	177
155	292
155	372
155	547
155	696
155	704
155	1830
155	1998
156	457
156	1352
156	1692
156	1986
157	1042
157	1419
157	1554
157	1890
157	1966
158	281
158	1238
158	1394
158	1415
158	1615
158	1734
158	1959
159	261
159	273
159	599
159	932
159	1649
159	1661
159	1756
160	335
160	439
160	554
160	681
160	1478
161	604
161	934
161	1334
161	1345
161	1821
162	213
162	344
162	585
162	660
162	1192
162	1482
162	1585
162	1798
163	431
163	883
163	1357
163	1455
163	1618
163	1633
163	1729
163	1762
164	400
164	478
164	519
164	532
164	1300
164	1758
164	1785
164	1822
164	1825
164	1842
164	1887
165	420
165	499
165	558
165	576
165	582
165	649
165	739
165	811
165	1125
165	1612
166	225
166	563
166	697
166	807
166	887
166	894
166	1199
166	1225
166	1381
166	1516
166	1706
166	1768
167	339
167	419
167	451
167	859
167	1409
167	1491
167	1539
167	1632
167	1778
168	504
168	770
168	1057
168	1106
168	1372
168	1761
169	1353
169	1614
169	1652
169	1705
169	1804
170	826
170	859
170	1269
170	1878
170	1919
170	1963
171	537
171	557
171	1337
171	1558
171	1846
172	231
172	286
172	363
172	440
172	1044
172	1195
173	250
173	269
173	1124
173	1240
173	1410
173	1642
173	1974
174	985
174	1119
175	377
175	839
175	931
175	1119
175	1414
176	208
176	964
176	1410
176	1820
177	495
177	924
177	1114
177	1174
177	1531
177	1545
177	1547
177	1802
178	552
178	1240
178	1692
178	1696
178	1743
179	210
179	235
179	383
179	534
179	949
179	1172
179	1509
179	1877
180	842
180	885
180	930
180	978
180	1469
180	1590
180	1668
180	1736
180	1742
180	1748
181	422
181	635
181	1042
181	1123
181	1589
181	1952
182	295
182	716
182	848
182	856
182	1055
182	1683
183	319
183	539
183	671
183	778
183	994
183	1853
183	1855
183	1916
184	312
184	411
184	465
184	772
184	1066
184	1104
184	1696
184	1844
184	1901
185	343
185	638
185	1054
185	1100
185	1571
185	1627
186	256
186	284
186	594
186	851
186	1373
186	1424
186	1523
186	1651
186	1666
186	1710
187	226
187	408
187	693
187	1035
187	1036
187	1183
187	1363
187	1398
187	1809
188	211
188	409
188	415
188	442
188	550
188	763
188	939
188	963
188	1157
188	1356
188	1390
188	1638
188	1756
188	1762
188	1787
189	529
189	1054
189	1924
190	709
190	1197
190	1543
190	1698
190	1733
190	1885
190	1899
191	1645
191	1796
191	1936
191	1989
192	339
192	764
192	1103
192	1406
192	1997
193	206
193	748
193	964
193	1279
193	1314
193	1341
193	1959
194	495
194	735
194	1661
195	232
195	457
195	539
195	556
195	608
195	797
195	858
195	948
195	1616
195	1687
195	1988
196	228
196	892
197	318
197	378
197	417
197	612
197	731
197	886
197	906
197	1040
197	1125
197	1991
198	271
198	1037
198	1038
198	1217
198	1655
199	588
199	939
199	959
199	1099
199	1206
199	1365
199	1899
200	346
200	440
200	552
200	673
200	892
200	914
200	1057
200	1670
201	325
201	383
201	420
201	524
201	636
201	818
201	1251
201	1435
201	1966
202	350
202	896
202	1230
202	1318
202	1497
202	1754
203	212
203	452
203	682
203	971
203	1839
204	582
204	789
204	820
204	941
204	1019
204	1157
204	1248
204	1389
204	1583
204	1681
204	1768
204	1877
205	1981
206	1473
206	1622
206	1900
206	1916
207	399
207	1088
207	1096
207	1182
207	1349
207	1523
207	1998
208	1127
208	1270
208	1460
208	1599
208	1653
209	435
209	573
209	1256
209	1428
210	396
210	560
210	607
210	757
210	1092
210	1449
210	1689
210	1948
211	869
211	1078
211	1418
211	1430
211	1659
211	1697
211	1824
211	1866
212	657
212	723
212	1293
213	396
213	1123
213	1714
214	279
214	345
214	657
214	762
214	1293
214	1498
214	1776
214	1792
214	1908
214	1972
215	248
215	330
215	333
215	463
215	648
215	1264
215	1758
215	1777
215	1983
216	271
216	273
216	355
216	358
216	1099
216	1180
216	1489
216	1521
216	1754
216	1835
217	326
217	417
217	611
217	1022
217	1245
217	1644
217	1682
217	1919
218	358
218	952
218	1254
218	1571
218	1988
219	298
219	367
219	677
219	1069
219	1196
219	1520
219	1608
219	1626
219	1882
220	512
220	523
220	560
220	817
220	909
220	1127
220	1407
220	1457
220	1632
221	250
221	283
221	632
221	655
221	995
221	1898
221	1909
221	1993
222	475
222	614
222	931
222	1043
222	1862
222	1971
223	342
223	386
223	428
223	505
223	636
223	720
223	756
223	868
223	984
223	1123
223	1181
223	1186
224	437
224	581
224	646
224	677
224	706
224	1114
224	1268
224	1736
224	1740
224	1743
224	1968
224	1994
225	478
225	1093
226	699
226	1047
226	1592
226	1962
227	257
227	749
227	1083
227	1161
227	1560
228	1034
228	1081
228	1116
228	1346
228	1455
228	1921
229	284
229	1059
229	1243
229	1431
229	1477
229	1610
229	1734
229	1861
229	1918
230	1154
230	1177
230	1273
231	702
231	838
231	1722
231	1931
232	386
232	387
232	415
232	533
232	1722
233	540
233	1224
233	1468
233	1470
233	1506
233	1995
234	336
234	755
234	866
234	1287
234	1457
234	1546
235	850
235	1115
235	1300
235	1596
235	1777
235	1817
236	581
236	802
236	1052
236	1183
237	302
237	512
237	1176
237	1594
237	1721
238	409
238	422
238	554
238	623
238	1098
238	1175
238	1274
238	1685
238	1784
239	1154
239	1362
239	1425
239	1484
240	304
240	481
240	504
240	520
240	773
240	1852
240	1923
241	963
241	990
241	1076
241	1352
241	1361
241	1403
241	1860
242	487
242	556
242	691
242	930
242	1367
242	1572
242	1652
242	1978
243	483
243	573
243	1065
243	1658
243	1751
243	1932
243	1960
244	1397
244	1410
244	1527
244	1535
244	1672
244	1919
244	1984
245	1023
245	1052
245	1301
245	1375
245	1516
245	1868
246	380
246	756
246	969
246	1632
246	1811
247	461
247	1149
247	1382
247	1589
247	1955
248	290
248	349
248	553
248	774
248	786
248	1070
248	1419
248	1479
248	1626
249	375
249	537
249	979
249	1250
250	310
250	425
250	471
250	485
250	930
250	937
250	1143
250	1179
250	1402
250	1433
250	1652
250	1828
250	1843
251	1494
251	1502
251	1797
251	1915
252	416
252	501
252	1271
252	1417
252	1448
252	1636
252	1752
252	1913
252	1933
253	363
253	908
253	1803
253	1855
253	1864
253	1882
253	1918
254	429
254	689
254	1093
254	1210
254	1418
254	1638
254	1754
254	1959
254	1980
255	265
255	420
255	646
255	820
255	1077
255	1218
255	1458
255	1461
255	1693
255	1701
255	1777
255	1852
256	621
256	912
256	922
256	934
256	1088
256	1173
256	1189
256	1573
256	1889
257	428
257	441
257	501
257	970
257	1323
257	1481
257	1522
257	1720
257	1758
257	1807
258	303
258	355
258	489
258	781
258	849
258	1096
258	1269
258	1566
258	1583
258	1891
259	459
259	621
259	1023
259	1236
259	1853
259	1947
260	322
260	572
260	629
260	653
260	766
260	1054
260	1207
260	1753
260	1804
261	348
261	595
261	628
261	742
261	749
261	1093
261	1384
261	1425
261	1479
261	1730
261	1753
261	1850
262	407
262	481
262	624
262	1094
262	1485
262	1966
263	297
263	654
263	923
263	1635
263	1691
263	1848
263	1929
264	572
264	874
264	1124
264	1159
264	1388
264	1953
265	393
265	684
265	714
265	769
265	1176
265	1267
265	1281
265	1469
265	1497
265	1545
265	1717
265	1786
265	1794
265	1976
266	391
266	461
266	521
266	781
266	801
266	944
266	1094
266	1865
266	1931
267	598
267	682
267	1528
267	1839
267	1846
267	1916
268	975
268	1137
269	399
269	766
269	1481
269	1730
269	1753
269	1957
270	397
270	454
270	1016
270	1182
270	1249
270	1943
271	324
271	492
271	892
271	944
271	982
271	1245
271	1752
272	288
272	725
272	1095
272	1191
272	1370
272	1595
272	1706
273	455
273	507
273	998
273	1388
273	1478
273	1542
273	1773
273	1887
274	392
274	930
274	1078
274	1175
274	1287
274	1423
275	1084
275	1093
275	1535
275	1984
276	391
276	411
276	421
276	1548
276	1608
276	1674
276	1838
277	336
277	506
277	754
277	775
277	933
277	1016
277	1192
277	1796
278	1564
278	1892
279	359
279	550
279	804
279	815
279	914
279	973
279	1041
279	1181
279	1183
279	1480
279	1488
279	1567
279	1653
280	335
280	479
280	711
280	899
280	1032
280	1240
280	1295
280	1298
280	1316
280	1390
280	1578
280	1611
280	1876
281	468
281	920
281	1174
281	1207
281	1230
281	1822
281	1863
282	718
282	754
282	909
282	1129
282	1276
282	1410
282	1725
282	1904
283	420
283	734
283	1554
283	1573
283	1721
283	1825
283	1934
284	605
284	717
284	802
284	885
284	948
284	980
284	1142
284	1154
284	1181
284	1425
284	1510
284	1514
284	1531
284	1588
284	1823
285	390
285	517
285	665
285	726
285	882
285	1426
285	1957
286	293
286	548
286	607
286	754
286	1441
286	1811
286	1827
287	305
287	378
287	618
287	1055
287	1069
287	1450
287	1853
288	354
288	379
288	449
288	592
288	657
288	873
288	1156
288	1159
288	1324
289	346
289	368
289	408
289	530
289	726
289	826
289	1162
289	1305
289	1384
289	1590
289	1628
290	589
290	922
290	929
290	990
290	1514
290	1556
290	1827
291	807
291	824
291	844
291	902
291	979
291	1009
291	1201
291	1382
291	1441
291	1700
291	1773
291	1842
291	1922
292	443
292	478
292	652
292	979
292	1578
292	1614
293	313
293	317
293	559
293	614
293	645
293	1133
293	1144
293	1734
293	1984
294	433
294	500
294	678
294	962
294	1360
295	623
295	908
295	1093
295	1488
295	1524
295	1690
295	1792
295	1856
296	1506
296	1721
297	354
297	781
297	1360
297	1386
297	1420
297	1427
297	1575
297	1577
298	419
298	1156
298	1635
298	1742
299	393
299	868
299	1036
299	1202
299	1482
299	1545
299	1681
299	1721
299	1847
300	324
300	341
300	642
300	674
300	1137
300	1481
300	1566
300	1576
301	900
301	1077
301	1266
301	1720
301	1970
302	902
302	919
302	954
302	1123
302	1379
302	1463
302	1659
303	394
303	601
303	683
303	890
303	1205
303	1277
303	1371
303	1807
304	740
304	814
304	816
304	864
304	922
304	1193
305	392
305	748
305	753
305	892
305	1176
305	1250
305	1316
305	1571
305	1828
306	353
306	371
306	565
306	635
306	946
306	1161
306	1314
306	1329
306	1494
306	1518
307	971
307	1353
307	1555
307	1569
307	1951
307	1953
308	621
308	1035
308	1106
308	1175
308	1338
308	1345
308	1917
309	606
309	673
309	1370
309	1697
309	1932
309	1956
310	395
310	554
310	920
310	1352
310	1414
310	1856
311	399
311	1588
312	336
312	498
312	993
312	1738
312	1744
312	1762
312	1828
312	1966
313	745
313	1584
313	1607
313	1743
313	1990
314	721
314	810
314	984
314	1269
314	1728
315	560
315	730
315	803
315	942
315	1101
315	1149
315	1187
315	1298
315	1396
315	1823
316	1125
316	1478
316	1583
317	835
317	1389
317	1753
317	1887
318	469
318	642
318	1028
318	1128
318	1164
319	569
319	672
319	774
319	1115
320	713
320	860
320	1173
320	1393
321	422
321	466
321	522
321	536
321	831
321	1306
321	1473
321	1682
322	339
322	361
322	519
322	798
322	1328
322	1464
322	1494
322	1528
322	1724
323	539
323	665
323	716
323	1012
323	1458
323	1513
323	1609
323	1629
323	1784
323	1813
323	1856
324	370
324	472
324	894
324	1212
324	1238
324	1497
325	608
325	839
325	1288
325	1551
325	1597
325	1631
325	1821
325	1824
326	700
326	976
326	1114
326	1222
326	1938
327	382
327	405
327	415
327	444
327	788
327	1176
327	1457
328	455
328	756
328	1549
328	1596
328	1839
329	333
329	745
329	1501
329	1864
329	1973
330	1224
330	1371
331	343
331	956
331	1098
331	1359
331	1597
332	375
332	432
332	616
332	739
332	758
332	1138
332	1257
332	1353
332	1799
333	972
333	1177
333	1758
334	421
334	1032
334	1201
334	1241
335	418
335	724
335	1537
335	1778
335	1991
336	976
336	1421
337	846
337	1045
337	1337
337	1428
338	861
338	954
338	987
338	1436
339	537
339	546
339	928
339	1190
339	1254
339	1273
339	1417
339	1885
340	537
340	1229
340	1338
340	1381
340	1492
341	389
341	392
341	504
341	759
341	1185
341	1218
341	1692
341	1911
342	424
342	1122
342	1358
342	1531
342	1697
342	1802
343	607
343	734
343	938
343	1212
343	1703
343	1972
344	500
344	517
344	1043
344	1284
344	1328
344	1410
344	1513
344	1838
345	790
345	1170
345	1567
345	1829
345	1959
346	447
346	475
346	588
346	738
346	800
346	1032
346	1197
346	1412
346	1431
346	1451
346	1724
346	1775
346	1881
346	1931
347	487
347	830
347	1903
348	398
348	436
348	454
348	702
348	864
348	1207
348	1598
348	1809
349	428
349	705
349	748
349	1045
349	1327
349	1413
349	1776
350	815
350	1779
350	1993
351	409
351	631
351	1308
351	1476
351	1656
351	1866
351	1986
352	501
352	862
352	1155
352	1203
352	1304
352	1349
352	1435
352	1459
352	1506
352	1609
352	1858
353	439
353	611
353	759
353	813
353	1101
353	1121
353	1279
353	1318
353	1379
353	1584
353	1933
354	775
354	893
354	1622
354	1902
355	1247
355	1369
355	1584
355	1823
355	1858
355	1873
356	385
356	1241
356	1588
356	1657
356	1749
357	757
357	886
358	1108
358	1719
358	1884
359	723
359	779
359	855
359	1163
359	1167
360	1072
360	1727
360	1942
361	403
361	468
361	953
361	1332
361	1854
361	1929
362	500
362	856
362	977
362	1201
362	1364
362	1379
362	1546
362	1849
362	1989
363	364
363	480
363	508
363	949
363	1022
363	1374
363	1483
363	1597
363	1633
363	1714
363	1996
364	404
364	425
364	460
364	521
364	873
364	894
364	1097
364	1232
364	1259
364	1535
365	374
365	389
365	408
365	662
365	932
365	1011
365	1121
365	1314
365	1432
365	1656
365	1863
366	451
366	632
366	1410
367	556
367	802
367	1211
367	1568
367	1783
367	1788
367	1825
367	1872
368	434
368	1575
368	1837
368	1921
369	428
369	460
369	523
369	563
369	606
369	755
369	950
369	1003
369	1132
369	1489
369	1490
369	1851
369	1914
370	652
370	1462
370	1508
370	1651
370	1932
371	436
371	1194
371	1665
371	1978
372	375
372	466
372	1173
372	1385
372	1475
372	1937
372	1968
373	819
373	1016
373	1017
373	1394
373	1497
373	1758
374	740
374	1450
374	1460
374	1566
374	1723
374	1941
375	924
375	1146
375	1451
375	1503
375	1619
375	1623
375	1750
375	1966
376	521
376	945
376	1462
376	1505
376	1514
377	417
377	477
377	550
377	593
377	852
377	929
377	1335
377	1441
377	1837
377	1841
378	876
378	955
378	1014
378	1121
378	1200
378	1542
378	1704
378	1816
378	1876
379	757
379	984
379	1106
379	1503
379	1599
379	1667
379	1778
379	1809
380	665
380	840
381	773
381	1028
381	1235
381	1358
381	1631
381	1708
381	1844
382	643
382	651
382	696
382	891
382	990
382	1137
382	1394
382	1442
382	1666
382	1961
383	897
383	1170
383	1456
383	1473
383	1624
383	1652
383	1800
384	998
384	1188
385	600
385	932
385	1314
385	1426
385	1511
385	1560
385	1864
385	1876
385	1992
386	539
386	570
386	648
386	773
386	784
386	968
386	1022
386	1410
387	814
387	1377
388	952
388	981
388	1103
388	1338
388	1343
388	1799
389	478
389	561
389	688
389	772
389	863
389	992
389	1595
389	1780
390	1155
390	1159
391	606
391	672
391	1059
391	1092
391	1246
391	1963
392	707
392	1148
393	426
393	630
393	1075
393	1377
393	1426
393	1930
394	768
394	809
394	872
394	967
394	1424
394	1517
394	1519
394	1812
394	1827
395	465
395	786
395	909
395	937
395	979
395	1141
395	1177
395	1437
395	1670
395	1681
395	1764
395	1974
396	469
396	1515
396	1612
396	1732
396	1800
396	1889
397	652
397	698
397	843
397	979
397	1069
397	1201
397	1316
397	1607
397	1623
397	1663
397	1715
397	1787
398	577
398	739
398	986
398	1058
398	1173
398	1471
398	1639
398	1701
398	1800
399	413
399	578
399	725
399	752
399	1173
399	1209
399	1547
400	550
400	661
400	807
400	1354
400	1438
400	1496
400	1648
400	1697
400	1772
400	1935
401	726
401	1349
401	1903
402	423
402	511
402	710
402	949
402	1257
402	1723
402	1804
403	503
403	800
403	1559
403	1782
404	609
404	821
404	870
404	924
404	1346
404	1446
404	1449
404	1466
404	1548
405	562
405	958
405	1154
405	1250
405	1271
405	1406
405	1699
405	1869
405	1897
405	1938
406	1031
406	1394
406	1451
406	1635
407	611
407	917
407	949
407	1586
407	1736
408	485
408	793
408	1195
408	1280
408	1530
408	1883
408	1927
409	835
409	1174
409	1702
409	1737
409	1850
410	1278
410	1468
411	890
411	1293
411	1479
411	1673
412	611
412	769
412	887
412	1562
412	1830
412	1913
413	709
413	1175
413	1293
414	419
414	1282
414	1591
414	1635
414	1758
415	596
415	886
415	1221
415	1649
415	1654
416	602
416	1018
416	1122
416	1704
416	1739
416	1936
417	1393
417	1563
417	1821
417	1875
418	637
418	928
418	1314
418	1797
419	828
419	856
419	925
419	1133
419	1293
419	1311
419	1547
419	1609
419	1681
419	1837
419	1983
420	746
420	1195
420	1219
420	1540
421	1375
421	1447
421	1855
421	1887
421	1991
422	533
422	614
422	747
422	1238
422	1356
422	1529
422	1532
423	741
423	785
423	932
423	1053
423	1122
423	1412
423	1731
423	1798
423	1908
424	457
424	983
424	1203
424	1402
424	1414
424	1911
425	535
425	1052
425	1213
425	1283
425	1416
425	1969
426	449
426	527
426	650
426	879
426	1100
426	1338
426	1463
426	1609
426	1656
427	626
427	790
427	837
428	507
428	1458
428	1904
429	713
429	932
429	1381
429	1587
429	1995
430	473
430	597
430	624
430	708
430	1065
430	1096
430	1488
430	1745
430	1835
431	444
431	500
431	807
431	1022
431	1269
431	1473
431	1840
431	1888
432	937
432	1891
432	1938
433	638
433	729
433	1013
433	1076
433	1180
433	1286
433	1414
433	1687
434	604
434	1374
434	1819
434	1943
435	446
435	529
435	793
435	1214
435	1238
435	1271
435	1496
435	1774
435	1841
435	1842
436	1470
436	1633
436	1818
436	1881
436	1933
437	518
437	629
437	634
437	684
437	937
437	1238
437	1863
437	1913
437	1943
438	492
438	751
438	915
438	1058
438	1199
438	1354
438	1392
438	1508
438	1610
438	1810
438	1959
439	461
439	967
439	1043
439	1214
439	1722
439	1788
439	1953
439	1973
440	783
440	840
440	922
440	1065
440	1388
440	1479
441	894
441	1281
441	1519
441	1553
442	467
442	609
442	630
442	780
442	942
442	962
442	1326
443	643
443	938
443	1386
443	1537
443	1555
443	1623
443	1931
444	734
444	825
444	1200
444	1290
444	1728
445	468
445	701
445	813
445	921
445	946
445	1007
445	1152
445	1418
445	1546
445	1791
445	1835
446	574
446	748
446	797
446	1022
446	1066
446	1170
446	1526
447	625
447	799
447	882
447	956
447	1070
447	1915
448	1242
448	1321
448	1369
448	1469
448	1623
448	1699
448	1824
449	472
449	546
449	590
449	900
449	1040
449	1168
449	1721
449	1943
450	759
450	965
451	513
451	828
451	912
451	1466
451	1918
452	841
452	853
452	920
452	995
452	1365
452	1400
452	1750
453	522
453	659
453	741
453	852
453	1349
453	1433
453	1639
453	1963
454	1132
454	1168
454	1406
454	1800
454	1840
455	537
455	746
455	910
455	971
455	1000
455	1118
456	576
456	822
456	997
456	1135
456	1448
456	1489
456	1601
456	1691
457	988
457	1367
457	1934
458	688
458	690
458	889
458	1493
458	1511
458	1519
458	1529
458	1677
458	1696
459	558
459	1247
459	1730
459	1890
459	1964
460	517
460	1047
460	1412
460	1911
460	1995
461	921
461	1387
461	1412
462	646
462	731
462	1030
462	1717
462	1874
463	834
463	1476
463	1482
464	853
464	913
464	952
464	1542
464	1864
465	869
465	880
465	985
465	1052
465	1133
465	1339
465	1615
465	1812
466	482
466	677
466	822
466	924
466	1104
466	1829
466	1865
466	1943
467	710
467	920
467	1824
467	1901
468	568
468	1263
468	1459
468	1615
468	1717
468	1985
469	538
469	829
469	1011
469	1342
469	1671
469	1733
469	1992
470	691
470	822
470	909
470	1082
470	1381
470	1488
470	1976
471	702
471	1056
471	1231
471	1510
471	1877
472	511
472	783
472	1615
472	1635
472	1861
473	492
473	688
473	1827
474	859
474	974
474	1026
474	1178
474	1191
474	1384
474	1733
474	1781
474	1887
475	943
475	1008
475	1274
475	1481
475	1892
476	562
476	571
476	594
476	977
476	1004
476	1071
476	1389
476	1445
476	1686
476	1755
476	1983
477	488
477	515
477	1046
477	1186
477	1361
477	1518
477	1662
477	1743
477	1778
477	1845
477	1887
478	691
478	824
478	898
478	1172
478	1218
478	1348
478	1471
478	1472
479	724
479	889
479	891
479	1203
479	1537
479	1912
480	705
480	1136
480	1267
480	1553
481	528
481	657
481	834
481	840
481	875
481	1282
481	1477
481	1579
482	910
482	1336
482	1615
482	1695
482	1716
482	1974
483	485
483	926
483	983
483	1513
484	655
484	761
484	916
484	1025
484	1246
484	1280
484	1321
485	798
485	1003
485	1057
485	1105
485	1259
485	1278
485	1448
485	1636
485	1687
485	1740
486	821
486	969
486	1331
486	1415
486	1577
487	1009
487	1015
487	1064
487	1285
487	1324
487	1618
487	1678
487	1857
488	533
488	1086
488	1150
488	1239
488	1288
489	658
489	978
489	1114
489	1598
489	1681
490	520
490	711
490	794
490	867
490	1081
490	1101
490	1250
490	1264
490	1304
490	1522
490	1627
490	1799
491	1233
491	1256
491	1324
491	1421
491	1683
491	1920
492	682
492	744
492	830
492	949
492	1057
492	1624
492	1705
492	1818
493	1145
493	1523
494	1593
494	1710
495	780
495	879
495	1258
495	1856
496	686
496	985
496	1352
496	1569
497	501
497	692
497	1305
497	1375
497	1846
497	1994
498	863
498	1030
498	1104
498	1137
498	1407
498	1777
498	1830
499	1202
499	1209
499	1339
499	1449
499	1526
499	1553
500	1361
500	1487
500	1686
500	1806
500	1935
500	1957
501	560
501	931
501	977
501	1112
501	1889
502	625
502	900
502	1042
502	1263
502	1450
502	1590
502	1689
502	1757
503	1016
503	1105
503	1114
503	1258
503	1398
503	1510
503	1876
503	1972
503	1996
504	621
504	712
504	782
504	918
504	1080
504	1233
504	1314
505	542
505	579
505	820
505	870
505	1290
505	1485
505	1576
505	1749
505	1767
505	1963
506	770
506	1147
506	1744
507	1132
507	1342
507	1410
507	1886
508	772
508	1051
508	1382
508	1566
508	1858
509	660
509	946
509	1003
509	1052
509	1309
509	1504
509	1700
509	1908
510	729
510	1072
510	1240
510	1376
510	1630
510	1826
511	542
511	832
511	1098
511	1282
511	1425
511	1490
511	1500
512	872
512	983
512	1084
512	1146
513	919
513	1103
513	1127
513	1290
513	1454
514	846
514	911
514	1191
514	1557
514	1867
515	779
515	815
515	929
515	1127
515	1612
515	1640
516	1126
516	1694
516	1791
517	617
517	760
517	778
517	836
517	854
517	1040
517	1096
517	1463
517	1539
517	1587
517	1808
517	1909
517	1938
518	1098
518	1120
518	1511
519	526
519	614
519	719
519	1039
519	1076
519	1377
519	1507
519	1537
519	1919
520	630
520	1385
520	1507
520	1736
520	1806
521	531
521	567
521	625
521	715
521	855
521	994
521	1108
521	1925
522	610
522	666
522	1059
522	1381
522	1847
522	1981
523	807
523	1038
523	1079
523	1265
523	1580
523	1864
524	901
524	1301
524	1398
525	1661
526	611
526	717
526	1586
526	1708
526	1965
526	1982
527	558
527	705
527	782
527	1135
527	1301
527	1577
529	1363
529	1415
529	1886
530	649
530	706
530	802
530	860
530	936
530	1215
530	1373
530	1420
530	1435
530	1692
531	823
531	824
531	947
531	1247
532	554
532	882
532	936
532	1081
532	1459
532	1486
532	1797
532	1897
533	595
533	664
533	879
533	1047
533	1557
533	1572
534	545
534	1047
534	1448
534	1893
534	1927
535	958
535	1063
535	1124
535	1138
535	1542
535	1825
535	1885
536	833
536	999
537	563
537	647
537	718
537	807
537	1145
537	1654
538	741
538	922
538	1751
538	1816
538	1950
539	841
539	1254
539	1635
539	1865
539	1914
540	847
540	946
540	1356
540	1420
540	1445
540	1754
541	587
541	656
541	877
541	884
541	954
541	1096
541	1216
541	1277
541	1709
541	1870
541	1935
541	1964
542	1136
542	1285
542	1322
542	1325
542	1569
543	635
543	650
543	692
543	842
543	907
543	918
543	1080
543	1357
543	1747
544	1264
544	1479
544	1628
544	1935
545	555
545	763
545	932
545	1114
545	1233
545	1564
546	828
546	1180
546	1362
546	1701
546	1738
547	549
547	671
547	742
547	765
547	1020
547	1156
547	1164
547	1214
547	1354
547	1455
547	1671
547	1721
547	1867
547	1948
548	672
548	820
548	833
548	922
548	1026
548	1438
548	1647
548	1685
548	1743
549	574
549	708
549	772
549	1016
549	1183
549	1606
549	1854
550	763
550	885
551	638
551	767
551	1268
551	1652
552	662
552	1266
552	1445
552	1501
552	1543
552	1563
552	1746
552	1770
553	1011
553	1860
553	1861
554	722
554	927
554	1062
554	1387
554	1457
554	1529
554	1706
554	1768
554	1797
554	1970
554	1996
555	583
555	1896
556	741
556	1154
556	1345
556	1516
556	1945
557	661
557	1656
558	1392
558	1644
558	1748
559	1006
559	1388
559	1553
559	1635
559	1693
559	1707
560	579
560	1128
560	1347
560	1459
560	1658
560	1803
560	1819
561	863
561	974
561	1221
561	1238
561	1357
561	1367
561	1424
561	1774
561	1861
562	718
562	1142
562	1227
562	1249
562	1420
562	1793
563	1484
563	1506
563	1971
564	590
564	860
564	1182
564	1395
564	1901
564	1920
565	622
565	635
565	1067
565	1311
565	1386
565	1812
565	1909
565	1955
566	599
566	1351
566	1515
566	1613
566	1641
567	728
567	987
568	984
568	1130
568	1272
568	1279
568	1850
569	596
569	847
569	898
569	912
569	1255
569	1727
570	741
570	798
570	1021
570	1139
570	1465
571	971
571	1188
571	1192
571	1545
571	1603
571	1733
571	1927
572	633
572	686
572	752
572	1404
572	1535
573	610
573	1604
573	1904
574	641
574	691
574	1041
574	1367
574	1410
574	1829
574	1856
574	1864
575	902
575	922
575	1037
575	1291
575	1475
575	1620
576	746
576	1113
576	1992
577	665
577	1159
577	1459
577	1465
577	1832
577	1952
578	676
578	707
578	1022
578	1366
578	1629
579	629
579	1097
579	1424
580	671
580	1201
580	1469
580	1676
580	1959
581	600
581	882
581	1227
581	1816
581	1866
582	1054
582	1265
582	1280
582	1707
582	1779
582	1787
583	810
583	889
583	1691
583	1928
584	639
584	771
584	773
584	1533
585	685
585	781
585	819
585	1031
585	1071
585	1186
585	1394
585	1499
585	1984
586	1291
586	1394
586	1547
586	1653
586	1788
587	779
587	801
587	830
587	981
587	1014
587	1049
587	1050
587	1296
587	1427
587	1467
587	1581
588	1569
588	1571
588	1708
588	1754
588	1794
588	1910
589	1359
589	1954
590	653
590	1110
590	1398
590	1539
591	629
591	849
591	913
591	1150
591	1154
591	1176
591	1450
591	1596
591	1695
592	756
592	833
592	1312
592	1322
592	1334
592	1646
592	1651
592	1754
592	1991
593	607
593	630
593	947
593	1117
593	1119
593	1758
594	725
594	799
594	810
594	886
594	1086
594	1532
594	1972
595	891
595	964
595	1077
595	1265
595	1418
595	1884
595	1951
595	1989
596	697
596	899
596	1024
596	1063
596	1115
596	1125
596	1233
596	1699
597	962
597	1020
597	1178
597	1883
598	919
598	1164
598	1548
598	1579
598	1683
598	1814
598	1886
599	665
599	907
599	1153
599	1421
600	1120
600	1303
600	1768
601	1055
601	1095
601	1196
601	1204
601	1416
601	1478
601	1542
601	1808
601	1842
602	690
602	948
602	1153
602	1376
602	1470
602	1488
603	919
603	1175
603	1323
603	1866
604	972
604	981
604	1237
604	1481
604	1863
604	1892
605	698
605	968
605	1051
605	1419
605	1979
606	747
606	1166
606	1243
607	705
607	1444
608	987
608	1957
608	1994
609	750
609	1124
609	1267
609	1482
609	1804
610	718
610	1131
610	1332
611	705
611	815
611	1372
611	1558
612	1000
613	643
613	1057
613	1854
614	747
614	748
614	876
614	883
614	1086
614	1155
614	1565
614	1883
615	844
615	955
615	1010
615	1294
615	1769
616	684
616	1073
616	1127
616	1429
616	1781
617	749
617	1124
617	1616
617	1789
617	1994
618	704
618	1297
619	855
619	1173
619	1260
619	1338
619	1465
619	1621
620	736
620	740
620	955
620	970
620	1048
620	1139
620	1937
620	1964
621	702
621	801
621	922
621	929
621	1148
621	1403
621	1466
621	1721
621	1800
621	1886
622	646
622	894
622	905
622	1103
622	1521
622	1555
622	1634
622	1748
622	1975
622	1987
623	816
623	1245
623	1623
624	650
624	1257
624	1320
624	1379
624	1661
625	777
625	810
625	823
625	915
625	1174
625	1228
625	1381
625	1559
625	1868
625	1969
626	793
626	902
626	1115
626	1564
626	1892
627	983
627	1044
628	749
628	783
628	784
628	799
628	1022
628	1080
628	1117
628	1673
628	1691
628	1767
628	1894
629	806
629	1056
629	1169
629	1187
629	1301
630	794
630	941
630	1219
630	1242
630	1259
630	1580
630	1629
631	1110
631	1474
631	1755
631	1925
632	778
632	860
632	1484
632	1512
632	1706
632	1788
632	1832
632	1936
632	1956
632	1975
633	664
633	845
633	1471
633	1542
633	1963
634	703
634	851
634	910
634	1066
635	870
635	1049
635	1352
635	1375
636	918
636	1554
636	1992
637	769
637	1023
637	1190
637	1714
638	949
638	1068
638	1103
638	1502
639	648
639	752
639	1017
639	1193
639	1526
639	1631
639	1778
640	1584
641	842
641	1110
641	1398
641	1617
642	659
642	699
642	1567
643	1032
643	1179
643	1401
643	1484
643	1596
643	1624
643	1641
643	1669
643	1771
643	1843
644	1195
644	1561
644	1977
645	917
645	1330
645	1692
646	743
646	993
646	1202
646	1322
646	1695
646	1743
646	1987
647	826
647	1145
647	1235
647	1767
647	1828
648	869
648	882
648	1060
648	1075
648	1224
648	1851
649	749
649	987
649	1303
649	1360
649	1663
650	1279
650	1343
650	1413
650	1429
650	1806
650	1868
651	912
651	1584
651	1658
651	1708
651	1893
651	1909
652	784
652	984
652	1158
652	1663
652	1770
653	1156
653	1827
654	933
654	1060
654	1312
654	1464
654	1818
655	1091
655	1299
655	1595
655	1962
656	1336
656	1487
656	1557
656	1671
657	686
657	698
657	1071
657	1157
657	1830
657	1910
658	684
658	1373
659	853
659	1863
659	1973
660	670
660	1653
660	1826
661	823
661	844
661	969
661	1066
661	1339
661	1455
661	1727
662	1204
662	1262
662	1393
662	1434
662	1452
662	1636
663	1057
663	1220
663	1285
663	1334
663	1411
663	1546
663	1694
663	1765
663	1841
663	1952
664	833
664	945
664	1074
664	1349
664	1363
664	1848
664	1932
665	682
665	878
665	944
665	1107
665	1130
665	1905
666	676
666	1416
666	1627
666	1644
666	1680
666	1899
667	753
667	879
667	1492
667	1657
667	1965
668	844
668	893
668	1076
668	1135
668	1224
668	1227
668	1306
669	862
669	911
669	1178
669	1490
669	1732
669	1754
669	1793
669	1803
670	809
670	1507
670	1594
670	1976
671	707
671	848
671	1190
671	1359
671	1403
672	735
672	786
672	1028
672	1336
672	1749
672	1771
672	1799
673	982
673	1084
673	1209
673	1589
674	780
674	1018
674	1148
674	1202
675	681
675	1033
675	1099
675	1433
675	1456
675	1601
675	1639
675	1911
676	1794
677	785
677	941
677	1085
677	1196
677	1232
677	1401
677	1620
677	1764
677	1840
678	789
678	943
678	1230
678	1373
678	1838
678	1916
679	753
679	869
679	906
679	1029
679	1137
679	1224
680	1208
680	1628
680	1788
681	739
681	1123
681	1153
681	1538
682	1161
682	1176
682	1942
683	844
683	854
683	1025
683	1192
683	1219
683	1527
683	1899
684	885
684	949
684	966
684	1238
684	1354
684	1393
684	1540
684	1957
685	816
685	1099
685	1211
685	1349
685	1497
685	1762
685	1788
685	1947
686	796
686	1080
686	1432
687	1154
687	1220
687	1465
687	1753
687	1834
688	929
688	1036
688	1099
688	1200
688	1412
688	1540
689	1415
689	1418
689	1649
689	1991
690	886
690	988
690	998
690	1464
690	1610
690	1707
690	1947
691	1242
691	1445
691	1493
691	1774
692	1213
692	1630
692	1637
692	1688
692	1792
692	1870
692	1886
693	796
693	1900
694	807
694	921
694	924
694	1044
694	1252
694	1715
694	1924
695	836
695	1213
695	1836
696	882
696	1083
696	1317
696	1360
696	1451
696	1926
697	756
698	889
698	1944
699	1061
699	1458
699	1547
699	1924
700	713
700	754
700	796
700	875
700	1831
700	1973
701	1272
701	1385
701	1820
702	1009
702	1075
702	1078
702	1340
702	1538
703	814
703	824
703	953
703	960
703	1019
703	1448
703	1534
703	1535
703	1550
703	1837
704	830
704	991
704	1206
704	1744
704	1835
704	1900
705	751
705	1034
705	1278
705	1338
706	1068
706	1164
706	1624
706	1635
706	1808
708	836
708	837
708	847
709	859
709	1183
709	1366
709	1392
709	1937
709	1950
710	842
710	991
710	1835
711	1054
711	1150
711	1370
711	1717
711	1732
711	1830
712	960
712	979
712	1065
712	1120
712	1596
712	1655
712	1881
713	826
713	1027
713	1262
713	1342
713	1400
713	1599
713	1904
714	1024
714	1717
714	1766
715	731
715	757
715	1221
715	1432
715	1504
715	1690
715	1905
715	1915
716	954
716	1137
716	1177
716	1310
716	1672
716	1799
717	820
717	821
717	1271
717	1287
717	1397
717	1458
717	1579
717	1771
718	988
719	797
719	1018
719	1048
719	1325
719	1486
719	1694
719	1837
719	1875
720	901
720	953
720	1115
720	1202
720	1472
721	783
721	1133
721	1154
721	1457
721	1837
722	765
722	845
722	1514
722	1881
722	1912
723	763
723	1301
723	1516
724	786
724	909
724	1475
724	1819
725	823
725	1141
725	1235
725	1836
726	955
726	961
726	1153
726	1571
726	1803
727	748
727	961
727	1017
727	1225
727	1368
727	1557
727	1638
727	1848
728	752
728	807
728	1328
728	1609
729	1026
729	1101
729	1251
729	1514
729	1532
729	1664
729	1826
730	926
730	942
730	1505
730	1564
731	755
731	887
731	888
731	1049
731	1194
731	1203
731	1421
731	1441
731	1590
731	1847
732	877
732	921
732	936
732	952
732	1679
732	1718
733	810
733	882
733	946
733	1068
733	1244
733	1482
733	1685
734	754
734	828
735	808
735	1077
735	1563
735	1908
736	783
736	803
736	1184
736	1420
736	1460
736	1644
736	1717
736	1860
738	850
738	935
738	1678
738	1720
738	1871
738	1879
738	1894
739	946
739	1439
739	1706
739	1821
740	939
740	1075
740	1230
740	1663
740	1709
740	1897
741	770
741	1246
741	1261
741	1337
742	873
742	913
742	1394
742	1460
742	1799
743	998
743	1317
743	1841
744	931
744	1099
744	1621
744	1630
745	864
745	1014
745	1306
745	1346
745	1418
745	1457
745	1651
746	1027
746	1234
746	1329
746	1590
746	1667
747	905
747	1165
747	1415
747	1578
748	1396
749	1762
750	1087
750	1094
750	1277
750	1431
750	1705
751	786
751	831
751	1018
751	1221
751	1227
751	1261
751	1488
751	1760
751	1768
752	1120
752	1365
753	781
754	979
755	799
755	1191
755	1600
755	1884
756	815
756	871
756	888
756	921
756	976
756	1031
756	1380
756	1426
756	1762
756	1768
756	1943
757	1015
757	1467
757	1659
758	895
758	1273
758	1297
758	1618
758	1653
758	1678
758	1734
758	1786
759	768
759	1064
759	1188
759	1589
759	1767
759	1777
759	1932
760	1012
761	995
761	1494
761	1982
762	895
762	912
762	1065
762	1195
762	1274
762	1402
762	1603
762	1840
762	1948
763	795
763	963
763	1055
763	1084
763	1171
764	776
764	786
764	866
764	1614
764	1662
764	1760
764	1887
764	1959
764	1962
765	781
765	1290
765	1331
765	1971
766	1153
766	1183
766	1881
767	865
767	1100
767	1275
768	888
768	1294
768	1315
769	815
769	996
769	1002
769	1166
769	1288
769	1369
769	1378
769	1805
770	801
770	971
770	1071
770	1365
771	1453
771	1880
771	1915
771	1920
772	909
772	1042
772	1314
772	1627
772	1745
772	1905
773	1072
773	1201
773	1308
773	1700
773	1896
773	1916
773	1967
774	1344
774	1420
774	1528
774	1682
774	1753
774	1824
775	1014
775	1314
775	1529
775	1581
775	1710
775	1953
776	1011
776	1057
776	1166
776	1226
776	1817
776	1964
777	1197
777	1333
777	1438
777	1592
777	1680
777	1681
777	1707
777	1875
778	1104
778	1345
778	1640
778	1711
778	1860
778	1875
778	1923
779	887
779	928
779	1167
779	1201
779	1761
780	1878
781	813
781	854
781	1228
781	1267
781	1429
781	1682
781	1976
782	1151
782	1421
782	1477
782	1558
782	1794
783	942
783	1496
783	1523
784	930
784	1078
784	1722
785	818
785	1645
785	1739
785	1740
785	1741
786	954
786	1050
786	1488
786	1524
786	1585
786	1591
787	815
787	1082
787	1276
788	1182
788	1578
788	1800
788	1824
789	793
789	803
789	843
789	906
789	1190
789	1375
789	1379
789	1535
789	1665
789	1907
790	1098
790	1266
790	1418
790	1522
790	1733
791	961
791	1145
791	1170
791	1390
791	1892
792	1243
792	1496
792	1624
792	1720
793	1038
793	1394
793	1414
793	1713
794	1054
794	1160
794	1171
794	1321
794	1449
794	1509
794	1516
795	962
795	1157
795	1201
795	1837
795	1843
796	1176
796	1206
796	1294
796	1425
796	1903
796	1974
797	1568
797	1625
798	821
798	1209
798	1376
798	1761
799	854
799	887
799	1146
799	1536
799	1944
799	1981
800	1011
801	805
801	979
801	1486
801	1664
801	1671
801	1979
802	900
802	929
802	1028
802	1713
802	1943
803	909
803	956
804	931
804	992
804	994
804	1070
804	1365
804	1474
805	819
805	988
805	1004
805	1487
806	1101
806	1108
806	1655
807	859
807	1192
807	1938
808	940
808	1065
808	1207
808	1209
808	1245
808	1305
808	1577
808	1593
808	1641
808	1667
808	1834
808	1837
808	1955
809	1058
809	1257
809	1360
809	1553
809	1588
809	1680
810	1161
810	1203
810	1282
810	1352
810	1542
811	939
811	1100
811	1278
811	1762
811	1975
812	818
812	913
812	1102
812	1176
812	1376
812	1507
812	1828
813	821
813	922
813	1078
813	1197
813	1407
813	1665
813	1811
814	987
814	1178
814	1183
815	1475
815	1547
815	1985
815	1992
816	1264
817	848
817	1191
817	1654
817	1869
817	1964
818	835
818	1320
819	1073
819	1356
819	1657
819	1875
820	928
820	1274
820	1836
821	825
821	1018
821	1328
821	1441
821	1579
821	1989
822	1003
822	1103
822	1365
822	1561
822	1953
823	919
823	1065
823	1435
824	835
824	904
824	1070
825	1112
826	881
826	1007
826	1223
826	1524
826	1771
827	1114
827	1401
827	1457
827	1603
827	1882
827	1944
827	1958
827	1962
828	843
828	1088
828	1885
829	1122
829	1144
829	1575
829	1707
830	1124
830	1392
830	1512
830	1718
830	1844
831	924
831	962
831	1393
831	1745
831	1890
832	865
832	1288
832	1684
832	1782
832	1931
833	1178
833	1217
833	1663
833	1928
834	875
834	1251
834	1253
834	1333
834	1502
834	1695
834	1952
835	1244
835	1375
835	1767
835	1966
836	855
836	1043
836	1338
837	885
837	931
837	1566
837	1744
837	1871
838	1245
839	911
839	1401
839	1557
839	1610
839	1735
839	1750
840	872
840	912
840	946
841	1162
841	1203
841	1497
841	1547
841	1610
841	1718
841	1761
841	1888
841	1894
842	1305
842	1542
842	1686
842	1885
843	908
843	1066
843	1170
843	1523
843	1579
844	1278
844	1745
844	1975
845	920
845	1140
846	1501
847	970
847	1402
847	1588
848	912
848	1130
848	1602
848	1862
849	874
849	1456
849	1857
850	1026
850	1596
850	1764
850	1766
850	1987
851	1221
851	1875
851	1894
851	1913
853	1236
853	1333
853	1414
853	1809
854	1299
854	1350
854	1491
854	1578
854	1958
854	1989
855	957
855	1266
856	863
856	867
856	1121
856	1524
856	1842
857	1030
857	1137
857	1334
857	1713
857	1805
857	1909
857	1988
858	1139
858	1318
858	1322
858	1402
858	1647
859	1171
859	1295
859	1373
859	1704
859	1888
860	991
860	1240
860	1556
860	1631
860	1955
861	1312
861	1320
861	1962
861	1986
861	1994
862	880
862	1119
862	1271
862	1452
862	1557
862	1651
862	1977
863	1202
863	1413
863	1550
863	1927
864	1415
864	1943
865	875
865	997
865	1269
865	1288
865	1509
865	1600
865	1690
865	1726
866	871
866	963
866	969
866	1147
866	1440
866	1470
866	1546
866	1559
866	1600
866	1740
867	1650
867	1694
867	1866
868	1634
868	1788
868	1794
868	1906
869	1111
869	1232
869	1703
869	1734
869	1909
870	1035
870	1071
870	1179
870	1280
870	1834
870	1854
871	926
871	940
871	1095
871	1253
871	1457
871	1818
871	1898
872	1134
872	1199
872	1357
872	1419
872	1459
872	1800
873	908
873	1010
873	1438
874	937
874	1711
874	1739
874	1854
875	1036
875	1491
875	1768
875	1860
875	1919
876	1545
876	1902
877	899
877	945
877	970
877	1841
877	1931
878	1379
878	1588
878	1753
878	1758
878	1789
878	1865
878	1896
879	1019
879	1166
879	1187
879	1561
879	1828
880	1133
880	1192
880	1218
880	1458
880	1624
880	1682
881	883
881	1500
881	1684
881	1693
881	1941
881	1980
882	896
882	1157
882	1548
882	1625
882	1681
883	1427
883	1556
883	1605
883	1732
883	1760
884	1256
884	1476
884	1506
884	1616
884	1737
885	896
885	996
885	1049
885	1078
885	1351
885	1656
885	1679
885	1831
886	979
886	1223
887	1044
887	1188
887	1328
887	1434
888	999
888	1364
888	1751
889	972
889	1280
889	1312
889	1375
889	1544
889	1749
890	915
890	1137
890	1192
890	1628
890	1644
891	1193
891	1290
891	1539
891	1708
891	1809
892	1271
892	1359
892	1419
892	1647
892	1737
892	1769
892	1787
892	1893
893	1058
895	1054
895	1070
895	1392
895	1511
895	1757
895	1845
895	1975
896	1018
896	1236
896	1622
896	1829
897	945
897	964
897	1061
897	1369
897	1459
898	1458
898	1475
898	1657
898	1687
898	1797
899	945
899	1053
899	1083
899	1726
900	1322
900	1675
900	1702
900	1822
900	1922
901	1066
901	1402
901	1408
901	1752
901	1757
901	1845
902	1605
902	1765
902	1906
903	1332
903	1587
903	1820
904	1161
904	1420
905	952
905	1864
905	1986
906	1135
906	1238
906	1246
906	1255
906	1342
906	1414
907	989
907	1062
907	1301
907	1606
907	1823
908	1439
908	1647
908	1879
909	1056
909	1144
909	1529
909	1979
910	1132
910	1244
910	1303
910	1352
910	1776
910	1839
911	1368
911	1567
911	1787
911	1794
911	1848
912	943
912	1239
912	1567
912	1695
912	1768
912	1776
912	1860
913	1130
913	1749
913	1849
913	1922
913	1988
914	1339
914	1827
914	1967
914	1996
915	994
915	1203
915	1234
915	1335
915	1368
915	1540
915	1571
915	1624
915	1772
915	1963
916	1005
916	1171
916	1271
916	1386
916	1724
916	1739
917	1034
917	1070
917	1118
917	1191
917	1240
917	1415
917	1500
917	1855
918	1193
918	1251
918	1410
918	1597
918	1824
918	1883
918	1909
919	1313
919	1491
919	1692
919	1932
920	1074
920	1915
921	953
921	1256
921	1265
921	1394
922	1089
922	1171
922	1229
922	1231
923	1299
923	1338
923	1594
923	1719
923	1764
923	1896
924	1353
924	1365
924	1562
924	1869
925	1266
925	1396
926	1095
926	1373
926	1769
926	1976
927	1011
927	1194
927	1292
927	1325
927	1364
927	1576
927	1586
927	1696
928	1190
928	1264
928	1428
928	1583
928	1667
928	1740
929	954
929	1552
930	1243
930	1461
930	1574
930	1720
931	1224
931	1440
931	1574
932	1137
932	1248
932	1960
933	1411
933	1527
933	1536
933	1849
933	1953
934	1635
935	1038
935	1141
935	1620
935	1998
936	1154
936	1339
936	1521
937	1002
937	1949
938	1141
939	1046
940	955
940	1019
941	1312
942	1520
942	1554
942	1558
942	1638
943	1076
943	1399
943	1575
943	1715
943	1914
943	1962
944	1453
944	1630
944	1898
944	1971
945	1747
945	1762
945	1813
945	1919
945	1979
946	1178
946	1181
946	1270
946	1611
946	1658
946	1724
947	1543
947	1994
948	1331
948	1681
949	1090
949	1256
949	1485
949	1826
950	1036
950	1151
950	1305
950	1456
950	1529
950	1671
951	974
951	994
951	1149
951	1506
951	1535
951	1639
951	1829
952	1154
952	1324
952	1399
952	1513
952	1627
952	1982
953	1185
953	1233
953	1325
953	1404
953	1560
953	1676
953	1832
954	1397
954	1961
955	1404
955	1590
955	1674
955	1694
955	1769
955	1851
956	1337
956	1365
956	1385
956	1632
956	1902
957	972
957	1043
957	1192
957	1423
957	1771
957	1979
959	1023
959	1185
960	1023
960	1082
960	1140
960	1620
960	1739
960	1852
960	1867
961	1186
961	1243
961	1599
961	1741
962	1090
962	1171
962	1418
962	1532
963	1193
963	1417
963	1535
963	1976
964	1360
964	1497
964	1929
966	1370
966	1458
966	1718
966	1820
966	1930
967	1093
967	1308
967	1441
967	1519
967	1607
968	1315
968	1559
969	1020
969	1415
969	1626
969	1855
969	1902
970	1074
970	1177
970	1296
970	1331
970	1348
971	1120
971	1423
971	1594
971	1595
972	1047
972	1474
972	1481
972	1675
972	1780
973	1066
973	1207
973	1280
973	1639
973	1734
973	1774
974	1000
974	1359
974	1745
974	1827
975	1103
975	1203
975	1672
976	996
976	1540
976	1694
976	1764
977	1035
977	1059
977	1074
977	1525
977	1574
977	1617
977	1714
977	1924
977	1951
977	1988
978	1040
978	1431
978	1501
978	1890
979	1449
979	1574
979	1683
979	1685
980	1336
981	1235
982	1356
982	1549
983	1000
983	1148
983	1201
983	1663
984	1045
984	1265
984	1817
984	1965
985	1047
985	1063
985	1824
985	1860
985	1920
985	1927
986	1889
987	1062
987	1396
987	1511
987	1756
987	1908
988	1067
988	1151
988	1383
988	1413
989	1202
989	1270
989	1304
989	1479
989	1584
989	1925
990	1016
990	1657
990	1918
991	1043
991	1379
991	1666
992	1522
992	1836
993	1306
993	1789
993	1820
993	1964
994	1393
994	1533
994	1591
994	1798
995	1406
995	1593
995	1897
996	1218
996	1699
996	1998
997	1141
997	1895
998	1089
998	1354
998	1753
999	1172
1000	1224
1000	1364
1000	1782
1000	1907
1001	1029
1001	1126
1001	1221
1001	1502
1001	1945
1002	1284
1003	1129
1003	1169
1003	1705
1003	1973
1003	1983
1004	1247
1004	1253
1004	1419
1004	1465
1004	1556
1004	1765
1004	1926
1005	1045
1005	1337
1005	1541
1005	1587
1005	1813
1006	1303
1006	1486
1006	1905
1006	1988
1007	1314
1007	1456
1007	1607
1008	1246
1008	1261
1008	1790
1008	1864
1009	1184
1009	1482
1009	1642
1010	1057
1010	1138
1010	1292
1010	1350
1010	1462
1010	1985
1011	1260
1011	1285
1011	1310
1011	1635
1011	1896
1013	1974
1013	1991
1014	1038
1014	1267
1014	1323
1014	1991
1015	1373
1016	1264
1016	1811
1016	1921
1017	1371
1017	1688
1017	1937
1018	1186
1018	1322
1018	1595
1018	1746
1018	1811
1019	1489
1019	1623
1019	1823
1019	1978
1020	1109
1020	1201
1020	1216
1020	1235
1020	1990
1021	1037
1021	1084
1021	1141
1021	1204
1021	1855
1021	1936
1022	1281
1022	1327
1022	1433
1022	1650
1022	1910
1022	1958
1023	1099
1023	1411
1023	1565
1023	1575
1023	1596
1024	1340
1024	1756
1025	1470
1026	1457
1026	1877
1027	1167
1027	1391
1028	1399
1028	1558
1028	1673
1029	1066
1029	1374
1029	1483
1029	1712
1029	1779
1030	1261
1030	1374
1030	1493
1030	1967
1031	1306
1031	1437
1031	1503
1032	1051
1032	1071
1032	1139
1032	1450
1032	1525
1032	1587
1032	1591
1032	1723
1032	1793
1033	1162
1033	1210
1033	1271
1033	1525
1033	1726
1033	1743
1033	1834
1033	1880
1034	1080
1034	1090
1034	1139
1034	1503
1035	1698
1036	1720
1036	1778
1037	1097
1037	1233
1037	1416
1038	1044
1038	1135
1038	1348
1038	1422
1038	1588
1038	1704
1039	1153
1039	1174
1040	1346
1040	1373
1040	1575
1040	1712
1040	1890
1041	1161
1041	1179
1041	1295
1041	1466
1041	1734
1041	1823
1042	1176
1042	1387
1042	1817
1042	1871
1043	1091
1043	1417
1044	1257
1044	1658
1045	1341
1045	1429
1045	1771
1046	1051
1046	1379
1047	1049
1047	1191
1047	1193
1047	1234
1047	1246
1047	1252
1047	1493
1047	1514
1047	1911
1048	1298
1048	1589
1048	1608
1048	1925
1049	1596
1049	1617
1049	1818
1050	1166
1050	1168
1050	1650
1051	1052
1051	1310
1051	1401
1051	1667
1051	1846
1052	1283
1052	1850
1053	1209
1053	1235
1053	1352
1053	1381
1054	1642
1054	1735
1055	1170
1055	1321
1055	1377
1055	1489
1055	1513
1055	1740
1055	1792
1055	1871
1056	1772
1056	1983
1057	1193
1057	1373
1057	1759
1058	1477
1058	1550
1058	1648
1058	1731
1059	1333
1059	1604
1059	1668
1059	1726
1059	1842
1059	1928
1060	1301
1060	1495
1060	1544
1060	1839
1060	1948
1061	1444
1061	1590
1061	1979
1062	1257
1062	1607
1062	1628
1062	1675
1062	1909
1063	1281
1064	1215
1064	1616
1064	1636
1065	1180
1065	1575
1066	1154
1066	1834
1066	1942
1066	1985
1067	1107
1067	1579
1067	1654
1067	1713
1067	1763
1067	1880
1068	1396
1068	1902
1069	1152
1069	1598
1070	1204
1070	1277
1070	1694
1070	1785
1071	1607
1071	1708
1071	1920
1072	1316
1073	1195
1073	1286
1073	1388
1073	1542
1074	1082
1074	1225
1074	1771
1074	1847
1075	1129
1075	1766
1075	1921
1076	1493
1076	1551
1076	1667
1077	1763
1077	1964
1078	1331
1078	1393
1078	1469
1079	1224
1079	1382
1079	1561
1079	1628
1079	1731
1080	1791
1081	1178
1081	1186
1081	1260
1081	1284
1081	1505
1081	1605
1081	1615
1081	1766
1081	1823
1082	1177
1083	1302
1083	1727
1084	1381
1084	1477
1084	1984
1084	1992
1085	1633
1085	1962
1086	1114
1086	1202
1086	1419
1086	1488
1086	1633
1086	1646
1086	1691
1086	1718
1086	1944
1087	1431
1087	1816
1087	1871
1088	1216
1088	1430
1088	1451
1089	1185
1089	1297
1089	1918
1090	1097
1090	1427
1091	1656
1091	1758
1091	1848
1091	1892
1092	1535
1092	1560
1092	1730
1093	1290
1093	1406
1093	1450
1093	1587
1093	1607
1093	1823
1093	1923
1093	1999
1094	1281
1094	1900
1094	1971
1094	1997
1095	1168
1095	1214
1095	1359
1095	1876
1096	1180
1096	1242
1096	1279
1096	1384
1096	1410
1096	1931
1097	1226
1097	1641
1097	1829
1098	1290
1098	1502
1098	1784
1099	1264
1099	1440
1099	1706
1099	1956
1100	1276
1100	1661
1101	1111
1101	1144
1101	1211
1101	1370
1101	1457
1102	1391
1102	1528
1103	1230
1103	1494
1103	1593
1103	1597
1103	1853
1103	1929
1105	1366
1105	1548
1105	1887
1105	1977
1106	1673
1106	1744
1107	1288
1107	1485
1107	1761
1108	1143
1108	1172
1108	1261
1108	1301
1108	1626
1108	1679
1109	1341
1109	1350
1109	1656
1110	1259
1110	1351
1110	1727
1110	1741
1110	1801
1110	1938
1111	1374
1111	1531
1111	1772
1111	1778
1111	1931
1112	1427
1112	1684
1112	1902
1113	1451
1114	1563
1114	1664
1114	1740
1114	1941
1115	1143
1115	1144
1115	1295
1115	1459
1115	1679
1115	1735
1115	1747
1116	1173
1116	1298
1116	1313
1116	1532
1116	1810
1116	1885
1116	1898
1116	1910
1116	1931
1116	1966
1117	1241
1117	1316
1117	1414
1117	1747
1117	1760
1117	1769
1118	1184
1118	1603
1119	1464
1119	1533
1120	1242
1120	1764
1120	1782
1120	1819
1120	1850
1121	1260
1121	1306
1121	1813
1121	1822
1121	1858
1122	1123
1122	1286
1122	1435
1122	1477
1122	1703
1123	1716
1123	1895
1124	1183
1124	1573
1124	1754
1124	1952
1125	1453
1125	1529
1125	1884
1126	1139
1127	1279
1127	1393
1127	1571
1127	1820
1127	1961
1128	1569
1128	1653
1128	1713
1129	1249
1129	1779
1129	1884
1130	1470
1130	1505
1130	1577
1130	1739
1130	1903
1131	1309
1131	1387
1131	1605
1131	1691
1131	1858
1132	1196
1132	1721
1132	1927
1133	1631
1133	1729
1134	1326
1134	1403
1134	1436
1134	1577
1135	1269
1135	1338
1135	1501
1136	1192
1136	1705
1137	1499
1137	1570
1138	1271
1138	1280
1138	1431
1138	1470
1138	1705
1138	1709
1138	1779
1139	1598
1140	1150
1140	1201
1140	1570
1140	1911
1141	1272
1141	1314
1141	1625
1142	1197
1142	1235
1142	1240
1142	1327
1142	1602
1142	1936
1143	1339
1143	1682
1143	1784
1143	1975
1144	1155
1144	1408
1144	1440
1144	1478
1144	1538
1144	1542
1145	1148
1145	1366
1145	1428
1145	1990
1147	1343
1147	1573
1147	1594
1148	1228
1148	1502
1148	1509
1149	1232
1149	1259
1149	1351
1149	1416
1149	1588
1149	1960
1150	1759
1150	1839
1150	1980
1151	1775
1151	1811
1152	1172
1152	1188
1152	1575
1152	1797
1153	1469
1154	1479
1154	1576
1154	1577
1154	1764
1155	1270
1155	1609
1156	1503
1157	1250
1157	1767
1158	1300
1158	1309
1158	1462
1159	1553
1159	1694
1159	1779
1159	1952
1160	1310
1160	1363
1160	1988
1161	1228
1161	1433
1161	1894
1162	1300
1162	1359
1162	1577
1163	1547
1163	1586
1163	1591
1164	1572
1164	1883
1165	1224
1165	1232
1165	1357
1165	1502
1165	1667
1166	1334
1166	1340
1166	1391
1166	1397
1167	1206
1167	1496
1167	1877
1168	1885
1168	1939
1168	1954
1169	1277
1169	1380
1169	1867
1169	1928
1169	1975
1170	1690
1171	1333
1171	1755
1172	1193
1172	1562
1172	1563
1172	1721
1172	1874
1173	1264
1173	1382
1173	1927
1174	1403
1174	1591
1174	1683
1175	1817
1176	1251
1176	1657
1176	1930
1177	1285
1177	1316
1177	1920
1178	1302
1178	1755
1179	1767
1179	1908
1180	1250
1180	1270
1180	1822
1180	1954
1181	1287
1181	1504
1181	1652
1181	1696
1181	1818
1181	1893
1182	1356
1182	1777
1183	1529
1183	1754
1184	1232
1184	1339
1184	1382
1184	1514
1184	1816
1184	1830
1185	1251
1185	1678
1185	1690
1186	1251
1186	1519
1187	1482
1187	1743
1189	1355
1189	1516
1190	1713
1190	1782
1191	1579
1191	1787
1191	1977
1192	1195
1192	1242
1192	1785
1193	1360
1193	1380
1193	1638
1194	1644
1194	1711
1195	1259
1195	1351
1195	1569
1195	1601
1195	1637
1195	1681
1196	1448
1197	1461
1197	1569
1197	1676
1197	1802
1197	1820
1198	1444
1198	1504
1198	1572
1198	1621
1199	1370
1200	1209
1200	1259
1200	1350
1200	1710
1201	1364
1201	1818
1201	1975
1202	1390
1202	1699
1202	1827
1203	1332
1203	1897
1204	1393
1204	1447
1204	1583
1204	1632
1204	1945
1205	1345
1205	1428
1205	1475
1205	1545
1206	1279
1206	1655
1207	1229
1207	1385
1207	1428
1207	1580
1207	1610
1207	1783
1207	1906
1208	1471
1208	1488
1208	1597
1208	1667
1208	1694
1208	1731
1208	1861
1208	1866
1209	1359
1209	1430
1209	1456
1209	1500
1209	1560
1209	1579
1209	1624
1210	1356
1210	1381
1210	1701
1211	1905
1212	1331
1212	1395
1212	1992
1213	1507
1213	1548
1213	1898
1214	1318
1214	1621
1214	1634
1214	1691
1215	1310
1215	1624
1215	1707
1215	1765
1215	1931
1216	1273
1216	1297
1216	1365
1216	1567
1217	1256
1217	1377
1217	1588
1217	1622
1217	1672
1217	1792
1217	1891
1218	1397
1218	1463
1218	1693
1218	1778
1219	1441
1219	1836
1219	1853
1219	1947
1219	1993
1220	1291
1220	1421
1220	1562
1220	1699
1220	1800
1221	1766
1222	1292
1222	1537
1222	1727
1222	1740
1222	1948
1223	1438
1223	1694
1224	1406
1224	1852
1224	1855
1224	1961
1225	1280
1225	1362
1225	1385
1225	1410
1225	1622
1225	1753
1227	1333
1227	1888
1228	1782
1229	1367
1229	1433
1229	1637
1229	1748
1229	1914
1230	1729
1230	1880
1231	1545
1232	1556
1232	1605
1232	1732
1233	1540
1233	1999
1234	1718
1235	1311
1235	1431
1235	1703
1235	1760
1235	1905
1236	1768
1236	1928
1236	1991
1237	1245
1237	1500
1237	1507
1237	1774
1237	1982
1238	1744
1238	1888
1238	1937
1238	1953
1239	1321
1239	1411
1240	1361
1240	1545
1240	1577
1240	1594
1240	1838
1241	1632
1241	1997
1243	1494
1243	1560
1244	1321
1244	1343
1244	1514
1244	1706
1244	1802
1244	1854
1244	1919
1245	1345
1245	1655
1245	1863
1246	1297
1246	1421
1246	1499
1246	1507
1246	1849
1246	1883
1247	1461
1247	1575
1247	1636
1247	1679
1247	1725
1247	1791
1247	1836
1247	1971
1248	1873
1249	1256
1250	1252
1250	1255
1251	1265
1251	1918
1251	1937
1251	1962
1252	1310
1252	1825
1252	1879
1252	1912
1253	1631
1253	1738
1253	1778
1253	1852
1253	1899
1253	1916
1254	1332
1254	1650
1255	1524
1256	1276
1256	1774
1257	1396
1257	1413
1257	1566
1257	1662
1257	1831
1257	1858
1257	1866
1258	1306
1258	1362
1258	1443
1258	1462
1258	1849
1259	1300
1259	1471
1260	1325
1260	1638
1260	1831
1260	1942
1261	1589
1261	1730
1262	1517
1262	1898
1263	1377
1263	1733
1264	1997
1265	1353
1265	1628
1265	1793
1266	1379
1266	1911
1267	1273
1267	1431
1267	1441
1267	1448
1268	1324
1268	1697
1268	1858
1268	1960
1269	1327
1269	1663
1270	1306
1270	1854
1271	1349
1271	1604
1271	1840
1271	1844
1271	1972
1271	1973
1272	1303
1272	1355
1272	1421
1272	1456
1272	1546
1272	1974
1273	1560
1273	1707
1273	1828
1274	1333
1274	1352
1274	1362
1275	1340
1275	1388
1275	1824
1275	1982
1276	1397
1276	1550
1276	1663
1276	1744
1276	1991
1277	1425
1277	1717
1277	1822
1278	1301
1278	1819
1278	1864
1278	1919
1279	1457
1279	1811
1279	1881
1279	1958
1280	1784
1280	1865
1281	1315
1281	1512
1281	1609
1282	1322
1282	1656
1283	1353
1283	1600
1285	1341
1285	1589
1285	1623
1286	1333
1286	1383
1286	1641
1286	1719
1287	1355
1287	1566
1287	1779
1288	1415
1289	1399
1289	1524
1289	1984
1289	1991
1290	1337
1290	1448
1290	1848
1293	1651
1293	1919
1294	1556
1295	1316
1295	1439
1295	1497
1296	1551
1296	1994
1297	1301
1297	1492
1297	1498
1297	1754
1297	1802
1298	1384
1298	1565
1298	1799
1298	1889
1299	1389
1299	1407
1299	1591
1300	1517
1300	1638
1301	1997
1302	1571
1302	1675
1302	1690
1302	1856
1302	1993
1303	1750
1304	1514
1304	1949
1305	1722
1306	1389
1306	1483
1306	1551
1308	1392
1309	1669
1309	1789
1310	1676
1310	1738
1310	1795
1310	1906
1311	1697
1312	1478
1313	1543
1313	1668
1314	1524
1314	1985
1315	1547
1315	1657
1315	1959
1316	1464
1316	1474
1316	1507
1316	1601
1316	1844
1316	1859
1317	1766
1318	1374
1318	1536
1318	1544
1318	1652
1319	1504
1319	1760
1320	1462
1320	1689
1321	1951
1321	1979
1322	1330
1322	1641
1322	1828
1322	1835
1322	1884
1323	1811
1324	1423
1324	1437
1324	1913
1324	1998
1325	1437
1325	1598
1325	1885
1326	1390
1326	1440
1326	1622
1326	1709
1326	1734
1328	1591
1328	1794
1328	1829
1328	1964
1328	1974
1329	1493
1329	1829
1331	1726
1331	1824
1331	1849
1332	1363
1332	1441
1332	1492
1332	1893
1332	1907
1333	1534
1334	1991
1335	1424
1335	1704
1335	1960
1336	1602
1336	1654
1336	1882
1336	1965
1337	1630
1337	1818
1338	1658
1338	1784
1339	1438
1340	1587
1340	1602
1340	1730
1340	1790
1340	1816
1340	1832
1340	1910
1341	1350
1341	1395
1341	1424
1341	1479
1341	1685
1341	1804
1342	1756
1342	1822
1342	1900
1343	1651
1343	1716
1343	1794
1344	1937
1345	1819
1346	1538
1346	1752
1346	1765
1346	1911
1347	1700
1347	1813
1347	1921
1347	1985
1348	1399
1349	1391
1349	1402
1349	1502
1349	1793
1349	1839
1350	1565
1350	1673
1351	1677
1351	1820
1352	1572
1353	1371
1353	1519
1353	1668
1354	1698
1354	1919
1354	1922
1355	1630
1355	1685
1355	1825
1356	1465
1356	1948
1357	1486
1357	1726
1357	1901
1359	1705
1359	1773
1359	1775
1359	1778
1360	1626
1360	1783
1361	1438
1361	1473
1361	1529
1361	1569
1361	1993
1362	1441
1362	1971
1363	1710
1363	1788
1364	1682
1364	1860
1365	1719
1365	1784
1366	1520
1366	1707
1367	1473
1367	1602
1367	1684
1367	1992
1368	1459
1368	1480
1368	1561
1368	1575
1369	1407
1369	1558
1369	1823
1370	1620
1370	1935
1371	1939
1373	1804
1373	1893
1374	1413
1374	1646
1374	1844
1374	1860
1376	1506
1376	1559
1377	1419
1377	1676
1377	1743
1378	1680
1378	1751
1379	1602
1380	1416
1380	1463
1380	1620
1380	1708
1380	1757
1381	1460
1381	1474
1382	1770
1382	1974
1383	1494
1383	1513
1383	1922
1383	1969
1383	1983
1384	1529
1384	1756
1385	1822
1385	1901
1385	1919
1386	1580
1386	1657
1386	1791
1386	1955
1387	1841
1387	1876
1388	1462
1388	1497
1389	1566
1389	1991
1390	1400
1390	1438
1390	1584
1391	1702
1391	1753
1391	1826
1391	1877
1391	1988
1392	1903
1393	1716
1393	1933
1394	1754
1394	1917
1395	1661
1395	1713
1395	1726
1395	1795
1396	1482
1396	1591
1397	1453
1397	1596
1397	1689
1397	1710
1398	1689
1398	1727
1398	1746
1398	1877
1399	1807
1400	1565
1400	1650
1400	1960
1401	1605
1401	1744
1403	1716
1403	1718
1404	1517
1404	1537
1404	1642
1404	1818
1405	1465
1405	1517
1405	1582
1405	1620
1405	1659
1405	1848
1405	1910
1406	1974
1407	1689
1407	1942
1408	1748
1408	1806
1409	1505
1409	1847
1410	1884
1410	1960
1411	1606
1412	1495
1413	1764
1413	1878
1415	1558
1415	1568
1415	1973
1415	1999
1416	1804
1416	1940
1417	1603
1418	1626
1419	1420
1419	1736
1419	1892
1419	1961
1421	1715
1421	1962
1421	1984
1422	1686
1422	1742
1422	1964
1423	1918
1424	1452
1424	1934
1424	1967
1426	1581
1426	1584
1426	1820
1426	1977
1427	1611
1428	1440
1428	1650
1428	1739
1428	1916
1429	1601
1429	1675
1429	1686
1429	1853
1429	1987
1430	1497
1430	1555
1430	1616
1432	1929
1433	1727
1433	1948
1433	1982
1434	1447
1434	1604
1434	1883
1434	1887
1435	1447
1435	1891
1436	1476
1437	1441
1437	1491
1437	1597
1437	1713
1437	1823
1437	1907
1438	1846
1438	1928
1439	1629
1439	1688
1439	1769
1440	1957
1441	1641
1441	1684
1442	1723
1442	1734
1442	1949
1443	1608
1443	1798
1443	1839
1444	1504
1447	1584
1447	1750
1447	1804
1447	1852
1447	1856
1447	1960
1449	1971
1450	1460
1450	1570
1450	1630
1451	1689
1451	1766
1451	1989
1452	1931
1453	1462
1453	1599
1453	1633
1453	1948
1454	1466
1454	1558
1454	1840
1455	1776
1455	1952
1456	1760
1456	1774
1457	1528
1457	1605
1458	1576
1458	1616
1459	1666
1462	1580
1464	1480
1464	1861
1465	1728
1465	1884
1465	1953
1465	1957
1465	1967
1466	1544
1466	1553
1466	1699
1466	1943
1467	1810
1468	1705
1468	1951
1469	1768
1470	1614
1471	1658
1472	1541
1472	1952
1472	1957
1472	1961
1473	1917
1474	1749
1474	1833
1474	1940
1474	1982
1475	1602
1476	1515
1476	1610
1476	1979
1477	1522
1477	1593
1477	1894
1478	1494
1478	1727
1478	1737
1478	1887
1479	1868
1480	1643
1480	1891
1481	1770
1482	1907
1482	1960
1482	1962
1484	1855
1486	1827
1486	1856
1486	1883
1486	1908
1487	1510
1487	1964
1488	1598
1488	1634
1488	1856
1490	1573
1491	1534
1491	1563
1491	1603
1491	1804
1491	1839
1492	1538
1492	1616
1492	1794
1493	1561
1493	1814
1493	1858
1494	1600
1494	1633
1494	1878
1494	1895
1495	1554
1495	1748
1496	1547
1496	1552
1496	1646
1496	1734
1496	1867
1497	1631
1498	1785
1498	1879
1498	1942
1498	1953
1499	1545
1499	1872
1499	1950
1500	1588
1500	1693
1500	1923
1501	1598
1502	1602
1503	1898
1503	1954
1504	1543
1504	1568
1504	1842
1505	1562
1505	1899
1505	1964
1506	1650
1506	1685
1507	1674
1507	1742
1507	1942
1507	1948
1508	1524
1508	1551
1508	1826
1508	1945
1508	1988
1509	1805
1509	1890
1510	1591
1510	1610
1510	1877
1510	1937
1511	1792
1511	1852
1512	1879
1514	1515
1514	1917
1515	1734
1516	1569
1517	1654
1517	1887
1517	1951
1518	1520
1518	1742
1518	1862
1518	1997
1519	1645
1519	1757
1519	1822
1520	1595
1521	1652
1522	1680
1523	1602
1524	1582
1524	1610
1524	1806
1525	1887
1525	1895
1525	1967
1526	1593
1526	1797
1527	1864
1529	1532
1529	1950
1530	1748
1530	1984
1531	1865
1531	1877
1531	1925
1532	1620
1532	1816
1533	1545
1533	1721
1535	1597
1535	1687
1537	1730
1537	1864
1539	1660
1540	1634
1540	1739
1540	1982
1541	1850
1541	1867
1542	1679
1542	1922
1543	1739
1544	1720
1544	1759
1545	1567
1545	1677
1545	1914
1547	1601
1547	1708
1547	1834
1548	1602
1548	1615
1548	1662
1548	1705
1548	1824
1548	1976
1549	1775
1549	1779
1551	1580
1551	1846
1552	1578
1552	1752
1553	1757
1554	1564
1554	1869
1554	1962
1555	1764
1555	1906
1556	1631
1557	1598
1557	1777
1559	1929
1560	1614
1561	1882
1561	1902
1561	1934
1562	1669
1562	1955
1564	1745
1564	1769
1564	1933
1564	1938
1565	1823
1565	1838
1565	1852
1565	1995
1568	1745
1568	1859
1569	1675
1569	1996
1570	1948
1572	1586
1572	1783
1573	1607
1573	1868
1573	1987
1574	1575
1575	1703
1575	1761
1576	1604
1576	1912
1577	1615
1577	1838
1577	1840
1578	1589
1578	1662
1578	1671
1578	1875
1579	1630
1579	1798
1581	1597
1582	1656
1582	1784
1582	1817
1583	1683
1584	1664
1584	1689
1584	1984
1585	1761
1585	1855
1586	1657
1586	1670
1586	1770
1586	1958
1589	1961
1590	1736
1590	1889
1591	1693
1592	1784
1592	1848
1594	1836
1594	1869
1594	1903
1594	1978
1595	1718
1597	1782
1597	1790
1598	1919
1598	1935
1599	1778
1600	1657
1600	1680
1600	1788
1601	1850
1601	1922
1601	1942
1602	1675
1603	1671
1604	1621
1604	1688
1604	1926
1604	1972
1604	1978
1605	1683
1605	1797
1605	1980
1606	1640
1607	1681
1607	1685
1607	1739
1607	1858
1607	1910
1609	1728
1609	1914
1609	1931
1610	1663
1610	1907
1611	1925
1612	1744
1612	1960
1613	1696
1613	1974
1614	1957
1615	1647
1615	1669
1615	1945
1618	1655
1618	1934
1620	1694
1620	1973
1621	1837
1621	1847
1622	1641
1622	1835
1623	1690
1624	1888
1624	1994
1626	1807
1626	1882
1626	1891
1626	1983
1627	1658
1627	1832
1628	1810
1628	1935
1629	1721
1630	1780
1631	1798
1632	1705
1635	1685
1635	1829
1636	1911
1637	1686
1637	1724
1639	1745
1640	1806
1640	1944
1641	1767
1641	1934
1642	1791
1642	1824
1643	1773
1644	1650
1644	1821
1645	1693
1645	1835
1646	1685
1647	1865
1650	1679
1650	1992
1651	1776
1651	1913
1651	1995
1652	1702
1655	1716
1655	1723
1655	1800
1655	1981
1656	1696
1657	1710
1657	1823
1660	1867
1660	1917
1662	1866
1662	1889
1662	1904
1664	1971
1666	1765
1666	1791
1667	1885
1668	1671
1669	1826
1670	1704
1670	1854
1671	1919
1672	1776
1672	1961
1673	1745
1674	1910
1674	1960
1675	1910
1676	1685
1678	1696
1678	1744
1678	1748
1679	1755
1680	1744
1682	1870
1685	1709
1685	1937
1685	1970
1686	1803
1686	1825
1687	1802
1688	1775
1689	1741
1689	1841
1690	1875
1692	1746
1692	1995
1693	1744
1694	1788
1695	1716
1696	1945
1697	1751
1697	1977
1699	1733
1699	1807
1699	1836
1701	1961
1702	1746
1703	1830
1703	1896
1704	1827
1704	1847
1707	1868
1707	1975
1708	1769
1708	1845
1708	1926
1711	1882
1712	1750
1713	1814
1714	1799
1715	1819
1715	1827
1715	1923
1716	1753
1716	1796
1718	1905
1718	1980
1719	1842
1720	1923
1722	1885
1724	1845
1724	1957
1725	1866
1725	1972
1728	1850
1729	1778
1729	1839
1729	1874
1730	1805
1731	1781
1731	1868
1732	1902
1733	1991
1735	1856
1735	1901
1736	1779
1737	1917
1739	1794
1739	1877
1740	1817
1741	1748
1741	1884
1743	1773
1743	1806
1743	1907
1744	1755
1744	1775
1744	1924
1746	1986
1747	1899
1749	1848
1752	1785
1753	1825
1755	1846
1755	1866
1755	1903
1755	1974
1756	1802
1756	1818
1756	1990
1758	1945
1760	1763
1760	1929
1761	1901
1763	1789
1765	1802
1767	1783
1768	1827
1768	1974
1769	1888
1770	1883
1771	1888
1773	1828
1773	1989
1776	1885
1776	1954
1776	1958
1778	1987
1781	1790
1781	1905
1781	1917
1782	1952
1782	1992
1787	1855
1787	1900
1787	1966
1790	1833
1792	1818
1792	1832
1792	1985
1793	1833
1793	1847
1794	1823
1795	1940
1795	1951
1797	1974
1798	1987
1799	1895
1800	1857
1800	1921
1803	1878
1804	1920
1807	1952
1808	1812
1815	1996
1819	1977
1820	1842
1820	1913
1822	1893
1822	1937
1824	1868
1824	1919
1824	1993
1825	1836
1826	1834
1826	1862
1826	1986
1828	1888
1828	1992
1829	1869
1831	1953
1831	1954
1831	1957
1831	1992
1834	1835
1834	1996
1837	1964
1839	1967
1840	1860
1840	1866
1841	1915
1844	1869
1844	1929
1845	1919
1853	1873
1856	1923
1859	1898
1859	1939
1861	1873
1863	1939
1863	1942
1864	1891
1864	1981
1867	1958
1868	1888
1869	1982
1870	1888
1870	1910
1870	1915
1873	1993
1880	1890
1885	1916
1887	1964
1889	1999
1892	1917
1899	1971
1900	1924
1902	1962
1910	1973
1912	1922
1914	1930
1914	1935
1915	1942
1924	1950
1924	1977
1925	1998
1934	1967
1934	1982
1934	1987
1935	1944
1937	1987
1938	1956
1940	1942
1943	1999
1945	1963
1947	1948
1950	1985
1961	1988
1968	1993
1974	1979
1978	1981
