# Undirected graph (each unordered pair of nodes is saved once): Random4000.txt
# Nodes: 2000 Edges: 4000
# NodeId	NodeId
0	370
0	792
0	926
0	978
0	1070
0	1250
0	1397
0	1907
1	1149
1	1809
2	575
2	622
2	1152
3	1315
4	382
4	868
4	1503
4	1638
4	1903
4	1989
5	1126
5	1260
5	1757
5	1820
6	377
6	495
6	684
6	952
6	1028
7	582
7	1473
7	1880
7	1913
8	374
8	746
8	854
8	962
8	1133
8	1550
8	1594
8	1750
9	180
9	462
9	777
9	1308
9	1396
9	1801
9	1937
10	499
10	536
10	584
10	811
10	911
10	1217
10	1449
10	1963
11	42
11	914
11	1230
11	1369
11	1442
11	1851
12	29
12	476
12	1132
12	1738
12	1783
12	1895
13	390
13	635
13	1024
13	1761
14	68
14	531
14	657
14	1631
14	1833
15	850
15	1407
15	1550
15	1808
16	170
16	1184
16	1503
16	1709
16	1720
16	1845
17	275
17	795
17	1041
18	1401
18	1704
18	1854
19	114
19	970
19	1298
19	1771
20	264
20	504
20	621
20	1197
20	1635
20	1961
21	1338
22	1085
22	1507
22	1599
22	1984
23	44
23	75
23	146
23	236
23	926
23	935
24	470
24	543
24	547
24	549
24	675
24	1455
24	1580
24	1865
24	1876
25	286
25	560
25	1117
26	186
26	1052
26	1250
27	120
27	521
27	526
27	701
27	717
27	1821
28	770
28	1029
29	290
29	996
29	1026
29	1188
29	1518
29	1771
30	78
30	885
30	1157
30	1194
30	1553
31	411
31	588
31	817
31	830
31	1246
31	1275
32	819
32	969
32	1143
32	1865
33	78
33	958
33	991
33	1729
34	392
34	727
34	854
34	1537
35	47
35	310
35	1531
36	656
37	632
37	695
37	1584
38	627
38	1067
39	59
39	833
39	839
40	723
40	1112
40	1153
40	1296
40	1433
40	1449
40	1474
40	1587
40	1837
41	642
41	939
41	1563
42	66
42	814
42	1112
43	272
43	752
44	828
44	1534
45	151
45	382
45	542
45	553
45	673
46	351
46	476
46	1220
46	1488
46	1576
46	1948
47	626
47	924
47	1203
48	54
48	865
48	887
48	1014
48	1516
49	222
49	615
49	993
49	1146
49	1996
50	96
50	213
50	928
51	274
51	350
51	721
51	1114
51	1450
52	1151
52	1997
53	148
53	687
53	796
53	823
53	940
53	1224
53	1473
53	1664
53	1853
54	250
54	260
54	262
54	1238
54	1749
55	728
55	1422
55	1823
55	1896
56	623
56	891
56	1284
56	1960
57	369
57	378
57	405
57	1510
58	284
58	1127
58	1380
58	1582
59	926
59	1577
59	1653
59	1756
59	1993
60	832
60	1420
60	1496
61	451
61	642
61	1009
61	1790
61	1981
62	159
62	586
62	1058
62	1293
62	1413
63	989
63	1206
64	1215
64	1463
64	1855
65	858
65	902
65	1599
66	262
66	922
66	977
67	250
67	448
67	1179
67	1205
67	1352
68	144
68	760
69	218
69	916
69	983
69	985
69	1139
69	1233
70	1415
71	645
71	684
72	387
72	555
73	869
73	1658
73	1962
75	154
75	204
75	209
75	1601
76	251
76	262
76	312
76	380
76	806
77	1525
78	87
78	256
78	722
78	1450
78	1892
79	757
79	1097
80	410
80	1246
80	1360
80	1945
81	205
81	420
82	458
82	1852
82	1993
83	429
83	981
83	1951
84	209
84	276
85	1880
85	1937
86	316
86	1719
87	886
87	916
87	1370
88	547
88	574
88	1223
89	1005
89	1719
90	658
90	798
90	863
90	1906
90	1949
91	434
91	1228
91	1606
91	1804
92	138
92	743
92	951
93	252
93	776
93	1302
93	1453
93	1664
93	1928
94	115
94	217
94	634
94	710
94	771
94	984
94	1166
94	1951
94	1966
95	211
95	466
95	714
95	1748
96	438
96	553
96	834
97	174
97	1089
97	1509
97	1782
97	1897
98	654
98	1972
99	153
99	969
100	1470
100	1495
100	1698
100	1824
101	150
101	365
101	1600
102	563
103	1622
104	1133
105	404
105	1614
105	1623
105	1663
106	1540
106	1928
106	1952
107	513
107	1391
107	1573
107	1920
108	252
108	497
108	936
108	1171
108	1197
109	227
109	775
109	859
109	1197
109	1367
109	1543
110	282
110	1160
110	1589
111	323
111	1090
112	299
112	1719
112	1781
112	1926
113	132
113	1342
113	1407
113	1655
114	1113
114	1910
114	1914
115	608
115	893
115	1142
115	1397
116	291
116	1277
116	1605
116	1720
116	1840
117	157
117	412
117	652
117	788
117	1902
117	1994
118	550
119	316
119	545
119	1266
119	1323
119	1567
119	1842
119	1884
120	381
120	704
120	1357
120	1680
121	187
121	1102
121	1497
121	1541
121	1711
121	1936
122	235
122	880
122	913
122	1046
122	1113
122	1647
123	696
123	1506
123	1846
124	196
124	776
124	1377
124	1413
124	1765
125	219
125	307
125	357
125	1034
125	1112
125	1243
125	1273
126	708
126	905
126	1303
126	1734
127	383
127	1502
128	335
128	1329
128	1394
128	1452
128	1660
128	1785
128	1873
129	283
129	875
129	933
129	1288
130	744
131	1254
131	1759
132	991
133	1253
133	1735
133	1771
134	275
134	407
134	832
134	1483
134	1815
135	630
135	1690
136	594
136	653
136	1112
136	1863
137	173
137	275
137	521
137	1316
137	1715
137	1969
138	382
138	922
138	1966
138	1980
139	295
140	963
140	1775
140	1860
141	344
141	479
141	1032
141	1307
141	1654
142	399
142	582
142	733
142	847
143	300
143	389
143	777
143	845
143	1818
144	302
144	345
144	1015
144	1609
144	1786
144	1968
145	241
145	262
145	310
145	916
145	1104
146	362
146	1663
147	1459
147	1643
148	237
148	484
148	524
149	1679
150	362
150	367
150	647
150	1819
151	670
151	1076
151	1510
152	390
152	679
152	1132
152	1344
152	1467
152	1711
153	824
155	1036
155	1133
155	1879
156	1399
156	1822
157	556
157	716
157	1062
157	1137
157	1293
157	1636
157	1724
158	308
158	935
158	944
158	1341
159	341
159	457
159	1063
160	694
160	992
160	1010
160	1778
161	418
161	1934
162	500
162	675
162	910
162	953
162	1385
162	1555
162	1661
162	1752
162	1958
163	223
163	288
163	470
163	1583
163	1783
164	679
164	697
165	440
165	1645
165	1802
166	1896
167	419
167	639
167	1225
167	1297
167	1949
168	415
168	911
168	1550
169	230
169	552
169	984
169	1778
169	1812
171	879
171	1545
171	1727
171	1787
172	397
172	724
172	748
172	1574
172	1923
172	1974
173	642
173	662
173	1299
173	1537
174	463
174	1863
175	1404
175	1556
175	1745
175	1950
176	313
176	501
176	635
176	883
176	1317
177	236
177	1219
177	1328
177	1991
178	404
178	706
178	1308
179	447
179	1784
180	328
180	991
180	1811
180	1899
181	1108
182	367
182	1165
182	1497
182	1555
183	417
183	851
184	1555
184	1624
185	971
185	1109
185	1621
186	391
186	457
186	685
186	1183
186	1299
187	325
187	443
187	879
187	1178
187	1893
188	966
188	1078
188	1123
188	1150
188	1743
188	1863
189	253
189	552
189	1307
190	1401
190	1485
190	1487
191	231
191	1848
192	415
192	1484
192	1563
193	277
193	292
193	769
194	211
194	287
194	357
194	527
194	698
194	803
194	1048
194	1152
194	1323
194	1330
195	226
195	410
195	517
195	920
195	974
195	1430
196	900
196	1057
196	1128
196	1246
197	491
197	633
197	1141
197	1305
197	1448
197	1587
198	587
198	747
198	791
198	1303
198	1603
199	266
199	333
199	879
199	1102
199	1585
200	245
200	256
200	415
200	422
200	534
200	585
200	736
200	1085
200	1327
200	1968
201	295
201	651
201	1959
202	768
202	1036
202	1104
202	1495
203	480
203	579
203	820
203	874
203	1638
204	416
204	424
204	707
204	847
204	883
204	962
204	1460
204	1641
205	231
205	729
205	787
205	1077
207	461
207	777
207	817
207	1583
208	980
208	1220
208	1779
209	693
209	1129
209	1387
209	1489
210	545
210	1059
210	1374
210	1788
211	267
211	744
211	1662
211	1938
212	219
212	1419
213	387
213	550
213	1350
214	1563
215	589
215	1172
215	1889
216	347
216	740
216	1053
217	544
217	574
217	900
217	1565
217	1775
217	1900
218	1114
218	1181
218	1533
219	703
219	808
219	1224
219	1709
220	986
220	1031
220	1364
220	1844
220	1911
221	486
221	620
221	1312
221	1988
222	742
222	781
222	1119
222	1605
222	1799
223	295
223	815
223	1568
224	1806
225	829
226	1021
226	1400
227	415
227	1468
228	514
228	933
228	1363
228	1478
228	1551
229	302
229	869
229	1858
230	1244
230	1484
231	725
231	1203
231	1339
231	1378
231	1435
231	1609
232	329
232	386
232	910
232	1026
232	1444
233	1269
233	1623
233	1630
233	1958
234	501
234	610
234	648
234	846
234	888
234	1748
234	1873
235	322
235	1671
235	1833
236	909
236	1214
236	1662
238	431
238	1596
239	439
239	903
239	1437
240	492
240	522
240	536
240	1120
240	1401
241	667
241	688
241	775
241	1652
241	1778
242	311
242	812
242	1296
242	1729
242	1853
243	698
243	1443
244	958
244	1404
244	1572
244	1694
244	1788
245	533
245	710
245	961
245	1258
245	1809
246	1697
247	1275
247	1393
247	1706
247	1714
248	516
248	774
248	1979
249	293
249	771
250	1284
250	1808
250	1994
251	691
251	819
251	919
251	1097
251	1258
251	1544
251	1611
251	1616
251	1948
252	842
253	432
253	560
254	587
254	848
254	972
254	1448
254	1601
254	1754
255	1199
256	860
256	1293
256	1343
257	653
257	1082
257	1733
257	1860
257	1907
258	539
258	1304
258	1491
258	1706
258	1828
259	310
260	414
260	438
260	1056
260	1114
260	1272
260	1279
260	1322
260	1557
260	1766
260	1968
261	271
261	417
261	465
261	578
261	852
261	1184
261	1309
261	1872
262	838
263	435
263	631
263	643
263	720
263	1547
264	1376
264	1382
264	1506
265	631
265	1045
265	1075
266	379
266	1100
266	1178
266	1527
266	1968
266	1970
267	306
267	734
267	1214
267	1546
267	1687
268	306
268	363
268	452
268	564
268	1508
269	690
269	944
269	1147
269	1758
270	562
270	953
270	1105
270	1326
271	475
271	1013
271	1088
271	1587
272	783
272	1182
272	1219
273	814
273	1014
274	687
274	1421
274	1928
275	1321
276	617
276	823
276	1034
276	1749
276	1800
277	406
277	1558
278	623
278	714
278	1099
278	1961
279	371
279	912
279	1132
279	1614
280	724
280	1039
280	1359
281	948
281	965
281	1015
281	1775
281	1875
281	1980
282	1168
282	1387
283	1274
284	1878
285	1137
285	1304
285	1370
285	1466
285	1903
286	821
286	989
286	991
286	1226
286	1578
286	1826
286	1957
287	887
287	1197
287	1856
288	618
288	834
288	1107
289	524
289	760
289	1525
290	327
290	972
291	865
291	940
291	947
291	1179
291	1536
292	795
292	1633
292	1708
292	1730
293	341
293	1301
293	1329
293	1427
294	602
294	614
294	1266
294	1904
295	673
295	674
295	1602
295	1639
295	1897
296	881
296	1278
296	1748
297	587
298	981
298	1451
298	1635
299	1193
299	1459
299	1505
299	1746
300	489
300	1616
301	556
301	1860
301	1998
302	491
302	719
303	766
303	1169
303	1570
304	516
304	1656
305	509
305	520
305	704
305	1176
306	1316
306	1892
307	867
307	1539
307	1785
308	420
308	720
308	1413
308	1985
309	496
309	1325
309	1682
310	719
310	1270
310	1879
311	343
312	1200
312	1443
312	1611
312	1616
313	767
313	1886
314	748
314	805
314	1896
315	347
315	1837
315	1974
317	741
317	1018
317	1135
318	380
318	491
318	591
318	1229
318	1453
319	343
319	439
319	691
319	933
319	1232
319	1817
320	363
320	1205
320	1300
322	1191
322	1211
322	1860
323	426
323	723
324	877
324	1103
325	436
325	494
325	765
325	1580
325	1915
326	608
326	723
326	1566
327	563
327	659
327	1729
327	1761
327	1773
328	504
328	1835
328	1847
328	1954
329	1257
330	776
330	1383
330	1400
330	1653
330	1801
330	1967
331	671
331	1174
331	1249
331	1945
332	388
332	1257
332	1462
333	836
333	1170
333	1953
334	745
334	829
334	1273
334	1833
335	1328
335	1654
336	624
336	1992
337	532
337	716
337	1247
337	1319
337	1696
338	1543
339	688
339	751
340	389
340	904
340	1169
340	1838
340	1904
341	771
341	1177
341	1965
342	506
342	915
342	1044
342	1362
343	927
343	1070
343	1112
343	1511
343	1666
343	1759
344	1216
347	844
348	1939
349	1271
350	558
350	1995
351	1197
352	1403
353	902
353	1391
353	1665
353	1899
354	418
354	766
354	1460
356	373
356	448
356	898
356	1166
356	1275
356	1800
357	576
358	1009
358	1047
359	1019
359	1336
359	1828
359	1987
361	1031
362	420
362	492
362	981
362	1403
362	1747
363	562
363	831
363	900
363	1181
363	1761
364	656
364	1882
365	377
365	794
365	827
365	924
366	468
366	534
366	630
366	722
366	1431
366	1945
366	1966
367	643
367	869
367	908
368	954
368	956
368	1106
369	456
369	674
369	756
369	1347
369	1668
370	671
371	469
371	599
371	919
371	1105
371	1972
372	428
372	437
373	595
373	1334
373	1897
374	503
374	1698
374	1919
375	1237
375	1644
376	430
376	906
377	979
377	1201
377	1481
377	1847
379	539
379	606
379	1139
379	1575
379	1582
379	1710
379	1946
380	704
380	778
381	504
381	545
381	568
381	1122
381	1281
381	1464
381	1610
381	1632
381	1763
381	1934
382	544
382	561
383	735
383	832
383	848
383	1047
383	1081
383	1675
384	946
384	1125
384	1573
384	1590
384	1874
384	1970
385	395
385	489
385	534
385	583
385	1247
385	1476
385	1748
385	1887
386	1167
386	1528
387	437
387	524
387	828
387	1450
387	1907
388	1252
388	1403
388	1960
389	536
389	645
389	856
389	1984
390	1005
391	520
391	1109
392	517
392	564
392	640
392	885
392	1064
393	1575
393	1868
394	756
394	1460
394	1723
395	661
395	1139
395	1968
395	1979
396	540
396	818
396	1661
397	1055
397	1175
397	1177
397	1473
398	683
398	1469
398	1866
399	760
399	1421
399	1612
400	824
400	1631
400	1643
401	414
401	750
401	818
403	1430
405	859
405	939
405	1208
405	1300
407	575
407	1382
407	1407
409	1216
409	1605
409	1705
409	1841
410	593
410	965
410	1150
410	1396
410	1683
411	418
411	508
411	569
411	1113
411	1239
412	941
412	1806
412	1968
413	415
413	881
413	891
413	1649
413	1826
413	1891
414	993
414	1494
414	1625
414	1864
415	461
415	495
415	680
415	681
415	1229
415	1705
416	590
416	870
416	1137
416	1842
417	969
417	1293
417	1550
417	1626
417	1774
417	1861
418	1274
419	489
419	626
419	907
419	1080
419	1717
420	623
420	749
420	793
420	1217
420	1337
420	1675
421	908
421	1447
423	875
423	1668
423	1757
424	871
424	1070
425	789
425	802
425	1078
425	1669
425	1871
426	611
426	1158
427	795
428	674
428	1183
429	1199
429	1526
429	1627
429	1740
429	1790
430	624
430	1436
431	687
431	1311
431	1424
432	604
432	956
432	1423
433	1248
433	1374
433	1436
433	1702
434	438
434	821
434	844
435	581
435	888
435	1577
436	550
437	990
437	1136
437	1473
437	1879
437	1992
438	1070
438	1144
440	738
440	1305
440	1823
441	742
441	781
441	842
441	1127
441	1298
441	1973
442	920
442	1162
442	1585
443	686
443	818
443	916
443	971
443	1500
443	1766
444	1174
444	1400
445	669
445	1370
446	599
446	953
446	1217
446	1779
447	607
447	1715
448	927
449	835
449	1128
450	1728
451	727
451	1364
451	1732
452	635
452	1889
454	822
454	1121
454	1170
454	1620
455	842
456	689
457	1035
458	478
458	885
458	1657
458	1740
458	1791
459	899
459	1251
460	694
460	857
460	1327
460	1434
460	1972
461	551
461	553
461	1261
462	601
462	1010
463	926
463	1670
465	1961
465	1981
466	1224
466	1880
466	1889
467	585
468	1199
468	1468
469	710
469	1140
469	1319
469	1779
469	1899
470	1284
470	1329
470	1358
470	1452
471	665
471	1873
472	1446
472	1815
473	598
473	1103
474	689
474	756
474	1326
474	1534
475	492
475	499
475	618
475	1298
475	1533
476	796
477	624
478	1123
478	1178
478	1424
479	487
479	823
480	798
480	1456
480	1636
481	782
481	840
481	1205
481	1572
481	1720
482	1356
483	509
483	717
483	1385
484	558
484	1440
484	1510
484	1951
484	1988
485	675
485	1988
486	1193
487	1461
487	1646
487	1781
487	1795
488	785
488	1306
488	1312
488	1501
488	1685
489	1071
489	1704
489	1728
489	1802
490	1424
491	864
492	726
492	948
492	1042
492	1478
492	1666
493	635
493	1621
494	512
494	1364
496	624
496	1231
496	1472
496	1562
496	1719
498	1536
498	1549
498	1777
500	938
500	968
500	1272
500	1392
501	1183
501	1629
501	1731
501	1853
502	968
502	1465
502	1639
503	1188
503	1280
503	1421
503	1643
503	1940
503	1942
503	1987
504	730
504	854
504	932
504	960
504	1115
504	1116
505	675
505	703
505	850
505	1803
506	1592
506	1597
506	1712
507	1072
507	1325
507	1394
507	1517
507	1922
508	656
509	610
509	656
509	1184
509	1596
511	1257
511	1640
512	978
512	1011
513	1769
513	1878
514	1228
514	1862
515	577
515	659
515	684
515	876
515	1006
515	1119
516	1049
517	834
517	1434
517	1800
518	675
518	1056
518	1798
519	557
519	615
519	659
519	693
519	1281
520	999
520	1194
520	1293
520	1467
520	1900
521	1956
522	790
523	1422
523	1811
523	1865
523	1945
524	569
524	856
524	1476
524	1922
525	564
525	654
525	854
525	1261
526	1271
526	1424
526	1550
526	1581
526	1586
526	1687
526	1754
526	1925
527	905
528	990
529	1219
530	1113
530	1706
530	1890
531	832
531	982
531	1357
531	1465
532	1401
533	962
533	1258
534	600
534	694
534	1766
535	1515
535	1813
536	903
536	1063
536	1071
537	595
537	836
537	966
537	1203
537	1511
537	1522
537	1870
538	1121
538	1130
539	874
539	1309
539	1754
540	1169
540	1283
540	1309
540	1585
541	606
542	1240
542	1549
542	1863
542	1944
543	733
543	735
544	739
544	1088
544	1416
544	1679
545	889
545	1129
545	1249
545	1310
546	970
546	1445
546	1955
546	1988
547	1272
547	1553
547	1584
549	631
549	1157
549	1294
549	1379
549	1421
549	1719
550	763
550	1159
550	1938
551	1184
551	1547
551	1656
551	1858
551	1904
552	981
552	1536
553	879
553	911
553	1207
553	1483
553	1565
553	1991
554	797
554	1154
554	1999
555	1743
555	1906
556	1614
557	996
557	1237
557	1292
557	1561
558	607
558	638
558	1078
558	1269
558	1954
559	1221
560	872
560	1138
560	1957
561	612
561	1314
561	1355
561	1953
562	985
562	1276
562	1568
562	1681
563	907
563	1429
563	1606
564	1002
566	584
566	1733
566	1754
567	1241
567	1625
567	1834
568	988
568	1067
569	667
569	1843
569	1860
569	1891
570	924
570	1546
571	988
571	1097
571	1128
571	1344
571	1719
572	663
572	915
572	1373
573	1361
574	1313
574	1505
574	1832
574	1968
575	587
575	1335
576	1557
576	1571
576	1943
577	1581
577	1687
577	1951
578	1325
578	1725
579	821
579	971
580	787
580	1125
580	1148
581	647
581	1049
581	1561
581	1775
582	1579
582	1857
583	1158
583	1394
584	586
584	813
584	1173
585	1085
585	1303
585	1357
586	855
586	1599
587	1984
588	802
588	874
588	910
588	1542
588	1941
589	803
589	873
590	720
590	831
590	1670
591	627
591	1068
591	1133
592	1452
592	1490
592	1768
593	706
593	1438
593	1926
594	1698
594	1868
594	1986
595	605
595	1087
595	1565
596	759
596	1374
597	1520
597	1564
597	1839
598	751
598	1167
598	1875
599	1047
599	1080
599	1151
600	959
600	1036
600	1136
600	1137
600	1557
600	1594
600	1964
601	924
601	1686
602	805
602	842
602	1233
603	890
603	1244
603	1473
603	1488
603	1654
603	1678
605	708
605	1090
605	1736
605	1919
606	896
606	1315
606	1450
607	662
607	921
607	1009
608	1390
608	1621
609	1269
609	1954
610	1235
610	1394
610	1511
611	955
612	840
612	1354
612	1372
612	1463
612	1793
613	674
613	1104
613	1580
614	1878
615	705
615	1173
615	1814
615	1995
616	740
616	811
617	892
617	946
618	1218
618	1627
619	795
619	929
620	1903
620	1975
621	1466
621	1595
622	753
622	1153
622	1717
623	669
623	718
623	947
623	1848
623	1902
623	1980
624	1691
624	1777
625	761
625	1763
625	1810
626	710
626	1160
626	1995
627	697
628	706
628	859
628	1597
629	841
629	1291
629	1790
630	686
630	807
630	1079
630	1259
630	1518
630	1581
630	1967
632	963
632	974
632	1272
632	1445
632	1559
632	1892
633	687
633	832
633	1510
633	1607
633	1886
634	840
636	806
636	943
636	1891
637	1504
637	1829
638	1526
638	1855
638	1859
639	798
639	1259
639	1370
639	1517
639	1557
639	1639
639	1692
640	1698
641	769
641	882
641	1517
641	1971
642	722
642	1422
643	760
643	917
643	1968
644	991
644	1036
645	1278
646	1089
646	1236
646	1704
647	1779
648	867
648	1704
648	1901
649	1315
649	1899
650	1210
651	849
651	1286
652	694
652	1512
654	870
654	1468
655	942
655	975
655	1248
655	1762
655	1775
655	1875
656	700
656	811
656	1311
656	1680
656	1961
657	1115
657	1431
657	1903
659	1017
659	1936
660	687
660	807
660	1179
661	858
661	861
661	938
661	1097
661	1825
661	1946
662	966
662	985
662	1266
662	1624
662	1987
663	893
663	1947
664	1574
664	1858
665	878
665	951
665	1912
666	1321
666	1576
666	1690
666	1722
667	1419
667	1734
668	1018
668	1281
668	1812
668	1840
669	836
669	1397
669	1741
670	758
670	1160
670	1292
670	1513
670	1869
671	891
671	1728
672	851
672	1792
672	1967
673	916
673	973
673	1298
673	1554
673	1770
675	702
675	1024
675	1083
675	1237
675	1283
675	1465
675	1894
676	1003
676	1108
676	1199
676	1777
677	973
677	1142
677	1716
677	1806
678	1273
679	765
679	1123
679	1124
679	1226
679	1254
679	1410
679	1568
679	1614
679	1640
679	1677
680	1348
680	1788
680	1832
681	1040
681	1110
683	1220
683	1318
683	1409
683	1802
685	1188
685	1302
686	1227
687	786
687	1106
687	1138
687	1327
687	1862
687	1983
688	931
688	1938
689	767
689	1026
689	1848
691	1497
692	1019
692	1553
693	1363
693	1864
695	895
696	1390
698	901
698	903
698	1077
699	971
700	1413
701	1106
701	1731
701	1910
702	1331
702	1345
703	743
703	1269
703	1331
704	992
705	814
705	1138
705	1225
705	1442
707	775
707	948
707	1124
707	1140
707	1183
707	1268
707	1414
708	1039
708	1252
708	1429
708	1944
709	1028
709	1099
709	1423
709	1791
710	747
710	802
710	1830
711	799
711	904
711	1513
711	1663
711	1776
712	1695
714	783
714	1156
714	1316
714	1693
715	1209
715	1753
717	917
717	1807
719	1084
719	1201
719	1219
720	1655
720	1781
720	1836
721	1235
721	1667
721	1774
722	789
722	1023
722	1674
723	1383
723	1507
725	1475
726	1226
727	1146
727	1267
727	1588
727	1609
728	1492
728	1536
728	1566
728	1610
728	1671
728	1774
729	851
730	817
730	1381
731	839
731	1021
731	1582
731	1934
732	835
732	1413
733	981
733	1094
733	1715
733	1916
734	1230
734	1347
734	1805
734	1906
735	765
735	1062
735	1177
735	1415
735	1890
736	848
736	1108
736	1131
737	889
737	1177
737	1545
737	1766
737	1922
738	1057
738	1233
738	1363
738	1515
738	1529
739	849
739	1047
739	1633
740	749
740	952
740	1562
741	1847
742	758
742	870
742	960
742	1173
742	1635
743	1196
744	815
744	965
744	983
744	1365
744	1748
745	1023
745	1048
745	1423
746	1118
747	1622
748	1065
748	1627
749	1076
750	915
750	1404
750	1527
752	1080
752	1566
752	1612
752	1812
753	756
753	1790
753	1891
754	1935
755	1243
755	1259
756	1456
756	1935
757	802
757	1167
757	1399
757	1510
757	1777
758	856
759	1412
759	1956
760	1181
760	1220
760	1481
760	1580
760	1806
760	1959
760	1980
761	1027
761	1336
761	1616
761	1752
761	1765
762	1029
762	1123
762	1720
763	781
763	801
763	1376
763	1504
764	837
764	938
764	1048
764	1053
764	1143
764	1486
764	1876
765	1258
765	1527
765	1964
766	1799
767	936
767	1391
767	1439
767	1665
767	1821
768	808
768	880
768	920
768	1615
768	1678
768	1775
769	1232
769	1594
770	1140
770	1813
771	800
771	932
771	1696
772	776
772	955
772	1986
773	1322
773	1712
773	1787
774	923
774	1450
775	879
775	1419
775	1423
775	1777
775	1818
775	1903
776	1071
776	1584
776	1589
776	1995
777	1183
777	1779
778	1270
779	973
779	1081
779	1421
779	1942
780	804
780	1577
780	1879
781	881
781	1323
781	1332
781	1977
782	977
782	1343
783	1495
784	1833
785	1248
785	1277
786	1442
786	1558
786	1978
787	1196
787	1645
788	1064
788	1604
789	1096
790	1443
790	1999
791	871
791	1169
791	1357
791	1940
792	1450
792	1560
793	964
793	1364
793	1916
794	1722
795	1531
796	1780
797	1089
797	1538
799	1127
799	1219
799	1416
800	1619
800	1662
801	1192
801	1551
804	937
804	1123
804	1183
805	815
805	1210
805	1287
805	1458
805	1928
805	1972
806	1505
806	1995
807	926
807	1249
807	1561
808	814
808	1133
808	1234
808	1958
808	1997
809	940
809	1045
809	1690
809	1731
810	1472
811	1688
811	1909
812	964
812	1028
812	1979
813	867
813	884
813	1248
813	1822
814	869
814	1195
814	1290
814	1766
816	949
816	1116
816	1158
816	1367
817	1270
817	1502
817	1808
818	1259
819	1590
819	1631
819	1652
819	1737
819	1864
819	1869
820	1095
820	1764
820	1834
821	838
822	1329
822	1348
823	855
823	1620
825	1934
826	1429
826	1554
826	1912
827	1492
827	1585
827	1647
828	1013
829	1197
831	993
832	1033
832	1703
832	1761
833	857
833	1034
833	1194
833	1385
833	1408
833	1797
834	1011
834	1196
834	1545
836	1262
836	1355
836	1877
838	1123
838	1656
839	1284
839	1376
839	1853
840	1010
840	1149
840	1467
842	890
842	1063
842	1588
843	1653
844	951
844	1381
845	1662
846	1038
847	1170
848	1798
849	1047
849	1218
850	975
850	1013
850	1431
850	1899
851	995
851	1069
851	1846
852	1629
852	1739
852	1886
853	1518
853	1801
854	1052
854	1349
854	1870
855	1506
856	872
856	969
856	980
856	1046
856	1098
856	1152
856	1470
856	1479
856	1816
857	1035
857	1399
857	1610
859	1328
860	957
861	922
861	1110
861	1771
863	1423
863	1912
863	1939
864	1315
864	1405
865	971
866	1593
866	1695
867	1218
867	1439
867	1580
868	1011
869	927
869	1188
869	1259
870	1010
870	1346
870	1558
870	1796
871	958
871	959
871	1131
871	1766
871	1957
872	1056
872	1426
872	1501
872	1784
873	1263
873	1565
873	1592
873	1937
874	1614
875	1524
875	1814
876	1084
876	1432
876	1657
876	1776
876	1892
877	1297
877	1304
877	1348
878	1241
878	1443
878	1544
878	1959
879	906
881	1935
882	1182
882	1482
882	1505
883	1355
883	1670
883	1993
884	1221
884	1611
884	1896
885	921
885	1496
886	1107
886	1784
887	915
887	1540
888	1250
888	1666
888	1722
889	961
889	1250
889	1489
889	1723
889	1838
890	1330
890	1338
890	1364
890	1969
891	1026
891	1137
891	1451
893	922
893	1111
894	1752
895	973
895	984
896	931
896	1015
896	1872
897	1308
897	1501
897	1920
898	1207
899	1519
900	908
900	1407
900	1512
900	1986
901	1131
902	964
902	1120
902	1385
902	1824
903	1193
903	1224
903	1530
903	1596
905	1168
906	1511
907	1943
908	1083
908	1550
909	913
910	1124
910	1200
910	1282
910	1336
910	1601
910	1682
911	1291
912	1527
912	1960
913	927
913	1725
914	1217
914	1295
914	1439
915	983
915	1947
916	1294
917	1386
918	1044
918	1190
918	1402
918	1627
918	1825
919	1370
919	1685
921	1127
923	1865
923	1875
923	1885
926	929
926	1364
927	1288
927	1393
928	1143
928	1545
929	1305
930	955
930	1272
930	1581
931	1096
931	1190
932	1113
932	1412
932	1779
933	1398
933	1560
933	1853
934	1274
934	1384
934	1626
935	1083
936	1558
936	1846
937	1009
937	1582
938	1562
938	1569
939	1352
939	1646
940	1387
941	1377
941	1804
943	1585
945	1326
946	1115
946	1401
947	1024
947	1689
947	1779
948	1320
948	1608
949	1408
950	1642
950	1934
951	1120
951	1305
951	1464
951	1732
952	1256
952	1294
952	1386
952	1887
953	978
953	1299
954	1120
955	1082
955	1846
957	979
957	1016
957	1066
957	1162
958	1979
959	1256
959	1486
960	1254
961	1654
962	1006
962	1620
963	1491
963	1502
963	1758
964	991
964	1773
965	1646
965	1979
966	1789
967	1105
967	1419
967	1750
968	1232
968	1486
968	1679
969	1079
969	1319
970	1039
971	1650
971	1947
972	1028
973	1380
973	1603
974	1207
974	1851
975	1085
976	1815
977	1175
977	1408
978	1015
978	1258
978	1628
978	1848
979	1149
980	1000
981	1989
982	1413
983	1044
983	1194
983	1970
984	1270
985	1404
985	1919
986	1378
987	1067
987	1328
987	1904
988	1629
988	1712
989	1352
989	1642
991	992
991	1000
991	1615
992	1001
993	1420
993	1500
993	1611
994	1118
994	1256
994	1695
994	1931
994	1945
996	1922
997	1062
997	1818
998	1344
999	1197
999	1429
999	1535
1000	1962
1001	1079
1001	1153
1001	1563
1001	1633
1001	1634
1002	1310
1003	1116
1003	1123
1003	1484
1003	1658
1003	1746
1004	1902
1004	1988
1005	1136
1005	1248
1005	1919
1006	1335
1006	1691
1006	1881
1007	1623
1007	1719
1008	1201
1008	1983
1010	1948
1011	1128
1011	1252
1011	1408
1011	1684
1011	1720
1012	1113
1012	1251
1012	1567
1012	1613
1013	1240
1013	1295
1013	1322
1014	1087
1014	1498
1014	1712
1014	1818
1014	1872
1014	1936
1015	1020
1015	1729
1016	1141
1016	1898
1016	1958
1017	1048
1018	1977
1019	1028
1019	1494
1020	1210
1020	1530
1020	1608
1021	1460
1022	1937
1023	1061
1023	1865
1024	1129
1025	1320
1026	1393
1027	1616
1027	1743
1027	1784
1029	1522
1030	1086
1032	1051
1032	1364
1033	1327
1033	1935
1034	1174
1034	1949
1035	1235
1035	1979
1036	1375
1037	1149
1037	1299
1037	1363
1038	1825
1038	1946
1040	1903
1041	1652
1041	1900
1042	1491
1042	1613
1043	1365
1043	1390
1043	1673
1043	1947
1044	1170
1044	1847
1044	1878
1045	1661
1045	1788
1045	1976
1046	1168
1046	1194
1048	1158
1048	1288
1049	1184
1049	1807
1050	1626
1052	1274
1052	1365
1052	1815
1052	1828
1053	1381
1053	1753
1054	1158
1054	1239
1054	1807
1055	1290
1056	1072
1058	1487
1059	1420
1059	1931
1060	1182
1061	1985
1062	1456
1062	1636
1062	1744
1063	1222
1063	1235
1063	1281
1063	1457
1063	1896
1063	1905
1063	1907
1064	1508
1064	1560
1064	1798
1064	1876
1064	1893
1065	1592
1065	1873
1066	1862
1067	1960
1069	1430
1069	1832
1070	1779
1070	1798
1071	1381
1071	1528
1072	1668
1073	1279
1073	1859
1074	1197
1075	1142
1075	1279
1075	1946
1076	1430
1076	1517
1077	1357
1077	1714
1079	1480
1079	1884
1080	1205
1080	1836
1081	1103
1081	1373
1081	1503
1081	1624
1081	1642
1082	1655
1082	1743
1082	1771
1082	1827
1083	1894
1083	1934
1084	1224
1084	1910
1085	1499
1086	1967
1087	1490
1089	1148
1089	1429
1089	1800
1089	1801
1090	1616
1091	1394
1091	1500
1091	1581
1092	1544
1092	1652
1092	1963
1093	1157
1094	1238
1095	1319
1096	1669
1096	1685
1096	1806
1097	1591
1097	1826
1097	1974
1099	1493
1100	1614
1100	1703
1101	1384
1101	1984
1104	1701
1105	1259
1105	1727
1106	1450
1107	1238
1108	1507
1108	1955
1109	1639
1110	1417
1110	1451
1111	1132
1112	1690
1112	1757
1113	1190
1114	1233
1114	1974
1117	1118
1118	1144
1118	1190
1118	1316
1119	1606
1120	1265
1120	1748
1120	1822
1120	1948
1122	1357
1122	1463
1123	1988
1126	1582
1126	1605
1126	1655
1126	1661
1127	1384
1127	1441
1127	1588
1127	1652
1127	1716
1128	1546
1128	1626
1128	1950
1129	1164
1129	1307
1129	1422
1129	1433
1129	1599
1132	1370
1132	1824
1133	1137
1133	1210
1133	1490
1133	1681
1134	1649
1135	1362
1135	1594
1135	1861
1136	1757
1136	1917
1137	1358
1137	1748
1137	1946
1138	1441
1138	1480
1138	1645
1138	1929
1139	1417
1139	1913
1140	1417
1142	1922
1143	1480
1144	1175
1144	1228
1144	1724
1144	1963
1145	1466
1146	1479
1146	1489
1146	1547
1146	1576
1147	1681
1148	1855
1149	1936
1150	1550
1150	1598
1151	1226
1151	1979
1152	1541
1154	1257
1154	1352
1154	1507
1154	1592
1154	1618
1154	1624
1154	1630
1155	1253
1155	1793
1156	1510
1156	1909
1157	1709
1158	1185
1158	1339
1158	1398
1158	1453
1158	1872
1159	1539
1159	1969
1160	1449
1160	1729
1160	1964
1163	1514
1163	1985
1164	1388
1164	1687
1164	1735
1164	1764
1165	1550
1165	1969
1167	1207
1167	1278
1167	1619
1169	1994
1170	1406
1171	1388
1173	1431
1173	1585
1173	1878
1174	1391
1174	1916
1175	1598
1176	1489
1177	1501
1177	1648
1177	1798
1178	1956
1179	1429
1179	1771
1180	1292
1180	1591
1181	1960
1182	1502
1183	1216
1183	1295
1183	1326
1183	1436
1183	1539
1186	1725
1186	1864
1187	1481
1187	1646
1187	1692
1188	1348
1189	1415
1190	1419
1190	1657
1190	1710
1191	1332
1191	1552
1193	1497
1193	1889
1194	1330
1195	1313
1195	1324
1195	1593
1196	1291
1196	1647
1196	1661
1196	1876
1196	1948
1197	1610
1198	1666
1198	1879
1198	1963
1199	1571
1199	1957
1200	1358
1200	1686
1200	1788
1200	1801
1200	1832
1201	1207
1201	1345
1203	1731
1204	1733
1205	1817
1207	1427
1208	1847
1209	1511
1210	1258
1210	1825
1212	1714
1213	1237
1213	1321
1213	1548
1213	1576
1216	1579
1216	1710
1216	1752
1216	1894
1217	1385
1217	1670
1218	1544
1218	1571
1218	1924
1219	1472
1219	1506
1219	1608
1219	1635
1219	1780
1220	1676
1220	1975
1221	1394
1221	1544
1222	1513
1222	1627
1223	1353
1223	1454
1223	1883
1223	1929
1224	1501
1225	1321
1226	1236
1226	1394
1227	1474
1227	1578
1227	1846
1229	1513
1230	1349
1230	1621
1230	1951
1231	1583
1231	1796
1231	1950
1231	1979
1232	1427
1233	1869
1234	1890
1234	1945
1235	1727
1236	1513
1236	1530
1237	1378
1237	1650
1238	1325
1238	1578
1238	1925
1239	1901
1240	1754
1240	1882
1241	1903
1243	1283
1243	1846
1243	1871
1244	1295
1244	1718
1244	1787
1245	1297
1245	1548
1246	1714
1247	1501
1247	1788
1248	1921
1249	1391
1249	1600
1249	1711
1250	1444
1251	1290
1251	1768
1252	1472
1253	1871
1253	1929
1255	1296
1255	1368
1255	1474
1255	1602
1256	1433
1257	1601
1257	1789
1258	1295
1258	1366
1258	1450
1258	1462
1258	1646
1258	1699
1260	1401
1261	1363
1261	1578
1263	1884
1264	1315
1264	1895
1265	1801
1266	1467
1266	1806
1267	1512
1269	1504
1269	1660
1269	1747
1269	1870
1270	1435
1270	1455
1271	1815
1272	1539
1275	1868
1276	1354
1276	1392
1276	1829
1277	1732
1279	1436
1279	1506
1279	1655
1281	1431
1281	1503
1281	1641
1282	1602
1283	1628
1283	1706
1284	1907
1285	1351
1286	1689
1289	1465
1289	1735
1292	1398
1294	1788
1295	1496
1295	1581
1295	1623
1295	1821
1295	1853
1296	1392
1296	1644
1296	1944
1297	1355
1297	1769
1298	1680
1299	1414
1301	1772
1301	1783
1302	1892
1302	1918
1303	1395
1304	1860
1307	1505
1307	1762
1308	1506
1309	1563
1311	1333
1311	1890
1311	1922
1312	1677
1312	1710
1312	1996
1313	1499
1313	1761
1313	1867
1317	1525
1317	1749
1317	1879
1317	1932
1320	1789
1320	1956
1321	1684
1321	1936
1322	1437
1323	1694
1324	1398
1324	1445
1325	1856
1326	1547
1326	1679
1326	1772
1328	1353
1331	1870
1331	1874
1332	1732
1334	1354
1334	1992
1335	1816
1335	1868
1335	1924
1336	1341
1336	1393
1336	1633
1336	1905
1338	1504
1342	1460
1343	1647
1343	1678
1343	1697
1343	1748
1343	1873
1344	1610
1344	1760
1346	1543
1347	1419
1347	1946
1348	1842
1349	1967
1350	1627
1354	1581
1355	1638
1356	1379
1356	1940
1357	1545
1357	1577
1357	1711
1358	1372
1358	1444
1358	1845
1359	1376
1359	1935
1360	1593
1361	1400
1361	1524
1361	1649
1362	1376
1363	1493
1364	1734
1364	1777
1365	1942
1365	1994
1366	1901
1368	1450
1369	1957
1371	1586
1372	1601
1373	1445
1373	1701
1373	1843
1375	1986
1377	1492
1377	1808
1378	1699
1381	1440
1382	1621
1383	1474
1383	1967
1384	1991
1385	1798
1386	1552
1390	1418
1392	1677
1392	1720
1392	1868
1393	1668
1393	1898
1395	1664
1396	1488
1397	1399
1398	1719
1398	1727
1399	1991
1401	1970
1402	1696
1402	1895
1404	1903
1406	1930
1407	1516
1408	1961
1412	1656
1412	1760
1412	1925
1412	1976
1413	1536
1414	1781
1416	1759
1416	1863
1417	1896
1420	1509
1420	1739
1421	1503
1423	1504
1423	1567
1423	1617
1423	1857
1424	1597
1424	1894
1425	1669
1431	1786
1432	1508
1432	1798
1432	1951
1432	1992
1434	1500
1434	1725
1436	1936
1438	1955
1439	1514
1439	1740
1439	1850
1440	1661
1441	1731
1442	1516
1442	1869
1443	1872
1443	1980
1446	1759
1446	1862
1447	1549
1447	1834
1447	1999
1448	1875
1449	1495
1449	1806
1450	1908
1452	1527
1452	1544
1453	1838
1454	1514
1454	1536
1454	1609
1455	1621
1455	1680
1456	1460
1457	1515
1457	1605
1458	1732
1458	1905
1458	1959
1459	1530
1459	1610
1459	1615
1459	1658
1459	1846
1459	1916
1459	1931
1461	1476
1461	1896
1462	1599
1464	1540
1464	1592
1464	1873
1465	1843
1466	1990
1467	1568
1469	1890
1470	1562
1470	1955
1471	1719
1471	1764
1471	1947
1474	1683
1474	1962
1475	1788
1475	1993
1476	1628
1480	1730
1480	1967
1482	1753
1483	1545
1483	1761
1483	1874
1484	1512
1484	1514
1484	1836
1485	1745
1486	1819
1487	1635
1488	1896
1489	1659
1490	1668
1490	1901
1493	1909
1494	1555
1494	1819
1494	1901
1495	1713
1495	1785
1495	1855
1499	1795
1500	1849
1501	1656
1501	1765
1501	1979
1502	1617
1502	1908
1503	1515
1505	1687
1507	1721
1508	1838
1509	1696
1511	1722
1511	1812
1512	1906
1515	1616
1516	1559
1516	1938
1518	1718
1518	1779
1518	1830
1519	1620
1520	1747
1520	1996
1523	1544
1526	1712
1528	1691
1529	1990
1532	1782
1533	1594
1533	1876
1534	1625
1535	1983
1537	1608
1538	1882
1539	1800
1539	1818
1540	1768
1544	1708
1544	1734
1545	1809
1546	1786
1548	1986
1549	1651
1549	1786
1549	1933
1551	1764
1551	1879
1552	1886
1553	1866
1555	1635
1555	1672
1557	1610
1562	1593
1562	1661
1562	1714
1563	1711
1564	1694
1565	1589
1567	1824
1568	1754
1569	1601
1571	1692
1571	1983
1575	1869
1578	1696
1579	1581
1579	1693
1579	1999
1580	1612
1580	1874
1581	1825
1583	1600
1583	1908
1584	1916
1585	1591
1585	1693
1586	1692
1586	1914
1589	1616
1590	1613
1590	1844
1591	1818
1592	1888
1592	1898
1593	1694
1593	1706
1595	1790
1595	1869
1596	1653
1596	1704
1596	1947
1600	1664
1601	1930
1604	1812
1604	1876
1605	1943
1609	1908
1610	1881
1613	1683
1614	1685
1614	1715
1615	1698
1616	1790
1617	1723
1617	1895
1617	1925
1620	1835
1621	1799
1622	1630
1623	1831
1624	1957
1627	1963
1629	1649
1630	1700
1631	1753
1633	1810
1634	1706
1635	1779
1637	1663
1638	1844
1640	1714
1641	1959
1645	1891
1645	1999
1646	1686
1646	1747
1648	1704
1648	1844
1650	1891
1651	1741
1651	1961
1654	1977
1655	1804
1656	1980
1657	1879
1657	1996
1659	1723
1659	1731
1660	1941
1662	1846
1664	1825
1665	1987
1665	1999
1668	1876
1668	1968
1670	1780
1671	1731
1671	1874
1671	1901
1677	1920
1681	1719
1681	1983
1684	1912
1684	1939
1685	1708
1685	1877
1685	1948
1692	1815
1698	1857
1702	1783
1704	1954
1709	1923
1710	1938
1711	1855
1711	1869
1712	1829
1714	1748
1719	1795
1720	1954
1723	1740
1727	1827
1727	1886
1734	1898
1735	1915
1737	1969
1738	1892
1740	1784
1740	1941
1741	1966
1744	1902
1745	1831
1746	1868
1747	1895
1750	1985
1751	1860
1751	1937
1752	1926
1754	1992
1755	1789
1757	1942
1758	1770
1759	1782
1759	1805
1759	1854
1759	1964
1761	1992
1762	1851
1763	1995
1768	1956
1775	1917
1781	1894
1782	1820
1782	1896
1784	1987
1784	1989
1791	1861
1793	1818
1797	1965
1798	1923
1798	1994
1799	1829
1800	1857
1802	1907
1803	1912
1805	1865
1806	1968
1808	1980
1809	1938
1810	1811
1811	1852
1814	1865
1816	1820
1816	1944
1816	1992
1819	1878
1827	1865
1828	1869
1828	1871
1835	1921
1836	1891
1839	1863
1847	1851
1851	1852
1851	1889
1851	1938
1852	1945
1856	1923
1856	1963
1861	1870
1861	1946
1861	1966
1870	1953
1871	1977
1874	1936
1874	1969
1881	1980
1892	1981
1893	1917
1895	1899
1897	1930
1905	1973
1915	1966
1919	1943
1927	1928
1928	1994
1949	1959
1975	1987
