PercentOfNodes
[0.  ,0.05,0.1 ,0.15,0.2 ,0.25,0.3 ,0.35,0.4 ,0.45,0.5 ,0.55,0.6 ,0.65,
 0.7 ,0.75,0.8 ,0.85,0.9 ]

RandomAttack
Tq
[[0.8577419 ,2.59130882,2.40251156,2.07131018,1.81366121,1.65221142,
  1.54420031,1.46610753,1.40641715,1.35905081,1.32048112],
 [0.66315306,2.51251085,2.38635046,2.06281773,1.80759588,1.64756336,
  1.54068481,1.46356255,1.40466814,1.3579289 ,1.31984692],
 [0.55003029,2.42081767,2.35573238,2.01519459,1.74881109,1.58489825,
  1.4766062 ,1.3990526 ,1.34021308,1.29379132,1.25615567],
 [0.482652  ,2.34855153,2.33320012,1.99756479,1.73501969,1.57392425,
  1.46740284,1.39093821,1.33274404,1.28667803,1.24921698],
 [0.40496416,2.23244399,2.29226512,1.95007521,1.68202044,1.518407  ,
  1.41052422,1.33332482,1.2747594 ,1.22851904,1.19097744],
 [0.34366461,2.10363306,2.25369963,1.97517877,1.74935484,1.6051829 ,
  1.50806334,1.43762136,1.38364477,1.34069282,1.30560799],
 [0.30330147,1.99690133,2.19863623,1.8808227 ,1.62690814,1.46923889,
  1.36451778,1.28933208,1.23222863,1.18716683,1.1506464 ],
 [0.26218853,1.88107814,2.17412321,1.90191984,1.67190565,1.52627019,
  1.42946   ,1.35998601,1.30713879,1.26527154,1.23115894],
 [0.21255838,1.72038301,2.12786089,1.83875587,1.59952346,1.45151923,
  1.35402738,1.28430347,1.23128407,1.18925111,1.15497694],
 [0.19745779,1.64251914,2.07772423,1.76450488,1.50585948,1.35124476,
  1.25097576,1.17989314,1.12618877,1.08382512,1.04940767],
 [0.17806467,1.53083005,2.04423307,1.75374648,1.50090794,1.34852848,
  1.25026873,1.18105427,1.12894995,1.08785497,1.05439147],
 [0.15116093,1.36532191,1.96913558,1.74880189,1.54809138,1.41851066,
  1.3320157 ,1.27002543,1.22294349,1.18564247,1.15519366],
 [0.13596706,1.25025833,1.90270638,1.67820936,1.46466752,1.33054509,
  1.2431152 ,1.18153027,1.13534142,1.09904717,1.06954628],
 [0.11817521,1.12906305,1.82934284,1.60391987,1.39123744,1.26015153,
  1.17509816,1.11521919,1.07026641,1.03488298,1.00606782],
 [0.10138249,0.96481484,1.71177158,1.56403747,1.38895275,1.27212318,
  1.19507143,1.14068356,1.09986802,1.06777793,1.04167352],
 [0.08421855,0.79213017,1.58685155,1.46932029,1.31585466,1.21101218,
  1.14142403,1.09267951,1.05653595,1.0284534 ,1.00581327],
 [0.06557673,0.58472027,1.35570974,1.23421674,1.0776249 ,0.97694554,
  0.9110992 ,0.86524293,0.83142191,0.80529675,0.78436429],
 [0.05102599,0.38451145,1.0440979 ,1.03516803,0.95711386,0.89727274,
  0.85418605,0.82270894,0.79891162,0.78033262,0.76543226],
 [0.03452825,0.21735053,0.69648612,0.76157849,0.71921538,0.68035786,
  0.65104151,0.62890252,0.61171875,0.59801837,0.58683952],
 [0.0261976 ,0.12911354,0.41571327,0.50014229,0.48900152,0.4754426 ,
  0.46416353,0.45484699,0.44707433,0.44050457,0.43488615]]
measureGC
[1.        ,0.87784522,0.81284775,0.75290845,0.68133536,0.61456753,
 0.55412241,0.49013657,0.42159838,0.3743045 ,0.32119373,0.26631259,
 0.22331816,0.18487607,0.143652  ,0.10293374,0.06752656,0.03717754,
 0.0179565 ,0.00859889]
measureAPL
[1.        ,1.0192356 ,1.00837457,1.00498285,1.0167396 ,1.00421027,
 0.99523281,1.01237711,1.03310387,1.05568269,1.09734758,1.08830888,
 1.10123481,1.14617228,1.15768845,1.182231  ,1.04935077,1.0007499 ,
 0.72815801,0.50465802]

Degree
Tq
[[ 8.66989386e-01, 2.58788152e+00, 2.39867380e+00, 2.06565712e+00,
   1.80516955e+00, 1.64356912e+00, 1.53618543e+00, 1.45872501e+00,
   1.39951004e+00, 1.35247496e+00, 1.31413475e+00],
 [ 8.57085637e-02, 9.08429287e-01, 2.30668891e+00, 2.44234016e+00,
   2.43108691e+00, 2.39993464e+00, 2.36948067e+00, 2.34345018e+00,
   2.32183181e+00, 2.30389385e+00, 2.28889930e+00],
 [ 1.79410461e-02, 5.36505928e-02, 1.36667193e-01, 2.42705686e-01,
   3.20621784e-01, 3.67508262e-01, 3.95383780e-01, 4.12246102e-01,
   4.22632202e-01, 4.29174784e-01, 4.33415811e-01],
 [ 1.24676122e-03, 2.73994160e-03, 5.56750171e-03, 1.00169946e-02,
   1.55916130e-02, 2.12640683e-02, 2.63016292e-02, 3.04969275e-02,
   3.39090461e-02, 3.66706976e-02, 3.89303782e-02],
 [ 1.82558556e-17, 1.94336527e-17, 4.47562911e-17, 4.47562911e-17,
  -2.09386157e-18, 9.89349592e-17,-6.33183739e-17,-4.18772314e-18,
   1.56911422e-16, 1.46046845e-16, 2.97793646e-17],
 [ 0.00000000e+00, 0.00000000e+00, 0.00000000e+00, 0.00000000e+00,
   0.00000000e+00, 0.00000000e+00, 0.00000000e+00, 0.00000000e+00,
   0.00000000e+00, 0.00000000e+00, 0.00000000e+00],
 [ 0.00000000e+00, 0.00000000e+00, 0.00000000e+00, 0.00000000e+00,
   0.00000000e+00, 0.00000000e+00, 0.00000000e+00, 0.00000000e+00,
   0.00000000e+00, 0.00000000e+00, 0.00000000e+00],
 [ 0.00000000e+00, 0.00000000e+00, 0.00000000e+00, 0.00000000e+00,
   0.00000000e+00, 0.00000000e+00, 0.00000000e+00, 0.00000000e+00,
   0.00000000e+00, 0.00000000e+00, 0.00000000e+00],
 [ 0.00000000e+00, 0.00000000e+00, 0.00000000e+00, 0.00000000e+00,
   0.00000000e+00, 0.00000000e+00, 0.00000000e+00, 0.00000000e+00,
   0.00000000e+00, 0.00000000e+00, 0.00000000e+00],
 [ 0.00000000e+00, 0.00000000e+00, 0.00000000e+00, 0.00000000e+00,
   0.00000000e+00, 0.00000000e+00, 0.00000000e+00, 0.00000000e+00,
   0.00000000e+00, 0.00000000e+00, 0.00000000e+00],
 [ 0.00000000e+00, 0.00000000e+00, 0.00000000e+00, 0.00000000e+00,
   0.00000000e+00, 0.00000000e+00, 0.00000000e+00, 0.00000000e+00,
   0.00000000e+00, 0.00000000e+00, 0.00000000e+00],
 [ 0.00000000e+00, 0.00000000e+00, 0.00000000e+00, 0.00000000e+00,
   0.00000000e+00, 0.00000000e+00, 0.00000000e+00, 0.00000000e+00,
   0.00000000e+00, 0.00000000e+00, 0.00000000e+00],
 [ 0.00000000e+00, 0.00000000e+00, 0.00000000e+00, 0.00000000e+00,
   0.00000000e+00, 0.00000000e+00, 0.00000000e+00, 0.00000000e+00,
   0.00000000e+00, 0.00000000e+00, 0.00000000e+00],
 [ 0.00000000e+00, 0.00000000e+00, 0.00000000e+00, 0.00000000e+00,
   0.00000000e+00, 0.00000000e+00, 0.00000000e+00, 0.00000000e+00,
   0.00000000e+00, 0.00000000e+00, 0.00000000e+00],
 [ 0.00000000e+00, 0.00000000e+00, 0.00000000e+00, 0.00000000e+00,
   0.00000000e+00, 0.00000000e+00, 0.00000000e+00, 0.00000000e+00,
   0.00000000e+00, 0.00000000e+00, 0.00000000e+00],
 [ 0.00000000e+00, 0.00000000e+00, 0.00000000e+00, 0.00000000e+00,
   0.00000000e+00, 0.00000000e+00, 0.00000000e+00, 0.00000000e+00,
   0.00000000e+00, 0.00000000e+00, 0.00000000e+00],
 [ 0.00000000e+00, 0.00000000e+00, 0.00000000e+00, 0.00000000e+00,
   0.00000000e+00, 0.00000000e+00, 0.00000000e+00, 0.00000000e+00,
   0.00000000e+00, 0.00000000e+00, 0.00000000e+00],
 [ 0.00000000e+00, 0.00000000e+00, 0.00000000e+00, 0.00000000e+00,
   0.00000000e+00, 0.00000000e+00, 0.00000000e+00, 0.00000000e+00,
   0.00000000e+00, 0.00000000e+00, 0.00000000e+00],
 [ 0.00000000e+00, 0.00000000e+00, 0.00000000e+00, 0.00000000e+00,
   0.00000000e+00, 0.00000000e+00, 0.00000000e+00, 0.00000000e+00,
   0.00000000e+00, 0.00000000e+00, 0.00000000e+00],
 [ 0.00000000e+00, 0.00000000e+00, 0.00000000e+00, 0.00000000e+00,
   0.00000000e+00, 0.00000000e+00, 0.00000000e+00, 0.00000000e+00,
   0.00000000e+00, 0.00000000e+00, 0.00000000e+00]]
measureGC
[1.        ,1.0192356 ,1.00837457,1.00498285,1.0167396 ,1.00421027,
 0.99523281,1.01237711,1.03310387,1.05568269,1.09734758,1.08830888,
 1.10123481,1.14617228,1.15768845,1.182231  ,1.04935077,1.0007499 ,
 0.72815801,0.50465802]
measureAPL
[1.00000000e+00,3.40414770e-01,3.79362671e-03,1.01163379e-03,
 5.05816894e-04,2.52908447e-04,2.52908447e-04,2.52908447e-04,
 2.52908447e-04,2.52908447e-04,2.52908447e-04,2.52908447e-04,
 2.52908447e-04,2.52908447e-04,2.52908447e-04,2.52908447e-04,
 2.52908447e-04,2.52908447e-04,2.52908447e-04,2.52908447e-04]

Centrality
Tq
[[ 8.18937140e-01, 2.45008450e+00, 2.26595899e+00, 1.95101523e+00,
   1.70024357e+00, 1.54433318e+00, 1.44068330e+00, 1.36599362e+00,
   1.30901663e+00, 1.26386971e+00, 1.22715275e+00],
 [ 1.52657729e-01, 1.70131961e+00, 2.68434970e+00, 2.58644127e+00,
   2.44205342e+00, 2.31831516e+00, 2.22274182e+00, 2.14930345e+00,
   2.09189047e+00, 2.04607768e+00, 2.00880977e+00],
 [ 7.92765792e-02, 7.15522613e-01, 1.89386202e+00, 2.01766909e+00,
   1.97580242e+00, 1.91324712e+00, 1.86036354e+00, 1.81976844e+00,
   1.78880721e+00, 1.76486107e+00, 1.74601410e+00],
 [ 5.02344373e-02, 2.58339846e-01, 8.21385615e-01, 1.07789048e+00,
   1.13111222e+00, 1.12428870e+00, 1.10281075e+00, 1.08062321e+00,
   1.06090437e+00, 1.04395965e+00, 1.02947061e+00],
 [ 3.40497057e-02, 1.26891830e-01, 3.76840728e-01, 5.96959968e-01,
   6.89564064e-01, 7.20001469e-01, 7.26454482e-01, 7.24343614e-01,
   7.19412946e-01, 7.13785514e-01, 7.08260777e-01],
 [ 1.58447608e-02, 4.26026841e-02, 9.42418025e-02, 1.47651096e-01,
   1.76637094e-01, 1.85819652e-01, 1.85854333e-01, 1.82570871e-01,
   1.78342186e-01, 1.74006134e-01, 1.69827566e-01],
 [ 3.06653450e-03, 7.37448833e-03, 1.63321640e-02, 3.09069676e-02,
   4.80070338e-02, 6.31018448e-02, 7.45791604e-02, 8.30161873e-02,
   8.93249963e-02, 9.41812270e-02, 9.80332774e-02],
 [ 1.16609553e-17, 2.81806420e-17, 2.91523883e-17, 5.83047766e-17,
   1.38203915e-17, 6.60787468e-17, 4.47780684e-17, 2.07305872e-17,
  -1.52306355e-16, 1.39931464e-16, 1.84271886e-17],
 [ 2.91523883e-18, 3.88698510e-18, 7.28809707e-18, 2.04066718e-17,
  -3.08148791e-34, 4.47003287e-17, 3.98027275e-17,-6.56468595e-17,
  -1.31998841e-16, 7.77397021e-17, 7.37087546e-17],
 [ 0.00000000e+00, 0.00000000e+00, 0.00000000e+00, 0.00000000e+00,
   0.00000000e+00, 0.00000000e+00, 0.00000000e+00, 0.00000000e+00,
   0.00000000e+00, 0.00000000e+00, 0.00000000e+00],
 [ 0.00000000e+00, 0.00000000e+00, 0.00000000e+00, 0.00000000e+00,
   0.00000000e+00, 0.00000000e+00, 0.00000000e+00, 0.00000000e+00,
   0.00000000e+00, 0.00000000e+00, 0.00000000e+00],
 [ 0.00000000e+00, 0.00000000e+00, 0.00000000e+00, 0.00000000e+00,
   0.00000000e+00, 0.00000000e+00, 0.00000000e+00, 0.00000000e+00,
   0.00000000e+00, 0.00000000e+00, 0.00000000e+00],
 [ 0.00000000e+00, 0.00000000e+00, 0.00000000e+00, 0.00000000e+00,
   0.00000000e+00, 0.00000000e+00, 0.00000000e+00, 0.00000000e+00,
   0.00000000e+00, 0.00000000e+00, 0.00000000e+00],
 [ 0.00000000e+00, 0.00000000e+00, 0.00000000e+00, 0.00000000e+00,
   0.00000000e+00, 0.00000000e+00, 0.00000000e+00, 0.00000000e+00,
   0.00000000e+00, 0.00000000e+00, 0.00000000e+00],
 [ 0.00000000e+00, 0.00000000e+00, 0.00000000e+00, 0.00000000e+00,
   0.00000000e+00, 0.00000000e+00, 0.00000000e+00, 0.00000000e+00,
   0.00000000e+00, 0.00000000e+00, 0.00000000e+00],
 [ 0.00000000e+00, 0.00000000e+00, 0.00000000e+00, 0.00000000e+00,
   0.00000000e+00, 0.00000000e+00, 0.00000000e+00, 0.00000000e+00,
   0.00000000e+00, 0.00000000e+00, 0.00000000e+00],
 [ 0.00000000e+00, 0.00000000e+00, 0.00000000e+00, 0.00000000e+00,
   0.00000000e+00, 0.00000000e+00, 0.00000000e+00, 0.00000000e+00,
   0.00000000e+00, 0.00000000e+00, 0.00000000e+00],
 [ 0.00000000e+00, 0.00000000e+00, 0.00000000e+00, 0.00000000e+00,
   0.00000000e+00, 0.00000000e+00, 0.00000000e+00, 0.00000000e+00,
   0.00000000e+00, 0.00000000e+00, 0.00000000e+00],
 [ 0.00000000e+00, 0.00000000e+00, 0.00000000e+00, 0.00000000e+00,
   0.00000000e+00, 0.00000000e+00, 0.00000000e+00, 0.00000000e+00,
   0.00000000e+00, 0.00000000e+00, 0.00000000e+00],
 [ 0.00000000e+00, 0.00000000e+00, 0.00000000e+00, 0.00000000e+00,
   0.00000000e+00, 0.00000000e+00, 0.00000000e+00, 0.00000000e+00,
   0.00000000e+00, 0.00000000e+00, 0.00000000e+00]]
measureGC
[1.        ,2.6173473 ,0.53871191,0.10706351,0.18603455,0.18603455,
 0.18603455,0.18603455,0.18603455,0.18603455,0.18603455,0.18603455,
 0.18603455,0.18603455,0.18603455,0.18603455,0.18603455,0.18603455,
 0.18603455,0.18603455]
measureAPL
[1.00000000e+00,5.58927668e-01,2.89327264e-01,3.56600910e-02,
 1.31512393e-02,2.27617602e-03,1.26454224e-03,5.05816894e-04,
 5.05816894e-04,2.52908447e-04,2.52908447e-04,2.52908447e-04,
 2.52908447e-04,2.52908447e-04,2.52908447e-04,2.52908447e-04,
 2.52908447e-04,2.52908447e-04,2.52908447e-04,2.52908447e-04]