PercentOfNodes
[0.  ,0.05,0.1 ,0.15,0.2 ,0.25,0.3 ,0.35,0.4 ,0.45,0.5 ,0.55,0.6 ,0.65,
 0.7 ,0.75,0.8 ,0.85,0.9 ]

RandomAttack
Tq
[[1.3150695 ,1.24779081,1.17148438,1.09642887,1.03263057,0.98214177,
  0.94284846,0.91203508,0.88746767,0.86751662,0.85103361],
 [1.33743924,1.26178389,1.16392572,1.05864042,0.96913838,0.90247653,
  0.85399947,0.81794635,0.79027897,0.76843088,0.75075971],
 [1.32377521,1.2457314 ,1.14367841,1.03184897,0.9347545 ,0.86109154,
  0.80686699,0.76634744,0.73526938,0.71081283,0.69112885],
 [1.32518665,1.25677407,1.17351219,1.08473465,1.00844277,0.9505658 ,
  0.90745583,0.87461291,0.84886823,0.82818123,0.81122203],
 [1.2427281 ,1.17882605,1.10143023,1.01919119,0.94501595,0.88517621,
  0.8388947 ,0.80314794,0.77513376,0.75276728,0.73458081],
 [1.26384578,1.20379668,1.1250443 ,1.03646605,0.95733798,0.89627012,
  0.85088542,0.81667318,0.79018024,0.76913008,0.75203691],
 [1.2419062 ,1.17243486,1.08816604,0.9983963 ,0.91894719,0.85694994,
  0.81052229,0.77551517,0.74850988,0.72715866,0.70990061],
 [1.34293575,1.26999396,1.18159228,1.08895603,1.01099992,0.95320624,
  0.91111313,0.8797348 ,0.85563755,0.83662475,0.82127508],
 [1.33178485,1.27026035,1.19756021,1.12039048,1.05383238,1.00323786,
  0.96570062,0.93734923,0.91536003,0.89787143,0.88365644],
 [1.3472961 ,1.27750762,1.186136  ,1.08745084,1.00398477,0.94146552,
  0.89539232,0.86069944,0.83384617,0.8125337 ,0.79525373],
 [1.33279812,1.26741373,1.18703152,1.10388041,1.03483218,0.98369741,
  0.94641994,0.91867527,0.89745464,0.88080595,0.86745243],
 [1.25597429,1.18448055,1.09733129,1.00723145,0.93242783,0.87767918,
  0.83861223,0.81015583,0.78875957,0.77217646,0.75898654],
 [0.95037544,1.03078951,0.99625925,0.91201474,0.83185064,0.77129429,
  0.72766738,0.69574767,0.6716919 ,0.653032  ,0.63819186],
 [0.7187444 ,0.91547067,0.9520478 ,0.90763819,0.85241738,0.8065494 ,
  0.77141696,0.74464704,0.72394367,0.70762256,0.69451031],
 [0.8706085 ,0.99607738,0.99781616,0.93892386,0.87964528,0.8351124 ,
  0.80294677,0.7791111 ,0.76082152,0.74634746,0.73460007],
 [0.8230404 ,0.89661204,0.88789413,0.83726539,0.78665468,0.7464533 ,
  0.71572345,0.69198737,0.67327355,0.65821558,0.64587822],
 [0.84593958,0.93210486,0.93591107,0.89575059,0.85151052,0.81561517,
  0.78818799,0.76711001,0.75055435,0.73725066,0.72634459],
 [0.83631143,0.91324534,0.89240572,0.83267335,0.77743914,0.73440826,
  0.7020712 ,0.67756256,0.65856813,0.64349183,0.63126655],
 [0.78097868,0.8756699 ,0.87028443,0.8231849 ,0.77738325,0.74072266,
  0.71233023,0.6901737 ,0.67258412,0.65836877,0.64669215],
 [0.68360777,0.83003646,0.83849378,0.79528486,0.74991734,0.71217511,
  0.68247075,0.65925184,0.64091247,0.62619704,0.61419396]]
measureGC
[1.        ,0.97058824,0.94117647,0.91176471,0.88235294,0.85294118,
 0.82352941,0.79411765,0.76470588,0.73529412,0.70588235,0.67647059,
 0.58823529,0.55882353,0.52941176,0.5       ,0.47058824,0.47058824,
 0.44117647,0.41176471]
measureAPL
[1.        ,1.11157796,1.05094538,1.09838082,1.14966676,1.1355042 ,
 1.11168723,1.07376284,1.16771709,1.13692536,1.27731092,1.25346021,
 1.15765056,1.25382461,1.15107376,1.10933123,1.09121148,1.18815988,
 1.08143257,1.12515006]

Degree
Tq
[[ 1.31697082e+00, 1.24909190e+00, 1.16363186e+00, 1.06920764e+00,
   9.83251595e-01, 9.14753438e-01, 8.62640635e-01, 8.22962147e-01,
   7.92219420e-01, 7.67894719e-01, 7.48257575e-01],
 [ 1.46530290e+00, 1.37143200e+00, 1.25784586e+00, 1.14211067e+00,
   1.04685150e+00, 9.75972149e-01, 9.23852210e-01, 8.84779376e-01,
   8.54719617e-01, 8.31012617e-01, 8.11901812e-01],
 [ 8.39683483e-01, 1.10786868e+00, 1.16497606e+00, 1.12845756e+00,
   1.07719767e+00, 1.03143258e+00, 9.94544490e-01, 9.65456055e-01,
   9.42388758e-01, 9.23827266e-01, 9.08644577e-01],
 [ 2.54746816e-01, 6.13955375e-01, 8.47499279e-01, 8.87577310e-01,
   8.71445036e-01, 8.46088337e-01, 8.22742699e-01, 8.03460944e-01,
   7.87941452e-01, 7.75436171e-01, 7.65255743e-01],
 [ 3.29028823e-01, 5.04422375e-01, 5.80575201e-01, 5.85108099e-01,
   5.68025590e-01, 5.47819224e-01, 5.29498596e-01, 5.14067329e-01,
   5.01362682e-01, 4.90939194e-01, 4.82346625e-01],
 [ 1.44044934e-01, 2.52851271e-01, 3.44426537e-01, 3.91496158e-01,
   4.11849595e-01, 4.22124153e-01, 4.28508162e-01, 4.32934904e-01,
   4.36113497e-01, 4.38408329e-01, 4.40061352e-01],
 [ 1.11737272e-01, 2.56639038e-01, 3.88532059e-01, 4.44314653e-01,
   4.61040195e-01, 4.66104341e-01, 4.67895738e-01, 4.68607145e-01,
   4.68844474e-01, 4.68814149e-01, 4.68614299e-01],
 [ 9.22120644e-02, 1.94466335e-01, 2.98503750e-01, 3.54767138e-01,
   3.74573447e-01, 3.79394821e-01, 3.79433325e-01, 3.78194234e-01,
   3.76735453e-01, 3.75349997e-01, 3.74102755e-01],
 [ 9.32786086e-02, 2.12362171e-01, 3.50454966e-01, 4.36547260e-01,
   4.73179100e-01, 4.86350621e-01, 4.90537714e-01, 4.91257135e-01,
   4.90541177e-01, 4.89216230e-01, 4.87661207e-01],
 [ 4.78556355e-02, 8.94059072e-02, 1.38269257e-01, 1.79011499e-01,
   2.04821484e-01, 2.18738225e-01, 2.25622020e-01, 2.28713544e-01,
   2.29795418e-01, 2.29826527e-01, 2.29332149e-01],
 [ 1.10586687e-02, 2.00265562e-02, 3.27394926e-02, 4.74615091e-02,
   6.10054744e-02, 7.12461077e-02, 7.82367034e-02, 8.29690841e-02,
   8.63190353e-02, 8.88305524e-02, 9.08074366e-02],
 [-1.51192034e-17, 0.00000000e+00, 6.87236517e-18, 2.19915685e-17,
  -1.22175381e-17, 4.39831371e-17,-1.75932548e-17,-1.46610457e-16,
  -5.74473627e-17,-3.29873528e-17,-1.04256325e-16],
 [ 1.78681494e-17, 5.77278674e-17, 6.87236517e-18,-1.23259516e-33,
  -1.22175381e-17,-7.14725978e-17,-6.33357174e-17, 2.44350762e-17,
  -5.74473627e-17, 2.74894607e-17, 7.81922437e-17],
 [ 1.37447303e-17, 4.94810292e-17, 1.09957843e-17, 1.64936764e-17,
  -1.95480609e-17,-7.14725978e-17,-8.44476232e-17, 3.90961219e-17,
  -3.59046017e-17, 4.39831371e-17, 7.81922437e-17],
 [ 0.00000000e+00, 0.00000000e+00, 0.00000000e+00, 0.00000000e+00,
   0.00000000e+00, 0.00000000e+00, 0.00000000e+00, 0.00000000e+00,
   0.00000000e+00, 0.00000000e+00, 0.00000000e+00],
 [ 0.00000000e+00, 0.00000000e+00, 0.00000000e+00, 0.00000000e+00,
   0.00000000e+00, 0.00000000e+00, 0.00000000e+00, 0.00000000e+00,
   0.00000000e+00, 0.00000000e+00, 0.00000000e+00],
 [ 0.00000000e+00, 0.00000000e+00, 0.00000000e+00, 0.00000000e+00,
   0.00000000e+00, 0.00000000e+00, 0.00000000e+00, 0.00000000e+00,
   0.00000000e+00, 0.00000000e+00, 0.00000000e+00],
 [ 0.00000000e+00, 0.00000000e+00, 0.00000000e+00, 0.00000000e+00,
   0.00000000e+00, 0.00000000e+00, 0.00000000e+00, 0.00000000e+00,
   0.00000000e+00, 0.00000000e+00, 0.00000000e+00],
 [ 0.00000000e+00, 0.00000000e+00, 0.00000000e+00, 0.00000000e+00,
   0.00000000e+00, 0.00000000e+00, 0.00000000e+00, 0.00000000e+00,
   0.00000000e+00, 0.00000000e+00, 0.00000000e+00],
 [ 0.00000000e+00, 0.00000000e+00, 0.00000000e+00, 0.00000000e+00,
   0.00000000e+00, 0.00000000e+00, 0.00000000e+00, 0.00000000e+00,
   0.00000000e+00, 0.00000000e+00, 0.00000000e+00]]
measureGC
[1.        ,1.11157796,1.05094538,1.09838082,1.14966676,1.1355042 ,
 1.11168723,1.07376284,1.16771709,1.13692536,1.27731092,1.25346021,
 1.15765056,1.25382461,1.15107376,1.10933123,1.09121148,1.18815988,
 1.08143257,1.12515006]
measureAPL
[1.        ,0.97058824,0.76470588,0.58823529,0.29411765,0.23529412,
 0.23529412,0.20588235,0.20588235,0.11764706,0.08823529,0.05882353,
 0.05882353,0.05882353,0.02941176,0.02941176,0.02941176,0.02941176,
 0.02941176,0.02941176]

Centrality
Tq
[[ 1.29622007e+00, 1.21726936e+00, 1.11571025e+00, 1.00612771e+00,
   9.11722527e-01, 8.40980417e-01, 7.89782826e-01, 7.52057980e-01,
   7.23370636e-01, 7.00883444e-01, 6.82796945e-01],
 [ 7.39695178e-01, 9.45790673e-01, 9.85568477e-01, 9.35150722e-01,
   8.68334894e-01, 8.10938202e-01, 7.66212908e-01, 7.31745398e-01,
   7.04842642e-01, 6.83456179e-01, 6.66138824e-01],
 [ 8.51819073e-01, 1.09826479e+00, 1.16202315e+00, 1.13841146e+00,
   1.09709091e+00, 1.05880989e+00, 1.02776033e+00, 1.00332082e+00,
   9.84006488e-01, 9.68517045e-01, 9.55886616e-01],
 [ 3.70622781e-01, 7.45097619e-01, 9.09386353e-01, 9.11464417e-01,
   8.78325898e-01, 8.43936446e-01, 8.15274453e-01, 7.92605311e-01,
   7.74783036e-01, 7.60639554e-01, 7.49258354e-01],
 [ 2.84833207e-01, 4.51236285e-01, 5.17513297e-01, 5.18253334e-01,
   5.02282900e-01, 4.85572325e-01, 4.71586405e-01, 4.60489346e-01,
   4.51751983e-01, 4.44823010e-01, 4.39262915e-01],
 [ 9.52077909e-02, 2.06206002e-01, 3.13029559e-01, 3.68983077e-01,
   3.93631616e-01, 4.06589792e-01, 4.15094902e-01, 4.21402464e-01,
   4.26298898e-01, 4.30153476e-01, 4.33202773e-01],
 [ 1.02594377e-01, 1.65657580e-01, 2.14139008e-01, 2.34807647e-01,
   2.37047165e-01, 2.31659858e-01, 2.24152331e-01, 2.16674299e-01,
   2.09924990e-01, 2.04048842e-01, 1.98996220e-01],
 [ 6.32069608e-02, 1.12507614e-01, 1.60186085e-01, 1.88235419e-01,
   1.98528545e-01, 1.99961824e-01, 1.98058510e-01, 1.95187181e-01,
   1.92246268e-01, 1.89547582e-01, 1.87175874e-01],
 [ 7.70519418e-02, 1.31861388e-01, 1.83251884e-01, 2.14809632e-01,
   2.28302709e-01, 2.31616395e-01, 2.30281604e-01, 2.27083368e-01,
   2.23292744e-01, 2.19477265e-01, 2.15884570e-01],
 [ 3.74125153e-02, 6.86131062e-02, 1.07220795e-01, 1.42240308e-01,
   1.66624121e-01, 1.81220287e-01, 1.89481160e-01, 1.94057122e-01,
   1.96516228e-01, 1.97754865e-01, 1.98296588e-01],
 [ 1.05117691e-02, 2.00265562e-02, 3.37910994e-02, 4.95107259e-02,
   6.37748230e-02, 7.48583903e-02, 8.30191155e-02, 8.91339901e-02,
   9.39125504e-02, 9.77905861e-02, 1.01020531e-01],
 [-2.74894607e-18, 1.64936764e-17,-5.49789214e-18, 9.34641663e-17,
  -9.77403046e-18, 7.69704899e-17,-9.85222271e-17,-4.88701523e-17,
  -2.15427610e-17, 5.49789214e-17,-9.55682979e-17],
 [ 1.92426225e-17, 7.14725978e-17, 1.09957843e-17, 1.64936764e-17,
  -1.95480609e-17,-9.34641663e-17,-9.85222271e-17, 3.90961219e-17,
  -6.46282831e-17, 4.39831371e-17, 9.55682979e-17],
 [ 1.23702573e-17, 5.77278674e-17, 1.23702573e-17, 3.29873528e-17,
  -2.19915685e-17,-8.24683820e-17,-1.05559529e-16, 4.39831371e-17,
  -4.30855220e-17, 4.94810292e-17, 7.81922437e-17],
 [ 0.00000000e+00, 0.00000000e+00, 0.00000000e+00, 0.00000000e+00,
   0.00000000e+00, 0.00000000e+00, 0.00000000e+00, 0.00000000e+00,
   0.00000000e+00, 0.00000000e+00, 0.00000000e+00],
 [ 0.00000000e+00, 0.00000000e+00, 0.00000000e+00, 0.00000000e+00,
   0.00000000e+00, 0.00000000e+00, 0.00000000e+00, 0.00000000e+00,
   0.00000000e+00, 0.00000000e+00, 0.00000000e+00],
 [ 0.00000000e+00, 0.00000000e+00, 0.00000000e+00, 0.00000000e+00,
   0.00000000e+00, 0.00000000e+00, 0.00000000e+00, 0.00000000e+00,
   0.00000000e+00, 0.00000000e+00, 0.00000000e+00],
 [ 0.00000000e+00, 0.00000000e+00, 0.00000000e+00, 0.00000000e+00,
   0.00000000e+00, 0.00000000e+00, 0.00000000e+00, 0.00000000e+00,
   0.00000000e+00, 0.00000000e+00, 0.00000000e+00],
 [ 0.00000000e+00, 0.00000000e+00, 0.00000000e+00, 0.00000000e+00,
   0.00000000e+00, 0.00000000e+00, 0.00000000e+00, 0.00000000e+00,
   0.00000000e+00, 0.00000000e+00, 0.00000000e+00],
 [ 0.00000000e+00, 0.00000000e+00, 0.00000000e+00, 0.00000000e+00,
   0.00000000e+00, 0.00000000e+00, 0.00000000e+00, 0.00000000e+00,
   0.00000000e+00, 0.00000000e+00, 0.00000000e+00]]
measureGC
[1.        ,0.92266473,1.06533795,0.99635136,0.6720104 ,0.77781629,
 0.82214038,0.97227036,1.02946274,0.40034662,0.19302426,0.20589255,
 0.14298094,0.02859619,0.28596187,0.28596187,0.28596187,0.28596187,
 0.28596187,0.28596187]
measureAPL
[1.        ,0.79411765,0.76470588,0.58823529,0.29411765,0.23529412,
 0.14705882,0.14705882,0.11764706,0.11764706,0.08823529,0.05882353,
 0.05882353,0.05882353,0.02941176,0.02941176,0.02941176,0.02941176,
 0.02941176,0.02941176]