PercentOfNodes
[0.  ,0.05,0.1 ,0.15,0.2 ,0.25,0.3 ,0.35,0.4 ,0.45,0.5 ,0.55,0.6 ,0.65,
 0.7 ,0.75,0.8 ,0.85,0.9 ]

RandomAttack
Tq
[[1.3150695 ,1.24779081,1.17148438,1.09642887,1.03263057,0.98214177,
  0.94284846,0.91203508,0.88746767,0.86751662,0.85103361],
 [1.29733611,1.21656317,1.11558304,1.01255479,0.92744371,0.86378876,
  0.81677754,0.78131789,0.75382175,0.73194675,0.71415703],
 [1.27623858,1.19170811,1.08896138,0.98274327,0.89291042,0.82510748,
  0.77515136,0.73772862,0.70892684,0.6861645 ,0.66775414],
 [1.29039703,1.2095463 ,1.11947085,1.03109027,0.95805458,0.90280084,
  0.86137909,0.82964401,0.80466481,0.78451972,0.76794066],
 [1.23351181,1.15395703,1.06468224,0.97663778,0.90066003,0.84045928,
  0.7942585 ,0.758744  ,0.73100514,0.7089065 ,0.69095831],
 [1.28427185,1.21823439,1.13450451,1.04080748,0.95682959,0.89162841,
  0.84296611,0.80629848,0.77801037,0.75564612,0.73757664],
 [0.71524326,0.95881632,0.98249728,0.91028611,0.82995719,0.76627613,
  0.71959312,0.68527656,0.65938933,0.63928479,0.62325303],
 [0.80461828,0.97173272,0.98240559,0.92576529,0.86645818,0.82048136,
  0.78632507,0.76042509,0.74020287,0.72399752,0.71072775],
 [0.60786647,0.85249854,0.93746287,0.92267827,0.88566849,0.85225925,
  0.8259385 ,0.80533229,0.78888776,0.77548893,0.76437427],
 [0.65573286,0.90330576,0.95049506,0.89657613,0.82934442,0.77387265,
  0.73197982,0.70035692,0.67595358,0.65665211,0.64104276],
 [0.65484833,0.87047054,0.9314126 ,0.90017015,0.84893559,0.8033828 ,
  0.76775071,0.74043153,0.71924787,0.7025039 ,0.68900573],
 [0.57195189,0.78572675,0.84399485,0.8164111 ,0.77351179,0.73536038,
  0.70498183,0.68123476,0.66251285,0.64752357,0.63532821],
 [0.57430746,0.7752842 ,0.8178613 ,0.77041864,0.70798899,0.65584126,
  0.61645878,0.58692689,0.56437211,0.54674893,0.53267927],
 [0.64485904,0.76947233,0.81099823,0.79002538,0.75417577,0.72109116,
  0.69415665,0.67279283,0.6557933 ,0.64210323,0.63092119],
 [0.56166325,0.72114053,0.75624056,0.72140364,0.67368225,0.63306454,
  0.60212322,0.5788534 ,0.56105362,0.54711658,0.53595808],
 [0.49686237,0.73260695,0.78904871,0.76200573,0.7246525 ,0.69270777,
  0.66725561,0.64703508,0.63079977,0.61759933,0.60673342],
 [0.53559191,0.71627535,0.78487012,0.7689547 ,0.73496347,0.70367879,
  0.67856986,0.65889185,0.64336053,0.63091524,0.62078044],
 [0.54014699,0.7421553 ,0.83272474,0.83724485,0.81891101,0.79937688,
  0.78296283,0.76977634,0.75919214,0.75060555,0.74354933],
 [0.49644949,0.70774738,0.76112995,0.73582381,0.69776547,0.66467607,
  0.63864752,0.61838579,0.60240285,0.58956399,0.57906672],
 [0.42165648,0.60128234,0.69108081,0.69220041,0.66979621,0.64641594,
  0.62640927,0.60994846,0.59645948,0.58533875,0.57608575]]
measureGC
[1.        ,0.97058824,0.94117647,0.91176471,0.88235294,0.85294118,
 0.70588235,0.67647059,0.64705882,0.61764706,0.58823529,0.55882353,
 0.52941176,0.5       ,0.47058824,0.47058824,0.44117647,0.41176471,
 0.35294118,0.32352941]
measureAPL
[1.        ,0.99016273,1.13931889,1.1291464 ,1.08718487,1.11044974,
 1.14562235,1.0952381 ,1.10143288,1.19915063,1.1978421 ,1.22075727,
 1.14727429,1.08807968,1.13205282,1.00320128,1.35294118,1.13205282,
 0.86479207,0.7194211 ]

Degree
Tq
[[ 1.31950845e+00, 1.24944197e+00, 1.16448230e+00, 1.07388776e+00,
   9.93008341e-01, 9.29275396e-01, 8.80984961e-01, 8.44143040e-01,
   8.15441417e-01, 7.92572229e-01, 7.73973099e-01],
 [ 1.46529919e+00, 1.37279472e+00, 1.26371973e+00, 1.15546417e+00,
   1.06664755e+00, 9.99978432e-01, 9.50656215e-01, 9.13588703e-01,
   8.85044253e-01, 8.62519124e-01, 8.44350752e-01],
 [ 8.48009459e-01, 1.10726905e+00, 1.15578011e+00, 1.11447801e+00,
   1.05756233e+00, 1.00628460e+00, 9.64858346e-01, 9.32274915e-01,
   9.06563502e-01, 8.85997293e-01, 8.69279937e-01],
 [ 2.57158903e-01, 6.22473338e-01, 8.57197784e-01, 8.96872151e-01,
   8.80082941e-01, 8.52673980e-01, 8.26765911e-01, 8.05094958e-01,
   7.87572571e-01, 7.73445897e-01, 7.61959912e-01],
 [ 2.77146097e-01, 5.66885227e-01, 7.64274483e-01, 8.12991158e-01,
   8.10789149e-01, 7.96369157e-01, 7.80339666e-01, 7.65628251e-01,
   7.52862870e-01, 7.41965782e-01, 7.32678107e-01],
 [ 1.30414328e-01, 2.37239759e-01, 3.34394488e-01, 3.88011997e-01,
   4.11228832e-01, 4.22256047e-01, 4.28796835e-01, 4.33242677e-01,
   4.36408158e-01, 4.38683210e-01, 4.40317589e-01],
 [ 1.12420839e-01, 2.58659357e-01, 3.86392306e-01, 4.42783262e-01,
   4.61621752e-01, 4.68421000e-01, 4.71533653e-01, 4.73281801e-01,
   4.74358182e-01, 4.75022232e-01, 4.75406493e-01],
 [ 5.36040069e-02, 1.10515883e-01, 1.72979310e-01, 2.10534109e-01,
   2.23107685e-01, 2.23928845e-01, 2.20780400e-01, 2.16631601e-01,
   2.12484024e-01, 2.08653573e-01, 2.05218814e-01],
 [ 2.93263316e-02, 6.69201938e-02, 1.15728000e-01, 1.53437223e-01,
   1.74235506e-01, 1.84188394e-01, 1.88831869e-01, 1.90989143e-01,
   1.91919853e-01, 1.92204398e-01, 1.92134536e-01],
 [ 4.31800435e-02, 8.09459567e-02, 1.27617176e-01, 1.68280985e-01,
   1.94776734e-01, 2.09567220e-01, 2.17426240e-01, 2.21555863e-01,
   2.23688834e-01, 2.24738225e-01, 2.25197328e-01],
 [ 1.26856616e-02, 2.40318674e-02, 3.95535656e-02, 5.57340503e-02,
   6.90085800e-02, 7.84490597e-02, 8.49340779e-02, 8.95582909e-02,
   9.30592910e-02, 9.58493039e-02, 9.81506852e-02],
 [-1.09957843e-17, 1.37447303e-17,-2.74894607e-18, 6.04768135e-17,
  -4.88701523e-18, 6.04768135e-17,-4.92611135e-17,-1.07514335e-16,
  -3.59046017e-17,-1.09957843e-17,-9.55682979e-17],
 [ 2.06170955e-17, 6.87236517e-17, 9.62131124e-18, 5.49789214e-18,
  -1.71045533e-17,-8.79662742e-17,-8.44476232e-17, 3.42091066e-17,
  -6.46282831e-17, 3.84852450e-17, 9.55682979e-17],
 [ 9.62131124e-18, 5.22299753e-17, 6.87236517e-18, 2.74894607e-17,
  -1.22175381e-17,-6.59747056e-17,-7.74103213e-17, 2.44350762e-17,
  -5.02664424e-17, 2.74894607e-17, 5.21281625e-17],
 [ 0.00000000e+00, 0.00000000e+00, 0.00000000e+00, 0.00000000e+00,
   0.00000000e+00, 0.00000000e+00, 0.00000000e+00, 0.00000000e+00,
   0.00000000e+00, 0.00000000e+00, 0.00000000e+00],
 [ 0.00000000e+00, 0.00000000e+00, 0.00000000e+00, 0.00000000e+00,
   0.00000000e+00, 0.00000000e+00, 0.00000000e+00, 0.00000000e+00,
   0.00000000e+00, 0.00000000e+00, 0.00000000e+00],
 [ 0.00000000e+00, 0.00000000e+00, 0.00000000e+00, 0.00000000e+00,
   0.00000000e+00, 0.00000000e+00, 0.00000000e+00, 0.00000000e+00,
   0.00000000e+00, 0.00000000e+00, 0.00000000e+00],
 [ 0.00000000e+00, 0.00000000e+00, 0.00000000e+00, 0.00000000e+00,
   0.00000000e+00, 0.00000000e+00, 0.00000000e+00, 0.00000000e+00,
   0.00000000e+00, 0.00000000e+00, 0.00000000e+00],
 [ 0.00000000e+00, 0.00000000e+00, 0.00000000e+00, 0.00000000e+00,
   0.00000000e+00, 0.00000000e+00, 0.00000000e+00, 0.00000000e+00,
   0.00000000e+00, 0.00000000e+00, 0.00000000e+00],
 [ 0.00000000e+00, 0.00000000e+00, 0.00000000e+00, 0.00000000e+00,
   0.00000000e+00, 0.00000000e+00, 0.00000000e+00, 0.00000000e+00,
   0.00000000e+00, 0.00000000e+00, 0.00000000e+00]]
measureGC
[1.        ,0.99016273,1.13931889,1.1291464 ,1.08718487,1.11044974,
 1.14562235,1.0952381 ,1.10143288,1.19915063,1.1978421 ,1.22075727,
 1.14727429,1.08807968,1.13205282,1.00320128,1.35294118,1.13205282,
 0.86479207,0.7194211 ]
measureAPL
[1.        ,0.97058824,0.76470588,0.58823529,0.47058824,0.23529412,
 0.23529412,0.14705882,0.14705882,0.11764706,0.08823529,0.05882353,
 0.05882353,0.05882353,0.02941176,0.02941176,0.02941176,0.02941176,
 0.02941176,0.02941176]

Centrality
Tq
[[ 1.29769272e+00, 1.21835616e+00, 1.11404058e+00, 9.99129879e-01,
   8.99355245e-01, 8.24535711e-01, 7.70392444e-01, 7.30525840e-01,
   7.00256538e-01, 6.76579875e-01, 6.57583082e-01],
 [ 7.32672072e-01, 9.45845435e-01, 9.84366799e-01, 9.33087711e-01,
   8.65662771e-01, 8.07960713e-01, 7.63288534e-01, 7.29080336e-01,
   7.02512479e-01, 6.81467761e-01, 6.64469777e-01],
 [ 8.23167906e-01, 1.10038506e+00, 1.16712523e+00, 1.14285123e+00,
   1.10049401e+00, 1.06150177e+00, 1.03006635e+00, 1.00541143e+00,
   9.85955693e-01, 9.70357158e-01, 9.57634014e-01],
 [ 3.71297165e-01, 7.45648690e-01, 9.09553917e-01, 9.11058076e-01,
   8.77500021e-01, 8.42842625e-01, 8.13999442e-01, 7.91198007e-01,
   7.73278333e-01, 7.59065290e-01, 7.47636899e-01],
 [ 2.83696075e-01, 4.48088926e-01, 5.14290355e-01, 5.16818877e-01,
   5.03513185e-01, 4.89490213e-01, 4.77737836e-01, 4.68356133e-01,
   4.60907998e-01, 4.54949027e-01, 4.50125649e-01],
 [ 9.71245680e-02, 2.05430962e-01, 3.12452936e-01, 3.68815290e-01,
   3.92751815e-01, 4.04391209e-01, 4.11399169e-01, 4.16244108e-01,
   4.19808236e-01, 4.22494259e-01, 4.24539258e-01],
 [ 1.01425149e-01, 1.66258748e-01, 2.12975627e-01, 2.31072794e-01,
   2.31806899e-01, 2.25755625e-01, 2.17962586e-01, 2.10331091e-01,
   2.03463230e-01, 1.97472966e-01, 1.92304954e-01],
 [ 6.24703915e-02, 1.12507614e-01, 1.61455687e-01, 1.90351532e-01,
   2.00769590e-01, 2.01977433e-01, 1.99757503e-01, 1.96586554e-01,
   1.93396168e-01, 1.90500492e-01, 1.87976296e-01],
 [ 7.58252329e-02, 1.29571876e-01, 1.78958495e-01, 2.09628764e-01,
   2.23320697e-01, 2.27128794e-01, 2.26257240e-01, 2.23439637e-01,
   2.19963907e-01, 2.16418313e-01, 2.13063435e-01],
 [ 3.82702281e-02, 6.86131062e-02, 1.05190383e-01, 1.38780826e-01,
   1.63327740e-01, 1.78775143e-01, 1.87997305e-01, 1.93529151e-01,
   1.96938975e-01, 1.99121763e-01, 2.00585499e-01],
 [ 1.20275205e-02, 2.26967637e-02, 3.80152017e-02, 5.52038756e-02,
   7.02630277e-02, 8.14297710e-02, 8.92596291e-02, 9.48871130e-02,
   9.91575298e-02, 1.02561896e-01, 1.05369371e-01],
 [-4.12341910e-18, 8.24683820e-18,-5.49789214e-18, 8.24683820e-17,
  -9.77403046e-18, 8.24683820e-17,-9.14849251e-17,-7.81922437e-17,
  -5.02664424e-17, 7.69704899e-17,-7.81922437e-17],
 [ 2.06170955e-17, 6.87236517e-17, 1.51192034e-17, 1.64936764e-17,
  -2.68785838e-17,-9.89620584e-17,-1.12596831e-16, 5.37571676e-17,
  -5.02664424e-17, 6.04768135e-17, 1.12944352e-16],
 [ 1.51192034e-17, 5.22299753e-17, 1.23702573e-17, 1.64936764e-17,
  -2.19915685e-17,-7.69704899e-17,-9.14849251e-17, 4.39831371e-17,
  -3.59046017e-17, 4.94810292e-17, 8.68802708e-17],
 [ 0.00000000e+00, 0.00000000e+00, 0.00000000e+00, 0.00000000e+00,
   0.00000000e+00, 0.00000000e+00, 0.00000000e+00, 0.00000000e+00,
   0.00000000e+00, 0.00000000e+00, 0.00000000e+00],
 [ 0.00000000e+00, 0.00000000e+00, 0.00000000e+00, 0.00000000e+00,
   0.00000000e+00, 0.00000000e+00, 0.00000000e+00, 0.00000000e+00,
   0.00000000e+00, 0.00000000e+00, 0.00000000e+00],
 [ 0.00000000e+00, 0.00000000e+00, 0.00000000e+00, 0.00000000e+00,
   0.00000000e+00, 0.00000000e+00, 0.00000000e+00, 0.00000000e+00,
   0.00000000e+00, 0.00000000e+00, 0.00000000e+00],
 [ 0.00000000e+00, 0.00000000e+00, 0.00000000e+00, 0.00000000e+00,
   0.00000000e+00, 0.00000000e+00, 0.00000000e+00, 0.00000000e+00,
   0.00000000e+00, 0.00000000e+00, 0.00000000e+00],
 [ 0.00000000e+00, 0.00000000e+00, 0.00000000e+00, 0.00000000e+00,
   0.00000000e+00, 0.00000000e+00, 0.00000000e+00, 0.00000000e+00,
   0.00000000e+00, 0.00000000e+00, 0.00000000e+00],
 [ 0.00000000e+00, 0.00000000e+00, 0.00000000e+00, 0.00000000e+00,
   0.00000000e+00, 0.00000000e+00, 0.00000000e+00, 0.00000000e+00,
   0.00000000e+00, 0.00000000e+00, 0.00000000e+00]]
measureGC
[1.        ,1.00132415,1.00308528,1.30658545,1.06961259,0.84533898,
 0.56230138,0.51927966,0.40757415,0.40254237,0.2717161 ,0.18114407,
 0.03019068,0.03019068,0.30190678,0.30190678,0.30190678,0.30190678,
 0.30190678,0.30190678]
measureAPL
[1.        ,0.79411765,0.76470588,0.58823529,0.29411765,0.23529412,
 0.14705882,0.14705882,0.11764706,0.11764706,0.08823529,0.05882353,
 0.05882353,0.05882353,0.02941176,0.02941176,0.02941176,0.02941176,
 0.02941176,0.02941176]