PercentOfNodes
[0.  ,0.05,0.1 ,0.15,0.2 ,0.25,0.3 ,0.35,0.4 ,0.45,0.5 ,0.55,0.6 ,0.65,
 0.7 ,0.75,0.8 ,0.85,0.9 ]

RandomAttack
Tq
[[1.3150695 ,1.24779081,1.17148438,1.09642887,1.03263057,0.98214177,
  0.94284846,0.91203508,0.88746767,0.86751662,0.85103361],
 [1.28585297,1.2073728 ,1.11034686,1.0117927 ,0.92975907,0.86770276,
  0.82145667,0.78636476,0.75905183,0.73727744,0.71955663],
 [1.27110976,1.19823176,1.10762493,1.01143086,0.92682462,0.86046627,
  0.81017011,0.77181961,0.74200808,0.71833134,0.69914872],
 [1.26511129,1.19707448,1.11858468,1.03979175,0.97218916,0.91932384,
  0.87895863,0.84781152,0.82327968,0.80354921,0.78738026],
 [1.26551451,1.19968831,1.12343785,1.04664867,0.97901922,0.92419132,
  0.8810674 ,0.84712193,0.82006845,0.79818194,0.78021405],
 [1.27028573,1.2132596 ,1.14120362,1.0618969 ,0.99015231,0.93296764,
  0.88915837,0.85542242,0.82895264,0.8077641 ,0.79049349],
 [1.32407583,1.25925266,1.17394214,1.07880824,0.99461042,0.93031764,
  0.88313743,0.84804904,0.82121081,0.80009611,0.78307244],
 [1.32508762,1.26661352,1.19145685,1.11217909,1.04676083,0.99844472,
  0.96279105,0.93564978,0.91432567,0.89712577,0.88295329],
 [1.41816756,1.36248346,1.28846216,1.20289379,1.1289055 ,1.0746465 ,
  1.03565469,1.00682203,0.98477367,0.96741705,0.9534205 ],
 [0.56712009,0.86618631,0.95975531,0.91113535,0.84922593,0.80313285,
  0.77001542,0.74538414,0.72639018,0.71131007,0.69905646],
 [0.59658209,0.84267666,0.94448957,0.945001  ,0.92213914,0.89935683,
  0.8801269 ,0.86425251,0.85110125,0.84010195,0.83080364],
 [0.54523681,0.81540435,0.90069564,0.870983  ,0.82308333,0.7838627 ,
  0.75437325,0.73202477,0.71468759,0.7009186 ,0.68975517],
 [0.60616977,0.8084273 ,0.8553698 ,0.80612758,0.74909981,0.70642182,
  0.6755489 ,0.65249106,0.63467979,0.62054325,0.6090792 ],
 [0.87454766,0.9296739 ,0.92074683,0.87095388,0.82005934,0.7811271 ,
  0.75225646,0.73026586,0.71303469,0.69923085,0.68797668],
 [0.69240628,0.84018418,0.88112559,0.84887211,0.8029815 ,0.76522328,
  0.73680254,0.71526711,0.6985441 ,0.68523874,0.67443061],
 [0.66378899,0.7828043 ,0.81922528,0.79556648,0.75978642,0.72909759,
  0.70529298,0.68695468,0.67261843,0.66120084,0.65194294],
 [0.60239117,0.72556636,0.77900214,0.77675207,0.75780248,0.73839082,
  0.72215727,0.7090974 ,0.6985787 ,0.6900124 ,0.68294651],
 [0.76163306,0.80347162,0.82084348,0.81476433,0.79924233,0.78353985,
  0.77015541,0.75916895,0.75018002,0.74278024,0.73663543],
 [0.59817301,0.69521687,0.73576881,0.73192151,0.71823194,0.7046288 ,
  0.69264692,0.68233557,0.67351313,0.66597038,0.65951087],
 [0.56603767,0.6725059 ,0.71718823,0.71058904,0.68856367,0.66659002,
  0.64801087,0.6328379 ,0.62046525,0.61029169,0.60183334]]
measureGC
[1.        ,0.97058824,0.94117647,0.91176471,0.88235294,0.85294118,
 0.82352941,0.79411765,0.76470588,0.52941176,0.5       ,0.47058824,
 0.47058824,0.47058824,0.44117647,0.41176471,0.38235294,0.38235294,
 0.32352941,0.32352941]
measureAPL
[1.        ,0.99640311,1.12515006,1.0276696 ,1.17482287,1.13618668,
 1.18965517,1.14033613,1.17778361,0.86681946,0.87992039,0.93710211,
 0.93417367,1.12284914,0.90874244,0.92880486,1.16709761,0.97282913,
 0.81605976,0.76505602]

Degree
Tq
[[ 1.30217177e+00, 1.23006739e+00, 1.14204248e+00, 1.05086466e+00,
   9.71808887e-01, 9.09788369e-01, 8.62516894e-01, 8.26242269e-01,
   7.97870739e-01, 7.75205564e-01, 7.56739199e-01],
 [ 1.44210627e+00, 1.33997759e+00, 1.21961302e+00, 1.10160341e+00,
   1.00662009e+00, 9.36963038e-01, 8.86250195e-01, 8.48469800e-01,
   8.19511089e-01, 7.96718517e-01, 7.78363752e-01],
 [ 8.99788683e-01, 1.11805162e+00, 1.16160191e+00, 1.12036478e+00,
   1.06401300e+00, 1.01390174e+00, 9.73983515e-01, 9.42956980e-01,
   9.18693935e-01, 8.99407473e-01, 8.83790086e-01],
 [ 2.39013924e-01, 6.15501674e-01, 8.50193516e-01, 8.79266151e-01,
   8.55030124e-01, 8.24093929e-01, 7.96904394e-01, 7.74940935e-01,
   7.57506342e-01, 7.43600880e-01, 7.32375649e-01],
 [ 2.78247724e-01, 6.01320024e-01, 7.82411653e-01, 8.15695982e-01,
   8.05789744e-01, 7.87643787e-01, 7.69800761e-01, 7.54223430e-01,
   7.41089660e-01, 7.30100887e-01, 7.20882180e-01],
 [ 1.59576279e-01, 2.83270308e-01, 3.78369688e-01, 4.20731379e-01,
   4.35795362e-01, 4.41630246e-01, 4.44420645e-01, 4.45970564e-01,
   4.46859779e-01, 4.47333298e-01, 4.47530236e-01],
 [ 1.45097861e-01, 2.65990273e-01, 3.59053983e-01, 3.96666804e-01,
   4.05650720e-01, 4.05440502e-01, 4.02918233e-01, 4.00088107e-01,
   3.97473927e-01, 3.95172280e-01, 3.93163163e-01],
 [ 1.46548564e-01, 2.59911869e-01, 3.60267854e-01, 4.12681532e-01,
   4.33462778e-01, 4.40984665e-01, 4.43428248e-01, 4.43806855e-01,
   4.43263585e-01, 4.42288371e-01, 4.41121786e-01],
 [ 8.41024471e-02, 1.96117386e-01, 3.33823943e-01, 4.27008431e-01,
   4.71819513e-01, 4.92137419e-01, 5.02211514e-01, 5.07701398e-01,
   5.10845486e-01, 5.12657516e-01, 5.13669300e-01],
 [ 4.06552038e-02, 7.83401402e-02, 1.23605546e-01, 1.60497034e-01,
   1.82484572e-01, 1.93003418e-01, 1.97061351e-01, 1.97884283e-01,
   1.97161355e-01, 1.95748447e-01, 1.94084407e-01],
 [ 1.00650990e-02, 1.86914524e-02, 3.01224243e-02, 4.18044820e-02,
   5.13741924e-02, 5.81915923e-02, 6.28184601e-02, 6.60221134e-02,
   6.83538008e-02, 7.01392544e-02, 7.15622105e-02],
 [-6.87236517e-18, 1.09957843e-17, 6.87236517e-18, 5.49789214e-17,
  -1.22175381e-17, 4.39831371e-17,-4.57424626e-17,-6.84182132e-17,
   0.00000000e+00,-1.09957843e-17,-1.04256325e-16],
 [ 1.64936764e-17, 7.14725978e-17, 1.92426225e-17, 1.09957843e-17,
  -2.44350762e-17,-6.59747056e-17,-1.12596831e-16, 4.88701523e-17,
  -5.02664424e-17, 6.59747056e-17, 9.55682979e-17],
 [ 1.23702573e-17, 4.67320832e-17, 9.62131124e-18, 1.64936764e-17,
  -1.71045533e-17,-6.59747056e-17,-7.74103213e-17, 3.42091066e-17,
  -3.59046017e-17, 3.84852450e-17, 6.95042166e-17],
 [ 0.00000000e+00, 0.00000000e+00, 0.00000000e+00, 0.00000000e+00,
   0.00000000e+00, 0.00000000e+00, 0.00000000e+00, 0.00000000e+00,
   0.00000000e+00, 0.00000000e+00, 0.00000000e+00],
 [ 0.00000000e+00, 0.00000000e+00, 0.00000000e+00, 0.00000000e+00,
   0.00000000e+00, 0.00000000e+00, 0.00000000e+00, 0.00000000e+00,
   0.00000000e+00, 0.00000000e+00, 0.00000000e+00],
 [ 0.00000000e+00, 0.00000000e+00, 0.00000000e+00, 0.00000000e+00,
   0.00000000e+00, 0.00000000e+00, 0.00000000e+00, 0.00000000e+00,
   0.00000000e+00, 0.00000000e+00, 0.00000000e+00],
 [ 0.00000000e+00, 0.00000000e+00, 0.00000000e+00, 0.00000000e+00,
   0.00000000e+00, 0.00000000e+00, 0.00000000e+00, 0.00000000e+00,
   0.00000000e+00, 0.00000000e+00, 0.00000000e+00],
 [ 0.00000000e+00, 0.00000000e+00, 0.00000000e+00, 0.00000000e+00,
   0.00000000e+00, 0.00000000e+00, 0.00000000e+00, 0.00000000e+00,
   0.00000000e+00, 0.00000000e+00, 0.00000000e+00],
 [ 0.00000000e+00, 0.00000000e+00, 0.00000000e+00, 0.00000000e+00,
   0.00000000e+00, 0.00000000e+00, 0.00000000e+00, 0.00000000e+00,
   0.00000000e+00, 0.00000000e+00, 0.00000000e+00]]
measureGC
[1.        ,0.99640311,1.12515006,1.0276696 ,1.17482287,1.13618668,
 1.18965517,1.14033613,1.17778361,0.86681946,0.87992039,0.93710211,
 0.93417367,1.12284914,0.90874244,0.92880486,1.16709761,0.97282913,
 0.81605976,0.76505602]
measureAPL
[1.        ,0.97058824,0.76470588,0.58823529,0.47058824,0.23529412,
 0.20588235,0.20588235,0.20588235,0.11764706,0.08823529,0.05882353,
 0.05882353,0.05882353,0.02941176,0.02941176,0.02941176,0.02941176,
 0.02941176,0.02941176]

Centrality
Tq
[[ 1.29946812e+00, 1.22649436e+00, 1.13237626e+00, 1.02782466e+00,
   9.34890288e-01, 8.63595748e-01, 8.11136003e-01, 7.72077018e-01,
   7.42204513e-01, 7.18726268e-01, 6.99827953e-01],
 [ 7.32498575e-01, 9.20563443e-01, 9.47693743e-01, 8.82807536e-01,
   8.02964030e-01, 7.36942918e-01, 6.86964410e-01, 6.49281489e-01,
   6.20356453e-01, 5.97657003e-01, 5.79459481e-01],
 [ 8.73176369e-01, 1.08374773e+00, 1.11999845e+00, 1.07428105e+00,
   1.01439106e+00, 9.62446338e-01, 9.21863488e-01, 8.90743687e-01,
   8.66644292e-01, 8.47638062e-01, 8.32355160e-01],
 [ 3.76949516e-01, 7.64186521e-01, 9.39074217e-01, 9.39394740e-01,
   9.04111715e-01, 8.68773941e-01, 8.39668922e-01, 8.16635873e-01,
   7.98408861e-01, 7.83816798e-01, 7.71968303e-01],
 [ 2.91840813e-01, 4.71031240e-01, 5.44006872e-01, 5.46332190e-01,
   5.30725573e-01, 5.13663677e-01, 4.98895912e-01, 4.86836796e-01,
   4.77097961e-01, 4.69188614e-01, 4.62690316e-01],
 [ 9.61767014e-02, 2.03734716e-01, 3.00903032e-01, 3.50378837e-01,
   3.71120142e-01, 3.80813625e-01, 3.86470304e-01, 3.90387685e-01,
   3.93335682e-01, 3.95618497e-01, 3.97397792e-01],
 [ 9.77050143e-02, 1.62455340e-01, 2.09803500e-01, 2.27422246e-01,
   2.27329888e-01, 2.20683090e-01, 2.12596426e-01, 2.04901301e-01,
   1.98119155e-01, 1.92302921e-01, 1.87356136e-01],
 [ 6.35757002e-02, 1.11342835e-01, 1.58186730e-01, 1.86808331e-01,
   1.97991901e-01, 2.00112106e-01, 1.98630259e-01, 1.95978786e-01,
   1.93129573e-01, 1.90448391e-01, 1.88054200e-01],
 [ 8.45739133e-02, 1.40426987e-01, 1.88882853e-01, 2.17297084e-01,
   2.29685904e-01, 2.33344768e-01, 2.32885707e-01, 2.30616828e-01,
   2.27643733e-01, 2.24503968e-01, 2.21459860e-01],
 [ 3.83787536e-02, 7.05455432e-02, 1.08606033e-01, 1.41115465e-01,
   1.62746004e-01, 1.75237626e-01, 1.81984382e-01, 1.85455153e-01,
   1.87097165e-01, 1.87727338e-01, 1.87812095e-01],
 [ 9.29010856e-03, 1.73563487e-02, 2.87843977e-02, 4.18367660e-02,
   5.39113001e-02, 6.35781988e-02, 7.09462077e-02, 7.66576604e-02,
   8.12503769e-02, 8.50582034e-02, 8.82773564e-02],
 [-8.24683820e-18, 0.00000000e+00,-1.09957843e-17, 3.29873528e-17,
  -9.77403046e-18, 3.29873528e-17,-9.14849251e-17,-7.81922437e-17,
  -3.59046017e-17,-2.19915685e-17,-1.12944352e-16],
 [ 1.51192034e-17, 7.42215438e-17, 6.87236517e-18, 2.74894607e-17,
  -1.22175381e-17,-8.79662742e-17,-9.14849251e-17, 2.44350762e-17,
  -7.89901237e-17, 2.74894607e-17, 6.95042166e-17],
 [ 1.09957843e-17, 6.04768135e-17, 1.64936764e-17, 1.64936764e-17,
  -1.95480609e-17,-4.94810292e-17,-9.85222271e-17, 3.90961219e-17,
  -4.30855220e-17, 5.49789214e-17, 6.95042166e-17],
 [ 0.00000000e+00, 0.00000000e+00, 0.00000000e+00, 0.00000000e+00,
   0.00000000e+00, 0.00000000e+00, 0.00000000e+00, 0.00000000e+00,
   0.00000000e+00, 0.00000000e+00, 0.00000000e+00],
 [ 0.00000000e+00, 0.00000000e+00, 0.00000000e+00, 0.00000000e+00,
   0.00000000e+00, 0.00000000e+00, 0.00000000e+00, 0.00000000e+00,
   0.00000000e+00, 0.00000000e+00, 0.00000000e+00],
 [ 0.00000000e+00, 0.00000000e+00, 0.00000000e+00, 0.00000000e+00,
   0.00000000e+00, 0.00000000e+00, 0.00000000e+00, 0.00000000e+00,
   0.00000000e+00, 0.00000000e+00, 0.00000000e+00],
 [ 0.00000000e+00, 0.00000000e+00, 0.00000000e+00, 0.00000000e+00,
   0.00000000e+00, 0.00000000e+00, 0.00000000e+00, 0.00000000e+00,
   0.00000000e+00, 0.00000000e+00, 0.00000000e+00],
 [ 0.00000000e+00, 0.00000000e+00, 0.00000000e+00, 0.00000000e+00,
   0.00000000e+00, 0.00000000e+00, 0.00000000e+00, 0.00000000e+00,
   0.00000000e+00, 0.00000000e+00, 0.00000000e+00],
 [ 0.00000000e+00, 0.00000000e+00, 0.00000000e+00, 0.00000000e+00,
   0.00000000e+00, 0.00000000e+00, 0.00000000e+00, 0.00000000e+00,
   0.00000000e+00, 0.00000000e+00, 0.00000000e+00]]
measureGC
[1.        ,1.10035848,1.05763303,1.08986731,1.20374519,0.55669481,
 0.81544029,0.90056867,1.19179735,0.50180941,0.28226779,0.21170084,
 0.15681544,0.03136309,0.31363088,0.31363088,0.31363088,0.31363088,
 0.31363088,0.31363088]
measureAPL
[1.        ,0.79411765,0.76470588,0.58823529,0.29411765,0.23529412,
 0.14705882,0.14705882,0.11764706,0.11764706,0.08823529,0.05882353,
 0.05882353,0.05882353,0.02941176,0.02941176,0.02941176,0.02941176,
 0.02941176,0.02941176]