PercentOfNodes
[0.  ,0.05,0.1 ,0.15,0.2 ,0.25,0.3 ,0.35,0.4 ,0.45,0.5 ,0.55,0.6 ,0.65,
 0.7 ,0.75,0.8 ,0.85,0.9 ]

RandomAttack
Tq
[[1.3150695 ,1.24779081,1.17148438,1.09642887,1.03263057,0.98214177,
  0.94284846,0.91203508,0.88746767,0.86751662,0.85103361],
 [1.2853887 ,1.2073728 ,1.10994665,1.00770238,0.91959293,0.85203115,
  0.80187939,0.7641809 ,0.73509752,0.71206799,0.69341672],
 [1.24894968,1.17489174,1.08314004,0.9842211 ,0.89631469,0.82763419,
  0.77620587,0.73751532,0.70777638,0.68435283,0.6654831 ],
 [1.24426214,1.17285832,1.09111733,1.00607395,0.92941866,0.86814889,
  0.82148074,0.78593897,0.75837952,0.7365391 ,0.71886996],
 [1.20982741,1.13326968,1.05122445,0.97164267,0.90230798,0.84650473,
  0.80308196,0.76932814,0.74273167,0.72139767,0.70397831],
 [1.29663494,1.22070953,1.13188055,1.04193474,0.96614739,0.90838833,
  0.86515421,0.83226793,0.80665504,0.786248  ,0.76965888],
 [1.02292408,1.1116708 ,1.0563335 ,0.97050053,0.89516996,0.83720361,
  0.79390014,0.76118362,0.73587889,0.7158236 ,0.69957695],
 [0.99626405,1.08356451,1.03023049,0.94904753,0.88155482,0.83087669,
  0.7929195 ,0.7638324 ,0.74097235,0.72260503,0.70757128],
 [0.89614616,1.09554548,1.07401065,1.00004875,0.93163267,0.87770404,
  0.83670687,0.80538141,0.78099243,0.76159117,0.74583988],
 [1.04911819,1.08826011,1.02564513,0.93484398,0.85559522,0.79593797,
  0.75216781,0.71941   ,0.69415106,0.67411778,0.65784484],
 [0.87948054,1.06884129,1.0682722 ,1.00573553,0.94358495,0.89317819,
  0.85422025,0.82410481,0.80046895,0.78157588,0.76620396],
 [0.95068647,1.04161314,1.00689811,0.94151459,0.88020596,0.83031747,
  0.79160549,0.76170439,0.73830205,0.71964459,0.70448932],
 [0.86947979,0.98442289,0.95842174,0.88883901,0.82361012,0.77226205,
  0.73346113,0.70390472,0.68087875,0.66250694,0.64753161],
 [0.92929551,0.93709355,0.88791519,0.82261384,0.76498123,0.71946056,
  0.68463137,0.6578619 ,0.63691403,0.62017657,0.60653599],
 [0.90479705,1.01013334,0.9817188 ,0.91386735,0.85297371,0.80607735,
  0.77073807,0.74371977,0.72260481,0.70574638,0.69202858],
 [0.90851758,0.95989511,0.91750508,0.8440864 ,0.77959042,0.73047905,
  0.6939308 ,0.66634522,0.645048  ,0.62822772,0.61466488],
 [0.80753092,0.94276899,0.94122272,0.89283119,0.84725016,0.81188875,
  0.78521292,0.76485718,0.74900865,0.73641349,0.72621132],
 [0.85899545,0.92409715,0.91428647,0.87957573,0.84607426,0.8178267 ,
  0.79470454,0.77588284,0.76051621,0.74787839,0.73738456],
 [0.97443146,0.91558071,0.84916715,0.78662334,0.73560011,0.69671666,
  0.66742141,0.64503429,0.6275564 ,0.61361407,0.6022721 ],
 [1.06855211,1.02026073,0.96231899,0.90278775,0.85116386,0.81043913,
  0.77903687,0.7546198 ,0.73530518,0.71974534,0.70699567]]
measureGC
[1.        ,0.97058824,0.94117647,0.91176471,0.88235294,0.85294118,
 0.79411765,0.76470588,0.73529412,0.70588235,0.67647059,0.64705882,
 0.61764706,0.58823529,0.55882353,0.52941176,0.5       ,0.47058824,
 0.47058824,0.44117647]
measureAPL
[1.        ,0.94888507,1.07089947,1.11104064,1.13656783,1.13084181,
 1.07027311,1.06586752,1.07439446,1.02961926,0.99054622,1.06044818,
 1.10812325,1.08235294,1.08296652,1.17525075,1.08676102,1.06762705,
 1.11671335,1.15673542]

Degree
Tq
[[ 1.31541652e+00, 1.24560293e+00, 1.15863946e+00, 1.06381451e+00,
   9.78359270e-01, 9.10970866e-01, 8.60191575e-01, 8.21787952e-01,
   7.92144925e-01, 7.68725317e-01, 7.49818393e-01],
 [ 1.46382908e+00, 1.36568454e+00, 1.24692467e+00, 1.12478709e+00,
   1.02150767e+00, 9.43456177e-01, 8.86008210e-01, 8.43132424e-01,
   8.10310741e-01, 7.84534360e-01, 7.63827152e-01],
 [ 8.84470765e-01, 1.12630152e+00, 1.17000007e+00, 1.13445336e+00,
   1.08709291e+00, 1.04459450e+00, 1.00991822e+00, 9.82289784e-01,
   9.60223450e-01, 9.42388513e-01, 9.27763895e-01],
 [ 2.39226695e-01, 6.05594476e-01, 8.54166067e-01, 9.00601396e-01,
   8.87682645e-01, 8.64014710e-01, 8.41604390e-01, 8.22924232e-01,
   8.07852208e-01, 7.95708688e-01, 7.85831191e-01],
 [ 3.04159556e-01, 4.97362799e-01, 5.78678840e-01, 5.83621816e-01,
   5.66891325e-01, 5.47158584e-01, 5.29408871e-01, 5.14578135e-01,
   5.02435240e-01, 4.92497367e-01, 4.84304272e-01],
 [ 1.27618226e-01, 2.37178121e-01, 3.36158947e-01, 3.90970769e-01,
   4.15910081e-01, 4.28482204e-01, 4.36045997e-01, 4.41086718e-01,
   4.44574801e-01, 4.47015730e-01, 4.48730430e-01],
 [ 1.10398580e-01, 2.56631000e-01, 3.86181439e-01, 4.43747636e-01,
   4.63126861e-01, 4.70192088e-01, 4.73457028e-01, 4.75298482e-01,
   4.76425488e-01, 4.77104358e-01, 4.77473750e-01],
 [ 8.07427405e-02, 1.80050206e-01, 2.92452744e-01, 3.63535486e-01,
   3.93622201e-01, 4.04941313e-01, 4.09722539e-01, 4.12288727e-01,
   4.14031757e-01, 4.15409626e-01, 4.16583545e-01],
 [ 8.09343672e-02, 1.94084396e-01, 3.25247437e-01, 4.08957008e-01,
   4.50187784e-01, 4.71256212e-01, 4.83754921e-01, 4.92163214e-01,
   4.98268742e-01, 5.02909248e-01, 5.06549008e-01],
 [ 6.76245921e-02, 1.17108629e-01, 1.68438383e-01, 2.06384702e-01,
   2.27908924e-01, 2.37870721e-01, 2.41400745e-01, 2.41700446e-01,
   2.40466157e-01, 2.38565342e-01, 2.36441849e-01],
 [ 2.31853756e-02, 4.95257921e-02, 8.86702033e-02, 1.29849129e-01,
   1.61711993e-01, 1.82520275e-01, 1.95521365e-01, 2.03760884e-01,
   2.09141704e-01, 2.12770532e-01, 2.15298222e-01],
 [-4.12341910e-18,-2.74894607e-18,-1.37447303e-17, 8.24683820e-17,
  -4.88701523e-18, 1.15455735e-16,-9.14849251e-17,-1.17288366e-16,
  -1.29256566e-16, 1.64936764e-16,-1.73760542e-17],
 [ 1.92426225e-17, 9.34641663e-17, 1.64936764e-17,-2.74894607e-17,
  -1.95480609e-17,-3.84852450e-17,-9.14849251e-17, 3.90961219e-17,
  -9.33519644e-17, 3.29873528e-17, 7.81922437e-17],
 [ 2.19915685e-17, 8.24683820e-17, 1.09957843e-17, 1.64936764e-17,
  -1.95480609e-17,-1.04459951e-16,-1.05559529e-16, 3.90961219e-17,
  -7.89901237e-17, 4.39831371e-17, 1.04256325e-16],
 [ 1.09957843e-17, 3.29873528e-17, 1.09957843e-17, 1.09957843e-17,
  -1.95480609e-17,-5.49789214e-17,-7.03730193e-17, 3.90961219e-17,
  -1.43618407e-17, 4.39831371e-17, 6.95042166e-17],
 [ 0.00000000e+00, 0.00000000e+00, 0.00000000e+00, 0.00000000e+00,
   0.00000000e+00, 0.00000000e+00, 0.00000000e+00, 0.00000000e+00,
   0.00000000e+00, 0.00000000e+00, 0.00000000e+00],
 [ 0.00000000e+00, 0.00000000e+00, 0.00000000e+00, 0.00000000e+00,
   0.00000000e+00, 0.00000000e+00, 0.00000000e+00, 0.00000000e+00,
   0.00000000e+00, 0.00000000e+00, 0.00000000e+00],
 [ 0.00000000e+00, 0.00000000e+00, 0.00000000e+00, 0.00000000e+00,
   0.00000000e+00, 0.00000000e+00, 0.00000000e+00, 0.00000000e+00,
   0.00000000e+00, 0.00000000e+00, 0.00000000e+00],
 [ 0.00000000e+00, 0.00000000e+00, 0.00000000e+00, 0.00000000e+00,
   0.00000000e+00, 0.00000000e+00, 0.00000000e+00, 0.00000000e+00,
   0.00000000e+00, 0.00000000e+00, 0.00000000e+00],
 [ 0.00000000e+00, 0.00000000e+00, 0.00000000e+00, 0.00000000e+00,
   0.00000000e+00, 0.00000000e+00, 0.00000000e+00, 0.00000000e+00,
   0.00000000e+00, 0.00000000e+00, 0.00000000e+00]]
measureGC
[1.        ,0.94888507,1.07089947,1.11104064,1.13656783,1.13084181,
 1.07027311,1.06586752,1.07439446,1.02961926,0.99054622,1.06044818,
 1.10812325,1.08235294,1.08296652,1.17525075,1.08676102,1.06762705,
 1.11671335,1.15673542]
measureAPL
[1.        ,0.97058824,0.76470588,0.58823529,0.29411765,0.23529412,
 0.23529412,0.20588235,0.20588235,0.11764706,0.11764706,0.05882353,
 0.05882353,0.05882353,0.05882353,0.02941176,0.02941176,0.02941176,
 0.02941176,0.02941176]

Centrality
Tq
[[ 1.29908756e+00, 1.22002845e+00, 1.11700335e+00, 1.00395728e+00,
   9.05764444e-01, 8.31883012e-01, 7.78217104e-01, 7.38598627e-01,
   7.08472847e-01, 6.84888412e-01, 6.65954811e-01],
 [ 7.03488697e-01, 9.16680277e-01, 9.60103860e-01, 9.11379651e-01,
   8.44705657e-01, 7.86976138e-01, 7.42104173e-01, 7.07742035e-01,
   6.81105626e-01, 6.60062948e-01, 6.43114183e-01],
 [ 8.73341806e-01, 1.12244090e+00, 1.17619917e+00, 1.14774223e+00,
   1.10449663e+00, 1.06511515e+00, 1.03308572e+00, 1.00767158e+00,
   9.87414633e-01, 9.71042937e-01, 9.57601170e-01],
 [ 3.62762165e-01, 7.48126074e-01, 9.09211219e-01, 9.05562433e-01,
   8.68929366e-01, 8.32124378e-01, 8.01619200e-01, 7.77549211e-01,
   7.58666306e-01, 7.43706496e-01, 7.31680858e-01],
 [ 3.14670822e-01, 4.66979167e-01, 5.27642422e-01, 5.27782479e-01,
   5.12354041e-01, 4.96231888e-01, 4.82625943e-01, 4.71770283e-01,
   4.63220432e-01, 4.56463362e-01, 4.51068902e-01],
 [ 9.39642273e-02, 2.00399292e-01, 3.03882844e-01, 3.60410506e-01,
   3.85666274e-01, 3.98307328e-01, 4.06022791e-01, 4.11389305e-01,
   4.15346390e-01, 4.18332797e-01, 4.20612160e-01],
 [ 1.04276846e-01, 1.64923906e-01, 2.07734019e-01, 2.23069071e-01,
   2.21589143e-01, 2.13778594e-01, 2.04722522e-01, 1.96296839e-01,
   1.89015556e-01, 1.82888061e-01, 1.77766333e-01],
 [ 6.34694901e-02, 1.12977639e-01, 1.61994061e-01, 1.92261881e-01,
   2.04909651e-01, 2.08218371e-01, 2.07583197e-01, 2.05506908e-01,
   2.03040812e-01, 2.00605720e-01, 1.98357053e-01],
 [ 8.44374747e-02, 1.40313313e-01, 1.90809758e-01, 2.22087690e-01,
   2.36189738e-01, 2.40568176e-01, 2.40418713e-01, 2.38356245e-01,
   2.35590832e-01, 2.32678843e-01, 2.29874308e-01],
 [ 3.75536989e-02, 6.87267806e-02, 1.08068659e-01, 1.45986880e-01,
   1.73895293e-01, 1.90725271e-01, 2.00026868e-01, 2.05056971e-01,
   2.07764017e-01, 2.09206417e-01, 2.09957079e-01],
 [ 1.05718258e-02, 2.00265562e-02, 3.34247240e-02, 4.82199150e-02,
   6.11433343e-02, 7.09224093e-02, 7.80436230e-02, 8.33639173e-02,
   8.75144376e-02, 9.08731925e-02, 9.36602158e-02],
 [-5.49789214e-18, 1.92426225e-17, 0.00000000e+00, 8.79662742e-17,
  -9.77403046e-18, 8.24683820e-17,-7.03730193e-17,-7.81922437e-17,
  -3.59046017e-17, 5.49789214e-17,-8.68802708e-17],
 [ 1.09957843e-17, 7.14725978e-17, 5.49789214e-18, 3.84852450e-17,
  -9.77403046e-18,-8.24683820e-17,-9.14849251e-17, 1.95480609e-17,
  -7.89901237e-17, 2.19915685e-17, 5.21281625e-17],
 [ 1.64936764e-17, 5.49789214e-17, 1.37447303e-17, 1.64936764e-17,
  -2.44350762e-17,-8.24683820e-17,-9.85222271e-17, 4.88701523e-17,
  -3.59046017e-17, 5.49789214e-17, 9.55682979e-17],
 [ 0.00000000e+00, 0.00000000e+00, 0.00000000e+00, 0.00000000e+00,
   0.00000000e+00, 0.00000000e+00, 0.00000000e+00, 0.00000000e+00,
   0.00000000e+00, 0.00000000e+00, 0.00000000e+00],
 [ 0.00000000e+00, 0.00000000e+00, 0.00000000e+00, 0.00000000e+00,
   0.00000000e+00, 0.00000000e+00, 0.00000000e+00, 0.00000000e+00,
   0.00000000e+00, 0.00000000e+00, 0.00000000e+00],
 [ 0.00000000e+00, 0.00000000e+00, 0.00000000e+00, 0.00000000e+00,
   0.00000000e+00, 0.00000000e+00, 0.00000000e+00, 0.00000000e+00,
   0.00000000e+00, 0.00000000e+00, 0.00000000e+00],
 [ 0.00000000e+00, 0.00000000e+00, 0.00000000e+00, 0.00000000e+00,
   0.00000000e+00, 0.00000000e+00, 0.00000000e+00, 0.00000000e+00,
   0.00000000e+00, 0.00000000e+00, 0.00000000e+00],
 [ 0.00000000e+00, 0.00000000e+00, 0.00000000e+00, 0.00000000e+00,
   0.00000000e+00, 0.00000000e+00, 0.00000000e+00, 0.00000000e+00,
   0.00000000e+00, 0.00000000e+00, 0.00000000e+00],
 [ 0.00000000e+00, 0.00000000e+00, 0.00000000e+00, 0.00000000e+00,
   0.00000000e+00, 0.00000000e+00, 0.00000000e+00, 0.00000000e+00,
   0.00000000e+00, 0.00000000e+00, 0.00000000e+00]]
measureGC
[1.        ,1.03065861,1.05846139,1.12942192,0.77556083,0.6893874 ,
 0.82506471,1.25165372,1.27121081,0.55737705,0.26402071,0.13201035,
 0.14667817,0.29335634,0.02933563,0.29335634,0.29335634,0.29335634,
 0.29335634,0.29335634]
measureAPL
[1.        ,0.79411765,0.76470588,0.58823529,0.29411765,0.23529412,
 0.14705882,0.14705882,0.11764706,0.11764706,0.08823529,0.05882353,
 0.05882353,0.05882353,0.02941176,0.02941176,0.02941176,0.02941176,
 0.02941176,0.02941176]