PercentOfNodes
[0.  ,0.05,0.1 ,0.15,0.2 ,0.25,0.3 ,0.35,0.4 ,0.45,0.5 ,0.55,0.6 ,0.65,
 0.7 ,0.75,0.8 ,0.85,0.9 ]

RandomAttack
Tq
[[1.3150695 ,1.24779081,1.17148438,1.09642887,1.03263057,0.98214177,
  0.94284846,0.91203508,0.88746767,0.86751662,0.85103361],
 [1.31411976,1.22710142,1.11910146,1.00634866,0.91144451,0.84088872,
  0.78972708,0.75184356,0.72290054,0.70013083,0.68176928],
 [1.34042365,1.25686183,1.15129179,1.03847921,0.94198194,0.86939141,
  0.81618943,0.77648707,0.74602402,0.72202598,0.70268834],
 [1.34126138,1.26163909,1.16362351,1.0554392 ,0.96012346,0.88845461,
  0.83668834,0.7986186 ,0.76971626,0.74709929,0.72894391],
 [1.27428129,1.19813995,1.11338956,1.03019556,0.95932093,0.90365031,
  0.86081901,0.82759174,0.80135794,0.78024996,0.76296482],
 [1.3271655 ,1.2595603 ,1.1726891 ,1.07529512,0.98894869,0.92289448,
  0.87409414,0.8375183 ,0.80937037,0.7871366 ,0.76917205],
 [1.38461471,1.32138899,1.24132738,1.15287595,1.07607585,1.01920061,
  0.97838027,0.94828152,0.92523881,0.90700031,0.89217149],
 [1.35623166,1.28575272,1.19159226,1.08865525,1.0023106 ,0.94037873,
  0.8969393 ,0.86551205,0.84188633,0.82351786,0.80883651],
 [0.99445024,1.21615279,1.20170044,1.11989415,1.04469841,0.98975657,
  0.95052807,0.92164573,0.8995886 ,0.88220227,0.86814033],
 [1.17853553,1.2230996 ,1.16214734,1.06983156,0.98750255,0.92599969,
  0.88140965,0.84830639,0.8229143 ,0.80285751,0.78662654],
 [0.97591417,1.17957949,1.19324728,1.13615399,1.0756059 ,1.02691931,
  0.98997479,0.96177456,0.93979717,0.92229582,0.9080864 ],
 [1.03275156,1.16477396,1.13829555,1.05989543,0.98597858,0.92937304,
  0.88754194,0.85612738,0.83192714,0.81282146,0.79740575],
 [0.93906592,1.09750336,1.0880284 ,1.02017906,0.95501238,0.90385338,
  0.86513676,0.83551344,0.81234783,0.79382285,0.77870505],
 [1.07071538,1.11852325,1.07391515,1.00115791,0.93504566,0.88463068,
  0.84792823,0.82090953,0.80044653,0.78448239,0.77169748],
 [1.00814268,1.08670663,1.06487411,1.00513677,0.94624301,0.89915318,
  0.8636632 ,0.83683339,0.81609137,0.7996524 ,0.78632955],
 [1.19787874,1.13895761,1.06792537,0.99685645,0.9363715 ,0.88941917,
  0.85381295,0.82652334,0.80516574,0.78808015,0.77413571],
 [1.20769977,1.15975223,1.09659731,1.02802493,0.96868786,0.9232137 ,
  0.8890523 ,0.86289225,0.84233832,0.82581263,0.81226842],
 [1.15303879,1.10160016,1.03550669,0.96446648,0.90309192,0.85644347,
  0.82208483,0.79641221,0.77670528,0.76116922,0.74863749],
 [1.07775942,1.03608563,0.99008168,0.94397409,0.90299583,0.86947602,
  0.84284839,0.82166103,0.80458486,0.79061203,0.77901226],
 [1.14571922,1.09609852,1.03229715,0.96228297,0.89835564,0.84687707,
  0.80741434,0.77728588,0.75395465,0.73553233,0.72069946]]
measureGC
[1.        ,0.97058824,0.94117647,0.91176471,0.88235294,0.85294118,
 0.82352941,0.79411765,0.73529412,0.70588235,0.67647059,0.64705882,
 0.61764706,0.58823529,0.55882353,0.55882353,0.52941176,0.5       ,
 0.47058824,0.44117647]
measureAPL
[1.        ,1.03278454,1.11307908,1.12934586,1.17602597,1.1705594 ,
 1.16266041,1.14264574,1.11921047,1.13655462,0.93014706,1.12497307,
 1.09781513,1.12225535,1.03081232,1.08450047,0.99859944,1.13205282,
 1.03081232,1.13592806]

Degree
Tq
[[ 1.31932463e+00, 1.24952782e+00, 1.16305548e+00, 1.07156858e+00,
   9.92034100e-01, 9.30267540e-01, 8.83603574e-01, 8.47930844e-01,
   8.20037959e-01, 7.97726185e-01, 7.79515307e-01],
 [ 1.45035021e+00, 1.35348100e+00, 1.23904642e+00, 1.12346696e+00,
   1.02601091e+00, 9.51972597e-01, 8.97142167e-01, 8.56020427e-01,
   8.24431156e-01, 7.99561537e-01, 7.79547860e-01],
 [ 8.79040706e-01, 1.11081824e+00, 1.16167385e+00, 1.12588027e+00,
   1.07464578e+00, 1.02828109e+00, 9.90639945e-01, 9.60863847e-01,
   9.37232252e-01, 9.18226025e-01, 9.02697663e-01],
 [ 2.62918653e-01, 6.30785440e-01, 8.53735845e-01, 8.78239614e-01,
   8.51080435e-01, 8.17904801e-01, 7.89045823e-01, 7.65893893e-01,
   7.47631668e-01, 7.33147876e-01, 7.21509928e-01],
 [ 2.68876473e-01, 5.87278506e-01, 7.81563609e-01, 8.23655310e-01,
   8.18029039e-01, 8.02599906e-01, 7.86729137e-01, 7.72623598e-01,
   7.60593753e-01, 7.50440279e-01, 7.41862881e-01],
 [ 1.48732094e-01, 2.75667416e-01, 3.73503067e-01, 4.17387984e-01,
   4.34024660e-01, 4.40970960e-01, 4.44307419e-01, 4.46019936e-01,
   4.46861666e-01, 4.47186419e-01, 4.47192551e-01],
 [ 1.05386520e-01, 2.46786229e-01, 3.83489358e-01, 4.42676752e-01,
   4.60455582e-01, 4.65836328e-01, 4.67716035e-01, 4.68385144e-01,
   4.68479257e-01, 4.68229840e-01, 4.67759516e-01],
 [ 6.04997173e-02, 1.18276285e-01, 1.83376212e-01, 2.24404728e-01,
   2.39441474e-01, 2.41176882e-01, 2.38164060e-01, 2.33912147e-01,
   2.29634546e-01, 2.25705471e-01, 2.22208523e-01],
 [ 5.04407236e-02, 1.04908220e-01, 1.68347032e-01, 2.13608886e-01,
   2.35639259e-01, 2.43844436e-01, 2.45874153e-01, 2.45431088e-01,
   2.44098196e-01, 2.42542752e-01, 2.41042007e-01],
 [ 4.02192792e-02, 7.65621486e-02, 1.18991332e-01, 1.53613652e-01,
   1.74896938e-01, 1.85783334e-01, 1.90803785e-01, 1.92891279e-01,
   1.93542927e-01, 1.93492718e-01, 1.93109769e-01],
 [ 2.68423728e-02, 5.87005929e-02, 1.04251037e-01, 1.46887105e-01,
   1.75130803e-01, 1.90442212e-01, 1.98009148e-01, 2.01533343e-01,
   2.03009475e-01, 2.03448336e-01, 2.03365670e-01],
 [-1.09957843e-17, 1.37447303e-17,-2.74894607e-18, 6.04768135e-17,
  -4.88701523e-18, 6.04768135e-17,-4.92611135e-17,-1.07514335e-16,
  -3.59046017e-17,-1.09957843e-17,-9.55682979e-17],
 [ 2.19915685e-17, 6.59747056e-17, 1.09957843e-17, 1.23259516e-33,
  -1.95480609e-17,-8.79662742e-17,-8.44476232e-17, 3.90961219e-17,
  -5.74473627e-17, 4.39831371e-17, 1.04256325e-16],
 [ 1.23702573e-17, 4.12341910e-17, 1.23702573e-17, 1.64936764e-17,
  -2.19915685e-17,-6.59747056e-17,-8.44476232e-17, 4.39831371e-17,
  -2.15427610e-17, 4.94810292e-17, 7.81922437e-17],
 [ 0.00000000e+00, 0.00000000e+00, 0.00000000e+00, 0.00000000e+00,
   0.00000000e+00, 0.00000000e+00, 0.00000000e+00, 0.00000000e+00,
   0.00000000e+00, 0.00000000e+00, 0.00000000e+00],
 [ 0.00000000e+00, 0.00000000e+00, 0.00000000e+00, 0.00000000e+00,
   0.00000000e+00, 0.00000000e+00, 0.00000000e+00, 0.00000000e+00,
   0.00000000e+00, 0.00000000e+00, 0.00000000e+00],
 [ 0.00000000e+00, 0.00000000e+00, 0.00000000e+00, 0.00000000e+00,
   0.00000000e+00, 0.00000000e+00, 0.00000000e+00, 0.00000000e+00,
   0.00000000e+00, 0.00000000e+00, 0.00000000e+00],
 [ 0.00000000e+00, 0.00000000e+00, 0.00000000e+00, 0.00000000e+00,
   0.00000000e+00, 0.00000000e+00, 0.00000000e+00, 0.00000000e+00,
   0.00000000e+00, 0.00000000e+00, 0.00000000e+00],
 [ 0.00000000e+00, 0.00000000e+00, 0.00000000e+00, 0.00000000e+00,
   0.00000000e+00, 0.00000000e+00, 0.00000000e+00, 0.00000000e+00,
   0.00000000e+00, 0.00000000e+00, 0.00000000e+00],
 [ 0.00000000e+00, 0.00000000e+00, 0.00000000e+00, 0.00000000e+00,
   0.00000000e+00, 0.00000000e+00, 0.00000000e+00, 0.00000000e+00,
   0.00000000e+00, 0.00000000e+00, 0.00000000e+00]]
measureGC
[1.        ,1.03278454,1.11307908,1.12934586,1.17602597,1.1705594 ,
 1.16266041,1.14264574,1.11921047,1.13655462,0.93014706,1.12497307,
 1.09781513,1.12225535,1.03081232,1.08450047,0.99859944,1.13205282,
 1.03081232,1.13592806]
measureAPL
[1.        ,0.97058824,0.76470588,0.58823529,0.47058824,0.23529412,
 0.23529412,0.14705882,0.14705882,0.11764706,0.11764706,0.05882353,
 0.05882353,0.05882353,0.02941176,0.02941176,0.02941176,0.02941176,
 0.02941176,0.02941176]

Centrality
Tq
[[ 1.30067071e+00, 1.22298339e+00, 1.12106663e+00, 1.00998022e+00,
   9.14737145e-01, 8.43583745e-01, 7.92055818e-01, 7.54054849e-01,
   7.25153355e-01, 7.02507003e-01, 6.84303657e-01],
 [ 7.11830494e-01, 9.14283163e-01, 9.58739879e-01, 9.14114824e-01,
   8.51626054e-01, 7.96575307e-01, 7.53197487e-01, 7.19749821e-01,
   6.93760815e-01, 6.73221626e-01, 6.56680533e-01],
 [ 8.91752535e-01, 1.11564685e+00, 1.15787392e+00, 1.11630906e+00,
   1.06044706e+00, 1.01164389e+00, 9.73253564e-01, 9.43620769e-01,
   9.20539897e-01, 9.02249106e-01, 8.87483807e-01],
 [ 3.78140967e-01, 7.66370170e-01, 9.25601429e-01, 9.20696236e-01,
   8.83479829e-01, 8.47168270e-01, 8.17651038e-01, 7.94568705e-01,
   7.76509115e-01, 7.62201746e-01, 7.50691515e-01],
 [ 2.95150504e-01, 4.65987317e-01, 5.33678255e-01, 5.32371570e-01,
   5.12940426e-01, 4.92186422e-01, 4.74359661e-01, 4.59966888e-01,
   4.48499656e-01, 4.39313359e-01, 4.31865137e-01],
 [ 1.00078284e-01, 2.08585533e-01, 3.08077034e-01, 3.60118611e-01,
   3.82040026e-01, 3.91932962e-01, 3.97287953e-01, 4.00663243e-01,
   4.02972507e-01, 4.04602448e-01, 4.05759553e-01],
 [ 1.02035665e-01, 1.67067255e-01, 2.13191852e-01, 2.29938560e-01,
   2.29470454e-01, 2.22624538e-01, 2.14385378e-01, 2.06554363e-01,
   1.99648319e-01, 1.93719686e-01, 1.88671526e-01],
 [ 6.33003444e-02, 1.12316355e-01, 1.61011241e-01, 1.91219614e-01,
   2.03522722e-01, 2.06386145e-01, 2.05424082e-01, 2.03161184e-01,
   2.00612196e-01, 1.98165035e-01, 1.95953184e-01],
 [ 7.93368138e-02, 1.38023800e-01, 1.93208506e-01, 2.27371454e-01,
   2.42743828e-01, 2.47561855e-01, 2.47379339e-01, 2.44989443e-01,
   2.41721934e-01, 2.38221276e-01, 2.34803411e-01],
 [ 3.69434384e-02, 6.84914058e-02, 1.07715976e-01, 1.43097984e-01,
   1.67228910e-01, 1.81193145e-01, 1.88769686e-01, 1.92765941e-01,
   1.94787171e-01, 1.95716186e-01, 1.96048443e-01],
 [ 9.72145724e-03, 1.86914524e-02, 3.18785042e-02, 4.71537897e-02,
   6.11710526e-02, 7.21762083e-02, 8.03733451e-02, 8.65939917e-02,
   9.15150606e-02, 9.55503430e-02, 9.89383381e-02],
 [-5.49789214e-18, 8.24683820e-18,-5.49789214e-18, 7.14725978e-17,
  -9.77403046e-18, 6.04768135e-17,-9.14849251e-17,-6.84182132e-17,
  -2.15427610e-17, 2.19915685e-17,-1.04256325e-16],
 [ 1.37447303e-17, 7.69704899e-17, 1.09957843e-17, 4.39831371e-17,
  -1.95480609e-17,-9.89620584e-17,-1.19634133e-16, 3.90961219e-17,
  -7.18092034e-17, 4.39831371e-17, 7.81922437e-17],
 [ 1.78681494e-17, 5.77278674e-17, 1.23702573e-17, 1.09957843e-17,
  -2.19915685e-17,-8.24683820e-17,-9.14849251e-17, 4.39831371e-17,
  -4.30855220e-17, 4.94810292e-17, 9.55682979e-17],
 [ 0.00000000e+00, 0.00000000e+00, 0.00000000e+00, 0.00000000e+00,
   0.00000000e+00, 0.00000000e+00, 0.00000000e+00, 0.00000000e+00,
   0.00000000e+00, 0.00000000e+00, 0.00000000e+00],
 [ 0.00000000e+00, 0.00000000e+00, 0.00000000e+00, 0.00000000e+00,
   0.00000000e+00, 0.00000000e+00, 0.00000000e+00, 0.00000000e+00,
   0.00000000e+00, 0.00000000e+00, 0.00000000e+00],
 [ 0.00000000e+00, 0.00000000e+00, 0.00000000e+00, 0.00000000e+00,
   0.00000000e+00, 0.00000000e+00, 0.00000000e+00, 0.00000000e+00,
   0.00000000e+00, 0.00000000e+00, 0.00000000e+00],
 [ 0.00000000e+00, 0.00000000e+00, 0.00000000e+00, 0.00000000e+00,
   0.00000000e+00, 0.00000000e+00, 0.00000000e+00, 0.00000000e+00,
   0.00000000e+00, 0.00000000e+00, 0.00000000e+00],
 [ 0.00000000e+00, 0.00000000e+00, 0.00000000e+00, 0.00000000e+00,
   0.00000000e+00, 0.00000000e+00, 0.00000000e+00, 0.00000000e+00,
   0.00000000e+00, 0.00000000e+00, 0.00000000e+00],
 [ 0.00000000e+00, 0.00000000e+00, 0.00000000e+00, 0.00000000e+00,
   0.00000000e+00, 0.00000000e+00, 0.00000000e+00, 0.00000000e+00,
   0.00000000e+00, 0.00000000e+00, 0.00000000e+00]]
measureGC
[1.        ,0.95854166,0.98292211,1.23195953,1.12427466,0.85880077,
 0.93810445,0.48355899,0.55540204,0.25531915,0.26112186,0.13056093,
 0.20309478,0.2901354 ,0.2901354 ,0.2901354 ,0.2901354 ,0.2901354 ,
 0.2901354 ,0.2901354 ]
measureAPL
[1.        ,0.79411765,0.76470588,0.58823529,0.29411765,0.23529412,
 0.14705882,0.14705882,0.11764706,0.11764706,0.08823529,0.05882353,
 0.05882353,0.05882353,0.02941176,0.02941176,0.02941176,0.02941176,
 0.02941176,0.02941176]