PercentOfNodes
[0.  ,0.05,0.1 ,0.15,0.2 ,0.25,0.3 ,0.35,0.4 ,0.45,0.5 ,0.55,0.6 ,0.65,
 0.7 ,0.75,0.8 ,0.85,0.9 ]

RandomAttack
Tq
[[1.3150695 ,1.24779081,1.17148438,1.09642887,1.03263057,0.98214177,
  0.94284846,0.91203508,0.88746767,0.86751662,0.85103361],
 [1.32410898,1.24087742,1.13860117,1.02931914,0.93372473,0.86062749,
  0.80675216,0.76653463,0.73572161,0.71148766,0.69198392],
 [1.29593055,1.21658816,1.12051685,1.0218531 ,0.93797288,0.87400319,
  0.82639968,0.79047929,0.76271561,0.74073596,0.72296202],
 [1.26651921,1.1913733 ,1.10287294,1.01078958,0.93000757,0.86671917,
  0.81898765,0.7828381 ,0.75492451,0.73288119,0.71509976],
 [1.39135719,1.29130221,1.18274799,1.08344998,1.00424459,0.9449507 ,
  0.90102537,0.86800711,0.84260372,0.82257572,0.80642487],
 [1.38370739,1.30435175,1.2132991 ,1.1243973 ,1.0503725 ,0.99383725,
  0.95153334,0.91950317,0.89471577,0.87508793,0.85921391],
 [1.32173483,1.23949126,1.14751743,1.05829319,0.98316267,0.92515901,
  0.8814442 ,0.84820996,0.82242858,0.80198012,0.78542319],
 [1.34608648,1.27197058,1.18733873,1.10284374,1.02947595,0.97141156,
  0.92716264,0.89353559,0.86763185,0.84729033,0.83099594],
 [1.30300502,1.21912492,1.12369039,1.02964763,0.95068771,0.89033044,
  0.84534172,0.81146491,0.78538539,0.76482468,0.7482546 ],
 [1.3214897 ,1.23967649,1.14396729,1.04836483,0.96830168,0.90765426,
  0.86275628,0.82904237,0.80308554,0.78258868,0.76603433],
 [1.27450074,1.18409639,1.0868159 ,0.99904441,0.9301079 ,0.87880372,
  0.84069855,0.81189229,0.78960248,0.77194535,0.7576536 ],
 [1.20744797,1.12784993,1.04425389,0.96692625,0.90400124,0.8562272 ,
  0.82045578,0.79329283,0.77218323,0.75538193,0.74171844],
 [1.19915169,1.12869626,1.05068682,0.9729447 ,0.90489554,0.85074253,
  0.80938132,0.77791614,0.75365197,0.73456915,0.71925187],
 [1.23556998,1.16902161,1.09630929,1.02512298,0.96394511,0.91591821,
  0.87946896,0.8517264 ,0.83021723,0.81316449,0.79935382],
 [1.19945953,1.12073572,1.030499  ,0.94302112,0.87072381,0.81584601,
  0.77501065,0.7442868 ,0.72067255,0.70209914,0.68716873],
 [1.16827484,1.09828237,1.0206653 ,0.94609942,0.88493116,0.83876135,
  0.80443235,0.77854678,0.75858158,0.74281918,0.73010468],
 [1.15827953,1.08515306,1.00295582,0.92282662,0.85510436,0.80269133,
  0.76323488,0.73335665,0.71031573,0.69217516,0.67760753],
 [1.15071478,1.09432318,1.03290481,0.97689908,0.9321475 ,0.89831037,
  0.87284165,0.85333865,0.83805765,0.82581601,0.815815  ],
 [0.568599  ,0.7493838 ,0.81971023,0.80756481,0.78200843,0.75914383,
  0.74090506,0.72660663,0.7152982 ,0.70620953,0.69878051],
 [0.55200924,0.78846572,0.86873296,0.85298203,0.82181014,0.79386   ,
  0.77146402,0.7538446 ,0.73989361,0.72869833,0.71958231]]
measureGC
[1.        ,0.97058824,0.94117647,0.91176471,0.88235294,0.85294118,
 0.82352941,0.79411765,0.76470588,0.73529412,0.70588235,0.67647059,
 0.64705882,0.61764706,0.58823529,0.55882353,0.52941176,0.5       ,
 0.38235294,0.38235294]
measureAPL
[1.        ,1.1301732 ,1.17750485,1.15849249,1.19578134,1.12501982,
 1.19597657,1.17254902,1.13389356,1.13751751,1.06302521,1.17362278,
 1.15966387,0.99054622,1.08910231,1.22829132,1.23053221,0.99215686,
 1.14355742,1.18382353]

Degree
Tq
[[ 1.30708686e+00, 1.23774923e+00, 1.15100509e+00, 1.05892704e+00,
   9.79283383e-01, 9.17966657e-01, 8.72069126e-01, 8.37242011e-01,
   8.10141023e-01, 7.88518003e-01, 7.70886982e-01],
 [ 1.44320138e+00, 1.34561875e+00, 1.22901029e+00, 1.11149089e+00,
   1.01554053e+00, 9.44519149e-01, 8.92335221e-01, 8.53145820e-01,
   8.22921507e-01, 7.99028117e-01, 7.79729370e-01],
 [ 8.77219819e-01, 1.11044783e+00, 1.15586251e+00, 1.11876449e+00,
   1.06843544e+00, 1.02322737e+00, 9.86543933e-01, 9.57547506e-01,
   9.34578364e-01, 9.16156755e-01, 9.01157439e-01],
 [ 2.72933025e-01, 6.33919359e-01, 8.53331318e-01, 8.78077228e-01,
   8.50844202e-01, 8.17054773e-01, 7.87368258e-01, 7.63386678e-01,
   7.44372575e-01, 7.29230857e-01, 7.17023507e-01],
 [ 3.25107574e-01, 5.09562143e-01, 5.83985020e-01, 5.86141539e-01,
   5.68349797e-01, 5.48343372e-01, 5.30690952e-01, 5.16093285e-01,
   5.04213808e-01, 4.94533422e-01, 4.86582877e-01],
 [ 1.48835535e-01, 2.75667416e-01, 3.73394967e-01, 4.16983995e-01,
   4.33571139e-01, 4.40654840e-01, 4.44176319e-01, 4.46051524e-01,
   4.47015023e-01, 4.47423541e-01, 4.47483979e-01],
 [ 1.46899903e-01, 2.68413359e-01, 3.60443598e-01, 3.97561102e-01,
   4.06902676e-01, 4.07213356e-01, 4.05099434e-01, 4.02532887e-01,
   4.00066748e-01, 3.97831199e-01, 3.95832722e-01],
 [ 1.49454958e-01, 2.57392402e-01, 3.54032430e-01, 4.06648191e-01,
   4.29370587e-01, 4.38926957e-01, 4.43087747e-01, 4.44871182e-01,
   4.45486059e-01, 4.45476256e-01, 4.45121982e-01],
 [ 7.00572044e-02, 1.17368751e-01, 1.61676428e-01, 1.89297208e-01,
   2.01075496e-01, 2.03775610e-01, 2.02244946e-01, 1.98945650e-01,
   1.95041767e-01, 1.91084624e-01, 1.87331903e-01],
 [ 4.70784155e-02, 8.88214830e-02, 1.39151517e-01, 1.80806554e-01,
   2.06260847e-01, 2.19378446e-01, 2.25543108e-01, 2.28110517e-01,
   2.28837285e-01, 2.28632694e-01, 2.27980337e-01],
 [ 9.17723261e-03, 1.73563487e-02, 2.87048923e-02, 4.07316179e-02,
   5.07104396e-02, 5.77843080e-02, 6.25292246e-02, 6.57785935e-02,
   6.81276681e-02, 6.99224033e-02, 7.13537999e-02],
 [-9.62131124e-18, 8.24683820e-18,-1.37447303e-18, 6.04768135e-17,
  -7.33052285e-18, 3.84852450e-17,-6.68543684e-17,-7.81922437e-17,
   1.43618407e-17,-5.49789214e-17,-1.30320406e-16],
 [ 1.51192034e-17, 5.22299753e-17, 1.78681494e-17,-1.64936764e-17,
  -3.17655990e-17,-4.39831371e-17,-9.14849251e-17, 6.35311980e-17,
  -2.87236814e-17, 4.94810292e-17, 8.68802708e-17],
 [ 1.09957843e-17, 4.39831371e-17, 1.09957843e-17, 2.19915685e-17,
  -1.95480609e-17,-6.59747056e-17,-8.44476232e-17, 3.90961219e-17,
  -2.87236814e-17, 4.39831371e-17, 6.95042166e-17],
 [ 0.00000000e+00, 0.00000000e+00, 0.00000000e+00, 0.00000000e+00,
   0.00000000e+00, 0.00000000e+00, 0.00000000e+00, 0.00000000e+00,
   0.00000000e+00, 0.00000000e+00, 0.00000000e+00],
 [ 0.00000000e+00, 0.00000000e+00, 0.00000000e+00, 0.00000000e+00,
   0.00000000e+00, 0.00000000e+00, 0.00000000e+00, 0.00000000e+00,
   0.00000000e+00, 0.00000000e+00, 0.00000000e+00],
 [ 0.00000000e+00, 0.00000000e+00, 0.00000000e+00, 0.00000000e+00,
   0.00000000e+00, 0.00000000e+00, 0.00000000e+00, 0.00000000e+00,
   0.00000000e+00, 0.00000000e+00, 0.00000000e+00],
 [ 0.00000000e+00, 0.00000000e+00, 0.00000000e+00, 0.00000000e+00,
   0.00000000e+00, 0.00000000e+00, 0.00000000e+00, 0.00000000e+00,
   0.00000000e+00, 0.00000000e+00, 0.00000000e+00],
 [ 0.00000000e+00, 0.00000000e+00, 0.00000000e+00, 0.00000000e+00,
   0.00000000e+00, 0.00000000e+00, 0.00000000e+00, 0.00000000e+00,
   0.00000000e+00, 0.00000000e+00, 0.00000000e+00],
 [ 0.00000000e+00, 0.00000000e+00, 0.00000000e+00, 0.00000000e+00,
   0.00000000e+00, 0.00000000e+00, 0.00000000e+00, 0.00000000e+00,
   0.00000000e+00, 0.00000000e+00, 0.00000000e+00]]
measureGC
[1.        ,1.1301732 ,1.17750485,1.15849249,1.19578134,1.12501982,
 1.19597657,1.17254902,1.13389356,1.13751751,1.06302521,1.17362278,
 1.15966387,0.99054622,1.08910231,1.22829132,1.23053221,0.99215686,
 1.14355742,1.18382353]
measureAPL
[1.        ,0.97058824,0.76470588,0.58823529,0.29411765,0.23529412,
 0.20588235,0.20588235,0.11764706,0.11764706,0.08823529,0.05882353,
 0.05882353,0.05882353,0.02941176,0.02941176,0.02941176,0.02941176,
 0.02941176,0.02941176]

Centrality
Tq
[[ 1.29622007e+00, 1.21726936e+00, 1.11571025e+00, 1.00612771e+00,
   9.11722527e-01, 8.40980417e-01, 7.89782826e-01, 7.52057980e-01,
   7.23370636e-01, 7.00883444e-01, 6.82796945e-01],
 [ 7.39695178e-01, 9.45790673e-01, 9.85568477e-01, 9.35150722e-01,
   8.68334894e-01, 8.10938202e-01, 7.66212908e-01, 7.31745398e-01,
   7.04842642e-01, 6.83456179e-01, 6.66138824e-01],
 [ 8.51819073e-01, 1.09826479e+00, 1.16202315e+00, 1.13841146e+00,
   1.09709091e+00, 1.05880989e+00, 1.02776033e+00, 1.00332082e+00,
   9.84006488e-01, 9.68517045e-01, 9.55886616e-01],
 [ 3.70622781e-01, 7.45097619e-01, 9.09386353e-01, 9.11464417e-01,
   8.78325898e-01, 8.43936446e-01, 8.15274453e-01, 7.92605311e-01,
   7.74783036e-01, 7.60639554e-01, 7.49258354e-01],
 [ 2.84833207e-01, 4.51236285e-01, 5.17513297e-01, 5.18253334e-01,
   5.02282900e-01, 4.85572325e-01, 4.71586405e-01, 4.60489346e-01,
   4.51751983e-01, 4.44823010e-01, 4.39262915e-01],
 [ 9.52077909e-02, 2.06206002e-01, 3.13029559e-01, 3.68983077e-01,
   3.93631616e-01, 4.06589792e-01, 4.15094902e-01, 4.21402464e-01,
   4.26298898e-01, 4.30153476e-01, 4.33202773e-01],
 [ 1.02594377e-01, 1.65657580e-01, 2.14139008e-01, 2.34807647e-01,
   2.37047165e-01, 2.31659858e-01, 2.24152331e-01, 2.16674299e-01,
   2.09924990e-01, 2.04048842e-01, 1.98996220e-01],
 [ 6.32069608e-02, 1.12507614e-01, 1.60186085e-01, 1.88235419e-01,
   1.98528545e-01, 1.99961824e-01, 1.98058510e-01, 1.95187181e-01,
   1.92246268e-01, 1.89547582e-01, 1.87175874e-01],
 [ 7.70519418e-02, 1.31861388e-01, 1.83251884e-01, 2.14809632e-01,
   2.28302709e-01, 2.31616395e-01, 2.30281604e-01, 2.27083368e-01,
   2.23292744e-01, 2.19477265e-01, 2.15884570e-01],
 [ 3.74125153e-02, 6.86131062e-02, 1.07220795e-01, 1.42240308e-01,
   1.66624121e-01, 1.81220287e-01, 1.89481160e-01, 1.94057122e-01,
   1.96516228e-01, 1.97754865e-01, 1.98296588e-01],
 [ 1.05117691e-02, 2.00265562e-02, 3.37910994e-02, 4.95107259e-02,
   6.37748230e-02, 7.48583903e-02, 8.30191155e-02, 8.91339901e-02,
   9.39125504e-02, 9.77905861e-02, 1.01020531e-01],
 [-2.74894607e-18, 1.64936764e-17,-5.49789214e-18, 9.34641663e-17,
  -9.77403046e-18, 7.69704899e-17,-9.85222271e-17,-4.88701523e-17,
  -2.15427610e-17, 5.49789214e-17,-9.55682979e-17],
 [ 1.92426225e-17, 7.14725978e-17, 1.09957843e-17, 1.64936764e-17,
  -1.95480609e-17,-9.34641663e-17,-9.85222271e-17, 3.90961219e-17,
  -6.46282831e-17, 4.39831371e-17, 9.55682979e-17],
 [ 1.23702573e-17, 5.77278674e-17, 1.23702573e-17, 3.29873528e-17,
  -2.19915685e-17,-8.24683820e-17,-1.05559529e-16, 4.39831371e-17,
  -4.30855220e-17, 4.94810292e-17, 7.81922437e-17],
 [ 0.00000000e+00, 0.00000000e+00, 0.00000000e+00, 0.00000000e+00,
   0.00000000e+00, 0.00000000e+00, 0.00000000e+00, 0.00000000e+00,
   0.00000000e+00, 0.00000000e+00, 0.00000000e+00],
 [ 0.00000000e+00, 0.00000000e+00, 0.00000000e+00, 0.00000000e+00,
   0.00000000e+00, 0.00000000e+00, 0.00000000e+00, 0.00000000e+00,
   0.00000000e+00, 0.00000000e+00, 0.00000000e+00],
 [ 0.00000000e+00, 0.00000000e+00, 0.00000000e+00, 0.00000000e+00,
   0.00000000e+00, 0.00000000e+00, 0.00000000e+00, 0.00000000e+00,
   0.00000000e+00, 0.00000000e+00, 0.00000000e+00],
 [ 0.00000000e+00, 0.00000000e+00, 0.00000000e+00, 0.00000000e+00,
   0.00000000e+00, 0.00000000e+00, 0.00000000e+00, 0.00000000e+00,
   0.00000000e+00, 0.00000000e+00, 0.00000000e+00],
 [ 0.00000000e+00, 0.00000000e+00, 0.00000000e+00, 0.00000000e+00,
   0.00000000e+00, 0.00000000e+00, 0.00000000e+00, 0.00000000e+00,
   0.00000000e+00, 0.00000000e+00, 0.00000000e+00],
 [ 0.00000000e+00, 0.00000000e+00, 0.00000000e+00, 0.00000000e+00,
   0.00000000e+00, 0.00000000e+00, 0.00000000e+00, 0.00000000e+00,
   0.00000000e+00, 0.00000000e+00, 0.00000000e+00]]
measureGC
[1.        ,0.99011736,1.0217242 ,1.16810619,0.75454019,0.77569552,
 0.7446677 ,0.46541731,0.48516229,0.46541731,0.16924266,0.16924266,
 0.14103555,0.14103555,0.2820711 ,0.2820711 ,0.2820711 ,0.2820711 ,
 0.2820711 ,0.2820711 ]
measureAPL
[1.        ,0.79411765,0.76470588,0.58823529,0.29411765,0.23529412,
 0.14705882,0.14705882,0.11764706,0.11764706,0.08823529,0.05882353,
 0.05882353,0.05882353,0.02941176,0.02941176,0.02941176,0.02941176,
 0.02941176,0.02941176]