PercentOfNodes
[0.  ,0.05,0.1 ,0.15,0.2 ,0.25,0.3 ,0.35,0.4 ,0.45,0.5 ,0.55,0.6 ,0.65,
 0.7 ,0.75,0.8 ,0.85,0.9 ]

RandomAttack
Tq
[[1.3150695 ,1.24779081,1.17148438,1.09642887,1.03263057,0.98214177,
  0.94284846,0.91203508,0.88746767,0.86751662,0.85103361],
 [1.29134629,1.2134811 ,1.11809626,1.01770452,0.92939545,0.86113671,
  0.81045127,0.77239449,0.74308203,0.71991645,0.70119107],
 [1.28685539,1.20942794,1.11291682,1.00884117,0.91741779,0.84701659,
  0.79464149,0.75518994,0.72472016,0.70058919,0.68105495],
 [1.28684792,1.20726575,1.11580052,1.022114  ,0.94037427,0.87662327,
  0.82854488,0.79197684,0.76357814,0.74103526,0.7227795 ],
 [1.21708543,1.14742608,1.0699533 ,0.99412019,0.92861761,0.87625811,
  0.83550542,0.80365898,0.77837843,0.75794766,0.74115573],
 [1.23319305,1.16362116,1.08469564,1.00555393,0.93669014,0.88183561,
  0.83929229,0.80610753,0.77980329,0.75858577,0.7411913 ],
 [1.20508308,1.13305187,1.05323981,0.97490678,0.90688871,0.85219214,
  0.80945192,0.77606416,0.74966337,0.72844878,0.71112233],
 [1.16026671,1.09411876,1.0268051 ,0.96330383,0.90799983,0.86270483,
  0.82658127,0.79783835,0.77476169,0.75599427,0.74052415],
 [1.1888184 ,1.13300034,1.07323888,1.01347656,0.95975737,0.91558019,
  0.88062603,0.85301709,0.83090387,0.81287754,0.79793512],
 [1.14865753,1.08645275,1.0200818 ,0.95417933,0.89549243,0.84765722,
  0.81001249,0.78038156,0.75674044,0.73756484,0.72176282],
 [1.19371717,1.14090774,1.08290879,1.02445994,0.97272558,0.93098674,
  0.89833765,0.87266901,0.85214448,0.83543168,0.82159658],
 [1.15523048,1.09884141,1.03559115,0.96974888,0.91011267,0.86211247,
  0.8252692 ,0.79701595,0.77497512,0.75740936,0.74312052],
 [1.12106576,1.06456799,0.99708359,0.92422567,0.85817316,0.80552006,
  0.7655315 ,0.73520144,0.71179816,0.69333906,0.67846606],
 [1.11916614,1.05942323,0.99200718,0.92224244,0.85904504,0.80779027,
  0.76831571,0.73812718,0.71471298,0.69616989,0.68116885],
 [1.07717456,1.03211371,0.98304742,0.93339705,0.88783692,0.8495531 ,
  0.81884731,0.79443985,0.77483557,0.75882267,0.74551769],
 [1.06718431,1.00950873,0.94821409,0.89091665,0.84242824,0.80350535,
  0.77278156,0.74844463,0.72892931,0.71304951,0.69994135],
 [1.06847373,1.01288506,0.94964349,0.88633609,0.8328772 ,0.79171576,
  0.76060392,0.73683472,0.71832004,0.7035949 ,0.69165151],
 [0.99512753,0.94430608,0.89215865,0.84388954,0.80297985,0.77019917,
  0.74450322,0.72431889,0.70823945,0.69519814,0.68443091],
 [0.6661338 ,0.8119923 ,0.82992651,0.79235915,0.75418203,0.72448814,
  0.70219231,0.68515407,0.67176348,0.66095839,0.65204543],
 [0.60238497,0.76780219,0.80935317,0.78679998,0.75669363,0.73136816,
  0.71184232,0.69690499,0.68529129,0.67606168,0.66856889]]
measureGC
[1.        ,0.97058824,0.94117647,0.91176471,0.88235294,0.85294118,
 0.82352941,0.79411765,0.76470588,0.73529412,0.70588235,0.67647059,
 0.64705882,0.61764706,0.58823529,0.55882353,0.52941176,0.5       ,
 0.41176471,0.38235294]
measureAPL
[1.        ,1.05208498,0.9182236 ,0.98951375,0.93642108,1.03505086,
 1.0130397 ,0.96110575,1.07060471,1.0952381 ,1.09255369,1.09845938,
 1.13818861,1.06149126,0.96638655,1.10651261,1.1355042 ,1.21335201,
 0.942959  ,0.86330532]

Degree
Tq
[[ 1.31465896e+00, 1.24535367e+00, 1.15983155e+00, 1.06907601e+00,
   9.89628895e-01, 9.27505555e-01, 8.80335728e-01, 8.44161992e-01,
   8.15821451e-01, 7.93120544e-01, 7.74572146e-01],
 [ 1.45073420e+00, 1.35348100e+00, 1.23873113e+00, 1.12387437e+00,
   1.02931181e+00, 9.58809861e-01, 9.06994927e-01, 8.68210994e-01,
   8.38423622e-01, 8.14969284e-01, 7.96091492e-01],
 [ 8.77724625e-01, 1.10943692e+00, 1.15934008e+00, 1.12266842e+00,
   1.07082356e+00, 1.02425537e+00, 9.86761023e-01, 9.57339656e-01,
   9.34151078e-01, 9.15597985e-01, 9.00488781e-01],
 [ 2.59058371e-01, 6.30569085e-01, 8.55616171e-01, 8.83301770e-01,
   8.59278510e-01, 8.28789779e-01, 8.02127652e-01, 7.80714801e-01,
   7.63813818e-01, 7.50401183e-01, 7.39617569e-01],
 [ 2.75752854e-01, 5.91126066e-01, 7.82102387e-01, 8.24361849e-01,
   8.19250515e-01, 8.04117134e-01, 7.88327155e-01, 7.74181815e-01,
   7.62060797e-01, 7.51797891e-01, 7.43105551e-01],
 [ 1.48835535e-01, 2.75667416e-01, 3.73394967e-01, 4.16983995e-01,
   4.33571139e-01, 4.40654840e-01, 4.44176319e-01, 4.46051524e-01,
   4.47015023e-01, 4.47423541e-01, 4.47483979e-01],
 [ 1.46899903e-01, 2.68413359e-01, 3.60443598e-01, 3.97561102e-01,
   4.06902676e-01, 4.07213356e-01, 4.05099434e-01, 4.02532887e-01,
   4.00066748e-01, 3.97831199e-01, 3.95832722e-01],
 [ 1.49454958e-01, 2.57392402e-01, 3.54032430e-01, 4.06648191e-01,
   4.29370587e-01, 4.38926957e-01, 4.43087747e-01, 4.44871182e-01,
   4.45486059e-01, 4.45476256e-01, 4.45121982e-01],
 [ 7.00572044e-02, 1.17368751e-01, 1.61676428e-01, 1.89297208e-01,
   2.01075496e-01, 2.03775610e-01, 2.02244946e-01, 1.98945650e-01,
   1.95041767e-01, 1.91084624e-01, 1.87331903e-01],
 [ 4.70784155e-02, 8.88214830e-02, 1.39151517e-01, 1.80806554e-01,
   2.06260847e-01, 2.19378446e-01, 2.25543108e-01, 2.28110517e-01,
   2.28837285e-01, 2.28632694e-01, 2.27980337e-01],
 [ 9.17723261e-03, 1.73563487e-02, 2.87048923e-02, 4.07316179e-02,
   5.07104396e-02, 5.77843080e-02, 6.25292246e-02, 6.57785935e-02,
   6.81276681e-02, 6.99224033e-02, 7.13537999e-02],
 [-9.62131124e-18, 8.24683820e-18,-1.37447303e-18, 6.04768135e-17,
  -7.33052285e-18, 3.84852450e-17,-6.68543684e-17,-7.81922437e-17,
   1.43618407e-17,-5.49789214e-17,-1.30320406e-16],
 [ 1.51192034e-17, 5.22299753e-17, 1.78681494e-17,-1.64936764e-17,
  -3.17655990e-17,-4.39831371e-17,-9.14849251e-17, 6.35311980e-17,
  -2.87236814e-17, 4.94810292e-17, 8.68802708e-17],
 [ 1.09957843e-17, 4.39831371e-17, 1.09957843e-17, 2.19915685e-17,
  -1.95480609e-17,-6.59747056e-17,-8.44476232e-17, 3.90961219e-17,
  -2.87236814e-17, 4.39831371e-17, 6.95042166e-17],
 [ 0.00000000e+00, 0.00000000e+00, 0.00000000e+00, 0.00000000e+00,
   0.00000000e+00, 0.00000000e+00, 0.00000000e+00, 0.00000000e+00,
   0.00000000e+00, 0.00000000e+00, 0.00000000e+00],
 [ 0.00000000e+00, 0.00000000e+00, 0.00000000e+00, 0.00000000e+00,
   0.00000000e+00, 0.00000000e+00, 0.00000000e+00, 0.00000000e+00,
   0.00000000e+00, 0.00000000e+00, 0.00000000e+00],
 [ 0.00000000e+00, 0.00000000e+00, 0.00000000e+00, 0.00000000e+00,
   0.00000000e+00, 0.00000000e+00, 0.00000000e+00, 0.00000000e+00,
   0.00000000e+00, 0.00000000e+00, 0.00000000e+00],
 [ 0.00000000e+00, 0.00000000e+00, 0.00000000e+00, 0.00000000e+00,
   0.00000000e+00, 0.00000000e+00, 0.00000000e+00, 0.00000000e+00,
   0.00000000e+00, 0.00000000e+00, 0.00000000e+00],
 [ 0.00000000e+00, 0.00000000e+00, 0.00000000e+00, 0.00000000e+00,
   0.00000000e+00, 0.00000000e+00, 0.00000000e+00, 0.00000000e+00,
   0.00000000e+00, 0.00000000e+00, 0.00000000e+00],
 [ 0.00000000e+00, 0.00000000e+00, 0.00000000e+00, 0.00000000e+00,
   0.00000000e+00, 0.00000000e+00, 0.00000000e+00, 0.00000000e+00,
   0.00000000e+00, 0.00000000e+00, 0.00000000e+00]]
measureGC
[1.        ,1.05208498,0.9182236 ,0.98951375,0.93642108,1.03505086,
 1.0130397 ,0.96110575,1.07060471,1.0952381 ,1.09255369,1.09845938,
 1.13818861,1.06149126,0.96638655,1.10651261,1.1355042 ,1.21335201,
 0.942959  ,0.86330532]
measureAPL
[1.        ,0.97058824,0.76470588,0.58823529,0.47058824,0.23529412,
 0.20588235,0.20588235,0.11764706,0.11764706,0.08823529,0.05882353,
 0.05882353,0.05882353,0.02941176,0.02941176,0.02941176,0.02941176,
 0.02941176,0.02941176]

Centrality
Tq
[[ 1.29622007e+00, 1.21726936e+00, 1.11571025e+00, 1.00612771e+00,
   9.11722527e-01, 8.40980417e-01, 7.89782826e-01, 7.52057980e-01,
   7.23370636e-01, 7.00883444e-01, 6.82796945e-01],
 [ 7.39695178e-01, 9.45790673e-01, 9.85568477e-01, 9.35150722e-01,
   8.68334894e-01, 8.10938202e-01, 7.66212908e-01, 7.31745398e-01,
   7.04842642e-01, 6.83456179e-01, 6.66138824e-01],
 [ 8.51819073e-01, 1.09826479e+00, 1.16202315e+00, 1.13841146e+00,
   1.09709091e+00, 1.05880989e+00, 1.02776033e+00, 1.00332082e+00,
   9.84006488e-01, 9.68517045e-01, 9.55886616e-01],
 [ 3.70622781e-01, 7.45097619e-01, 9.09386353e-01, 9.11464417e-01,
   8.78325898e-01, 8.43936446e-01, 8.15274453e-01, 7.92605311e-01,
   7.74783036e-01, 7.60639554e-01, 7.49258354e-01],
 [ 2.84833207e-01, 4.51236285e-01, 5.17513297e-01, 5.18253334e-01,
   5.02282900e-01, 4.85572325e-01, 4.71586405e-01, 4.60489346e-01,
   4.51751983e-01, 4.44823010e-01, 4.39262915e-01],
 [ 9.52077909e-02, 2.06206002e-01, 3.13029559e-01, 3.68983077e-01,
   3.93631616e-01, 4.06589792e-01, 4.15094902e-01, 4.21402464e-01,
   4.26298898e-01, 4.30153476e-01, 4.33202773e-01],
 [ 1.02594377e-01, 1.65657580e-01, 2.14139008e-01, 2.34807647e-01,
   2.37047165e-01, 2.31659858e-01, 2.24152331e-01, 2.16674299e-01,
   2.09924990e-01, 2.04048842e-01, 1.98996220e-01],
 [ 6.32069608e-02, 1.12507614e-01, 1.60186085e-01, 1.88235419e-01,
   1.98528545e-01, 1.99961824e-01, 1.98058510e-01, 1.95187181e-01,
   1.92246268e-01, 1.89547582e-01, 1.87175874e-01],
 [ 7.70519418e-02, 1.31861388e-01, 1.83251884e-01, 2.14809632e-01,
   2.28302709e-01, 2.31616395e-01, 2.30281604e-01, 2.27083368e-01,
   2.23292744e-01, 2.19477265e-01, 2.15884570e-01],
 [ 3.74125153e-02, 6.86131062e-02, 1.07220795e-01, 1.42240308e-01,
   1.66624121e-01, 1.81220287e-01, 1.89481160e-01, 1.94057122e-01,
   1.96516228e-01, 1.97754865e-01, 1.98296588e-01],
 [ 1.05117691e-02, 2.00265562e-02, 3.37910994e-02, 4.95107259e-02,
   6.37748230e-02, 7.48583903e-02, 8.30191155e-02, 8.91339901e-02,
   9.39125504e-02, 9.77905861e-02, 1.01020531e-01],
 [-2.74894607e-18, 1.64936764e-17,-5.49789214e-18, 9.34641663e-17,
  -9.77403046e-18, 7.69704899e-17,-9.85222271e-17,-4.88701523e-17,
  -2.15427610e-17, 5.49789214e-17,-9.55682979e-17],
 [ 1.92426225e-17, 7.14725978e-17, 1.09957843e-17, 1.64936764e-17,
  -1.95480609e-17,-9.34641663e-17,-9.85222271e-17, 3.90961219e-17,
  -6.46282831e-17, 4.39831371e-17, 9.55682979e-17],
 [ 1.23702573e-17, 5.77278674e-17, 1.23702573e-17, 3.29873528e-17,
  -2.19915685e-17,-8.24683820e-17,-1.05559529e-16, 4.39831371e-17,
  -4.30855220e-17, 4.94810292e-17, 7.81922437e-17],
 [ 0.00000000e+00, 0.00000000e+00, 0.00000000e+00, 0.00000000e+00,
   0.00000000e+00, 0.00000000e+00, 0.00000000e+00, 0.00000000e+00,
   0.00000000e+00, 0.00000000e+00, 0.00000000e+00],
 [ 0.00000000e+00, 0.00000000e+00, 0.00000000e+00, 0.00000000e+00,
   0.00000000e+00, 0.00000000e+00, 0.00000000e+00, 0.00000000e+00,
   0.00000000e+00, 0.00000000e+00, 0.00000000e+00],
 [ 0.00000000e+00, 0.00000000e+00, 0.00000000e+00, 0.00000000e+00,
   0.00000000e+00, 0.00000000e+00, 0.00000000e+00, 0.00000000e+00,
   0.00000000e+00, 0.00000000e+00, 0.00000000e+00],
 [ 0.00000000e+00, 0.00000000e+00, 0.00000000e+00, 0.00000000e+00,
   0.00000000e+00, 0.00000000e+00, 0.00000000e+00, 0.00000000e+00,
   0.00000000e+00, 0.00000000e+00, 0.00000000e+00],
 [ 0.00000000e+00, 0.00000000e+00, 0.00000000e+00, 0.00000000e+00,
   0.00000000e+00, 0.00000000e+00, 0.00000000e+00, 0.00000000e+00,
   0.00000000e+00, 0.00000000e+00, 0.00000000e+00],
 [ 0.00000000e+00, 0.00000000e+00, 0.00000000e+00, 0.00000000e+00,
   0.00000000e+00, 0.00000000e+00, 0.00000000e+00, 0.00000000e+00,
   0.00000000e+00, 0.00000000e+00, 0.00000000e+00]]
measureGC
[1.        ,1.06187123,1.06136821,1.16463487,1.10509209,0.76458753,
 0.79678068,0.49798793,0.51911469,0.49798793,0.18108652,0.18108652,
 0.15090543,0.15090543,0.30181087,0.30181087,0.30181087,0.30181087,
 0.30181087,0.30181087]
measureAPL
[1.        ,0.79411765,0.76470588,0.58823529,0.29411765,0.23529412,
 0.14705882,0.14705882,0.11764706,0.11764706,0.08823529,0.05882353,
 0.05882353,0.05882353,0.02941176,0.02941176,0.02941176,0.02941176,
 0.02941176,0.02941176]