PercentOfNodes
[0.  ,0.05,0.1 ,0.15,0.2 ,0.25,0.3 ,0.35,0.4 ,0.45,0.5 ,0.55,0.6 ,0.65,
 0.7 ,0.75,0.8 ,0.85,0.9 ]

RandomAttack
Tq
[[1.3150695 ,1.24779081,1.17148438,1.09642887,1.03263057,0.98214177,
  0.94284846,0.91203508,0.88746767,0.86751662,0.85103361],
 [1.3011468 ,1.22662448,1.13220165,1.0331824 ,0.94911665,0.88569368,
  0.83904633,0.80410893,0.77718182,0.75585758,0.73857676],
 [1.27054174,1.19762135,1.10609051,1.00723487,0.91949002,0.85098952,
  0.79969223,0.76106268,0.7313388 ,0.70791053,0.68903085],
 [1.26431466,1.19590029,1.11363461,1.02553282,0.94705059,0.88552766,
  0.83909431,0.80373415,0.7761883 ,0.7542158 ,0.73631666],
 [1.19273413,1.12658555,1.05139674,0.9750039 ,0.9061707 ,0.84931124,
  0.8042981 ,0.76898405,0.74104162,0.71858994,0.70024577],
 [1.20967164,1.14906699,1.07921117,1.00779406,0.94433   ,0.89292349,
  0.85272888,0.82131482,0.79642926,0.77637648,0.75994556],
 [1.19895491,1.13036787,1.04888948,0.96171999,0.88304118,0.82070859,
  0.77367427,0.73812971,0.71071997,0.68906944,0.671578  ],
 [1.18999854,1.13196104,1.06406823,0.99564061,0.93676449,0.89028243,
  0.85420546,0.82587932,0.80323773,0.78482284,0.76961219],
 [1.13666714,1.07662214,1.01029056,0.94354409,0.88432677,0.83653078,
  0.79933074,0.77037068,0.74749704,0.72910118,0.71404159],
 [1.1113658 ,1.05124371,0.97873311,0.90304956,0.83582524,0.78196202,
  0.74024051,0.70780918,0.68218907,0.66157488,0.64469976],
 [1.17954029,1.11572845,1.04415416,0.97185001,0.90819233,0.85710241,
  0.81751358,0.78684882,0.76275569,0.74347511,0.72776348],
 [0.78557087,0.85074205,0.86014   ,0.83276304,0.79473481,0.75923344,
  0.72977353,0.70608464,0.68703527,0.67154954,0.65878712],
 [0.78860968,0.85702999,0.86977682,0.83721133,0.79223264,0.75236697,
  0.72072463,0.69605041,0.67663687,0.66111885,0.64850693],
 [0.79004999,0.85214727,0.85893831,0.82594207,0.78384124,0.74777007,
  0.71963514,0.69783911,0.68068318,0.66690794,0.65563731],
 [0.7765601 ,0.8158325 ,0.81170568,0.77905225,0.74042445,0.70626423,
  0.67845774,0.65620513,0.63831713,0.62377595,0.61180324],
 [0.69167031,0.72888426,0.73739853,0.72050282,0.6935584 ,0.66675671,
  0.64360346,0.62448153,0.60883122,0.59596079,0.58527281],
 [0.74379828,0.77244922,0.76592603,0.73766514,0.70488217,0.67580883,
  0.65213715,0.63327515,0.61821036,0.60604293,0.59607767],
 [0.6711321 ,0.71254853,0.73073547,0.72835248,0.71522477,0.69932347,
  0.68433948,0.67133648,0.66033782,0.65106709,0.64321312],
 [0.53466829,0.63202033,0.67292155,0.67486587,0.66290786,0.64825835,
  0.63472425,0.62317096,0.61352459,0.60548517,0.59874634],
 [0.51462748,0.62160224,0.67182132,0.67521208,0.66053466,0.64301348,
  0.62726641,0.61400217,0.60294929,0.59369852,0.58589273]]
measureGC
[1.        ,0.97058824,0.94117647,0.91176471,0.88235294,0.85294118,
 0.82352941,0.79411765,0.76470588,0.73529412,0.70588235,0.55882353,
 0.52941176,0.5       ,0.47058824,0.44117647,0.41176471,0.38235294,
 0.32352941,0.32352941]
measureAPL
[1.        ,1.05646333,1.11632289,1.00603318,1.10109498,1.13139542,
 0.98924731,1.03797074,0.97980859,1.01410935,0.94963585,0.99859944,
 1.35294118,1.14585834,1.18309142,1.15563725,1.0952381 ,0.94408533,
 1.0200747 ,1.30692277]

Degree
Tq
[[ 1.31699016e+00, 1.24382823e+00, 1.15357140e+00, 1.06025747e+00,
   9.80974874e-01, 9.20279687e-01, 8.74840039e-01, 8.40332859e-01,
   8.13482808e-01, 7.92077402e-01, 7.74643596e-01],
 [ 1.46652331e+00, 1.37248963e+00, 1.26014974e+00, 1.14345333e+00,
   1.04354749e+00, 9.67699481e-01, 9.11785441e-01, 8.69987254e-01,
   8.37926593e-01, 8.12696147e-01, 7.92390122e-01],
 [ 8.74157231e-01, 1.10952825e+00, 1.15308467e+00, 1.11659631e+00,
   1.06721688e+00, 1.02251283e+00, 9.85895049e-01, 9.56690704e-01,
   9.33373119e-01, 9.14541508e-01, 8.99113044e-01],
 [ 2.62383058e-01, 6.30612689e-01, 8.64647097e-01, 9.06919929e-01,
   8.93562997e-01, 8.69542537e-01, 8.46646509e-01, 8.27484718e-01,
   8.11991653e-01, 7.99492714e-01, 7.89315599e-01],
 [ 3.00299880e-01, 4.93628012e-01, 5.73847080e-01, 5.76776421e-01,
   5.58162905e-01, 5.36754933e-01, 5.17389014e-01, 5.01025121e-01,
   4.87509792e-01, 4.76402708e-01, 4.67245072e-01],
 [ 1.27675294e-01, 2.44942878e-01, 3.45066517e-01, 3.96151592e-01,
   4.18250607e-01, 4.29070845e-01, 4.35390341e-01, 4.39458514e-01,
   4.42149488e-01, 4.43913960e-01, 4.45037675e-01],
 [ 9.85442241e-02, 1.59382426e-01, 2.05585165e-01, 2.22544835e-01,
   2.22388217e-01, 2.16289603e-01, 2.09087445e-01, 2.02391886e-01,
   1.96601587e-01, 1.91710680e-01, 1.87598937e-01],
 [ 5.04497717e-02, 1.06104061e-01, 1.69416022e-01, 2.09700513e-01,
   2.25191557e-01, 2.27452456e-01, 2.24866897e-01, 2.20990232e-01,
   2.17051546e-01, 2.13428908e-01, 2.10208428e-01],
 [ 6.21899323e-02, 1.26138911e-01, 1.95829934e-01, 2.41498132e-01,
   2.61135449e-01, 2.66660715e-01, 2.66494128e-01, 2.64365788e-01,
   2.61738356e-01, 2.59169750e-01, 2.56859680e-01],
 [ 3.98149930e-02, 7.45889405e-02, 1.13800263e-01, 1.44981203e-01,
   1.64388894e-01, 1.74972995e-01, 1.80431295e-01, 1.83146124e-01,
   1.84401207e-01, 1.84874708e-01, 1.84934065e-01],
 [ 3.24313532e-02, 6.92276521e-02, 1.21316585e-01, 1.69571397e-01,
   1.99638385e-01, 2.13967099e-01, 2.19591239e-01, 2.21085181e-01,
   2.20705859e-01, 2.19512500e-01, 2.18009792e-01],
 [-1.09957843e-17, 1.37447303e-17,-2.74894607e-18, 6.04768135e-17,
  -4.88701523e-18, 6.04768135e-17,-4.92611135e-17,-1.07514335e-16,
  -3.59046017e-17,-1.09957843e-17,-9.55682979e-17],
 [ 2.06170955e-17, 6.87236517e-17, 9.62131124e-18, 5.49789214e-18,
  -1.71045533e-17,-8.79662742e-17,-8.44476232e-17, 3.42091066e-17,
  -6.46282831e-17, 3.84852450e-17, 9.55682979e-17],
 [ 9.62131124e-18, 5.22299753e-17, 6.87236517e-18, 2.74894607e-17,
  -1.22175381e-17,-6.59747056e-17,-7.74103213e-17, 2.44350762e-17,
  -5.02664424e-17, 2.74894607e-17, 5.21281625e-17],
 [ 0.00000000e+00, 0.00000000e+00, 0.00000000e+00, 0.00000000e+00,
   0.00000000e+00, 0.00000000e+00, 0.00000000e+00, 0.00000000e+00,
   0.00000000e+00, 0.00000000e+00, 0.00000000e+00],
 [ 0.00000000e+00, 0.00000000e+00, 0.00000000e+00, 0.00000000e+00,
   0.00000000e+00, 0.00000000e+00, 0.00000000e+00, 0.00000000e+00,
   0.00000000e+00, 0.00000000e+00, 0.00000000e+00],
 [ 0.00000000e+00, 0.00000000e+00, 0.00000000e+00, 0.00000000e+00,
   0.00000000e+00, 0.00000000e+00, 0.00000000e+00, 0.00000000e+00,
   0.00000000e+00, 0.00000000e+00, 0.00000000e+00],
 [ 0.00000000e+00, 0.00000000e+00, 0.00000000e+00, 0.00000000e+00,
   0.00000000e+00, 0.00000000e+00, 0.00000000e+00, 0.00000000e+00,
   0.00000000e+00, 0.00000000e+00, 0.00000000e+00],
 [ 0.00000000e+00, 0.00000000e+00, 0.00000000e+00, 0.00000000e+00,
   0.00000000e+00, 0.00000000e+00, 0.00000000e+00, 0.00000000e+00,
   0.00000000e+00, 0.00000000e+00, 0.00000000e+00],
 [ 0.00000000e+00, 0.00000000e+00, 0.00000000e+00, 0.00000000e+00,
   0.00000000e+00, 0.00000000e+00, 0.00000000e+00, 0.00000000e+00,
   0.00000000e+00, 0.00000000e+00, 0.00000000e+00]]
measureGC
[1.        ,1.05646333,1.11632289,1.00603318,1.10109498,1.13139542,
 0.98924731,1.03797074,0.97980859,1.01410935,0.94963585,0.99859944,
 1.35294118,1.14585834,1.18309142,1.15563725,1.0952381 ,0.94408533,
 1.0200747 ,1.30692277]
measureAPL
[1.        ,0.97058824,0.76470588,0.58823529,0.29411765,0.23529412,
 0.14705882,0.14705882,0.14705882,0.11764706,0.11764706,0.05882353,
 0.05882353,0.05882353,0.02941176,0.02941176,0.02941176,0.02941176,
 0.02941176,0.02941176]

Centrality
Tq
[[ 1.29769272e+00, 1.21835616e+00, 1.11404058e+00, 9.99129879e-01,
   8.99355245e-01, 8.24535711e-01, 7.70392444e-01, 7.30525840e-01,
   7.00256538e-01, 6.76579875e-01, 6.57583082e-01],
 [ 7.32672072e-01, 9.45845435e-01, 9.84366799e-01, 9.33087711e-01,
   8.65662771e-01, 8.07960713e-01, 7.63288534e-01, 7.29080336e-01,
   7.02512479e-01, 6.81467761e-01, 6.64469777e-01],
 [ 8.23167906e-01, 1.10038506e+00, 1.16712523e+00, 1.14285123e+00,
   1.10049401e+00, 1.06150177e+00, 1.03006635e+00, 1.00541143e+00,
   9.85955693e-01, 9.70357158e-01, 9.57634014e-01],
 [ 3.71297165e-01, 7.45648690e-01, 9.09553917e-01, 9.11058076e-01,
   8.77500021e-01, 8.42842625e-01, 8.13999442e-01, 7.91198007e-01,
   7.73278333e-01, 7.59065290e-01, 7.47636899e-01],
 [ 2.83696075e-01, 4.48088926e-01, 5.14290355e-01, 5.16818877e-01,
   5.03513185e-01, 4.89490213e-01, 4.77737836e-01, 4.68356133e-01,
   4.60907998e-01, 4.54949027e-01, 4.50125649e-01],
 [ 9.71245680e-02, 2.05430962e-01, 3.12452936e-01, 3.68815290e-01,
   3.92751815e-01, 4.04391209e-01, 4.11399169e-01, 4.16244108e-01,
   4.19808236e-01, 4.22494259e-01, 4.24539258e-01],
 [ 1.01425149e-01, 1.66258748e-01, 2.12975627e-01, 2.31072794e-01,
   2.31806899e-01, 2.25755625e-01, 2.17962586e-01, 2.10331091e-01,
   2.03463230e-01, 1.97472966e-01, 1.92304954e-01],
 [ 6.24703915e-02, 1.12507614e-01, 1.61455687e-01, 1.90351532e-01,
   2.00769590e-01, 2.01977433e-01, 1.99757503e-01, 1.96586554e-01,
   1.93396168e-01, 1.90500492e-01, 1.87976296e-01],
 [ 7.58252329e-02, 1.29571876e-01, 1.78958495e-01, 2.09628764e-01,
   2.23320697e-01, 2.27128794e-01, 2.26257240e-01, 2.23439637e-01,
   2.19963907e-01, 2.16418313e-01, 2.13063435e-01],
 [ 3.82702281e-02, 6.86131062e-02, 1.05190383e-01, 1.38780826e-01,
   1.63327740e-01, 1.78775143e-01, 1.87997305e-01, 1.93529151e-01,
   1.96938975e-01, 1.99121763e-01, 2.00585499e-01],
 [ 1.20275205e-02, 2.26967637e-02, 3.80152017e-02, 5.52038756e-02,
   7.02630277e-02, 8.14297710e-02, 8.92596291e-02, 9.48871130e-02,
   9.91575298e-02, 1.02561896e-01, 1.05369371e-01],
 [-4.12341910e-18, 8.24683820e-18,-5.49789214e-18, 8.24683820e-17,
  -9.77403046e-18, 8.24683820e-17,-9.14849251e-17,-7.81922437e-17,
  -5.02664424e-17, 7.69704899e-17,-7.81922437e-17],
 [ 2.06170955e-17, 6.87236517e-17, 1.51192034e-17, 1.64936764e-17,
  -2.68785838e-17,-9.89620584e-17,-1.12596831e-16, 5.37571676e-17,
  -5.02664424e-17, 6.04768135e-17, 1.12944352e-16],
 [ 1.51192034e-17, 5.22299753e-17, 1.23702573e-17, 1.64936764e-17,
  -2.19915685e-17,-7.69704899e-17,-9.14849251e-17, 4.39831371e-17,
  -3.59046017e-17, 4.94810292e-17, 8.68802708e-17],
 [ 0.00000000e+00, 0.00000000e+00, 0.00000000e+00, 0.00000000e+00,
   0.00000000e+00, 0.00000000e+00, 0.00000000e+00, 0.00000000e+00,
   0.00000000e+00, 0.00000000e+00, 0.00000000e+00],
 [ 0.00000000e+00, 0.00000000e+00, 0.00000000e+00, 0.00000000e+00,
   0.00000000e+00, 0.00000000e+00, 0.00000000e+00, 0.00000000e+00,
   0.00000000e+00, 0.00000000e+00, 0.00000000e+00],
 [ 0.00000000e+00, 0.00000000e+00, 0.00000000e+00, 0.00000000e+00,
   0.00000000e+00, 0.00000000e+00, 0.00000000e+00, 0.00000000e+00,
   0.00000000e+00, 0.00000000e+00, 0.00000000e+00],
 [ 0.00000000e+00, 0.00000000e+00, 0.00000000e+00, 0.00000000e+00,
   0.00000000e+00, 0.00000000e+00, 0.00000000e+00, 0.00000000e+00,
   0.00000000e+00, 0.00000000e+00, 0.00000000e+00],
 [ 0.00000000e+00, 0.00000000e+00, 0.00000000e+00, 0.00000000e+00,
   0.00000000e+00, 0.00000000e+00, 0.00000000e+00, 0.00000000e+00,
   0.00000000e+00, 0.00000000e+00, 0.00000000e+00],
 [ 0.00000000e+00, 0.00000000e+00, 0.00000000e+00, 0.00000000e+00,
   0.00000000e+00, 0.00000000e+00, 0.00000000e+00, 0.00000000e+00,
   0.00000000e+00, 0.00000000e+00, 0.00000000e+00]]
measureGC
[1.        ,1.13269928,1.0390625 ,1.41875   ,0.61391129,0.87946429,
 0.540625  ,0.48125   ,0.59375   ,0.5       ,0.28125   ,0.140625  ,
 0.03125   ,0.03125   ,0.3125    ,0.3125    ,0.3125    ,0.3125    ,
 0.3125    ,0.3125    ]
measureAPL
[1.        ,0.79411765,0.76470588,0.58823529,0.29411765,0.23529412,
 0.14705882,0.14705882,0.11764706,0.11764706,0.08823529,0.05882353,
 0.05882353,0.05882353,0.02941176,0.02941176,0.02941176,0.02941176,
 0.02941176,0.02941176]