PercentOfNodes
[0.  ,0.05,0.1 ,0.15,0.2 ,0.25,0.3 ,0.35,0.4 ,0.45,0.5 ,0.55,0.6 ,0.65,
 0.7 ,0.75,0.8 ,0.85,0.9 ]

RandomAttack
Tq
[[1.3150695 ,1.24779081,1.17148438,1.09642887,1.03263057,0.98214177,
  0.94284846,0.91203508,0.88746767,0.86751662,0.85103361],
 [1.30587967,1.22450339,1.12210035,1.01523425,0.92409796,0.85471001,
  0.8033134 ,0.76470821,0.73498768,0.71154249,0.69264545],
 [1.28702778,1.20777221,1.10818168,1.00102995,0.9077241 ,0.83650059,
  0.78392149,0.74459454,0.71442246,0.69067347,0.67155122],
 [1.28047069,1.20654233,1.1199323 ,1.03464055,0.96383499,0.90970676,
  0.86886972,0.83759262,0.81310835,0.79352411,0.77755197],
 [1.24946185,1.18001496,1.0990872 ,1.01760389,0.94750095,0.89281707,
  0.85135219,0.81959638,0.79474146,0.77484725,0.75860309],
 [1.2352605 ,1.17712983,1.10395619,1.02359829,0.95048003,0.89204219,
  0.8474132 ,0.81325322,0.78662814,0.76544575,0.74827094],
 [1.20692026,1.13523856,1.04946965,0.96226052,0.88798808,0.83080216,
  0.78790977,0.75537034,0.73010972,0.71002821,0.69372208],
 [1.17110788,1.11645886,1.05251922,0.98694941,0.92802139,0.87965245,
  0.84147099,0.81148789,0.78771774,0.76860392,0.75300477],
 [1.17520407,1.11741038,1.05166352,0.98365432,0.92216357,0.87228158,
  0.83367396,0.80388055,0.78053217,0.76186678,0.74665545],
 [1.16625393,1.10519429,1.03023766,0.9498032 ,0.87731724,0.81947545,
  0.77536759,0.74171263,0.71557025,0.69482295,0.67802074],
 [1.15293507,1.09608104,1.02996062,0.96067965,0.8985248 ,0.84875285,
  0.81053961,0.78117761,0.75823406,0.73993772,0.72506168],
 [1.0983114 ,1.04707724,0.98954452,0.92912611,0.87247716,0.82496846,
  0.78748589,0.75836972,0.73558325,0.71746623,0.70280684],
 [1.08260664,1.02919181,0.9682602 ,0.90426672,0.84485416,0.79542171,
  0.75654321,0.72632823,0.7026129 ,0.68367791,0.66828744],
 [1.01784857,0.96892483,0.91478454,0.86036214,0.81142097,0.77136581,
  0.7401274 ,0.71595663,0.69700952,0.68185786,0.66949307],
 [1.12167346,1.06981939,1.01466517,0.96129692,0.91470521,0.87667226,
  0.84627305,0.82186681,0.80201932,0.78565333,0.77198392],
 [1.17162185,1.11600678,1.05275034,0.99108434,0.93890118,0.89775284,
  0.86585556,0.84094241,0.82117391,0.80521404,0.79211593],
 [1.1685333 ,1.10349118,1.02533351,0.94704881,0.8821746 ,0.83325761,
  0.79687898,0.76934857,0.74800954,0.73108873,0.71740113],
 [1.18125367,1.11510739,1.03548693,0.95836599,0.89729922,0.8531212 ,
  0.82125489,0.79759973,0.77946057,0.76515304,0.75360383],
 [0.35865951,0.57976727,0.6822325 ,0.67617627,0.64901627,0.62468457,
  0.6054111 ,0.59026669,0.57820885,0.5684454 ,0.56040898],
 [0.35425968,0.57586989,0.68985643,0.68013723,0.6428773 ,0.60974461,
  0.58406539,0.56431026,0.54884525,0.53648416,0.5264103 ]]
measureGC
[1.        ,0.97058824,0.94117647,0.91176471,0.88235294,0.85294118,
 0.82352941,0.79411765,0.76470588,0.73529412,0.70588235,0.67647059,
 0.64705882,0.61764706,0.58823529,0.55882353,0.52941176,0.5       ,
 0.35294118,0.32352941]
measureAPL
[1.        ,1.04600708,1.13931889,1.06385118,1.11671335,1.14915966,
 1.14463119,1.13984055,1.05165596,1.01240496,1.07080073,1.10027136,
 0.97497666,1.22593037,1.16161616,1.08629007,1.03940243,1.19831933,
 0.90764541,0.77310924]

Degree
Tq
[[ 1.30615337e+00, 1.22919032e+00, 1.13405053e+00, 1.03601203e+00,
   9.53340845e-01, 8.90433718e-01, 8.43500113e-01, 8.07893361e-01,
   7.80168287e-01, 7.58035936e-01, 7.39987829e-01],
 [ 1.46418056e+00, 1.36459648e+00, 1.24686018e+00, 1.12636026e+00,
   1.02461359e+00, 9.48052138e-01, 8.91896554e-01, 8.50068968e-01,
   8.18091646e-01, 7.93005725e-01, 7.72873530e-01],
 [ 8.69095443e-01, 1.10857372e+00, 1.15449235e+00, 1.12218870e+00,
   1.07632700e+00, 1.03427033e+00, 9.99580424e-01, 9.71777922e-01,
   9.49493835e-01, 9.31438008e-01, 9.16602449e-01],
 [ 2.95312973e-01, 6.40968596e-01, 8.54252831e-01, 8.90745134e-01,
   8.74325407e-01, 8.47676580e-01, 8.22497654e-01, 8.01458005e-01,
   7.84461680e-01, 7.70765454e-01, 7.59629411e-01],
 [ 3.04684977e-01, 4.91292729e-01, 5.73742812e-01, 5.76775387e-01,
   5.56650277e-01, 5.33780754e-01, 5.13452215e-01, 4.96536571e-01,
   4.82719124e-01, 4.71445776e-01, 4.62192886e-01],
 [ 1.22796551e-01, 2.34789533e-01, 3.35611249e-01, 3.88678507e-01,
   4.12009222e-01, 4.23626442e-01, 4.30514693e-01, 4.35009761e-01,
   4.38024829e-01, 4.40032381e-01, 4.41334059e-01],
 [ 9.61501140e-02, 1.56701803e-01, 2.00287860e-01, 2.16367123e-01,
   2.16831536e-01, 2.11904208e-01, 2.05816896e-01, 1.99980733e-01,
   1.94792992e-01, 1.90305067e-01, 1.86457208e-01],
 [ 9.23880365e-02, 1.55442031e-01, 2.12691799e-01, 2.44731280e-01,
   2.54611085e-01, 2.53812310e-01, 2.49534138e-01, 2.44745922e-01,
   2.40448311e-01, 2.36886674e-01, 2.34041773e-01],
 [ 5.63245966e-02, 1.17277729e-01, 1.84610924e-01, 2.27319941e-01,
   2.44382932e-01, 2.48039616e-01, 2.46509751e-01, 2.43334915e-01,
   2.39874008e-01, 2.36625736e-01, 2.33751185e-01],
 [ 4.15492798e-02, 7.78039004e-02, 1.22332016e-01, 1.60791936e-01,
   1.86022270e-01, 2.00388767e-01, 2.08208512e-01, 2.12426137e-01,
   2.14680051e-01, 2.15858106e-01, 2.16450768e-01],
 [ 1.29127800e-02, 2.40318674e-02, 3.92527889e-02, 5.57100412e-02,
   6.99663771e-02, 8.06205059e-02, 8.82217556e-02, 9.37905211e-02,
   9.80838333e-02, 1.01544631e-01, 1.04419213e-01],
 [-6.87236517e-18, 2.19915685e-17, 5.49789214e-18, 9.89620584e-17,
  -9.77403046e-18, 6.59747056e-17,-7.03730193e-17,-6.84182132e-17,
   2.87236814e-17,-1.09957843e-17,-1.30320406e-16],
 [ 9.62131124e-18, 7.42215438e-17, 1.23702573e-17, 2.74894607e-17,
  -1.22175381e-17,-5.49789214e-17,-9.85222271e-17, 2.44350762e-17,
  -7.18092034e-17, 3.84852450e-17, 5.21281625e-17],
 [ 1.64936764e-17, 4.94810292e-17, 1.37447303e-17, 1.09957843e-17,
  -2.44350762e-17,-7.69704899e-17,-9.14849251e-17, 4.88701523e-17,
  -2.87236814e-17, 5.49789214e-17, 9.55682979e-17],
 [ 0.00000000e+00, 0.00000000e+00, 0.00000000e+00, 0.00000000e+00,
   0.00000000e+00, 0.00000000e+00, 0.00000000e+00, 0.00000000e+00,
   0.00000000e+00, 0.00000000e+00, 0.00000000e+00],
 [ 0.00000000e+00, 0.00000000e+00, 0.00000000e+00, 0.00000000e+00,
   0.00000000e+00, 0.00000000e+00, 0.00000000e+00, 0.00000000e+00,
   0.00000000e+00, 0.00000000e+00, 0.00000000e+00],
 [ 0.00000000e+00, 0.00000000e+00, 0.00000000e+00, 0.00000000e+00,
   0.00000000e+00, 0.00000000e+00, 0.00000000e+00, 0.00000000e+00,
   0.00000000e+00, 0.00000000e+00, 0.00000000e+00],
 [ 0.00000000e+00, 0.00000000e+00, 0.00000000e+00, 0.00000000e+00,
   0.00000000e+00, 0.00000000e+00, 0.00000000e+00, 0.00000000e+00,
   0.00000000e+00, 0.00000000e+00, 0.00000000e+00],
 [ 0.00000000e+00, 0.00000000e+00, 0.00000000e+00, 0.00000000e+00,
   0.00000000e+00, 0.00000000e+00, 0.00000000e+00, 0.00000000e+00,
   0.00000000e+00, 0.00000000e+00, 0.00000000e+00],
 [ 0.00000000e+00, 0.00000000e+00, 0.00000000e+00, 0.00000000e+00,
   0.00000000e+00, 0.00000000e+00, 0.00000000e+00, 0.00000000e+00,
   0.00000000e+00, 0.00000000e+00, 0.00000000e+00]]
measureGC
[1.        ,1.04600708,1.13931889,1.06385118,1.11671335,1.14915966,
 1.14463119,1.13984055,1.05165596,1.01240496,1.07080073,1.10027136,
 0.97497666,1.22593037,1.16161616,1.08629007,1.03940243,1.19831933,
 0.90764541,0.77310924]
measureAPL
[1.        ,0.97058824,0.76470588,0.58823529,0.29411765,0.23529412,
 0.14705882,0.14705882,0.14705882,0.11764706,0.08823529,0.05882353,
 0.05882353,0.05882353,0.02941176,0.02941176,0.02941176,0.02941176,
 0.02941176,0.02941176]

Centrality
Tq
[[ 1.30895260e+00, 1.23393147e+00, 1.13465886e+00, 1.02319778e+00,
   9.24186781e-01, 8.48716009e-01, 7.93618147e-01, 7.52871783e-01,
   7.21870134e-01, 6.97600525e-01, 6.78126493e-01],
 [ 7.54911114e-01, 9.56892971e-01, 9.87377913e-01, 9.36815731e-01,
   8.76241963e-01, 8.25587365e-01, 7.86200899e-01, 7.55688915e-01,
   7.31706745e-01, 7.12503591e-01, 6.96843876e-01],
 [ 8.60730689e-01, 1.11551284e+00, 1.17235227e+00, 1.13917899e+00,
   1.08881170e+00, 1.04294173e+00, 1.00582984e+00, 9.76584928e-01,
   9.53434187e-01, 9.34840368e-01, 9.19656461e-01],
 [ 3.34346127e-01, 7.30810368e-01, 9.00777398e-01, 9.03019149e-01,
   8.69409497e-01, 8.33989423e-01, 8.04112203e-01, 7.80249588e-01,
   7.61329556e-01, 7.46206611e-01, 7.33967409e-01],
 [ 2.86612267e-01, 4.49996667e-01, 5.20139658e-01, 5.23928437e-01,
   5.10120637e-01, 4.94363618e-01, 4.80345989e-01, 4.68673197e-01,
   4.59142258e-01, 4.51371303e-01, 4.44991914e-01],
 [ 1.01525373e-01, 2.09102911e-01, 3.11879559e-01, 3.65105487e-01,
   3.87328858e-01, 3.98106765e-01, 4.04770256e-01, 4.09565475e-01,
   4.13222044e-01, 4.16047612e-01, 4.18228196e-01],
 [ 9.17098689e-02, 1.56881561e-01, 2.05615457e-01, 2.24528589e-01,
   2.24987064e-01, 2.18385085e-01, 2.10097893e-01, 2.02117596e-01,
   1.95046262e-01, 1.88967112e-01, 1.83789304e-01],
 [ 6.56178535e-02, 1.15330134e-01, 1.65105422e-01, 1.94936872e-01,
   2.05259061e-01, 2.05880992e-01, 2.03083079e-01, 1.99486516e-01,
   1.96026768e-01, 1.92984641e-01, 1.90400490e-01],
 [ 6.37122774e-02, 1.10962938e-01, 1.56483886e-01, 1.85424179e-01,
   1.98863148e-01, 2.03398198e-01, 2.03682678e-01, 2.02104569e-01,
   1.99797246e-01, 1.97297767e-01, 1.94860427e-01],
 [ 3.83115639e-02, 7.07889440e-02, 1.12992650e-01, 1.54521567e-01,
   1.85842673e-01, 2.05592032e-01, 2.17193720e-01, 2.23939751e-01,
   2.27884753e-01, 2.30199338e-01, 2.31554310e-01],
 [ 1.32522406e-02, 2.53669712e-02, 4.24988922e-02, 6.07116115e-02,
   7.55893631e-02, 8.60386971e-02, 9.31694604e-02, 9.82539581e-02,
   1.02113293e-01, 1.05196713e-01, 1.07744700e-01],
 [-4.12341910e-18, 2.47405146e-17,-1.37447303e-18, 1.15455735e-16,
  -7.33052285e-18, 1.04459951e-16,-8.09289722e-17,-7.81922437e-17,
  -3.59046017e-17, 8.79662742e-17,-7.81922437e-17],
 [ 2.47405146e-17, 7.69704899e-17, 2.47405146e-17, 2.74894607e-17,
  -1.46610457e-17,-8.24683820e-17,-1.19634133e-16, 5.86441828e-17,
  -5.02664424e-17, 5.49789214e-17, 1.04256325e-16],
 [ 9.62131124e-18, 5.22299753e-17, 9.62131124e-18, 3.29873528e-17,
  -1.71045533e-17,-7.14725978e-17,-9.14849251e-17, 3.42091066e-17,
  -4.30855220e-17, 3.84852450e-17, 6.08161896e-17],
 [ 0.00000000e+00, 0.00000000e+00, 0.00000000e+00, 0.00000000e+00,
   0.00000000e+00, 0.00000000e+00, 0.00000000e+00, 0.00000000e+00,
   0.00000000e+00, 0.00000000e+00, 0.00000000e+00],
 [ 0.00000000e+00, 0.00000000e+00, 0.00000000e+00, 0.00000000e+00,
   0.00000000e+00, 0.00000000e+00, 0.00000000e+00, 0.00000000e+00,
   0.00000000e+00, 0.00000000e+00, 0.00000000e+00],
 [ 0.00000000e+00, 0.00000000e+00, 0.00000000e+00, 0.00000000e+00,
   0.00000000e+00, 0.00000000e+00, 0.00000000e+00, 0.00000000e+00,
   0.00000000e+00, 0.00000000e+00, 0.00000000e+00],
 [ 0.00000000e+00, 0.00000000e+00, 0.00000000e+00, 0.00000000e+00,
   0.00000000e+00, 0.00000000e+00, 0.00000000e+00, 0.00000000e+00,
   0.00000000e+00, 0.00000000e+00, 0.00000000e+00],
 [ 0.00000000e+00, 0.00000000e+00, 0.00000000e+00, 0.00000000e+00,
   0.00000000e+00, 0.00000000e+00, 0.00000000e+00, 0.00000000e+00,
   0.00000000e+00, 0.00000000e+00, 0.00000000e+00],
 [ 0.00000000e+00, 0.00000000e+00, 0.00000000e+00, 0.00000000e+00,
   0.00000000e+00, 0.00000000e+00, 0.00000000e+00, 0.00000000e+00,
   0.00000000e+00, 0.00000000e+00, 0.00000000e+00]]
measureGC
[1.        ,1.07699478,0.98988873,1.15823598,0.83453795,0.96830723,
 0.52547285,0.57667277,0.57505593,0.59284116,0.20008389,0.20008389,
 0.18773304,0.14821029,0.29642058,0.29642058,0.29642058,0.29642058,
 0.29642058,0.29642058]
measureAPL
[1.        ,0.79411765,0.76470588,0.58823529,0.29411765,0.23529412,
 0.14705882,0.14705882,0.11764706,0.11764706,0.08823529,0.05882353,
 0.05882353,0.05882353,0.02941176,0.02941176,0.02941176,0.02941176,
 0.02941176,0.02941176]