PercentOfNodes
[0.  ,0.05,0.1 ,0.15,0.2 ,0.25,0.3 ,0.35,0.4 ,0.45,0.5 ,0.55,0.6 ,0.65,
 0.7 ,0.75,0.8 ,0.85,0.9 ]

RandomAttack
Tq
[[1.3150695 ,1.24779081,1.17148438,1.09642887,1.03263057,0.98214177,
  0.94284846,0.91203508,0.88746767,0.86751662,0.85103361],
 [1.28785318,1.20929253,1.11045095,1.00612501,0.91682387,0.84943016,
  0.79999157,0.76305816,0.734652  ,0.71219419,0.69401983],
 [1.24448415,1.16855247,1.07818336,0.98556736,0.90508526,0.84191008,
  0.79390745,0.75721912,0.72862848,0.70586216,0.68736976],
 [1.27624595,1.18431163,1.0849674 ,0.98958647,0.91144212,0.85271249,
  0.80917557,0.7762954 ,0.75080141,0.73053102,0.71405785],
 [1.33255966,1.23562159,1.13053884,1.03408237,0.95615391,0.89657039,
  0.85131181,0.81645544,0.78908575,0.76717541,0.74932254],
 [1.33071075,1.24361368,1.14319183,1.04545986,0.966477  ,0.90785938,
  0.8644903 ,0.83155309,0.8057959 ,0.785138  ,0.76822263],
 [1.32860209,1.23991514,1.13509483,1.02855034,0.93998844,0.87364414,
  0.82462324,0.78768239,0.7591109 ,0.73646648,0.71813572],
 [1.34329814,1.25124694,1.14901554,1.05334666,0.9761664 ,0.91848274,
  0.87582127,0.84365845,0.81877704,0.79905191,0.78307704],
 [1.30708091,1.22392876,1.13169116,1.04114073,0.96493617,0.90647093,
  0.86268338,0.8295533 ,0.80394487,0.78369065,0.76732718],
 [1.28565102,1.19839108,1.10271758,1.01175768,0.93683049,0.88020642,
  0.83825024,0.80669565,0.78235994,0.7631109 ,0.74753864],
 [1.33503947,1.25024858,1.15658123,1.06637171,0.99225084,0.93659547,
  0.89547313,0.86455639,0.84070021,0.82182351,0.80655723],
 [1.28377651,1.20856082,1.12040602,1.02897268,0.95014791,0.88984314,
  0.84533843,0.81219552,0.78692057,0.76714782,0.75131613],
 [1.24307009,1.15956017,1.06206805,0.96501229,0.88494487,0.82548375,
  0.78222128,0.75020189,0.72586101,0.70685961,0.69167162],
 [1.22934902,1.15167139,1.06249529,0.9716968 ,0.89481088,0.83702504,
  0.79482355,0.76353474,0.73969499,0.72102327,0.70603719],
 [1.23739966,1.1681829 ,1.08649283,1.0055565 ,0.93837788,0.88726534,
  0.84892123,0.81973666,0.79704133,0.77900679,0.764389  ],
 [1.16119922,1.09067732,1.01243839,0.93863974,0.87833246,0.83218756,
  0.79723786,0.77042319,0.74943948,0.73268042,0.71903977],
 [1.14664551,1.08108975,1.00668204,0.93316736,0.87192092,0.82585077,
  0.79191926,0.76651122,0.74697903,0.73157009,0.71913329],
 [1.12027922,1.05455163,0.9825736 ,0.91320128,0.85460103,0.80901473,
  0.77445656,0.74809374,0.7276121 ,0.71136804,0.69823201],
 [1.08458275,1.02909836,0.96831865,0.91004408,0.86018908,0.82021361,
  0.78889724,0.7643654 ,0.74494504,0.7293482 ,0.71663172],
 [1.06739368,1.01378328,0.95745397,0.90311313,0.85531739,0.81620525,
  0.78529744,0.76102679,0.74180676,0.72637237,0.713791  ]]
measureGC
[1.        ,0.97058824,0.94117647,0.91176471,0.88235294,0.85294118,
 0.82352941,0.79411765,0.76470588,0.73529412,0.70588235,0.67647059,
 0.64705882,0.61764706,0.58823529,0.55882353,0.52941176,0.5       ,
 0.47058824,0.44117647]
measureAPL
[1.        ,0.97482326,1.10638871,1.16167717,1.09943978,1.10232493,
 1.12885154,1.19047619,1.24356719,1.17254902,1.12176635,1.21476485,
 1.20713549,1.28265852,1.242497  ,1.15026844,1.30022918,1.1124183 ,
 0.93536674,1.3243075 ]

Degree
Tq
[[ 1.30881763e+00, 1.23997210e+00, 1.15343264e+00, 1.05976714e+00,
   9.76559385e-01, 9.11143081e-01, 8.61648865e-01, 8.24031230e-01,
   7.94877006e-01, 7.71770316e-01, 7.53067745e-01],
 [ 1.44313926e+00, 1.34542755e+00, 1.22954031e+00, 1.11329038e+00,
   1.01802909e+00, 9.47213218e-01, 8.95201523e-01, 8.56274574e-01,
   8.26381056e-01, 8.02844979e-01, 7.83899621e-01],
 [ 8.62646359e-01, 1.10404221e+00, 1.15249617e+00, 1.11783152e+00,
   1.06921916e+00, 1.02498060e+00, 9.88764700e-01, 9.59967529e-01,
   9.37069891e-01, 9.18661721e-01, 9.03649894e-01],
 [ 2.58016398e-01, 6.29982387e-01, 8.57638094e-01, 8.84113909e-01,
   8.56515736e-01, 8.22481696e-01, 7.92841417e-01, 7.69085161e-01,
   7.50384487e-01, 7.35587547e-01, 7.23723217e-01],
 [ 3.15382194e-01, 5.98545880e-01, 7.85281506e-01, 8.22406788e-01,
   8.14332506e-01, 7.97196263e-01, 7.80032282e-01, 7.64979776e-01,
   7.52255590e-01, 7.41571687e-01, 7.32564818e-01],
 [ 1.54504485e-01, 2.75568096e-01, 3.72862515e-01, 4.20153473e-01,
   4.38767933e-01, 4.46229284e-01, 4.49507733e-01, 4.50973014e-01,
   4.51511583e-01, 4.51529684e-01, 4.51248699e-01],
 [ 1.38846915e-01, 2.49167048e-01, 3.35355340e-01, 3.73617520e-01,
   3.86186873e-01, 3.90021633e-01, 3.91223616e-01, 3.91599421e-01,
   3.91664165e-01, 3.91572459e-01, 3.91381978e-01],
 [ 1.31775021e-01, 2.42319977e-01, 3.40607552e-01, 3.96722900e-01,
   4.23557062e-01, 4.37145417e-01, 4.44975475e-01, 4.49923012e-01,
   4.53168989e-01, 4.55305712e-01, 4.56693308e-01],
 [ 8.17389873e-02, 1.81597750e-01, 3.10276209e-01, 4.07252029e-01,
   4.56777508e-01, 4.79823525e-01, 4.91637038e-01, 4.98572842e-01,
   5.03099097e-01, 5.06271978e-01, 5.08613687e-01],
 [ 6.04341813e-02, 1.09435732e-01, 1.61560539e-01, 1.99805132e-01,
   2.21733097e-01, 2.32299027e-01, 2.36326635e-01, 2.36843079e-01,
   2.35540988e-01, 2.33360611e-01, 2.30828862e-01],
 [ 3.01358095e-02, 6.15959445e-02, 1.04549118e-01, 1.46933078e-01,
   1.78448942e-01, 1.97722864e-01, 2.08417239e-01, 2.14055782e-01,
   2.16858110e-01, 2.18087651e-01, 2.18453486e-01],
 [-5.49789214e-18, 1.64936764e-17,-5.49789214e-18, 1.04459951e-16,
   0.00000000e+00, 1.31949411e-16,-4.92611135e-17,-1.27062396e-16,
  -1.14894725e-16, 1.64936764e-16, 2.46519033e-33],
 [ 1.92426225e-17, 8.79662742e-17, 1.64936764e-17, 1.23259516e-33,
  -2.93220914e-17,-7.69704899e-17,-1.19634133e-16, 5.86441828e-17,
  -7.89901237e-17, 4.39831371e-17, 9.55682979e-17],
 [ 2.06170955e-17, 6.87236517e-17, 1.23702573e-17, 1.09957843e-17,
  -2.19915685e-17,-9.34641663e-17,-9.85222271e-17, 4.39831371e-17,
  -5.74473627e-17, 4.94810292e-17, 1.04256325e-16],
 [ 1.09957843e-17, 5.49789214e-17, 1.64936764e-17, 1.09957843e-17,
  -1.95480609e-17,-4.39831371e-17,-9.14849251e-17, 3.90961219e-17,
  -3.59046017e-17, 5.49789214e-17, 6.95042166e-17],
 [ 0.00000000e+00, 0.00000000e+00, 0.00000000e+00, 0.00000000e+00,
   0.00000000e+00, 0.00000000e+00, 0.00000000e+00, 0.00000000e+00,
   0.00000000e+00, 0.00000000e+00, 0.00000000e+00],
 [ 0.00000000e+00, 0.00000000e+00, 0.00000000e+00, 0.00000000e+00,
   0.00000000e+00, 0.00000000e+00, 0.00000000e+00, 0.00000000e+00,
   0.00000000e+00, 0.00000000e+00, 0.00000000e+00],
 [ 0.00000000e+00, 0.00000000e+00, 0.00000000e+00, 0.00000000e+00,
   0.00000000e+00, 0.00000000e+00, 0.00000000e+00, 0.00000000e+00,
   0.00000000e+00, 0.00000000e+00, 0.00000000e+00],
 [ 0.00000000e+00, 0.00000000e+00, 0.00000000e+00, 0.00000000e+00,
   0.00000000e+00, 0.00000000e+00, 0.00000000e+00, 0.00000000e+00,
   0.00000000e+00, 0.00000000e+00, 0.00000000e+00],
 [ 0.00000000e+00, 0.00000000e+00, 0.00000000e+00, 0.00000000e+00,
   0.00000000e+00, 0.00000000e+00, 0.00000000e+00, 0.00000000e+00,
   0.00000000e+00, 0.00000000e+00, 0.00000000e+00]]
measureGC
[1.        ,0.97482326,1.10638871,1.16167717,1.09943978,1.10232493,
 1.12885154,1.19047619,1.24356719,1.17254902,1.12176635,1.21476485,
 1.20713549,1.28265852,1.242497  ,1.15026844,1.30022918,1.1124183 ,
 0.93536674,1.3243075 ]
measureAPL
[1.        ,0.97058824,0.76470588,0.58823529,0.47058824,0.23529412,
 0.20588235,0.20588235,0.20588235,0.11764706,0.11764706,0.05882353,
 0.05882353,0.05882353,0.05882353,0.02941176,0.02941176,0.02941176,
 0.02941176,0.02941176]

Centrality
Tq
[[ 1.29808085e+00, 1.22309410e+00, 1.12826077e+00, 1.02468021e+00,
   9.33433518e-01, 8.63905945e-01, 8.13098162e-01, 7.75491372e-01,
   7.46851365e-01, 7.24401711e-01, 7.06357153e-01],
 [ 7.29290054e-01, 9.22224347e-01, 9.56102839e-01, 8.98308363e-01,
   8.23620632e-01, 7.60790929e-01, 7.12894096e-01, 6.76664057e-01,
   6.48798915e-01, 6.26897879e-01, 6.09318159e-01],
 [ 8.61379405e-01, 1.09463118e+00, 1.13887378e+00, 1.10389264e+00,
   1.05787754e+00, 1.01829375e+00, 9.87210384e-01, 9.63107269e-01,
   9.44192911e-01, 9.29075032e-01, 9.16766107e-01],
 [ 3.77548745e-01, 7.75046517e-01, 9.40575868e-01, 9.36161250e-01,
   8.99792853e-01, 8.64724108e-01, 8.36327239e-01, 8.14098845e-01,
   7.96661691e-01, 7.82811260e-01, 7.71646156e-01],
 [ 2.98317581e-01, 4.68466528e-01, 5.38849098e-01, 5.39706801e-01,
   5.22437371e-01, 5.03955121e-01, 4.88146681e-01, 4.75362872e-01,
   4.65115032e-01, 4.56836741e-01, 4.50064046e-01],
 [ 9.70717001e-02, 2.02882548e-01, 3.02073833e-01, 3.54094247e-01,
   3.75927210e-01, 3.86104099e-01, 3.91954329e-01, 3.95884996e-01,
   3.98735368e-01, 4.00861616e-01, 4.02459894e-01],
 [ 1.00001125e-01, 1.61790278e-01, 2.07287715e-01, 2.24448888e-01,
   2.24356361e-01, 2.17908783e-01, 2.10088810e-01, 2.02661379e-01,
   1.96126118e-01, 1.90531137e-01, 1.85779677e-01],
 [ 6.40056504e-02, 1.12977639e-01, 1.60980397e-01, 1.90512664e-01,
   2.02341569e-01, 2.04787226e-01, 2.03389122e-01, 2.00679347e-01,
   1.97695854e-01, 1.94841665e-01, 1.92256317e-01],
 [ 8.04366475e-02, 1.36935881e-01, 1.89662790e-01, 2.21620005e-01,
   2.34976453e-01, 2.38092124e-01, 2.36620210e-01, 2.33337271e-01,
   2.29493435e-01, 2.25643289e-01, 2.22027599e-01],
 [ 3.59867501e-02, 6.65509428e-02, 1.04852128e-01, 1.40134002e-01,
   1.64920783e-01, 1.79712544e-01, 1.87978068e-01, 1.92496333e-01,
   1.94920793e-01, 1.96175590e-01, 1.96780593e-01],
 [ 9.90033402e-03, 1.86914524e-02, 3.15782317e-02, 4.65182445e-02,
   6.00463074e-02, 7.03536342e-02, 7.77381132e-02, 8.31373640e-02,
   8.72886419e-02, 9.06291169e-02, 9.34014081e-02],
 [-8.24683820e-18, 1.37447303e-17,-1.37447303e-18, 7.14725978e-17,
  -7.33052285e-18, 4.94810292e-17,-6.68543684e-17,-6.84182132e-17,
   7.18092034e-18,-3.29873528e-17,-1.21632379e-16],
 [ 1.64936764e-17, 7.69704899e-17, 8.24683820e-18, 2.74894607e-17,
  -1.46610457e-17,-9.34641663e-17,-9.85222271e-17, 2.93220914e-17,
  -7.89901237e-17, 3.29873528e-17, 7.81922437e-17],
 [ 2.19915685e-17, 5.49789214e-17, 1.37447303e-17,-5.49789214e-18,
  -2.44350762e-17,-8.24683820e-17,-8.44476232e-17, 4.88701523e-17,
  -3.59046017e-17, 5.49789214e-17, 1.12944352e-16],
 [ 0.00000000e+00, 0.00000000e+00, 0.00000000e+00, 0.00000000e+00,
   0.00000000e+00, 0.00000000e+00, 0.00000000e+00, 0.00000000e+00,
   0.00000000e+00, 0.00000000e+00, 0.00000000e+00],
 [ 0.00000000e+00, 0.00000000e+00, 0.00000000e+00, 0.00000000e+00,
   0.00000000e+00, 0.00000000e+00, 0.00000000e+00, 0.00000000e+00,
   0.00000000e+00, 0.00000000e+00, 0.00000000e+00],
 [ 0.00000000e+00, 0.00000000e+00, 0.00000000e+00, 0.00000000e+00,
   0.00000000e+00, 0.00000000e+00, 0.00000000e+00, 0.00000000e+00,
   0.00000000e+00, 0.00000000e+00, 0.00000000e+00],
 [ 0.00000000e+00, 0.00000000e+00, 0.00000000e+00, 0.00000000e+00,
   0.00000000e+00, 0.00000000e+00, 0.00000000e+00, 0.00000000e+00,
   0.00000000e+00, 0.00000000e+00, 0.00000000e+00],
 [ 0.00000000e+00, 0.00000000e+00, 0.00000000e+00, 0.00000000e+00,
   0.00000000e+00, 0.00000000e+00, 0.00000000e+00, 0.00000000e+00,
   0.00000000e+00, 0.00000000e+00, 0.00000000e+00],
 [ 0.00000000e+00, 0.00000000e+00, 0.00000000e+00, 0.00000000e+00,
   0.00000000e+00, 0.00000000e+00, 0.00000000e+00, 0.00000000e+00,
   0.00000000e+00, 0.00000000e+00, 0.00000000e+00]]
measureGC
[1.        ,1.08046476,0.96072106,1.19169398,1.25395319,0.75815939,
 0.90670462,1.06103732,0.96457938,0.4726439 ,0.26043643,0.19532732,
 0.14468691,0.02893738,0.28937381,0.28937381,0.28937381,0.28937381,
 0.28937381,0.28937381]
measureAPL
[1.        ,0.79411765,0.76470588,0.58823529,0.29411765,0.23529412,
 0.14705882,0.14705882,0.11764706,0.11764706,0.08823529,0.05882353,
 0.05882353,0.05882353,0.02941176,0.02941176,0.02941176,0.02941176,
 0.02941176,0.02941176]