PercentOfNodes
[0.  ,0.05,0.1 ,0.15,0.2 ,0.25,0.3 ,0.35,0.4 ,0.45,0.5 ,0.55,0.6 ,0.65,
 0.7 ,0.75,0.8 ,0.85,0.9 ]

RandomAttack
Tq
[[1.3150695 ,1.24779081,1.17148438,1.09642887,1.03263057,0.98214177,
  0.94284846,0.91203508,0.88746767,0.86751662,0.85103361],
 [1.33743924,1.26178389,1.16392572,1.05864042,0.96913838,0.90247653,
  0.85399947,0.81794635,0.79027897,0.76843088,0.75075971],
 [1.30760685,1.23466135,1.14123254,1.03967186,0.95067743,0.88181992,
  0.83022505,0.79121341,0.76109389,0.73731863,0.71816506],
 [1.31792095,1.25236543,1.16772248,1.07119397,0.98327912,0.91501628,
  0.86439375,0.82647445,0.79736078,0.77444126,0.75599541],
 [1.27203924,1.20610689,1.1297147 ,1.05325952,0.9863969 ,0.93198248,
  0.88885372,0.85478368,0.82767161,0.8058388 ,0.7880186 ],
 [1.25104486,1.20202507,1.13503583,1.05562182,0.98062382,0.92062903,
  0.87518336,0.84058196,0.81367043,0.79227564,0.77493452],
 [1.23170579,1.17353951,1.09651992,1.00865942,0.92779288,0.86340562,
  0.81450849,0.77729902,0.74846784,0.72565235,0.70723247],
 [1.22145397,1.16964491,1.10732852,1.0417832 ,0.98246647,0.93413544,
  0.89639532,0.86700668,0.84382957,0.82524724,0.81010251],
 [1.1995148 ,1.15329024,1.09644755,1.0343205 ,0.97629911,0.92815674,
  0.89017886,0.86041198,0.83682233,0.81783254,0.80230124],
 [1.18213309,1.1286851 ,1.06436941,0.99555783,0.93188236,0.87908204,
  0.83742101,0.80484368,0.7791314 ,0.7585196 ,0.74171934],
 [1.19061158,1.14180676,1.08199789,1.01663958,0.95648048,0.90730982,
  0.86865335,0.83825766,0.81406697,0.79453019,0.77851957],
 [1.12370572,1.07165514,1.00663756,0.93500181,0.86882195,0.815026  ,
  0.77346052,0.74149018,0.71656414,0.69676586,0.68074292],
 [1.21423552,1.16811043,1.11678261,1.06631906,1.0240127 ,0.99081533,
  0.9646934 ,0.94377401,0.9267402 ,0.91267512,0.90092161],
 [1.19484576,1.13943375,1.06982787,0.99339474,0.92490313,0.87153923,
  0.83173124,0.80182909,0.77884942,0.76074594,0.74615948],
 [0.37657056,0.523594  ,0.60222901,0.62376604,0.62202754,0.61314893,
  0.60302526,0.59363709,0.58551378,0.57865414,0.57289127],
 [0.40222122,0.52473936,0.6003649 ,0.6298638 ,0.63505868,0.63020878,
  0.6222371 ,0.61402759,0.60658395,0.60013432,0.5946267 ],
 [0.45451498,0.55979377,0.63582995,0.67585373,0.69154851,0.69497193,
  0.69307308,0.68916347,0.68473602,0.6804262 ,0.67647498],
 [0.25269272,0.44797678,0.59290141,0.64702962,0.65732035,0.65334758,
  0.64565509,0.63765134,0.63035881,0.62399851,0.61852942],
 [0.28776285,0.45801002,0.56310251,0.5857606 ,0.5745792 ,0.55751069,
  0.54205648,0.52932643,0.51900751,0.51059855,0.503669  ],
 [0.17187093,0.25550794,0.31857062,0.34587742,0.35327977,0.35343066,
  0.35143396,0.34894423,0.34646891,0.34416531,0.34207836]]
measureGC
[1.        ,0.97058824,0.94117647,0.91176471,0.88235294,0.85294118,
 0.82352941,0.79411765,0.76470588,0.73529412,0.70588235,0.67647059,
 0.64705882,0.61764706,0.32352941,0.32352941,0.29411765,0.29411765,
 0.26470588,0.17647059]
measureAPL
[1.        ,1.11157796,1.08635178,1.18576038,1.12745098,1.03788345,
 1.09397484,1.09943978,1.10239651,1.10548765,1.06406434,1.11303995,
 1.24656374,1.25791317,0.83293317,0.84046346,0.92343604,0.89735894,
 0.83753501,0.68720822]

Degree
Tq
[[ 1.32069038e+00, 1.25254749e+00, 1.16730492e+00, 1.07419432e+00,
   9.89939807e-01, 9.22704980e-01, 8.71497295e-01, 8.32535927e-01,
   8.02387840e-01, 7.78558408e-01, 7.59332033e-01],
 [ 1.46305858e+00, 1.36733915e+00, 1.25037038e+00, 1.13112014e+00,
   1.03386079e+00, 9.62258938e-01, 9.09864432e-01, 8.70588444e-01,
   8.40307747e-01, 8.16362840e-01, 7.97014219e-01],
 [ 8.52886141e-01, 1.11400671e+00, 1.16553703e+00, 1.12595720e+00,
   1.07287268e+00, 1.02642805e+00, 9.89582457e-01, 9.60793303e-01,
   9.38044789e-01, 9.19740169e-01, 9.04737987e-01],
 [ 2.44252472e-01, 6.04500827e-01, 8.49612088e-01, 8.94075995e-01,
   8.78356593e-01, 8.51405708e-01, 8.25834888e-01, 8.04390674e-01,
   7.86999287e-01, 7.72937192e-01, 7.61474963e-01],
 [ 3.14808041e-01, 5.00510821e-01, 5.80441829e-01, 5.85558193e-01,
   5.69176287e-01, 5.49738270e-01, 5.32112127e-01, 5.17270291e-01,
   5.05055606e-01, 4.95034829e-01, 4.86770312e-01],
 [ 1.41867721e-01, 2.48482348e-01, 3.44498904e-01, 3.97580564e-01,
   4.20375545e-01, 4.30742625e-01, 4.36465519e-01, 4.40079056e-01,
   4.42482581e-01, 4.44096117e-01, 4.45169745e-01],
 [ 1.56090271e-01, 2.74162892e-01, 3.58035857e-01, 3.90992966e-01,
   3.99207628e-01, 3.99764273e-01, 3.98525398e-01, 3.97092075e-01,
   3.95817827e-01, 3.94732218e-01, 3.93798117e-01],
 [ 6.09144463e-02, 1.09238006e-01, 1.56544423e-01, 1.84800260e-01,
   1.96344955e-01, 1.99634819e-01, 1.99605241e-01, 1.98360276e-01,
   1.96749589e-01, 1.95122786e-01, 1.93622824e-01],
 [ 6.55128476e-02, 1.12488862e-01, 1.61300752e-01, 1.96653066e-01,
   2.15946263e-01, 2.24433650e-01, 2.27262299e-01, 2.27455370e-01,
   2.26509254e-01, 2.25130306e-01, 2.23648376e-01],
 [ 4.31800435e-02, 8.09459567e-02, 1.27617176e-01, 1.68280985e-01,
   1.94776734e-01, 2.09567220e-01, 2.17426240e-01, 2.21555863e-01,
   2.23688834e-01, 2.24738225e-01, 2.25197328e-01],
 [ 1.26856616e-02, 2.40318674e-02, 3.95535656e-02, 5.57340503e-02,
   6.90085800e-02, 7.84490597e-02, 8.49340779e-02, 8.95582909e-02,
   9.30592910e-02, 9.58493039e-02, 9.81506852e-02],
 [-1.09957843e-17, 1.37447303e-17,-2.74894607e-18, 6.04768135e-17,
  -4.88701523e-18, 6.04768135e-17,-4.92611135e-17,-1.07514335e-16,
  -3.59046017e-17,-1.09957843e-17,-9.55682979e-17],
 [ 2.06170955e-17, 6.87236517e-17, 9.62131124e-18, 5.49789214e-18,
  -1.71045533e-17,-8.79662742e-17,-8.44476232e-17, 3.42091066e-17,
  -6.46282831e-17, 3.84852450e-17, 9.55682979e-17],
 [ 9.62131124e-18, 5.22299753e-17, 6.87236517e-18, 2.74894607e-17,
  -1.22175381e-17,-6.59747056e-17,-7.74103213e-17, 2.44350762e-17,
  -5.02664424e-17, 2.74894607e-17, 5.21281625e-17],
 [ 0.00000000e+00, 0.00000000e+00, 0.00000000e+00, 0.00000000e+00,
   0.00000000e+00, 0.00000000e+00, 0.00000000e+00, 0.00000000e+00,
   0.00000000e+00, 0.00000000e+00, 0.00000000e+00],
 [ 0.00000000e+00, 0.00000000e+00, 0.00000000e+00, 0.00000000e+00,
   0.00000000e+00, 0.00000000e+00, 0.00000000e+00, 0.00000000e+00,
   0.00000000e+00, 0.00000000e+00, 0.00000000e+00],
 [ 0.00000000e+00, 0.00000000e+00, 0.00000000e+00, 0.00000000e+00,
   0.00000000e+00, 0.00000000e+00, 0.00000000e+00, 0.00000000e+00,
   0.00000000e+00, 0.00000000e+00, 0.00000000e+00],
 [ 0.00000000e+00, 0.00000000e+00, 0.00000000e+00, 0.00000000e+00,
   0.00000000e+00, 0.00000000e+00, 0.00000000e+00, 0.00000000e+00,
   0.00000000e+00, 0.00000000e+00, 0.00000000e+00],
 [ 0.00000000e+00, 0.00000000e+00, 0.00000000e+00, 0.00000000e+00,
   0.00000000e+00, 0.00000000e+00, 0.00000000e+00, 0.00000000e+00,
   0.00000000e+00, 0.00000000e+00, 0.00000000e+00],
 [ 0.00000000e+00, 0.00000000e+00, 0.00000000e+00, 0.00000000e+00,
   0.00000000e+00, 0.00000000e+00, 0.00000000e+00, 0.00000000e+00,
   0.00000000e+00, 0.00000000e+00, 0.00000000e+00]]
measureGC
[1.        ,1.11157796,1.08635178,1.18576038,1.12745098,1.03788345,
 1.09397484,1.09943978,1.10239651,1.10548765,1.06406434,1.11303995,
 1.24656374,1.25791317,0.83293317,0.84046346,0.92343604,0.89735894,
 0.83753501,0.68720822]
measureAPL
[1.        ,0.97058824,0.76470588,0.58823529,0.29411765,0.23529412,
 0.20588235,0.14705882,0.11764706,0.11764706,0.08823529,0.05882353,
 0.05882353,0.05882353,0.02941176,0.02941176,0.02941176,0.02941176,
 0.02941176,0.02941176]

Centrality
Tq
[[ 1.29769272e+00, 1.21835616e+00, 1.11404058e+00, 9.99129879e-01,
   8.99355245e-01, 8.24535711e-01, 7.70392444e-01, 7.30525840e-01,
   7.00256538e-01, 6.76579875e-01, 6.57583082e-01],
 [ 7.32672072e-01, 9.45845435e-01, 9.84366799e-01, 9.33087711e-01,
   8.65662771e-01, 8.07960713e-01, 7.63288534e-01, 7.29080336e-01,
   7.02512479e-01, 6.81467761e-01, 6.64469777e-01],
 [ 8.23167906e-01, 1.10038506e+00, 1.16712523e+00, 1.14285123e+00,
   1.10049401e+00, 1.06150177e+00, 1.03006635e+00, 1.00541143e+00,
   9.85955693e-01, 9.70357158e-01, 9.57634014e-01],
 [ 3.71297165e-01, 7.45648690e-01, 9.09553917e-01, 9.11058076e-01,
   8.77500021e-01, 8.42842625e-01, 8.13999442e-01, 7.91198007e-01,
   7.73278333e-01, 7.59065290e-01, 7.47636899e-01],
 [ 2.83696075e-01, 4.48088926e-01, 5.14290355e-01, 5.16818877e-01,
   5.03513185e-01, 4.89490213e-01, 4.77737836e-01, 4.68356133e-01,
   4.60907998e-01, 4.54949027e-01, 4.50125649e-01],
 [ 9.71245680e-02, 2.05430962e-01, 3.12452936e-01, 3.68815290e-01,
   3.92751815e-01, 4.04391209e-01, 4.11399169e-01, 4.16244108e-01,
   4.19808236e-01, 4.22494259e-01, 4.24539258e-01],
 [ 1.01425149e-01, 1.66258748e-01, 2.12975627e-01, 2.31072794e-01,
   2.31806899e-01, 2.25755625e-01, 2.17962586e-01, 2.10331091e-01,
   2.03463230e-01, 1.97472966e-01, 1.92304954e-01],
 [ 6.24703915e-02, 1.12507614e-01, 1.61455687e-01, 1.90351532e-01,
   2.00769590e-01, 2.01977433e-01, 1.99757503e-01, 1.96586554e-01,
   1.93396168e-01, 1.90500492e-01, 1.87976296e-01],
 [ 7.58252329e-02, 1.29571876e-01, 1.78958495e-01, 2.09628764e-01,
   2.23320697e-01, 2.27128794e-01, 2.26257240e-01, 2.23439637e-01,
   2.19963907e-01, 2.16418313e-01, 2.13063435e-01],
 [ 3.82702281e-02, 6.86131062e-02, 1.05190383e-01, 1.38780826e-01,
   1.63327740e-01, 1.78775143e-01, 1.87997305e-01, 1.93529151e-01,
   1.96938975e-01, 1.99121763e-01, 2.00585499e-01],
 [ 1.20275205e-02, 2.26967637e-02, 3.80152017e-02, 5.52038756e-02,
   7.02630277e-02, 8.14297710e-02, 8.92596291e-02, 9.48871130e-02,
   9.91575298e-02, 1.02561896e-01, 1.05369371e-01],
 [-4.12341910e-18, 8.24683820e-18,-5.49789214e-18, 8.24683820e-17,
  -9.77403046e-18, 8.24683820e-17,-9.14849251e-17,-7.81922437e-17,
  -5.02664424e-17, 7.69704899e-17,-7.81922437e-17],
 [ 2.06170955e-17, 6.87236517e-17, 1.51192034e-17, 1.64936764e-17,
  -2.68785838e-17,-9.89620584e-17,-1.12596831e-16, 5.37571676e-17,
  -5.02664424e-17, 6.04768135e-17, 1.12944352e-16],
 [ 1.51192034e-17, 5.22299753e-17, 1.23702573e-17, 1.64936764e-17,
  -2.19915685e-17,-7.69704899e-17,-9.14849251e-17, 4.39831371e-17,
  -3.59046017e-17, 4.94810292e-17, 8.68802708e-17],
 [ 0.00000000e+00, 0.00000000e+00, 0.00000000e+00, 0.00000000e+00,
   0.00000000e+00, 0.00000000e+00, 0.00000000e+00, 0.00000000e+00,
   0.00000000e+00, 0.00000000e+00, 0.00000000e+00],
 [ 0.00000000e+00, 0.00000000e+00, 0.00000000e+00, 0.00000000e+00,
   0.00000000e+00, 0.00000000e+00, 0.00000000e+00, 0.00000000e+00,
   0.00000000e+00, 0.00000000e+00, 0.00000000e+00],
 [ 0.00000000e+00, 0.00000000e+00, 0.00000000e+00, 0.00000000e+00,
   0.00000000e+00, 0.00000000e+00, 0.00000000e+00, 0.00000000e+00,
   0.00000000e+00, 0.00000000e+00, 0.00000000e+00],
 [ 0.00000000e+00, 0.00000000e+00, 0.00000000e+00, 0.00000000e+00,
   0.00000000e+00, 0.00000000e+00, 0.00000000e+00, 0.00000000e+00,
   0.00000000e+00, 0.00000000e+00, 0.00000000e+00],
 [ 0.00000000e+00, 0.00000000e+00, 0.00000000e+00, 0.00000000e+00,
   0.00000000e+00, 0.00000000e+00, 0.00000000e+00, 0.00000000e+00,
   0.00000000e+00, 0.00000000e+00, 0.00000000e+00],
 [ 0.00000000e+00, 0.00000000e+00, 0.00000000e+00, 0.00000000e+00,
   0.00000000e+00, 0.00000000e+00, 0.00000000e+00, 0.00000000e+00,
   0.00000000e+00, 0.00000000e+00, 0.00000000e+00]]
measureGC
[1.        ,1.01648257,1.05280137,1.11861888,0.85214161,0.57199883,
 0.58241064,0.46365093,0.46853147,0.3513986 ,0.26354895,0.1756993 ,
 0.02928322,0.02928322,0.29283217,0.29283217,0.29283217,0.29283217,
 0.29283217,0.29283217]
measureAPL
[1.        ,0.79411765,0.76470588,0.58823529,0.29411765,0.23529412,
 0.14705882,0.14705882,0.11764706,0.11764706,0.08823529,0.05882353,
 0.05882353,0.05882353,0.02941176,0.02941176,0.02941176,0.02941176,
 0.02941176,0.02941176]