PercentOfNodes
[0.  ,0.05,0.1 ,0.15,0.2 ,0.25,0.3 ,0.35,0.4 ,0.45,0.5 ,0.55,0.6 ,0.65,
 0.7 ,0.75,0.8 ,0.85,0.9 ]

RandomAttack
Tq
[[1.3150695 ,1.24779081,1.17148438,1.09642887,1.03263057,0.98214177,
  0.94284846,0.91203508,0.88746767,0.86751662,0.85103361],
 [1.31388845,1.23337325,1.13184435,1.02552269,0.93519759,0.86691746,
  0.81650469,0.77859265,0.74928111,0.72602648,0.70717128],
 [1.29405911,1.21109549,1.1080494 ,0.99953271,0.90644951,0.83580475,
  0.78375923,0.74484747,0.71496681,0.69140535,0.67239401],
 [1.30868089,1.2344085 ,1.14431524,1.05086347,0.97165175,0.91184711,
  0.86769903,0.83451078,0.80887183,0.78854357,0.77206077],
 [1.25519044,1.17691768,1.08355978,0.98883073,0.90743706,0.84449576,
  0.79737722,0.76176721,0.73420868,0.71233959,0.69459337],
 [1.25883529,1.19076973,1.10721876,1.01881186,0.94153623,0.88163546,
  0.83673166,0.80270196,0.77628602,0.75527393,0.73820059],
 [1.22174401,1.15081362,1.06287863,0.97162834,0.89457715,0.83671257,
  0.79409328,0.7619904 ,0.73707039,0.71719622,0.70098829],
 [1.17953967,1.1101408 ,1.02364397,0.9341955 ,0.85800291,0.80014914,
  0.75737879,0.72528035,0.70057069,0.68106823,0.66533505],
 [1.19306048,1.13418098,1.06012494,0.98096183,0.91081298,0.85549691,
  0.81345014,0.78134246,0.75636991,0.73654053,0.72048687],
 [0.66789838,0.8906203 ,0.90680587,0.83985267,0.76736354,0.70938759,
  0.66614125,0.63385049,0.60921197,0.58993326,0.57449177],
 [0.59849519,0.8403671 ,0.9058241 ,0.87707164,0.83280944,0.79350473,
  0.76204104,0.7373123 ,0.71773491,0.7020026 ,0.68915284],
 [0.61973542,0.80206294,0.85700903,0.83199683,0.7914689 ,0.75490409,
  0.72533162,0.70187665,0.68314389,0.66796098,0.65545774],
 [0.53151177,0.74551323,0.80594   ,0.77096463,0.72067466,0.67865255,
  0.64646874,0.62179228,0.60247896,0.58701376,0.57436974],
 [0.54839801,0.7502341 ,0.81072336,0.7806183 ,0.73555655,0.6968323 ,
  0.66659678,0.64312202,0.6245738 ,0.60959869,0.59726438],
 [0.55283756,0.73835249,0.76409283,0.71927166,0.67054501,0.63165336,
  0.60214555,0.57955656,0.56187275,0.54770595,0.53612126],
 [0.50383009,0.72418114,0.77982438,0.74327589,0.69444622,0.65329811,
  0.62150529,0.5970914 ,0.57802936,0.5628247 ,0.55044789],
 [0.45280154,0.66235799,0.74501275,0.73266175,0.69850428,0.66558043,
  0.6382336 ,0.61622487,0.59850356,0.58408763,0.57221016],
 [0.51572634,0.68173798,0.7569402 ,0.74976632,0.72150883,0.6935226 ,
  0.67009606,0.65116882,0.63589059,0.62344303,0.61317897],
 [0.55269293,0.63192031,0.63727714,0.6077575 ,0.57457242,0.54587088,
  0.52260931,0.50398813,0.48899096,0.47676221,0.46665201],
 [0.37623865,0.53105433,0.59220871,0.59073363,0.57373148,0.55573278,
  0.53995948,0.52672276,0.5156795 ,0.50641244,0.49856356]]
measureGC
[1.        ,0.97058824,0.94117647,0.91176471,0.88235294,0.85294118,
 0.82352941,0.79411765,0.76470588,0.61764706,0.58823529,0.55882353,
 0.52941176,0.52941176,0.5       ,0.47058824,0.44117647,0.41176471,
 0.38235294,0.35294118]
measureAPL
[1.        ,0.94928895,1.00343137,1.08450047,1.10346266,1.08695478,
 1.03411621,0.99859944,0.87301587,1.03081232,0.93238406,1.04333956,
 0.86437908,0.99859944,1.04691877,1.11492375,0.99215686,0.98786181,
 0.86284514,0.86231416]

Degree
Tq
[[ 1.31401553e+00, 1.24288810e+00, 1.15738229e+00, 1.06794577e+00,
   9.89003873e-01, 9.26670099e-01, 8.79192398e-01, 8.42817125e-01,
   8.14392631e-01, 7.91693903e-01, 7.73203240e-01],
 [ 1.46438048e+00, 1.36730222e+00, 1.25072951e+00, 1.13442388e+00,
   1.03995670e+00, 9.70251319e-01, 9.19384130e-01, 8.81464509e-01,
   8.52385493e-01, 8.29486216e-01, 8.11037418e-01],
 [ 8.67747049e-01, 1.12856307e+00, 1.17283876e+00, 1.13085246e+00,
   1.07513916e+00, 1.02543885e+00, 9.85421501e-01, 9.53981635e-01,
   9.29177899e-01, 9.09332761e-01, 8.93193710e-01],
 [ 2.42041043e-01, 6.00257963e-01, 8.48483312e-01, 8.93982902e-01,
   8.79503893e-01, 8.53755469e-01, 8.29371768e-01, 8.09063423e-01,
   7.92701877e-01, 7.79534477e-01, 7.68828991e-01],
 [ 2.44532421e-01, 5.62834430e-01, 7.68696429e-01, 8.17590283e-01,
   8.16150347e-01, 8.03689740e-01, 7.90001134e-01, 7.77497760e-01,
   7.66637185e-01, 7.57334154e-01, 7.49374607e-01],
 [ 1.41867721e-01, 2.48482348e-01, 3.44498904e-01, 3.97580564e-01,
   4.20375545e-01, 4.30742625e-01, 4.36465519e-01, 4.40079056e-01,
   4.42482581e-01, 4.44096117e-01, 4.45169745e-01],
 [ 1.56090271e-01, 2.74162892e-01, 3.58035857e-01, 3.90992966e-01,
   3.99207628e-01, 3.99764273e-01, 3.98525398e-01, 3.97092075e-01,
   3.95817827e-01, 3.94732218e-01, 3.93798117e-01],
 [ 6.09144463e-02, 1.09238006e-01, 1.56544423e-01, 1.84800260e-01,
   1.96344955e-01, 1.99634819e-01, 1.99605241e-01, 1.98360276e-01,
   1.96749589e-01, 1.95122786e-01, 1.93622824e-01],
 [ 6.55128476e-02, 1.12488862e-01, 1.61300752e-01, 1.96653066e-01,
   2.15946263e-01, 2.24433650e-01, 2.27262299e-01, 2.27455370e-01,
   2.26509254e-01, 2.25130306e-01, 2.23648376e-01],
 [ 4.31800435e-02, 8.09459567e-02, 1.27617176e-01, 1.68280985e-01,
   1.94776734e-01, 2.09567220e-01, 2.17426240e-01, 2.21555863e-01,
   2.23688834e-01, 2.24738225e-01, 2.25197328e-01],
 [ 1.26856616e-02, 2.40318674e-02, 3.95535656e-02, 5.57340503e-02,
   6.90085800e-02, 7.84490597e-02, 8.49340779e-02, 8.95582909e-02,
   9.30592910e-02, 9.58493039e-02, 9.81506852e-02],
 [-1.09957843e-17, 1.37447303e-17,-2.74894607e-18, 6.04768135e-17,
  -4.88701523e-18, 6.04768135e-17,-4.92611135e-17,-1.07514335e-16,
  -3.59046017e-17,-1.09957843e-17,-9.55682979e-17],
 [ 2.06170955e-17, 6.87236517e-17, 9.62131124e-18, 5.49789214e-18,
  -1.71045533e-17,-8.79662742e-17,-8.44476232e-17, 3.42091066e-17,
  -6.46282831e-17, 3.84852450e-17, 9.55682979e-17],
 [ 9.62131124e-18, 5.22299753e-17, 6.87236517e-18, 2.74894607e-17,
  -1.22175381e-17,-6.59747056e-17,-7.74103213e-17, 2.44350762e-17,
  -5.02664424e-17, 2.74894607e-17, 5.21281625e-17],
 [ 0.00000000e+00, 0.00000000e+00, 0.00000000e+00, 0.00000000e+00,
   0.00000000e+00, 0.00000000e+00, 0.00000000e+00, 0.00000000e+00,
   0.00000000e+00, 0.00000000e+00, 0.00000000e+00],
 [ 0.00000000e+00, 0.00000000e+00, 0.00000000e+00, 0.00000000e+00,
   0.00000000e+00, 0.00000000e+00, 0.00000000e+00, 0.00000000e+00,
   0.00000000e+00, 0.00000000e+00, 0.00000000e+00],
 [ 0.00000000e+00, 0.00000000e+00, 0.00000000e+00, 0.00000000e+00,
   0.00000000e+00, 0.00000000e+00, 0.00000000e+00, 0.00000000e+00,
   0.00000000e+00, 0.00000000e+00, 0.00000000e+00],
 [ 0.00000000e+00, 0.00000000e+00, 0.00000000e+00, 0.00000000e+00,
   0.00000000e+00, 0.00000000e+00, 0.00000000e+00, 0.00000000e+00,
   0.00000000e+00, 0.00000000e+00, 0.00000000e+00],
 [ 0.00000000e+00, 0.00000000e+00, 0.00000000e+00, 0.00000000e+00,
   0.00000000e+00, 0.00000000e+00, 0.00000000e+00, 0.00000000e+00,
   0.00000000e+00, 0.00000000e+00, 0.00000000e+00],
 [ 0.00000000e+00, 0.00000000e+00, 0.00000000e+00, 0.00000000e+00,
   0.00000000e+00, 0.00000000e+00, 0.00000000e+00, 0.00000000e+00,
   0.00000000e+00, 0.00000000e+00, 0.00000000e+00]]
measureGC
[1.        ,0.94928895,1.00343137,1.08450047,1.10346266,1.08695478,
 1.03411621,0.99859944,0.87301587,1.03081232,0.93238406,1.04333956,
 0.86437908,0.99859944,1.04691877,1.11492375,0.99215686,0.98786181,
 0.86284514,0.86231416]
measureAPL
[1.        ,0.97058824,0.76470588,0.58823529,0.47058824,0.23529412,
 0.20588235,0.14705882,0.11764706,0.11764706,0.08823529,0.05882353,
 0.05882353,0.05882353,0.02941176,0.02941176,0.02941176,0.02941176,
 0.02941176,0.02941176]

Centrality
Tq
[[ 1.29769272e+00, 1.21835616e+00, 1.11404058e+00, 9.99129879e-01,
   8.99355245e-01, 8.24535711e-01, 7.70392444e-01, 7.30525840e-01,
   7.00256538e-01, 6.76579875e-01, 6.57583082e-01],
 [ 7.32672072e-01, 9.45845435e-01, 9.84366799e-01, 9.33087711e-01,
   8.65662771e-01, 8.07960713e-01, 7.63288534e-01, 7.29080336e-01,
   7.02512479e-01, 6.81467761e-01, 6.64469777e-01],
 [ 8.23167906e-01, 1.10038506e+00, 1.16712523e+00, 1.14285123e+00,
   1.10049401e+00, 1.06150177e+00, 1.03006635e+00, 1.00541143e+00,
   9.85955693e-01, 9.70357158e-01, 9.57634014e-01],
 [ 3.71297165e-01, 7.45648690e-01, 9.09553917e-01, 9.11058076e-01,
   8.77500021e-01, 8.42842625e-01, 8.13999442e-01, 7.91198007e-01,
   7.73278333e-01, 7.59065290e-01, 7.47636899e-01],
 [ 2.83696075e-01, 4.48088926e-01, 5.14290355e-01, 5.16818877e-01,
   5.03513185e-01, 4.89490213e-01, 4.77737836e-01, 4.68356133e-01,
   4.60907998e-01, 4.54949027e-01, 4.50125649e-01],
 [ 9.71245680e-02, 2.05430962e-01, 3.12452936e-01, 3.68815290e-01,
   3.92751815e-01, 4.04391209e-01, 4.11399169e-01, 4.16244108e-01,
   4.19808236e-01, 4.22494259e-01, 4.24539258e-01],
 [ 1.01425149e-01, 1.66258748e-01, 2.12975627e-01, 2.31072794e-01,
   2.31806899e-01, 2.25755625e-01, 2.17962586e-01, 2.10331091e-01,
   2.03463230e-01, 1.97472966e-01, 1.92304954e-01],
 [ 6.24703915e-02, 1.12507614e-01, 1.61455687e-01, 1.90351532e-01,
   2.00769590e-01, 2.01977433e-01, 1.99757503e-01, 1.96586554e-01,
   1.93396168e-01, 1.90500492e-01, 1.87976296e-01],
 [ 7.58252329e-02, 1.29571876e-01, 1.78958495e-01, 2.09628764e-01,
   2.23320697e-01, 2.27128794e-01, 2.26257240e-01, 2.23439637e-01,
   2.19963907e-01, 2.16418313e-01, 2.13063435e-01],
 [ 3.82702281e-02, 6.86131062e-02, 1.05190383e-01, 1.38780826e-01,
   1.63327740e-01, 1.78775143e-01, 1.87997305e-01, 1.93529151e-01,
   1.96938975e-01, 1.99121763e-01, 2.00585499e-01],
 [ 1.20275205e-02, 2.26967637e-02, 3.80152017e-02, 5.52038756e-02,
   7.02630277e-02, 8.14297710e-02, 8.92596291e-02, 9.48871130e-02,
   9.91575298e-02, 1.02561896e-01, 1.05369371e-01],
 [-4.12341910e-18, 8.24683820e-18,-5.49789214e-18, 8.24683820e-17,
  -9.77403046e-18, 8.24683820e-17,-9.14849251e-17,-7.81922437e-17,
  -5.02664424e-17, 7.69704899e-17,-7.81922437e-17],
 [ 2.06170955e-17, 6.87236517e-17, 1.51192034e-17, 1.64936764e-17,
  -2.68785838e-17,-9.89620584e-17,-1.12596831e-16, 5.37571676e-17,
  -5.02664424e-17, 6.04768135e-17, 1.12944352e-16],
 [ 1.51192034e-17, 5.22299753e-17, 1.23702573e-17, 1.64936764e-17,
  -2.19915685e-17,-7.69704899e-17,-9.14849251e-17, 4.39831371e-17,
  -3.59046017e-17, 4.94810292e-17, 8.68802708e-17],
 [ 0.00000000e+00, 0.00000000e+00, 0.00000000e+00, 0.00000000e+00,
   0.00000000e+00, 0.00000000e+00, 0.00000000e+00, 0.00000000e+00,
   0.00000000e+00, 0.00000000e+00, 0.00000000e+00],
 [ 0.00000000e+00, 0.00000000e+00, 0.00000000e+00, 0.00000000e+00,
   0.00000000e+00, 0.00000000e+00, 0.00000000e+00, 0.00000000e+00,
   0.00000000e+00, 0.00000000e+00, 0.00000000e+00],
 [ 0.00000000e+00, 0.00000000e+00, 0.00000000e+00, 0.00000000e+00,
   0.00000000e+00, 0.00000000e+00, 0.00000000e+00, 0.00000000e+00,
   0.00000000e+00, 0.00000000e+00, 0.00000000e+00],
 [ 0.00000000e+00, 0.00000000e+00, 0.00000000e+00, 0.00000000e+00,
   0.00000000e+00, 0.00000000e+00, 0.00000000e+00, 0.00000000e+00,
   0.00000000e+00, 0.00000000e+00, 0.00000000e+00],
 [ 0.00000000e+00, 0.00000000e+00, 0.00000000e+00, 0.00000000e+00,
   0.00000000e+00, 0.00000000e+00, 0.00000000e+00, 0.00000000e+00,
   0.00000000e+00, 0.00000000e+00, 0.00000000e+00],
 [ 0.00000000e+00, 0.00000000e+00, 0.00000000e+00, 0.00000000e+00,
   0.00000000e+00, 0.00000000e+00, 0.00000000e+00, 0.00000000e+00,
   0.00000000e+00, 0.00000000e+00, 0.00000000e+00]]
measureGC
[1.        ,1.16469086,1.20782028,1.12054215,1.20188349,0.6332853 ,
 0.64481268,0.51332853,0.51873199,0.38904899,0.29178674,0.1945245 ,
 0.03242075,0.03242075,0.32420749,0.32420749,0.32420749,0.32420749,
 0.32420749,0.32420749]
measureAPL
[1.        ,0.79411765,0.76470588,0.58823529,0.29411765,0.23529412,
 0.14705882,0.14705882,0.11764706,0.11764706,0.08823529,0.05882353,
 0.05882353,0.05882353,0.02941176,0.02941176,0.02941176,0.02941176,
 0.02941176,0.02941176]