PercentOfNodes
[0.  ,0.05,0.1 ,0.15,0.2 ,0.25,0.3 ,0.35,0.4 ,0.45,0.5 ,0.55,0.6 ,0.65,
 0.7 ,0.75,0.8 ,0.85,0.9 ]

RandomAttack
Tq
[[1.3150695 ,1.24779081,1.17148438,1.09642887,1.03263057,0.98214177,
  0.94284846,0.91203508,0.88746767,0.86751662,0.85103361],
 [1.33743924,1.26178389,1.16392572,1.05864042,0.96913838,0.90247653,
  0.85399947,0.81794635,0.79027897,0.76843088,0.75075971],
 [0.86428122,0.99175176,0.9874742 ,0.9141977 ,0.83405902,0.76968753,
  0.72154272,0.68547887,0.65791706,0.63635936,0.61912193],
 [0.80756467,1.00196748,1.033639  ,0.98469196,0.92462642,0.87601512,
  0.8396239 ,0.81217064,0.79091696,0.77402341,0.76028405],
 [0.85374679,0.99017536,0.98436131,0.92445594,0.86105442,0.80901309,
  0.76863223,0.73733941,0.71275969,0.6931156 ,0.67713947],
 [0.7718989 ,0.96881204,1.01329588,0.96888528,0.9088679 ,0.85856592,
  0.8197878 ,0.78993813,0.76657844,0.74793945,0.73279054],
 [0.71617382,0.91840271,0.96077102,0.90808839,0.83990825,0.78359795,
  0.74142183,0.709999  ,0.68608756,0.6674031 ,0.65243177],
 [0.77702357,0.92703455,0.94364154,0.89038321,0.83045244,0.78309824,
  0.74768637,0.72076   ,0.69970946,0.68283376,0.66902182],
 [0.65104251,0.84473345,0.90606517,0.88057092,0.83586886,0.79705616,
  0.76678839,0.74324372,0.72459025,0.70950072,0.69705687],
 [0.66964646,0.90922235,0.94517306,0.87095912,0.78520965,0.71709301,
  0.66698769,0.63000279,0.60203426,0.58030226,0.56298734],
 [0.7148204 ,0.88648152,0.91821128,0.87427471,0.82176399,0.77928149,
  0.74738357,0.72331412,0.70467545,0.68983322,0.6777198 ],
 [0.63741575,0.81415673,0.84800209,0.80483078,0.7545126 ,0.71400056,
  0.68336784,0.65997281,0.64164787,0.62693116,0.61485642],
 [0.67858153,0.82486367,0.84323558,0.7670234 ,0.6876069 ,0.63043217,
  0.59109028,0.5631596 ,0.54247813,0.52657911,0.51397525],
 [0.69126798,0.86833856,0.88251402,0.81812605,0.75713985,0.71344288,
  0.68271808,0.66035352,0.64343506,0.63021024,0.61959483],
 [0.58989025,0.81884509,0.862557  ,0.81138046,0.75466218,0.71129878,
  0.67967519,0.65621218,0.63828078,0.62417802,0.6128091 ],
 [0.60131282,0.82635694,0.88432655,0.85922617,0.82382577,0.79451853,
  0.77197039,0.75452157,0.74072841,0.72958414,0.72040553],
 [0.65572644,0.83310013,0.88293649,0.83998762,0.78864382,0.74989511,
  0.72215214,0.70179497,0.6863043 ,0.67412094,0.66427576],
 [0.17387397,0.30241873,0.42827538,0.50326647,0.53947426,0.55662782,
  0.56490685,0.56885993,0.57060639,0.57120218,0.57120078],
 [0.27472091,0.37064952,0.43555925,0.45595526,0.45557985,0.4498595 ,
  0.44356385,0.43778206,0.43268631,0.4282456 ,0.42438845],
 [0.25151623,0.40570594,0.51244553,0.53669713,0.52732539,0.51306605,
  0.50074144,0.49092554,0.48312839,0.47684419,0.4716932 ]]
measureGC
[1.        ,0.97058824,0.76470588,0.73529412,0.70588235,0.70588235,
 0.67647059,0.64705882,0.61764706,0.61764706,0.58823529,0.55882353,
 0.52941176,0.52941176,0.5       ,0.47058824,0.44117647,0.23529412,
 0.23529412,0.23529412]
measureAPL
[1.        ,1.11157796,1.08742891,1.12284914,1.17647059,1.07268908,
 1.06899056,1.07107843,1.07473899,0.9559953 ,0.87342937,0.9845063 ,
 1.08576372,1.10597572,0.89229692,0.89189426,0.92612045,0.62341407,
 0.62815126,0.62083015]

Degree
Tq
[[ 1.30575280e+00, 1.23204528e+00, 1.14083082e+00, 1.04429710e+00,
   9.60673546e-01, 8.96253273e-01, 8.47934048e-01, 8.11186780e-01,
   7.82552028e-01, 7.59693807e-01, 7.41057548e-01],
 [ 1.42848793e+00, 1.32867477e+00, 1.20945845e+00, 1.09112640e+00,
   9.94134517e-01, 9.22045220e-01, 8.69287541e-01, 8.29915184e-01,
   7.99708187e-01, 7.75915479e-01, 7.56744525e-01],
 [ 8.67323040e-01, 1.10559064e+00, 1.14913254e+00, 1.10395655e+00,
   1.04438760e+00, 9.92406039e-01, 9.51521217e-01, 9.19992193e-01,
   8.95440335e-01, 8.75957030e-01, 8.60179296e-01],
 [ 2.48230631e-01, 6.26284879e-01, 8.53562051e-01, 8.74087362e-01,
   8.44449839e-01, 8.10289200e-01, 7.81007293e-01, 7.57577560e-01,
   7.39066088e-01, 7.24344042e-01, 7.12483137e-01],
 [ 2.75257258e-01, 5.78566575e-01, 7.63588713e-01, 8.03622905e-01,
   7.98890700e-01, 7.84613587e-01, 7.69646551e-01, 7.56246453e-01,
   7.44805526e-01, 7.35168158e-01, 7.27052875e-01],
 [ 1.54128599e-01, 2.76357608e-01, 3.72853644e-01, 4.20336500e-01,
   4.39622116e-01, 4.47755380e-01, 4.51721911e-01, 4.53853767e-01,
   4.55010951e-01, 4.55589504e-01, 4.55809124e-01],
 [ 8.90341851e-02, 1.55031974e-01, 2.07675910e-01, 2.30109420e-01,
   2.33275243e-01, 2.29086816e-01, 2.23021067e-01, 2.17013288e-01,
   2.11638293e-01, 2.06997838e-01, 2.03039974e-01],
 [ 6.10285562e-02, 1.10332501e-01, 1.57847226e-01, 1.87896408e-01,
   2.01777990e-01, 2.06760363e-01, 2.07720953e-01, 2.06983234e-01,
   2.05582623e-01, 2.03985972e-01, 2.02405680e-01],
 [ 6.59907912e-02, 1.12635281e-01, 1.57624582e-01, 1.86992917e-01,
   2.00853498e-01, 2.05238017e-01, 2.04776782e-01, 2.02102879e-01,
   1.98589389e-01, 1.94914388e-01, 1.91394084e-01],
 [ 4.05038332e-02, 8.01341836e-02, 1.28455415e-01, 1.67567943e-01,
   1.90500883e-01, 2.01331114e-01, 2.05458394e-01, 2.06253632e-01,
   2.05461268e-01, 2.03959844e-01, 2.02198050e-01],
 [ 1.07564986e-02, 1.86914524e-02, 2.81086330e-02, 3.67915759e-02,
   4.33044850e-02, 4.77947571e-02, 5.09797665e-02, 5.33986871e-02,
   5.53448437e-02, 5.69670453e-02, 5.83450222e-02],
 [-5.49789214e-18, 1.92426225e-17, 4.12341910e-18, 9.34641663e-17,
  -7.33052285e-18, 9.34641663e-17,-4.57424626e-17,-8.79662742e-17,
  -4.30855220e-17, 7.69704899e-17,-6.08161896e-17],
 [ 1.78681494e-17, 7.97194360e-17, 1.23702573e-17, 3.29873528e-17,
  -2.19915685e-17,-1.04459951e-16,-1.19634133e-16, 4.39831371e-17,
  -7.18092034e-17, 4.94810292e-17, 9.55682979e-17],
 [ 1.09957843e-17, 3.29873528e-17, 1.09957843e-17, 1.09957843e-17,
  -1.95480609e-17,-5.49789214e-17,-7.03730193e-17, 3.90961219e-17,
  -1.43618407e-17, 4.39831371e-17, 6.95042166e-17],
 [ 0.00000000e+00, 0.00000000e+00, 0.00000000e+00, 0.00000000e+00,
   0.00000000e+00, 0.00000000e+00, 0.00000000e+00, 0.00000000e+00,
   0.00000000e+00, 0.00000000e+00, 0.00000000e+00],
 [ 0.00000000e+00, 0.00000000e+00, 0.00000000e+00, 0.00000000e+00,
   0.00000000e+00, 0.00000000e+00, 0.00000000e+00, 0.00000000e+00,
   0.00000000e+00, 0.00000000e+00, 0.00000000e+00],
 [ 0.00000000e+00, 0.00000000e+00, 0.00000000e+00, 0.00000000e+00,
   0.00000000e+00, 0.00000000e+00, 0.00000000e+00, 0.00000000e+00,
   0.00000000e+00, 0.00000000e+00, 0.00000000e+00],
 [ 0.00000000e+00, 0.00000000e+00, 0.00000000e+00, 0.00000000e+00,
   0.00000000e+00, 0.00000000e+00, 0.00000000e+00, 0.00000000e+00,
   0.00000000e+00, 0.00000000e+00, 0.00000000e+00],
 [ 0.00000000e+00, 0.00000000e+00, 0.00000000e+00, 0.00000000e+00,
   0.00000000e+00, 0.00000000e+00, 0.00000000e+00, 0.00000000e+00,
   0.00000000e+00, 0.00000000e+00, 0.00000000e+00],
 [ 0.00000000e+00, 0.00000000e+00, 0.00000000e+00, 0.00000000e+00,
   0.00000000e+00, 0.00000000e+00, 0.00000000e+00, 0.00000000e+00,
   0.00000000e+00, 0.00000000e+00, 0.00000000e+00]]
measureGC
[1.        ,1.11157796,1.08742891,1.12284914,1.17647059,1.07268908,
 1.06899056,1.07107843,1.07473899,0.9559953 ,0.87342937,0.9845063 ,
 1.08576372,1.10597572,0.89229692,0.89189426,0.92612045,0.62341407,
 0.62815126,0.62083015]
measureAPL
[1.        ,0.97058824,0.76470588,0.58823529,0.47058824,0.23529412,
 0.14705882,0.14705882,0.11764706,0.11764706,0.08823529,0.05882353,
 0.05882353,0.05882353,0.02941176,0.02941176,0.02941176,0.02941176,
 0.02941176,0.02941176]

Centrality
Tq
[[ 1.30493152e+00, 1.23377395e+00, 1.14256316e+00, 1.04183299e+00,
   9.51459077e-01, 8.80849533e-01, 8.28218862e-01, 7.88829096e-01,
   7.58689998e-01, 7.35038955e-01, 7.16040475e-01],
 [ 6.86255986e-01, 9.09705726e-01, 9.48974275e-01, 8.95277665e-01,
   8.26607803e-01, 7.68154645e-01, 7.22794423e-01, 6.88027479e-01,
   6.61084342e-01, 6.39831289e-01, 6.22749313e-01],
 [ 8.72392946e-01, 1.08850028e+00, 1.12870052e+00, 1.09467909e+00,
   1.04789199e+00, 1.00608887e+00, 9.72444557e-01, 9.45979208e-01,
   9.25039724e-01, 9.08219423e-01, 8.94478150e-01],
 [ 3.72824207e-01, 7.63398729e-01, 9.35638114e-01, 9.38007942e-01,
   9.05092707e-01, 8.70881273e-01, 8.42127363e-01, 8.19186689e-01,
   8.01002837e-01, 7.86458316e-01, 7.74666919e-01],
 [ 2.93925769e-01, 4.69768738e-01, 5.44939805e-01, 5.49402189e-01,
   5.35286085e-01, 5.19399781e-01, 5.05535863e-01, 4.94196316e-01,
   4.85080870e-01, 4.77748457e-01, 4.71801291e-01],
 [ 9.52477844e-02, 2.02503540e-01, 3.02206628e-01, 3.54241818e-01,
   3.77298785e-01, 3.89241765e-01, 3.96924948e-01, 4.02522375e-01,
   4.06801751e-01, 4.10130272e-01, 4.12742250e-01],
 [ 9.57633368e-02, 1.55310966e-01, 2.00956595e-01, 2.19656752e-01,
   2.20305308e-01, 2.13793729e-01, 2.05584278e-01, 1.97710621e-01,
   1.90769350e-01, 1.84830709e-01, 1.79794271e-01],
 [ 6.34943316e-02, 1.09479957e-01, 1.56133177e-01, 1.85809285e-01,
   1.98103036e-01, 2.01009224e-01, 2.00030344e-01, 1.97690094e-01,
   1.95028467e-01, 1.92456782e-01, 1.90123751e-01],
 [ 8.54627801e-02, 1.39809818e-01, 1.87541864e-01, 2.15615524e-01,
   2.27002024e-01, 2.29087993e-01, 2.26908746e-01, 2.23029874e-01,
   2.18649062e-01, 2.14312249e-01, 2.10258932e-01],
 [ 3.67970653e-02, 6.96929992e-02, 1.11939916e-01, 1.50269691e-01,
   1.76373911e-01, 1.91676827e-01, 2.00353617e-01, 2.05382700e-01,
   2.08404962e-01, 2.10292743e-01, 2.11523717e-01],
 [ 7.90466699e-03, 1.46861412e-02, 2.37674853e-02, 3.33037386e-02,
   4.15155736e-02, 4.78455140e-02, 5.26091282e-02, 5.62904475e-02,
   5.92463644e-02, 6.16929990e-02, 6.37578261e-02],
 [-5.49789214e-18, 1.64936764e-17, 2.74894607e-18, 6.04768135e-17,
  -1.46610457e-17, 4.39831371e-17,-7.03730193e-17,-4.88701523e-17,
   1.23259516e-33,-1.09957843e-17,-1.21632379e-16],
 [ 1.78681494e-17, 7.42215438e-17, 6.87236517e-18, 1.64936764e-17,
  -1.22175381e-17,-8.79662742e-17,-8.44476232e-17, 2.44350762e-17,
  -7.89901237e-17, 2.74894607e-17, 7.81922437e-17],
 [ 1.64936764e-17, 6.04768135e-17, 1.37447303e-17, 2.19915685e-17,
  -2.44350762e-17,-8.79662742e-17,-1.05559529e-16, 4.88701523e-17,
  -4.30855220e-17, 5.49789214e-17, 9.55682979e-17],
 [ 0.00000000e+00, 0.00000000e+00, 0.00000000e+00, 0.00000000e+00,
   0.00000000e+00, 0.00000000e+00, 0.00000000e+00, 0.00000000e+00,
   0.00000000e+00, 0.00000000e+00, 0.00000000e+00],
 [ 0.00000000e+00, 0.00000000e+00, 0.00000000e+00, 0.00000000e+00,
   0.00000000e+00, 0.00000000e+00, 0.00000000e+00, 0.00000000e+00,
   0.00000000e+00, 0.00000000e+00, 0.00000000e+00],
 [ 0.00000000e+00, 0.00000000e+00, 0.00000000e+00, 0.00000000e+00,
   0.00000000e+00, 0.00000000e+00, 0.00000000e+00, 0.00000000e+00,
   0.00000000e+00, 0.00000000e+00, 0.00000000e+00],
 [ 0.00000000e+00, 0.00000000e+00, 0.00000000e+00, 0.00000000e+00,
   0.00000000e+00, 0.00000000e+00, 0.00000000e+00, 0.00000000e+00,
   0.00000000e+00, 0.00000000e+00, 0.00000000e+00],
 [ 0.00000000e+00, 0.00000000e+00, 0.00000000e+00, 0.00000000e+00,
   0.00000000e+00, 0.00000000e+00, 0.00000000e+00, 0.00000000e+00,
   0.00000000e+00, 0.00000000e+00, 0.00000000e+00],
 [ 0.00000000e+00, 0.00000000e+00, 0.00000000e+00, 0.00000000e+00,
   0.00000000e+00, 0.00000000e+00, 0.00000000e+00, 0.00000000e+00,
   0.00000000e+00, 0.00000000e+00, 0.00000000e+00]]
measureGC
[1.        ,1.06229263,1.18046972,1.39902063,1.2144623 ,0.81953028,
 0.53584672,0.45704574,0.55160692,0.52533993,0.22694685,0.18912237,
 0.19962917,0.31520396,0.31520396,0.31520396,0.31520396,0.31520396,
 0.31520396,0.31520396]
measureAPL
[1.        ,0.79411765,0.76470588,0.58823529,0.29411765,0.23529412,
 0.14705882,0.14705882,0.11764706,0.11764706,0.08823529,0.05882353,
 0.05882353,0.05882353,0.02941176,0.02941176,0.02941176,0.02941176,
 0.02941176,0.02941176]