PercentOfNodes
[0.  ,0.05,0.1 ,0.15,0.2 ,0.25,0.3 ,0.35,0.4 ,0.45,0.5 ,0.55,0.6 ,0.65,
 0.7 ,0.75,0.8 ,0.85,0.9 ]

RandomAttack
Tq
[[1.3150695 ,1.24779081,1.17148438,1.09642887,1.03263057,0.98214177,
  0.94284846,0.91203508,0.88746767,0.86751662,0.85103361],
 [1.29403685,1.21643095,1.1194289 ,1.0170924 ,0.92918424,0.86247229,
  0.81339996,0.77673945,0.74857762,0.72634812,0.70838607],
 [1.26319538,1.18675061,1.09234783,0.99241925,0.90519885,0.83763151,
  0.7871316 ,0.74911078,0.71985624,0.69680135,0.6782268 ],
 [1.22736022,1.16299764,1.08676641,1.00609921,0.93393322,0.87649471,
  0.83260198,0.79895169,0.7726744 ,0.75171906,0.73467595],
 [1.23983243,1.17272565,1.09637981,1.01997161,0.95320824,0.89966687,
  0.85799127,0.82549519,0.79980538,0.77915027,0.76226373],
 [1.25222754,1.19953424,1.13316669,1.05868839,0.98922695,0.93264022,
  0.88885965,0.85506831,0.82858967,0.80744736,0.79025615],
 [1.19663041,1.14019317,1.073245  ,1.00050723,0.93208638,0.87526311,
  0.83081409,0.79645771,0.76963765,0.74833589,0.73110163],
 [1.15981322,1.11588413,1.06331639,1.00645418,0.95267171,0.90722038,
  0.87086953,0.84209005,0.81908823,0.80043052,0.78506833],
 [1.16667105,1.11923913,1.06319335,1.00338863,0.94816213,0.90255118,
  0.86664105,0.83849192,0.81613845,0.79808026,0.78324469],
 [1.13335814,1.07585731,1.00455964,0.92892151,0.8614881 ,0.80756141,
  0.76602632,0.73399784,0.70891968,0.68891882,0.6726809 ],
 [1.15344092,1.10606183,1.04728198,0.9823451 ,0.92230283,0.8735083 ,
  0.83549589,0.80580405,0.78226126,0.76328649,0.74775689],
 [1.10014737,1.05320702,0.99370353,0.92618432,0.86256953,0.81046374,
  0.77003052,0.73883183,0.71445201,0.69505733,0.67934592],
 [1.09212353,1.05409833,1.00844849,0.96050208,0.91685573,0.88048134,
  0.85119438,0.82772177,0.8087627 ,0.79326882,0.78044732],
 [1.1353518 ,1.07678546,1.0108672 ,0.94525265,0.88898336,0.84500855,
  0.81143867,0.78553917,0.76515254,0.74877638,0.73538309],
 [1.08343273,1.0443436 ,0.99825468,0.94921154,0.90503552,0.86948279,
  0.84186408,0.82033529,0.80329841,0.78958531,0.77836794],
 [1.0393101 ,0.99176456,0.94259578,0.89712125,0.85866927,0.82786789,
  0.80362548,0.78444299,0.76904595,0.75648797,0.74609034],
 [0.74851534,0.84382104,0.84473736,0.80781697,0.77033079,0.74017362,
  0.71703022,0.69921387,0.68528813,0.67422343,0.66529918],
 [0.7470527 ,0.81598498,0.81557754,0.79043227,0.76624234,0.74726636,
  0.73271613,0.72135649,0.71230067,0.70496111,0.69893553],
 [0.45331309,0.51745248,0.5278039 ,0.50669865,0.4810909 ,0.45937376,
  0.44216665,0.42855667,0.41764838,0.40876916,0.4014345 ],
 [0.41251835,0.50290105,0.54673442,0.55144236,0.5438581 ,0.53493321,
  0.52698143,0.52017408,0.51435706,0.50936392,0.50505449]]
measureGC
[1.        ,0.97058824,0.94117647,0.91176471,0.88235294,0.85294118,
 0.82352941,0.79411765,0.76470588,0.73529412,0.70588235,0.67647059,
 0.64705882,0.61764706,0.58823529,0.55882353,0.5       ,0.47058824,
 0.32352941,0.29411765]
measureAPL
[1.        ,1.04600708,1.08703845,1.04946189,1.12745098,1.17449875,
 1.11630037,1.05586679,1.13731207,1.05698529,1.20728291,1.18080357,
 1.1817527 ,1.34276869,1.30864846,1.32502334,1.47231834,1.67507003,
 0.60325949,0.59701214]

Degree
Tq
[[ 1.31287127e+00, 1.23608620e+00, 1.14451850e+00, 1.05080037e+00,
   9.70470837e-01, 9.08424170e-01, 8.61694691e-01, 8.26047550e-01,
   7.98215057e-01, 7.75973783e-01, 7.57833025e-01],
 [ 1.46329910e+00, 1.36598690e+00, 1.25081328e+00, 1.13437382e+00,
   1.03772589e+00, 9.65693655e-01, 9.13111531e-01, 8.74080090e-01,
   8.44322800e-01, 8.21028967e-01, 8.02364904e-01],
 [ 8.88236946e-01, 1.11987108e+00, 1.15871121e+00, 1.11652372e+00,
   1.06043124e+00, 1.01040836e+00, 9.70290267e-01, 9.38874206e-01,
   9.14122841e-01, 8.94315977e-01, 8.78190725e-01],
 [ 2.86506921e-01, 6.40753982e-01, 8.62827334e-01, 8.99040000e-01,
   8.79735189e-01, 8.49897193e-01, 8.22079790e-01, 7.99071731e-01,
   7.80646042e-01, 7.65900777e-01, 7.53973068e-01],
 [ 2.62055721e-01, 5.75266990e-01, 7.79473791e-01, 8.32269489e-01,
   8.33549951e-01, 8.22363067e-01, 8.09202321e-01, 7.96903212e-01,
   7.86108212e-01, 7.76806598e-01, 7.68815199e-01],
 [ 1.25271622e-01, 2.40250745e-01, 3.41498236e-01, 3.93750842e-01,
   4.16134108e-01, 4.26869246e-01, 4.33028970e-01, 4.36965868e-01,
   4.39569195e-01, 4.41277054e-01, 4.42360340e-01],
 [ 9.28680705e-02, 1.57185095e-01, 2.02515055e-01, 2.17493143e-01,
   2.16098441e-01, 2.09503229e-01, 2.02225447e-01, 1.95657730e-01,
   1.90088408e-01, 1.85459602e-01, 1.81625999e-01],
 [ 5.46059502e-02, 1.04538730e-01, 1.55547408e-01, 1.88203858e-01,
   2.03252139e-01, 2.08897198e-01, 2.10520991e-01, 2.10574016e-01,
   2.10072368e-01, 2.09429401e-01, 2.08808710e-01],
 [ 3.02718750e-02, 6.75814783e-02, 1.14971378e-01, 1.50881280e-01,
   1.69736377e-01, 1.78242285e-01, 1.81967683e-01, 1.83544832e-01,
   1.84100523e-01, 1.84139920e-01, 1.83909642e-01],
 [ 3.67525392e-02, 7.03509394e-02, 1.11585015e-01, 1.46986754e-01,
   1.69502039e-01, 1.81277486e-01, 1.86704699e-01, 1.88816056e-01,
   1.89253953e-01, 1.88869202e-01, 1.88108036e-01],
 [ 1.36971022e-02, 2.53669712e-02, 4.10789278e-02, 5.71381322e-02,
   6.97607161e-02, 7.81866322e-02, 8.35781016e-02, 8.71750826e-02,
   8.97577040e-02, 9.17413600e-02, 9.33397597e-02],
 [-8.24683820e-18, 1.92426225e-17, 8.24683820e-18, 7.69704899e-17,
  -1.46610457e-17, 3.84852450e-17,-7.03730193e-17,-5.86441828e-17,
   5.02664424e-17,-6.59747056e-17,-1.65072515e-16],
 [ 1.64936764e-17, 6.04768135e-17, 1.09957843e-17, 1.64936764e-17,
  -1.95480609e-17,-8.24683820e-17,-9.14849251e-17, 3.90961219e-17,
  -5.02664424e-17, 4.39831371e-17, 8.68802708e-17],
 [ 1.64936764e-17, 4.94810292e-17, 1.09957843e-17, 5.49789214e-18,
  -1.95480609e-17,-7.14725978e-17,-7.74103213e-17, 3.90961219e-17,
  -3.59046017e-17, 4.39831371e-17, 8.68802708e-17],
 [ 0.00000000e+00, 0.00000000e+00, 0.00000000e+00, 0.00000000e+00,
   0.00000000e+00, 0.00000000e+00, 0.00000000e+00, 0.00000000e+00,
   0.00000000e+00, 0.00000000e+00, 0.00000000e+00],
 [ 0.00000000e+00, 0.00000000e+00, 0.00000000e+00, 0.00000000e+00,
   0.00000000e+00, 0.00000000e+00, 0.00000000e+00, 0.00000000e+00,
   0.00000000e+00, 0.00000000e+00, 0.00000000e+00],
 [ 0.00000000e+00, 0.00000000e+00, 0.00000000e+00, 0.00000000e+00,
   0.00000000e+00, 0.00000000e+00, 0.00000000e+00, 0.00000000e+00,
   0.00000000e+00, 0.00000000e+00, 0.00000000e+00],
 [ 0.00000000e+00, 0.00000000e+00, 0.00000000e+00, 0.00000000e+00,
   0.00000000e+00, 0.00000000e+00, 0.00000000e+00, 0.00000000e+00,
   0.00000000e+00, 0.00000000e+00, 0.00000000e+00],
 [ 0.00000000e+00, 0.00000000e+00, 0.00000000e+00, 0.00000000e+00,
   0.00000000e+00, 0.00000000e+00, 0.00000000e+00, 0.00000000e+00,
   0.00000000e+00, 0.00000000e+00, 0.00000000e+00],
 [ 0.00000000e+00, 0.00000000e+00, 0.00000000e+00, 0.00000000e+00,
   0.00000000e+00, 0.00000000e+00, 0.00000000e+00, 0.00000000e+00,
   0.00000000e+00, 0.00000000e+00, 0.00000000e+00]]
measureGC
[1.        ,1.04600708,1.08703845,1.04946189,1.12745098,1.17449875,
 1.11630037,1.05586679,1.13731207,1.05698529,1.20728291,1.18080357,
 1.1817527 ,1.34276869,1.30864846,1.32502334,1.47231834,1.67507003,
 0.60325949,0.59701214]
measureAPL
[1.        ,0.97058824,0.76470588,0.58823529,0.47058824,0.23529412,
 0.14705882,0.14705882,0.14705882,0.11764706,0.08823529,0.05882353,
 0.05882353,0.05882353,0.02941176,0.02941176,0.02941176,0.02941176,
 0.02941176,0.02941176]

Centrality
Tq
[[ 1.31167816e+00, 1.23495542e+00, 1.13404141e+00, 1.02297866e+00,
   9.26397320e-01, 8.53500883e-01, 8.00416826e-01, 7.61133383e-01,
   7.31185563e-01, 7.07685943e-01, 6.88787144e-01],
 [ 6.90593562e-01, 9.33048136e-01, 9.90984864e-01, 9.57807117e-01,
   9.07450392e-01, 8.61843712e-01, 8.25103654e-01, 7.96270308e-01,
   7.73541391e-01, 7.55362387e-01, 7.40575880e-01],
 [ 8.23159544e-01, 1.09682114e+00, 1.16585872e+00, 1.13228229e+00,
   1.07872848e+00, 1.03041115e+00, 9.91917416e-01, 9.61970735e-01,
   9.38489175e-01, 9.19763217e-01, 9.04556369e-01],
 [ 3.66872294e-01, 7.43865492e-01, 9.20615646e-01, 9.30685428e-01,
   9.01501558e-01, 8.68825205e-01, 8.40844182e-01, 8.18414476e-01,
   8.00640315e-01, 7.86458366e-01, 7.74999143e-01],
 [ 2.86085778e-01, 4.44929949e-01, 5.14619490e-01, 5.19112891e-01,
   5.05475425e-01, 4.89699825e-01, 4.75692258e-01, 4.64155821e-01,
   4.54888995e-01, 4.47474138e-01, 4.41505382e-01],
 [ 9.85982291e-02, 2.11447699e-01, 3.19012321e-01, 3.73536575e-01,
   3.95768784e-01, 4.06160282e-01, 4.12258940e-01, 4.16419481e-01,
   4.19440873e-01, 4.21669615e-01, 4.23308501e-01],
 [ 9.66311927e-02, 1.59288246e-01, 2.07200467e-01, 2.26503445e-01,
   2.27481818e-01, 2.21253393e-01, 2.13269599e-01, 2.05571359e-01,
   1.98767641e-01, 1.92937813e-01, 1.87987785e-01],
 [ 6.52461687e-02, 1.13625046e-01, 1.60595418e-01, 1.89741327e-01,
   2.01408403e-01, 2.03816863e-01, 2.02555528e-01, 2.00127559e-01,
   1.97514710e-01, 1.95072616e-01, 1.92908931e-01],
 [ 7.46083123e-02, 1.23409463e-01, 1.69087277e-01, 1.99008955e-01,
   2.12876434e-01, 2.16616091e-01, 2.15358875e-01, 2.11984327e-01,
   2.07890285e-01, 2.03726414e-01, 1.99784684e-01],
 [ 3.69458137e-02, 6.77605621e-02, 1.06011038e-01, 1.40875392e-01,
   1.65324368e-01, 1.80133652e-01, 1.88687789e-01, 1.93592055e-01,
   1.96384897e-01, 1.97943459e-01, 1.98780063e-01],
 [ 1.39182224e-02, 2.67020749e-02, 4.48709529e-02, 6.43437060e-02,
   8.04358899e-02, 9.18926306e-02, 9.98149791e-02, 1.05525126e-01,
   1.09891568e-01, 1.13395649e-01, 1.16298270e-01],
 [-6.87236517e-18, 1.37447303e-17,-1.37447303e-18, 8.79662742e-17,
  -7.33052285e-18, 8.24683820e-17,-6.68543684e-17,-8.79662742e-17,
  -3.59046017e-17, 4.39831371e-17,-8.68802708e-17],
 [ 1.64936764e-17, 7.14725978e-17, 1.37447303e-17, 2.19915685e-17,
  -3.42091066e-17,-9.89620584e-17,-1.26671435e-16, 6.84182132e-17,
  -5.74473627e-17, 4.39831371e-17, 9.55682979e-17],
 [ 9.62131124e-18, 5.22299753e-17, 9.62131124e-18, 3.29873528e-17,
  -1.71045533e-17,-7.14725978e-17,-9.14849251e-17, 3.42091066e-17,
  -4.30855220e-17, 3.84852450e-17, 6.08161896e-17],
 [ 0.00000000e+00, 0.00000000e+00, 0.00000000e+00, 0.00000000e+00,
   0.00000000e+00, 0.00000000e+00, 0.00000000e+00, 0.00000000e+00,
   0.00000000e+00, 0.00000000e+00, 0.00000000e+00],
 [ 0.00000000e+00, 0.00000000e+00, 0.00000000e+00, 0.00000000e+00,
   0.00000000e+00, 0.00000000e+00, 0.00000000e+00, 0.00000000e+00,
   0.00000000e+00, 0.00000000e+00, 0.00000000e+00],
 [ 0.00000000e+00, 0.00000000e+00, 0.00000000e+00, 0.00000000e+00,
   0.00000000e+00, 0.00000000e+00, 0.00000000e+00, 0.00000000e+00,
   0.00000000e+00, 0.00000000e+00, 0.00000000e+00],
 [ 0.00000000e+00, 0.00000000e+00, 0.00000000e+00, 0.00000000e+00,
   0.00000000e+00, 0.00000000e+00, 0.00000000e+00, 0.00000000e+00,
   0.00000000e+00, 0.00000000e+00, 0.00000000e+00],
 [ 0.00000000e+00, 0.00000000e+00, 0.00000000e+00, 0.00000000e+00,
   0.00000000e+00, 0.00000000e+00, 0.00000000e+00, 0.00000000e+00,
   0.00000000e+00, 0.00000000e+00, 0.00000000e+00],
 [ 0.00000000e+00, 0.00000000e+00, 0.00000000e+00, 0.00000000e+00,
   0.00000000e+00, 0.00000000e+00, 0.00000000e+00, 0.00000000e+00,
   0.00000000e+00, 0.00000000e+00, 0.00000000e+00]]
measureGC
[1.        ,1.14714751,1.02726845,1.29273625,1.18946874,1.0899859 ,
 0.57094499,0.52715092,0.45416079,0.32440056,0.29196051,0.        ,
 0.03244006,0.03244006,0.32440056,0.32440056,0.32440056,0.32440056,
 0.32440056,0.32440056]
measureAPL
[1.        ,0.79411765,0.76470588,0.58823529,0.29411765,0.23529412,
 0.14705882,0.14705882,0.11764706,0.11764706,0.08823529,0.05882353,
 0.05882353,0.05882353,0.02941176,0.02941176,0.02941176,0.02941176,
 0.02941176,0.02941176]