PercentOfNodes
[0.  ,0.05,0.1 ,0.15,0.2 ,0.25,0.3 ,0.35,0.4 ,0.45,0.5 ,0.55,0.6 ,0.65,
 0.7 ,0.75,0.8 ,0.85,0.9 ]

RandomAttack
Tq
[[1.3150695 ,1.24779081,1.17148438,1.09642887,1.03263057,0.98214177,
  0.94284846,0.91203508,0.88746767,0.86751662,0.85103361],
 [1.3032485 ,1.22752283,1.13093938,1.02913666,0.94223805,0.87633699,
  0.82765519,0.79106387,0.7627903 ,0.74037049,0.72220029],
 [1.2999603 ,1.22551354,1.13000859,1.02713964,0.93729409,0.86814126,
  0.81676623,0.77818077,0.74848026,0.72504059,0.70613199],
 [1.29551461,1.22734782,1.14453806,1.05868212,0.98541599,0.92900663,
  0.88651615,0.85411422,0.82886729,0.80875793,0.7924188 ],
 [1.23519   ,1.16353484,1.08011045,0.9962444 ,0.9236091 ,0.86605916,
  0.82162323,0.78709272,0.75980757,0.73785379,0.71989031],
 [1.27428661,1.20935847,1.12982181,1.04380985,0.9668205 ,0.90608949,
  0.85997091,0.82466718,0.7970579 ,0.77498701,0.75699983],
 [1.27447643,1.21243763,1.1368788 ,1.05570079,0.98267989,0.92472783,
  0.88066195,0.84708306,0.82103636,0.80040428,0.7837312 ],
 [1.33575702,1.25792174,1.16819383,1.07920276,1.00360814,0.94545024,
  0.90183759,0.86872793,0.84301952,0.82260237,0.80605709],
 [0.43801308,0.87861906,1.00771286,0.97768478,0.92706115,0.88356663,
  0.84936657,0.82259457,0.80136383,0.78425177,0.77023641],
 [0.3720897 ,0.78946571,0.94706437,0.92704707,0.88046669,0.83868655,
  0.80500823,0.77816674,0.75657226,0.73895879,0.72439201],
 [0.38325201,0.78572976,0.95473883,0.95098356,0.91171361,0.87399535,
  0.84331219,0.81893697,0.79944047,0.78362953,0.77061749],
 [0.37082055,0.72181901,0.904357  ,0.91469033,0.88055347,0.84433554,
  0.81400022,0.7896387 ,0.77006342,0.75415623,0.74105584],
 [0.520271  ,0.81948501,0.90727038,0.87911162,0.83373748,0.79409004,
  0.7625904 ,0.73778983,0.71802418,0.70200503,0.6888067 ],
 [0.64778278,0.87392456,0.94325763,0.91577035,0.87274786,0.83485483,
  0.80464459,0.78088079,0.76199874,0.74675387,0.73424161],
 [0.57488443,0.84953134,0.93426094,0.91590572,0.87951208,0.84581449,
  0.81802824,0.79557267,0.77733542,0.76235088,0.74988103],
 [0.28982838,0.60214214,0.77604695,0.78829395,0.76105363,0.73204731,
  0.70774812,0.68822671,0.67255777,0.65985569,0.64942713],
 [0.3370687 ,0.63821105,0.79872012,0.81121636,0.78474397,0.75673718,
  0.73351399,0.71490985,0.69992477,0.68769117,0.67756235],
 [0.30713386,0.55657767,0.71045248,0.73093291,0.71416418,0.69400745,
  0.6767422 ,0.66279955,0.65161222,0.64256233,0.63514968],
 [0.13338254,0.27871947,0.4045959 ,0.46314367,0.47870434,0.47845902,
  0.4740543 ,0.46915792,0.46475968,0.46103485,0.45792815],
 [0.18862446,0.34932514,0.46984778,0.51482909,0.522373  ,0.51858232,
  0.5125158 ,0.50664845,0.50151655,0.49714159,0.49342588]]
measureGC
[1.        ,0.97058824,0.94117647,0.91176471,0.88235294,0.85294118,
 0.82352941,0.79411765,0.58823529,0.55882353,0.52941176,0.47058824,
 0.47058824,0.47058824,0.44117647,0.41176471,0.35294118,0.32352941,
 0.23529412,0.20588235]
measureAPL
[1.        ,1.05208498,1.07563025,1.09926471,1.08352432,1.09456699,
 1.09230965,1.184779  ,0.91068511,0.92890247,0.88182773,0.90598739,
 0.91039749,0.91377218,0.86223156,0.93014706,0.93557423,0.88355342,
 0.6356676 ,0.82833133]

Degree
Tq
[[ 1.32070704e+00, 1.24718332e+00, 1.15725584e+00, 1.06286765e+00,
   9.80751163e-01, 9.16897802e-01, 8.68759195e-01, 8.32125001e-01,
   8.03629979e-01, 7.80949434e-01, 7.62517064e-01],
 [ 1.46751797e+00, 1.37388222e+00, 1.26227803e+00, 1.14727240e+00,
   1.04907716e+00, 9.74461189e-01, 9.19492359e-01, 8.78501167e-01,
   8.47152839e-01, 8.22550592e-01, 8.02794627e-01],
 [ 8.39175302e-01, 1.10910130e+00, 1.15936172e+00, 1.12034455e+00,
   1.06654952e+00, 1.01816340e+00, 9.79017602e-01, 9.48146130e-01,
   9.23712984e-01, 9.04110369e-01, 8.88130016e-01],
 [ 2.65339554e-01, 6.24803458e-01, 8.62955764e-01, 9.05768392e-01,
   8.90279973e-01, 8.63390221e-01, 8.37833377e-01, 8.16490506e-01,
   7.99273838e-01, 7.85411157e-01, 7.74137806e-01],
 [ 3.08567015e-01, 4.93030209e-01, 5.74916157e-01, 5.79283909e-01,
   5.60814884e-01, 5.39527221e-01, 5.20593708e-01, 5.04850950e-01,
   4.91994547e-01, 4.81502088e-01, 4.72885451e-01],
 [ 1.28429314e-01, 2.43174801e-01, 3.42315116e-01, 3.93203347e-01,
   4.15085696e-01, 4.25717289e-01, 4.31905240e-01, 4.35903400e-01,
   4.38572765e-01, 4.40345462e-01, 4.41491503e-01],
 [ 1.64205295e-01, 2.94324844e-01, 3.97910243e-01, 4.47817878e-01,
   4.67765162e-01, 4.75418221e-01, 4.77818381e-01, 4.77764694e-01,
   4.76538099e-01, 4.74786939e-01, 4.72851968e-01],
 [ 1.06312266e-01, 1.93109234e-01, 2.76520593e-01, 3.27050169e-01,
   3.48234511e-01, 3.54871416e-01, 3.56041166e-01, 3.55384521e-01,
   3.54185042e-01, 3.52876107e-01, 3.51598283e-01],
 [ 6.96690374e-02, 1.17644285e-01, 1.65293203e-01, 1.98509543e-01,
   2.15439812e-01, 2.21786241e-01, 2.22810804e-01, 2.21465518e-01,
   2.19177847e-01, 2.16616335e-01, 2.14090728e-01],
 [ 4.17787066e-02, 7.45889405e-02, 1.13958700e-01, 1.46236317e-01,
   1.66223742e-01, 1.76512938e-01, 1.81041062e-01, 1.82504588e-01,
   1.82400160e-01, 1.81525763e-01, 1.80310402e-01],
 [ 3.32130581e-02, 7.27188258e-02, 1.28955146e-01, 1.80860016e-01,
   2.14672462e-01, 2.32570371e-01, 2.41066649e-01, 2.44750599e-01,
   2.46057057e-01, 2.46195097e-01, 2.45769796e-01],
 [-1.37447303e-17, 0.00000000e+00, 8.24683820e-18, 2.19915685e-17,
  -1.46610457e-17, 4.39831371e-17,-2.11119058e-17,-1.36836426e-16,
  -5.74473627e-17,-2.19915685e-17,-1.04256325e-16],
 [ 2.47405146e-17, 6.04768135e-17, 1.64936764e-17,-5.49789214e-18,
  -2.93220914e-17,-9.34641663e-17,-9.85222271e-17, 5.86441828e-17,
  -3.59046017e-17, 6.59747056e-17, 1.30320406e-16],
 [ 1.64936764e-17, 4.94810292e-17, 1.37447303e-17, 1.09957843e-17,
  -2.44350762e-17,-7.69704899e-17,-9.14849251e-17, 4.88701523e-17,
  -2.87236814e-17, 5.49789214e-17, 9.55682979e-17],
 [ 0.00000000e+00, 0.00000000e+00, 0.00000000e+00, 0.00000000e+00,
   0.00000000e+00, 0.00000000e+00, 0.00000000e+00, 0.00000000e+00,
   0.00000000e+00, 0.00000000e+00, 0.00000000e+00],
 [ 0.00000000e+00, 0.00000000e+00, 0.00000000e+00, 0.00000000e+00,
   0.00000000e+00, 0.00000000e+00, 0.00000000e+00, 0.00000000e+00,
   0.00000000e+00, 0.00000000e+00, 0.00000000e+00],
 [ 0.00000000e+00, 0.00000000e+00, 0.00000000e+00, 0.00000000e+00,
   0.00000000e+00, 0.00000000e+00, 0.00000000e+00, 0.00000000e+00,
   0.00000000e+00, 0.00000000e+00, 0.00000000e+00],
 [ 0.00000000e+00, 0.00000000e+00, 0.00000000e+00, 0.00000000e+00,
   0.00000000e+00, 0.00000000e+00, 0.00000000e+00, 0.00000000e+00,
   0.00000000e+00, 0.00000000e+00, 0.00000000e+00],
 [ 0.00000000e+00, 0.00000000e+00, 0.00000000e+00, 0.00000000e+00,
   0.00000000e+00, 0.00000000e+00, 0.00000000e+00, 0.00000000e+00,
   0.00000000e+00, 0.00000000e+00, 0.00000000e+00],
 [ 0.00000000e+00, 0.00000000e+00, 0.00000000e+00, 0.00000000e+00,
   0.00000000e+00, 0.00000000e+00, 0.00000000e+00, 0.00000000e+00,
   0.00000000e+00, 0.00000000e+00, 0.00000000e+00]]
measureGC
[1.        ,1.05208498,1.07563025,1.09926471,1.08352432,1.09456699,
 1.09230965,1.184779  ,0.91068511,0.92890247,0.88182773,0.90598739,
 0.91039749,0.91377218,0.86223156,0.93014706,0.93557423,0.88355342,
 0.6356676 ,0.82833133]
measureAPL
[1.        ,0.97058824,0.76470588,0.58823529,0.29411765,0.23529412,
 0.23529412,0.17647059,0.11764706,0.11764706,0.11764706,0.05882353,
 0.05882353,0.05882353,0.02941176,0.02941176,0.02941176,0.02941176,
 0.02941176,0.02941176]

Centrality
Tq
[[ 1.30489771e+00, 1.22829288e+00, 1.12865106e+00, 1.01846038e+00,
   9.20748576e-01, 8.45909098e-01, 7.91041387e-01, 7.50383402e-01,
   7.19440907e-01, 6.95233117e-01, 6.75825979e-01],
 [ 7.14085781e-01, 9.45737183e-01, 9.85898277e-01, 9.41858654e-01,
   8.84216612e-01, 8.34967921e-01, 7.96535142e-01, 7.66718129e-01,
   7.43210269e-01, 7.24302891e-01, 7.08808034e-01],
 [ 8.67219781e-01, 1.11332408e+00, 1.17102951e+00, 1.13235614e+00,
   1.07608700e+00, 1.02589349e+00, 9.85941256e-01, 9.54877211e-01,
   9.30547936e-01, 9.11172421e-01, 8.95458428e-01],
 [ 3.71632959e-01, 7.40901795e-01, 9.05102411e-01, 9.05650287e-01,
   8.68319920e-01, 8.28474195e-01, 7.94670825e-01, 7.67786646e-01,
   7.46672072e-01, 7.29974497e-01, 7.16591265e-01],
 [ 2.77492703e-01, 4.55690388e-01, 5.28347709e-01, 5.32092556e-01,
   5.17495678e-01, 5.00862874e-01, 4.86274651e-01, 4.74322645e-01,
   4.64682663e-01, 4.56886040e-01, 4.50523017e-01],
 [ 9.84921904e-02, 2.08841608e-01, 3.14465659e-01, 3.69147700e-01,
   3.91890357e-01, 4.02624139e-01, 4.08903733e-01, 4.13144145e-01,
   4.16195582e-01, 4.18438819e-01, 4.20095717e-01],
 [ 9.88343725e-02, 1.60283241e-01, 2.05544184e-01, 2.23736967e-01,
   2.25228364e-01, 2.20090518e-01, 2.13141162e-01, 2.06223418e-01,
   1.99943890e-01, 1.94436052e-01, 1.89663717e-01],
 [ 7.01267655e-02, 1.20411929e-01, 1.70166603e-01, 2.00909588e-01,
   2.12686692e-01, 2.14617595e-01, 2.12739148e-01, 2.09678912e-01,
   2.06460876e-01, 2.03461123e-01, 2.00796648e-01],
 [ 6.92362739e-02, 1.20851831e-01, 1.69430004e-01, 1.99754725e-01,
   2.13845092e-01, 2.18630113e-01, 2.18883793e-01, 2.17091866e-01,
   2.14465300e-01, 2.11596776e-01, 2.08777659e-01],
 [ 3.50595879e-02, 6.51220005e-02, 1.04330863e-01, 1.43641095e-01,
   1.74122899e-01, 1.93796405e-01, 2.05663442e-01, 2.12852027e-01,
   2.17339618e-01, 2.20248026e-01, 2.22211440e-01],
 [ 1.40181622e-02, 2.67020749e-02, 4.47586597e-02, 6.49424369e-02,
   8.28525237e-02, 9.63255518e-02, 1.05806595e-01, 1.12579479e-01,
   1.17669774e-01, 1.21692849e-01, 1.24990302e-01],
 [-6.87236517e-18, 1.09957843e-17,-6.87236517e-18, 6.04768135e-17,
  -7.33052285e-18, 7.69704899e-17,-6.68543684e-17,-9.77403046e-17,
  -7.89901237e-17, 6.59747056e-17,-6.08161896e-17],
 [ 1.64936764e-17, 7.14725978e-17, 1.37447303e-17, 2.19915685e-17,
  -3.42091066e-17,-9.89620584e-17,-1.26671435e-16, 6.84182132e-17,
  -5.74473627e-17, 4.39831371e-17, 9.55682979e-17],
 [ 9.62131124e-18, 5.22299753e-17, 9.62131124e-18, 3.29873528e-17,
  -1.71045533e-17,-7.14725978e-17,-9.14849251e-17, 3.42091066e-17,
  -4.30855220e-17, 3.84852450e-17, 6.08161896e-17],
 [ 0.00000000e+00, 0.00000000e+00, 0.00000000e+00, 0.00000000e+00,
   0.00000000e+00, 0.00000000e+00, 0.00000000e+00, 0.00000000e+00,
   0.00000000e+00, 0.00000000e+00, 0.00000000e+00],
 [ 0.00000000e+00, 0.00000000e+00, 0.00000000e+00, 0.00000000e+00,
   0.00000000e+00, 0.00000000e+00, 0.00000000e+00, 0.00000000e+00,
   0.00000000e+00, 0.00000000e+00, 0.00000000e+00],
 [ 0.00000000e+00, 0.00000000e+00, 0.00000000e+00, 0.00000000e+00,
   0.00000000e+00, 0.00000000e+00, 0.00000000e+00, 0.00000000e+00,
   0.00000000e+00, 0.00000000e+00, 0.00000000e+00],
 [ 0.00000000e+00, 0.00000000e+00, 0.00000000e+00, 0.00000000e+00,
   0.00000000e+00, 0.00000000e+00, 0.00000000e+00, 0.00000000e+00,
   0.00000000e+00, 0.00000000e+00, 0.00000000e+00],
 [ 0.00000000e+00, 0.00000000e+00, 0.00000000e+00, 0.00000000e+00,
   0.00000000e+00, 0.00000000e+00, 0.00000000e+00, 0.00000000e+00,
   0.00000000e+00, 0.00000000e+00, 0.00000000e+00],
 [ 0.00000000e+00, 0.00000000e+00, 0.00000000e+00, 0.00000000e+00,
   0.00000000e+00, 0.00000000e+00, 0.00000000e+00, 0.00000000e+00,
   0.00000000e+00, 0.00000000e+00, 0.00000000e+00]]
measureGC
[1.        ,1.14093137,1.08138033,1.39032995,0.67377261,0.93906115,
 0.79661929,0.50645995,0.4874677 ,0.27855297,0.5381137 ,0.        ,
 0.03165375,0.03165375,0.31653747,0.31653747,0.31653747,0.31653747,
 0.31653747,0.31653747]
measureAPL
[1.        ,0.79411765,0.76470588,0.58823529,0.29411765,0.23529412,
 0.14705882,0.14705882,0.11764706,0.11764706,0.08823529,0.05882353,
 0.05882353,0.05882353,0.02941176,0.02941176,0.02941176,0.02941176,
 0.02941176,0.02941176]