PercentOfNodes
[0.  ,0.05,0.1 ,0.15,0.2 ,0.25,0.3 ,0.35,0.4 ,0.45,0.5 ,0.55,0.6 ,0.65,
 0.7 ,0.75,0.8 ,0.85,0.9 ]

RandomAttack
Tq
[[1.3150695 ,1.24779081,1.17148438,1.09642887,1.03263057,0.98214177,
  0.94284846,0.91203508,0.88746767,0.86751662,0.85103361],
 [1.2853887 ,1.2073728 ,1.10994665,1.00770238,0.91959293,0.85203115,
  0.80187939,0.7641809 ,0.73509752,0.71206799,0.69341672],
 [1.29345142,1.21507211,1.11896101,1.01850315,0.93163588,0.86447232,
  0.81423026,0.7763811 ,0.74726328,0.72433226,0.70587768],
 [1.30060196,1.22078951,1.12771324,1.03129114,0.94745355,0.88263633,
  0.83405232,0.79720616,0.76860912,0.74589255,0.72747219],
 [1.2665031 ,1.17938336,1.08397613,0.99066964,0.91182432,0.85105525,
  0.80522289,0.7702211 ,0.7428941 ,0.72108   ,0.70332081],
 [1.0747668 ,1.1245988 ,1.07539664,1.00272183,0.93738655,0.88504982,
  0.84426395,0.81228441,0.78679952,0.76613601,0.74911663],
 [0.59027876,0.78091566,0.82275488,0.7817113 ,0.72728185,0.68045751,
  0.64400204,0.61605647,0.59438774,0.5772604 ,0.56344855],
 [0.78895036,0.95921278,0.99370654,0.95279981,0.8976228 ,0.84924356,
  0.81120227,0.78189442,0.75910267,0.74105478,0.72648608],
 [0.65547198,0.89941606,0.97879454,0.95092764,0.90251509,0.85992015,
  0.82662736,0.80098961,0.78098986,0.76508321,0.75218458],
 [0.68970318,0.92135395,0.97653253,0.93120106,0.8734679 ,0.82572771,
  0.78931527,0.76163949,0.74023486,0.72331698,0.70966182],
 [0.57892443,0.82119286,0.91464128,0.90085002,0.86133443,0.82311165,
  0.79165363,0.76672815,0.74701974,0.73127486,0.71851426],
 [0.60389656,0.78783164,0.85419535,0.83644564,0.79953415,0.76504955,
  0.73700069,0.71482602,0.6972342 ,0.68308913,0.67153209],
 [0.54445425,0.73132063,0.82161603,0.81688644,0.78631824,0.75461593,
  0.72763109,0.70581287,0.68832654,0.67421914,0.66269998],
 [0.51015839,0.76430917,0.88029388,0.88850174,0.86890962,0.84603852,
  0.82541114,0.80786746,0.79315681,0.78082102,0.77041902],
 [0.52625511,0.73897542,0.79947006,0.76662394,0.71808543,0.67580732,
  0.64237995,0.6162565 ,0.5956091 ,0.57901498,0.56545246],
 [0.43568399,0.67996854,0.78680512,0.79200762,0.76919797,0.74354569,
  0.72120179,0.70291813,0.68812445,0.67608242,0.66616501],
 [0.488432  ,0.7533018 ,0.83005322,0.79773314,0.75165404,0.71373289,
  0.68487268,0.66283983,0.6456589 ,0.63194856,0.62077829],
 [0.34103479,0.60482553,0.74963183,0.77281677,0.7591002 ,0.7396489 ,
  0.72190745,0.70715196,0.69514692,0.68536529,0.677313  ],
 [0.48860784,0.5943365 ,0.62710666,0.60634464,0.57510418,0.54631155,
  0.52233946,0.50290157,0.48715942,0.47429813,0.46365922],
 [0.32765429,0.52126659,0.59791411,0.5888453 ,0.56044137,0.53391724,
  0.51251089,0.49557286,0.4820325 ,0.47102454,0.46192294]]
measureGC
[1.        ,0.97058824,0.94117647,0.91176471,0.88235294,0.82352941,
 0.61764706,0.58823529,0.58823529,0.55882353,0.52941176,0.5       ,
 0.47058824,0.47058824,0.44117647,0.41176471,0.41176471,0.35294118,
 0.35294118,0.32352941]
measureAPL
[1.        ,0.94888507,1.16075583,1.11939776,1.13784223,1.06999016,
 0.78291317,0.97586093,1.06980687,1.05586679,0.92209384,0.86242679,
 0.83932462,1.0952381 ,0.97559024,1.10812325,0.82321818,0.83323996,
 0.89301276,0.81740196]

Degree
Tq
[[ 1.31545543e+00, 1.24664856e+00, 1.15983805e+00, 1.06564051e+00,
   9.81901592e-01, 9.16092773e-01, 8.66331746e-01, 8.28533383e-01,
   7.99257902e-01, 7.76073566e-01, 7.57326325e-01],
 [ 1.44874641e+00, 1.35292241e+00, 1.23662506e+00, 1.11763514e+00,
   1.01982073e+00, 9.47360417e-01, 8.94186428e-01, 8.54308280e-01,
   8.23583379e-01, 7.99309950e-01, 7.79712360e-01],
 [ 8.64879748e-01, 1.11121586e+00, 1.16866652e+00, 1.14057617e+00,
   1.09590646e+00, 1.05391003e+00, 1.01899663e+00, 9.90992452e-01,
   9.68604415e-01, 9.50542159e-01, 9.35777555e-01],
 [ 2.70618962e-01, 6.22681109e-01, 8.45620024e-01, 8.78115149e-01,
   8.58598136e-01, 8.31367934e-01, 8.06885414e-01, 7.86961299e-01,
   7.71127981e-01, 7.58510899e-01, 7.48334353e-01],
 [ 3.18168248e-01, 5.06699917e-01, 5.87804838e-01, 5.93959863e-01,
   5.78895929e-01, 5.60816427e-01, 5.44445692e-01, 5.30664934e-01,
   5.19295176e-01, 5.09927954e-01, 5.02165443e-01],
 [ 1.46111872e-01, 2.65280254e-01, 3.63716059e-01, 4.09975972e-01,
   4.28606865e-01, 4.37177108e-01, 4.41830192e-01, 4.44572694e-01,
   4.46193489e-01, 4.47095982e-01, 4.47527793e-01],
 [ 1.03906882e-01, 2.48774286e-01, 3.84950394e-01, 4.43061749e-01,
   4.60527020e-01, 4.65829360e-01, 4.67704800e-01, 4.68417074e-01,
   4.68588016e-01, 4.68435930e-01, 4.68072854e-01],
 [ 6.98346184e-02, 1.44342916e-01, 2.31757759e-01, 2.85109761e-01,
   3.05419321e-01, 3.10655699e-01, 3.10725432e-01, 3.09213485e-01,
   3.07310932e-01, 3.05424323e-01, 3.03695553e-01],
 [ 6.72933251e-02, 1.51887621e-01, 2.50332344e-01, 3.13170694e-01,
   3.40604253e-01, 3.51119878e-01, 3.55079510e-01, 3.56476122e-01,
   3.56775000e-01, 3.56555721e-01, 3.56077695e-01],
 [ 3.63636278e-02, 7.18694496e-02, 1.16318481e-01, 1.54079507e-01,
   1.77559674e-01, 1.89620204e-01, 1.95138829e-01, 1.97328531e-01,
   1.97877171e-01, 1.97633071e-01, 1.97027508e-01],
 [ 9.71074626e-03, 1.73563487e-02, 2.69905323e-02, 3.61898152e-02,
   4.30666536e-02, 4.76424689e-02, 5.07491316e-02, 5.30500797e-02,
   5.49001249e-02, 5.64635839e-02, 5.78156995e-02],
 [-1.09957843e-17, 0.00000000e+00, 1.37447303e-18, 3.29873528e-17,
  -1.22175381e-17, 3.29873528e-17,-5.27797645e-17,-9.77403046e-17,
  -2.15427610e-17,-4.39831371e-17,-1.21632379e-16],
 [ 9.62131124e-18, 6.87236517e-17, 6.87236517e-18, 4.39831371e-17,
  -1.22175381e-17,-8.24683820e-17,-9.85222271e-17, 2.44350762e-17,
  -7.18092034e-17, 2.74894607e-17, 5.21281625e-17],
 [ 1.23702573e-17, 3.57362989e-17, 9.62131124e-18, 5.49789214e-18,
  -1.71045533e-17,-5.49789214e-17,-6.33357174e-17, 3.42091066e-17,
  -2.15427610e-17, 3.84852450e-17, 6.95042166e-17],
 [ 0.00000000e+00, 0.00000000e+00, 0.00000000e+00, 0.00000000e+00,
   0.00000000e+00, 0.00000000e+00, 0.00000000e+00, 0.00000000e+00,
   0.00000000e+00, 0.00000000e+00, 0.00000000e+00],
 [ 0.00000000e+00, 0.00000000e+00, 0.00000000e+00, 0.00000000e+00,
   0.00000000e+00, 0.00000000e+00, 0.00000000e+00, 0.00000000e+00,
   0.00000000e+00, 0.00000000e+00, 0.00000000e+00],
 [ 0.00000000e+00, 0.00000000e+00, 0.00000000e+00, 0.00000000e+00,
   0.00000000e+00, 0.00000000e+00, 0.00000000e+00, 0.00000000e+00,
   0.00000000e+00, 0.00000000e+00, 0.00000000e+00],
 [ 0.00000000e+00, 0.00000000e+00, 0.00000000e+00, 0.00000000e+00,
   0.00000000e+00, 0.00000000e+00, 0.00000000e+00, 0.00000000e+00,
   0.00000000e+00, 0.00000000e+00, 0.00000000e+00],
 [ 0.00000000e+00, 0.00000000e+00, 0.00000000e+00, 0.00000000e+00,
   0.00000000e+00, 0.00000000e+00, 0.00000000e+00, 0.00000000e+00,
   0.00000000e+00, 0.00000000e+00, 0.00000000e+00],
 [ 0.00000000e+00, 0.00000000e+00, 0.00000000e+00, 0.00000000e+00,
   0.00000000e+00, 0.00000000e+00, 0.00000000e+00, 0.00000000e+00,
   0.00000000e+00, 0.00000000e+00, 0.00000000e+00]]
measureGC
[1.        ,0.94888507,1.16075583,1.11939776,1.13784223,1.06999016,
 0.78291317,0.97586093,1.06980687,1.05586679,0.92209384,0.86242679,
 0.83932462,1.0952381 ,0.97559024,1.10812325,0.82321818,0.83323996,
 0.89301276,0.81740196]
measureAPL
[1.        ,0.97058824,0.76470588,0.58823529,0.29411765,0.23529412,
 0.23529412,0.17647059,0.17647059,0.11764706,0.08823529,0.05882353,
 0.05882353,0.05882353,0.02941176,0.02941176,0.02941176,0.02941176,
 0.02941176,0.02941176]

Centrality
Tq
[[ 1.31251222e+00, 1.23677642e+00, 1.14025097e+00, 1.03522927e+00,
   9.42231386e-01, 8.70648419e-01, 8.17880737e-01, 7.78568524e-01,
   7.48488754e-01, 7.24831802e-01, 7.05772901e-01],
 [ 6.74013897e-01, 9.30965448e-01, 9.82756767e-01, 9.37892839e-01,
   8.76567258e-01, 8.24132901e-01, 7.83597627e-01, 7.52518329e-01,
   7.28282648e-01, 7.08971921e-01, 6.93270580e-01],
 [ 8.18113034e-01, 1.09744707e+00, 1.16643843e+00, 1.13091321e+00,
   1.07499880e+00, 1.02485600e+00, 9.85193346e-01, 9.54580806e-01,
   9.30764189e-01, 9.11908356e-01, 8.96695659e-01],
 [ 3.55703218e-01, 7.41940555e-01, 9.16701058e-01, 9.24892405e-01,
   8.92843287e-01, 8.57247321e-01, 8.26862112e-01, 8.02661576e-01,
   7.83638561e-01, 7.68582485e-01, 7.56505641e-01],
 [ 2.78390751e-01, 4.42306091e-01, 5.13104366e-01, 5.19898407e-01,
   5.09638774e-01, 4.97828932e-01, 4.87738690e-01, 4.79612464e-01,
   4.73107561e-01, 4.67854137e-01, 4.63557688e-01],
 [ 9.61015706e-02, 2.08591284e-01, 3.14263695e-01, 3.67124130e-01,
   3.88692015e-01, 3.98647042e-01, 4.04338022e-01, 4.08124641e-01,
   4.10824683e-01, 4.12791860e-01, 4.14226881e-01],
 [ 9.48449202e-02, 1.56653707e-01, 2.04698570e-01, 2.24427331e-01,
   2.25723329e-01, 2.19795041e-01, 2.12097067e-01, 2.04640279e-01,
   1.98023632e-01, 1.92332182e-01, 1.87482586e-01],
 [ 6.38763768e-02, 1.11570909e-01, 1.59734656e-01, 1.89996529e-01,
   2.01947841e-01, 2.04140356e-01, 2.02447360e-01, 1.99520420e-01,
   1.96416970e-01, 1.93526386e-01, 1.90967425e-01],
 [ 7.46083123e-02, 1.23409463e-01, 1.69087277e-01, 1.99008955e-01,
   2.12876434e-01, 2.16616091e-01, 2.15358875e-01, 2.11984327e-01,
   2.07890285e-01, 2.03726414e-01, 1.99784684e-01],
 [ 3.69458137e-02, 6.77605621e-02, 1.06011038e-01, 1.40875392e-01,
   1.65324368e-01, 1.80133652e-01, 1.88687789e-01, 1.93592055e-01,
   1.96384897e-01, 1.97943459e-01, 1.98780063e-01],
 [ 1.39182224e-02, 2.67020749e-02, 4.48709529e-02, 6.43437060e-02,
   8.04358899e-02, 9.18926306e-02, 9.98149791e-02, 1.05525126e-01,
   1.09891568e-01, 1.13395649e-01, 1.16298270e-01],
 [-6.87236517e-18, 1.37447303e-17,-1.37447303e-18, 8.79662742e-17,
  -7.33052285e-18, 8.24683820e-17,-6.68543684e-17,-8.79662742e-17,
  -3.59046017e-17, 4.39831371e-17,-8.68802708e-17],
 [ 1.64936764e-17, 7.14725978e-17, 1.37447303e-17, 2.19915685e-17,
  -3.42091066e-17,-9.89620584e-17,-1.26671435e-16, 6.84182132e-17,
  -5.74473627e-17, 4.39831371e-17, 9.55682979e-17],
 [ 9.62131124e-18, 5.22299753e-17, 9.62131124e-18, 3.29873528e-17,
  -1.71045533e-17,-7.14725978e-17,-9.14849251e-17, 3.42091066e-17,
  -4.30855220e-17, 3.84852450e-17, 6.08161896e-17],
 [ 0.00000000e+00, 0.00000000e+00, 0.00000000e+00, 0.00000000e+00,
   0.00000000e+00, 0.00000000e+00, 0.00000000e+00, 0.00000000e+00,
   0.00000000e+00, 0.00000000e+00, 0.00000000e+00],
 [ 0.00000000e+00, 0.00000000e+00, 0.00000000e+00, 0.00000000e+00,
   0.00000000e+00, 0.00000000e+00, 0.00000000e+00, 0.00000000e+00,
   0.00000000e+00, 0.00000000e+00, 0.00000000e+00],
 [ 0.00000000e+00, 0.00000000e+00, 0.00000000e+00, 0.00000000e+00,
   0.00000000e+00, 0.00000000e+00, 0.00000000e+00, 0.00000000e+00,
   0.00000000e+00, 0.00000000e+00, 0.00000000e+00],
 [ 0.00000000e+00, 0.00000000e+00, 0.00000000e+00, 0.00000000e+00,
   0.00000000e+00, 0.00000000e+00, 0.00000000e+00, 0.00000000e+00,
   0.00000000e+00, 0.00000000e+00, 0.00000000e+00],
 [ 0.00000000e+00, 0.00000000e+00, 0.00000000e+00, 0.00000000e+00,
   0.00000000e+00, 0.00000000e+00, 0.00000000e+00, 0.00000000e+00,
   0.00000000e+00, 0.00000000e+00, 0.00000000e+00],
 [ 0.00000000e+00, 0.00000000e+00, 0.00000000e+00, 0.00000000e+00,
   0.00000000e+00, 0.00000000e+00, 0.00000000e+00, 0.00000000e+00,
   0.00000000e+00, 0.00000000e+00, 0.00000000e+00]]
measureGC
[1.        ,1.23997206,1.20721626,1.40841897,0.95128641,1.02532901,
 0.96758383,0.85350189,0.83660087,0.29745809,0.3042185 ,0.33802055,
 0.21407968,0.03380206,0.33802055,0.33802055,0.33802055,0.33802055,
 0.33802055,0.33802055]
measureAPL
[1.        ,0.79411765,0.76470588,0.58823529,0.29411765,0.23529412,
 0.14705882,0.14705882,0.11764706,0.11764706,0.08823529,0.05882353,
 0.05882353,0.05882353,0.02941176,0.02941176,0.02941176,0.02941176,
 0.02941176,0.02941176]