PercentOfNodes
[0.  ,0.05,0.1 ,0.15,0.2 ,0.25,0.3 ,0.35,0.4 ,0.45,0.5 ,0.55,0.6 ,0.65,
 0.7 ,0.75,0.8 ,0.85,0.9 ]

RandomAttack
Tq
[[1.3150695 ,1.24779081,1.17148438,1.09642887,1.03263057,0.98214177,
  0.94284846,0.91203508,0.88746767,0.86751662,0.85103361],
 [1.31402444,1.23595571,1.13548945,1.02641031,0.9318834 ,0.86073784,
  0.80884462,0.77021792,0.74055194,0.71710013,0.69810962],
 [1.27801506,1.19892986,1.10192052,1.00144323,0.91502827,0.84829884,
  0.79831961,0.76053589,0.7313212 ,0.7081833 ,0.68945727],
 [1.26735192,1.19280064,1.1017571 ,1.0034656 ,0.91580463,0.84737017,
  0.79615942,0.75761192,0.72795746,0.70458327,0.68574253],
 [1.23663783,1.16575487,1.08407478,1.00268227,0.93210407,0.87542432,
  0.83101026,0.79614474,0.76843529,0.74606964,0.72773488],
 [0.5484899 ,0.80084895,0.86784906,0.84159315,0.79469236,0.75172953,
  0.71729809,0.69036793,0.66915628,0.65218439,0.63836961],
 [0.52201829,0.74246032,0.81098411,0.78221083,0.73540056,0.69339326,
  0.66014282,0.63444273,0.6143953 ,0.59846279,0.58554674],
 [0.56694587,0.75320848,0.79226272,0.76473225,0.7256424 ,0.69152964,
  0.66477056,0.64402583,0.62768143,0.61451383,0.60367432],
 [0.55999645,0.73363372,0.7950293 ,0.78050949,0.74466585,0.71018852,
  0.6820262 ,0.65965255,0.64172742,0.62712491,0.61502623],
 [0.58719202,0.75798062,0.78891899,0.74646439,0.69023432,0.64110427,
  0.60285852,0.57369267,0.5511778 ,0.53342607,0.51912304],
 [0.59887955,0.77508613,0.83026907,0.81121339,0.7738629 ,0.73866531,
  0.70996337,0.68721817,0.66910034,0.65446246,0.64244948],
 [0.57656157,0.73958958,0.78034233,0.74456249,0.69653367,0.65564374,
  0.62414866,0.60021506,0.5817687 ,0.56723919,0.5555382 ],
 [0.6183774 ,0.79414284,0.81730006,0.75718481,0.688783  ,0.63374976,
  0.59293899,0.56274424,0.53990426,0.52215231,0.50799501],
 [0.60951161,0.78693636,0.81666468,0.77196992,0.72012837,0.6775338 ,
  0.64506383,0.62042442,0.60141204,0.58641811,0.57433536],
 [0.54178901,0.73289911,0.77818724,0.74419873,0.69893671,0.66021055,
  0.62995102,0.60662215,0.58844198,0.57401805,0.56235526],
 [0.49100536,0.71493105,0.77832323,0.75826347,0.72346354,0.69201824,
  0.6667099 ,0.64682449,0.63114576,0.61862617,0.60847451],
 [0.6224192 ,0.78485807,0.8250091 ,0.79091487,0.74897983,0.71304823,
  0.68433399,0.66162842,0.64353562,0.62892225,0.61694156],
 [0.53649861,0.7579333 ,0.82826426,0.80050137,0.76254781,0.7312533 ,
  0.70697724,0.6880336 ,0.67297555,0.66077886,0.65073368],
 [0.69705204,0.82981856,0.86069723,0.83104176,0.79461687,0.76335695,
  0.73818335,0.71805275,0.70182581,0.68858616,0.67764377],
 [0.66650953,0.85901531,0.90142548,0.86832647,0.82698008,0.7918801 ,
  0.7641792 ,0.74259068,0.72566863,0.71223543,0.70141038]]
measureGC
[1.        ,0.97058824,0.94117647,0.91176471,0.88235294,0.64705882,
 0.61764706,0.58823529,0.58823529,0.55882353,0.55882353,0.55882353,
 0.55882353,0.52941176,0.5       ,0.47058824,0.47058824,0.44117647,
 0.41176471,0.38235294]
measureAPL
[1.        ,1.05208498,1.10982506,0.94016013,1.11078914,0.95632003,
 0.98019208,0.91443029,0.93518032,0.79360835,0.90067227,0.92880486,
 0.86870877,0.85766807,0.97712418,0.81858626,0.90582633,1.13665466,
 1.08986928,1.13818861]

Degree
Tq
[[ 1.30377012e+00, 1.22993728e+00, 1.13928372e+00, 1.04474405e+00,
   9.62626762e-01, 8.98505765e-01, 8.50005934e-01, 8.13067351e-01,
   7.84354402e-01, 7.61524433e-01, 7.42989022e-01],
 [ 1.43048151e+00, 1.32945062e+00, 1.21061059e+00, 1.09471492e+00,
   1.00169194e+00, 9.33376839e-01, 8.83477109e-01, 8.46170007e-01,
   8.17483141e-01, 7.94846128e-01, 7.76580620e-01],
 [ 8.95081442e-01, 1.11222511e+00, 1.15345360e+00, 1.10965483e+00,
   1.05168990e+00, 1.00086907e+00, 9.60719837e-01, 9.29652892e-01,
   9.05401051e-01, 8.86121684e-01, 8.70489454e-01],
 [ 2.35754227e-01, 6.10854461e-01, 8.44891893e-01, 8.70589801e-01,
   8.43012664e-01, 8.09466010e-01, 7.80371308e-01, 7.57036890e-01,
   7.38600839e-01, 7.23942614e-01, 7.12132994e-01],
 [ 3.20769900e-01, 4.98705033e-01, 5.73083151e-01, 5.72026116e-01,
   5.50368487e-01, 5.27382278e-01, 5.07700126e-01, 4.91767642e-01,
   4.79036614e-01, 4.68838676e-01, 4.60600216e-01],
 [ 1.53272528e-01, 2.81241952e-01, 3.77722645e-01, 4.19720241e-01,
   4.35111865e-01, 4.41396866e-01, 4.44401291e-01, 4.45950485e-01,
   4.46716025e-01, 4.47011366e-01, 4.47014175e-01],
 [ 1.46131369e-01, 2.75515489e-01, 3.89790716e-01, 4.47724573e-01,
   4.71333520e-01, 4.81237765e-01, 4.85486011e-01, 4.86999525e-01,
   4.87049015e-01, 4.86301428e-01, 4.85141435e-01],
 [ 1.02169307e-01, 1.67905218e-01, 2.24545274e-01, 2.51990187e-01,
   2.57035714e-01, 2.52068926e-01, 2.44078614e-01, 2.35968250e-01,
   2.28736103e-01, 2.22606189e-01, 2.17518785e-01],
 [ 6.96496811e-02, 1.17092606e-01, 1.63205532e-01, 1.95728942e-01,
   2.13564576e-01, 2.21459343e-01, 2.23952378e-01, 2.23778956e-01,
   2.22364963e-01, 2.20436165e-01, 2.18364391e-01],
 [ 4.06427837e-02, 7.95497595e-02, 1.26571681e-01, 1.65376889e-01,
   1.89401821e-01, 2.01782107e-01, 2.07312682e-01, 2.09241415e-01,
   2.09348653e-01, 2.08569165e-01, 2.07397373e-01],
 [ 1.04525610e-02, 1.86914524e-02, 2.93503633e-02, 3.97166624e-02,
   4.72077152e-02, 5.16315899e-02, 5.40559540e-02, 5.54099717e-02,
   5.62228097e-02, 5.67577363e-02, 5.71414442e-02],
 [-6.87236517e-18, 1.64936764e-17, 6.87236517e-18, 7.14725978e-17,
  -1.22175381e-17, 4.39831371e-17,-5.98170664e-17,-5.86441828e-17,
   2.87236814e-17,-3.29873528e-17,-1.30320406e-16],
 [ 2.19915685e-17, 6.04768135e-17, 1.64936764e-17, 5.49789214e-18,
  -2.93220914e-17,-9.34641663e-17,-1.05559529e-16, 5.86441828e-17,
  -3.59046017e-17, 6.59747056e-17, 1.21632379e-16],
 [ 1.09957843e-17, 3.84852450e-17, 1.09957843e-17, 1.64936764e-17,
  -1.95480609e-17,-6.04768135e-17,-7.74103213e-17, 3.90961219e-17,
  -2.15427610e-17, 4.39831371e-17, 6.95042166e-17],
 [ 0.00000000e+00, 0.00000000e+00, 0.00000000e+00, 0.00000000e+00,
   0.00000000e+00, 0.00000000e+00, 0.00000000e+00, 0.00000000e+00,
   0.00000000e+00, 0.00000000e+00, 0.00000000e+00],
 [ 0.00000000e+00, 0.00000000e+00, 0.00000000e+00, 0.00000000e+00,
   0.00000000e+00, 0.00000000e+00, 0.00000000e+00, 0.00000000e+00,
   0.00000000e+00, 0.00000000e+00, 0.00000000e+00],
 [ 0.00000000e+00, 0.00000000e+00, 0.00000000e+00, 0.00000000e+00,
   0.00000000e+00, 0.00000000e+00, 0.00000000e+00, 0.00000000e+00,
   0.00000000e+00, 0.00000000e+00, 0.00000000e+00],
 [ 0.00000000e+00, 0.00000000e+00, 0.00000000e+00, 0.00000000e+00,
   0.00000000e+00, 0.00000000e+00, 0.00000000e+00, 0.00000000e+00,
   0.00000000e+00, 0.00000000e+00, 0.00000000e+00],
 [ 0.00000000e+00, 0.00000000e+00, 0.00000000e+00, 0.00000000e+00,
   0.00000000e+00, 0.00000000e+00, 0.00000000e+00, 0.00000000e+00,
   0.00000000e+00, 0.00000000e+00, 0.00000000e+00],
 [ 0.00000000e+00, 0.00000000e+00, 0.00000000e+00, 0.00000000e+00,
   0.00000000e+00, 0.00000000e+00, 0.00000000e+00, 0.00000000e+00,
   0.00000000e+00, 0.00000000e+00, 0.00000000e+00]]
measureGC
[1.        ,1.05208498,1.10982506,0.94016013,1.11078914,0.95632003,
 0.98019208,0.91443029,0.93518032,0.79360835,0.90067227,0.92880486,
 0.86870877,0.85766807,0.97712418,0.81858626,0.90582633,1.13665466,
 1.08986928,1.13818861]
measureAPL
[1.        ,0.97058824,0.76470588,0.58823529,0.29411765,0.23529412,
 0.23529412,0.14705882,0.11764706,0.11764706,0.08823529,0.05882353,
 0.05882353,0.05882353,0.02941176,0.02941176,0.02941176,0.02941176,
 0.02941176,0.02941176]

Centrality
Tq
[[ 1.30520816e+00, 1.23164545e+00, 1.13708222e+00, 1.03197418e+00,
   9.38532194e-01, 8.66875254e-01, 8.14157581e-01, 7.74905309e-01,
   7.44882533e-01, 7.21285078e-01, 7.02291071e-01],
 [ 7.17377244e-01, 9.16605956e-01, 9.46987290e-01, 8.82229820e-01,
   8.02004984e-01, 7.35594932e-01, 6.85330248e-01, 6.47478045e-01,
   6.18482242e-01, 5.95783603e-01, 5.77633478e-01],
 [ 8.98380003e-01, 1.09494266e+00, 1.12438096e+00, 1.07548733e+00,
   1.01441502e+00, 9.62180384e-01, 9.21575287e-01, 8.90500954e-01,
   8.66460337e-01, 8.47514120e-01, 8.32292317e-01],
 [ 3.80567962e-01, 7.53481804e-01, 9.27704466e-01, 9.32354464e-01,
   8.97699961e-01, 8.61670577e-01, 8.31710257e-01, 8.08034561e-01,
   7.89404681e-01, 7.74585392e-01, 7.62621481e-01],
 [ 2.92526002e-01, 4.69138342e-01, 5.42591203e-01, 5.43806817e-01,
   5.27050783e-01, 5.09819708e-01, 4.95479662e-01, 4.84047277e-01,
   4.74948882e-01, 4.67629847e-01, 4.61657777e-01],
 [ 9.35653950e-02, 1.99647125e-01, 2.97781720e-01, 3.46535318e-01,
   3.66282416e-01, 3.75569839e-01, 3.81180242e-01, 3.85218408e-01,
   3.88365943e-01, 3.90883654e-01, 3.92908138e-01],
 [ 9.46257851e-02, 1.55912134e-01, 2.04709883e-01, 2.25190417e-01,
   2.26789018e-01, 2.20896880e-01, 2.13123021e-01, 2.05556369e-01,
   1.98827377e-01, 1.93032090e-01, 1.88090653e-01],
 [ 6.60167212e-02, 1.11883144e-01, 1.56630754e-01, 1.85864406e-01,
   1.98836177e-01, 2.02617431e-01, 2.02403845e-01, 2.00677936e-01,
   1.98505794e-01, 1.96328826e-01, 1.94318290e-01],
 [ 8.26368771e-02, 1.39574443e-01, 1.90621561e-01, 2.21123387e-01,
   2.34253329e-01, 2.37632822e-01, 2.36370867e-01, 2.33086792e-01,
   2.29043571e-01, 2.24857254e-01, 2.20830529e-01],
 [ 3.70631688e-02, 6.82560310e-02, 1.06899972e-01, 1.41541154e-01,
   1.65184124e-01, 1.78972323e-01, 1.86534127e-01, 1.90574028e-01,
   1.92648613e-01, 1.93621648e-01, 1.93983723e-01],
 [ 7.93823450e-03, 1.46861412e-02, 2.37625283e-02, 3.34676157e-02,
   4.19974525e-02, 4.86265534e-02, 5.35838700e-02, 5.73585470e-02,
   6.03378689e-02, 6.27650968e-02, 6.47869004e-02],
 [-8.24683820e-18, 5.49789214e-18,-4.12341910e-18, 3.29873528e-17,
  -1.22175381e-17, 3.29873528e-17,-7.38916703e-17,-7.81922437e-17,
  -2.87236814e-17,-2.19915685e-17,-1.12944352e-16],
 [ 1.64936764e-17, 7.69704899e-17, 8.24683820e-18, 2.74894607e-17,
  -1.46610457e-17,-9.34641663e-17,-9.85222271e-17, 2.93220914e-17,
  -7.89901237e-17, 3.29873528e-17, 7.81922437e-17],
 [ 1.23702573e-17, 6.32257596e-17, 1.78681494e-17, 1.64936764e-17,
  -2.19915685e-17,-5.49789214e-17,-1.05559529e-16, 4.39831371e-17,
  -4.30855220e-17, 6.04768135e-17, 7.81922437e-17],
 [ 0.00000000e+00, 0.00000000e+00, 0.00000000e+00, 0.00000000e+00,
   0.00000000e+00, 0.00000000e+00, 0.00000000e+00, 0.00000000e+00,
   0.00000000e+00, 0.00000000e+00, 0.00000000e+00],
 [ 0.00000000e+00, 0.00000000e+00, 0.00000000e+00, 0.00000000e+00,
   0.00000000e+00, 0.00000000e+00, 0.00000000e+00, 0.00000000e+00,
   0.00000000e+00, 0.00000000e+00, 0.00000000e+00],
 [ 0.00000000e+00, 0.00000000e+00, 0.00000000e+00, 0.00000000e+00,
   0.00000000e+00, 0.00000000e+00, 0.00000000e+00, 0.00000000e+00,
   0.00000000e+00, 0.00000000e+00, 0.00000000e+00],
 [ 0.00000000e+00, 0.00000000e+00, 0.00000000e+00, 0.00000000e+00,
   0.00000000e+00, 0.00000000e+00, 0.00000000e+00, 0.00000000e+00,
   0.00000000e+00, 0.00000000e+00, 0.00000000e+00],
 [ 0.00000000e+00, 0.00000000e+00, 0.00000000e+00, 0.00000000e+00,
   0.00000000e+00, 0.00000000e+00, 0.00000000e+00, 0.00000000e+00,
   0.00000000e+00, 0.00000000e+00, 0.00000000e+00],
 [ 0.00000000e+00, 0.00000000e+00, 0.00000000e+00, 0.00000000e+00,
   0.00000000e+00, 0.00000000e+00, 0.00000000e+00, 0.00000000e+00,
   0.00000000e+00, 0.00000000e+00, 0.00000000e+00]]
measureGC
[1.        ,1.10725164,0.91504436,1.19041552,0.78850483,1.05363528,
 0.8057211 ,0.53567172,0.51648788,0.43384982,0.27890346,0.13945173,
 0.03098927,0.30989273,0.30989273,0.30989273,0.30989273,0.30989273,
 0.30989273,0.30989273]
measureAPL
[1.        ,0.79411765,0.76470588,0.58823529,0.29411765,0.23529412,
 0.14705882,0.14705882,0.11764706,0.11764706,0.08823529,0.05882353,
 0.05882353,0.05882353,0.02941176,0.02941176,0.02941176,0.02941176,
 0.02941176,0.02941176]