PercentOfNodes
[0.  ,0.05,0.1 ,0.15,0.2 ,0.25,0.3 ,0.35,0.4 ,0.45,0.5 ,0.55,0.6 ,0.65,
 0.7 ,0.75,0.8 ,0.85,0.9 ]

RandomAttack
Tq
[[1.3150695 ,1.24779081,1.17148438,1.09642887,1.03263057,0.98214177,
  0.94284846,0.91203508,0.88746767,0.86751662,0.85103361],
 [1.29134629,1.2134811 ,1.11809626,1.01770452,0.92939545,0.86113671,
  0.81045127,0.77239449,0.74308203,0.71991645,0.70119107],
 [1.26847167,1.19804688,1.10757329,1.00816439,0.92009649,0.85205097,
  0.80138751,0.76322864,0.73376592,0.71043696,0.69155042],
 [1.27571849,1.19918023,1.10908706,1.01346577,0.92807717,0.8615983 ,
  0.8121815 ,0.77517077,0.74676848,0.72439554,0.70635275],
 [1.24349797,1.17041731,1.08521976,0.998929  ,0.92399979,0.86519677,
  0.82065702,0.78679365,0.76055117,0.73974636,0.72288968],
 [1.26089918,1.18874279,1.09889939,1.00073377,0.91251513,0.84306663,
  0.79076997,0.75129251,0.72092955,0.69705363,0.67787607],
 [1.25208759,1.181027  ,1.09645129,1.0079831 ,0.92967399,0.86779445,
  0.82072143,0.78479241,0.75687022,0.73470979,0.71676813],
 [1.2427655 ,1.18460044,1.113937  ,1.04104941,0.97817801,0.92939886,
  0.89249042,0.86417924,0.84196176,0.82413979,0.80956727],
 [1.24193693,1.18150969,1.1091952 ,1.03196787,0.96284307,0.9085011 ,
  0.86758   ,0.83658079,0.81258188,0.79355486,0.77813769],
 [1.21360828,1.14753651,1.06709086,0.98117684,0.90429723,0.84378852,
  0.79840393,0.76428715,0.73808558,0.71744729,0.70080156],
 [1.22130792,1.16927482,1.11136073,1.05232076,0.99905145,0.95539482,
  0.92105591,0.8941327 ,0.87276246,0.8555192 ,0.84137625],
 [1.1438248 ,1.08011471,1.00520196,0.92683184,0.85584349,0.79835042,
  0.75417098,0.72049439,0.69449669,0.67403782,0.65761572],
 [1.14114018,1.072769  ,0.99764868,0.92484484,0.86302185,0.81453559,
  0.7775228 ,0.7491822 ,0.72714123,0.70966525,0.69553813],
 [1.22523172,1.15504587,1.07451861,0.99470207,0.9265705 ,0.87335256,
  0.83291726,0.80204689,0.77807418,0.7590831 ,0.74374562],
 [1.19333857,1.13367426,1.06673824,1.00081361,0.94393727,0.89872477,
  0.86373182,0.83652987,0.81505261,0.79779445,0.78369509],
 [1.17961206,1.11857713,1.04804548,0.97765302,0.9188913 ,0.87415456,
  0.84053073,0.81484736,0.79479615,0.77881091,0.7658271 ],
 [1.17067489,1.10979216,1.03889123,0.96913964,0.91151275,0.8678927 ,
  0.8353224 ,0.81057493,0.79129846,0.77591976,0.76339132],
 [1.07325882,1.01675464,0.9553037 ,0.89857816,0.85398289,0.82114139,
  0.79686098,0.77843217,0.76403766,0.75250266,0.74305739],
 [1.0888042 ,1.02834527,0.9590299 ,0.89311705,0.8387919 ,0.79679861,
  0.76476821,0.74008461,0.72070633,0.70519092,0.6925416 ],
 [1.03775041,0.98593151,0.93117167,0.87957962,0.83541002,0.79956556,
  0.77104645,0.74839029,0.73026145,0.7155941 ,0.70357986]]
measureGC
[1.        ,0.97058824,0.94117647,0.91176471,0.88235294,0.85294118,
 0.82352941,0.79411765,0.76470588,0.73529412,0.70588235,0.67647059,
 0.64705882,0.61764706,0.58823529,0.55882353,0.52941176,0.5       ,
 0.47058824,0.44117647]
measureAPL
[1.        ,1.05208498,0.98070339,1.13780512,1.16461969,1.05200501,
 1.14859069,1.17614488,1.16077465,1.09968125,1.07080073,1.19760349,
 1.13147759,1.21298174,1.08718487,1.08450047,1.15011931,1.10329132,
 1.09063625,1.19377163]

Degree
Tq
[[ 1.30058819e+00, 1.22416883e+00, 1.13171707e+00, 1.03449458e+00,
   9.49370601e-01, 8.82823896e-01, 8.32465299e-01, 7.94082374e-01,
   7.64245792e-01, 7.40552392e-01, 7.21362867e-01],
 [ 1.46754791e+00, 1.37154344e+00, 1.25956039e+00, 1.14778184e+00,
   1.05546462e+00, 9.86873417e-01, 9.36851208e-01, 8.99657637e-01,
   8.71199007e-01, 8.48810426e-01, 8.30764716e-01],
 [ 8.59041337e-01, 1.10137140e+00, 1.14425148e+00, 1.10149482e+00,
   1.04413298e+00, 9.93065335e-01, 9.52146764e-01, 9.20129500e-01,
   8.94930440e-01, 8.74785581e-01, 8.58395768e-01],
 [ 2.97941124e-01, 6.36711179e-01, 8.56698911e-01, 8.98620562e-01,
   8.85519480e-01, 8.60919860e-01, 8.36862060e-01, 8.16346782e-01,
   7.99536866e-01, 7.85852340e-01, 7.74645889e-01],
 [ 2.81664820e-01, 5.94567597e-01, 7.96907562e-01, 8.44426481e-01,
   8.44622455e-01, 8.34290903e-01, 8.22507421e-01, 8.11553715e-01,
   8.01905537e-01, 7.93535957e-01, 7.86292566e-01],
 [ 1.19756466e-01, 2.32922136e-01, 3.35646889e-01, 3.89281279e-01,
   4.12458746e-01, 4.23750997e-01, 4.30348137e-01, 4.34635055e-01,
   4.37518023e-01, 4.39449458e-01, 4.40712633e-01],
 [ 1.02401996e-01, 2.41049941e-01, 3.71133892e-01, 4.30694878e-01,
   4.50089861e-01, 4.56256154e-01, 4.58437080e-01, 4.59235846e-01,
   4.59423811e-01, 4.59279508e-01, 4.58936128e-01],
 [ 7.45428312e-02, 1.86993920e-01, 3.30701837e-01, 4.22655278e-01,
   4.62653777e-01, 4.78520645e-01, 4.84783251e-01, 4.87014492e-01,
   4.87409412e-01, 4.86929766e-01, 4.86039919e-01],
 [ 8.43752736e-02, 2.00046935e-01, 3.37426891e-01, 4.26590628e-01,
   4.69117122e-01, 4.89557736e-01, 5.00877268e-01, 5.08032923e-01,
   5.12959007e-01, 5.16532883e-01, 5.19224234e-01],
 [ 6.66734158e-02, 1.06642141e-01, 1.45209878e-01, 1.72138755e-01,
   1.86775453e-01, 1.93274162e-01, 1.95402877e-01, 1.95421440e-01,
   1.94502508e-01, 1.93229521e-01, 1.91888925e-01],
 [ 1.42831813e-02, 2.67020749e-02, 4.30134181e-02, 5.87875495e-02,
   7.04040501e-02, 7.76433917e-02, 8.19200008e-02, 8.45242276e-02,
   8.62318062e-02, 8.74464795e-02, 8.83709161e-02],
 [ 9.50613908e-03, 1.86914524e-02, 3.25889495e-02, 4.90178496e-02,
   6.37278925e-02, 7.41048561e-02, 8.04500698e-02, 8.41656266e-02,
   8.64064018e-02, 8.78545219e-02, 8.88673792e-02],
 [ 1.78681494e-17, 6.87236517e-17, 6.87236517e-18, 1.09957843e-17,
  -1.22175381e-17,-8.24683820e-17,-7.74103213e-17, 2.44350762e-17,
  -7.18092034e-17, 2.74894607e-17, 7.81922437e-17],
 [ 1.23702573e-17, 5.22299753e-17, 9.62131124e-18, 2.19915685e-17,
  -1.71045533e-17,-7.14725978e-17,-8.44476232e-17, 3.42091066e-17,
  -4.30855220e-17, 3.84852450e-17, 6.95042166e-17],
 [ 0.00000000e+00, 0.00000000e+00, 0.00000000e+00, 0.00000000e+00,
   0.00000000e+00, 0.00000000e+00, 0.00000000e+00, 0.00000000e+00,
   0.00000000e+00, 0.00000000e+00, 0.00000000e+00],
 [ 0.00000000e+00, 0.00000000e+00, 0.00000000e+00, 0.00000000e+00,
   0.00000000e+00, 0.00000000e+00, 0.00000000e+00, 0.00000000e+00,
   0.00000000e+00, 0.00000000e+00, 0.00000000e+00],
 [ 0.00000000e+00, 0.00000000e+00, 0.00000000e+00, 0.00000000e+00,
   0.00000000e+00, 0.00000000e+00, 0.00000000e+00, 0.00000000e+00,
   0.00000000e+00, 0.00000000e+00, 0.00000000e+00],
 [ 0.00000000e+00, 0.00000000e+00, 0.00000000e+00, 0.00000000e+00,
   0.00000000e+00, 0.00000000e+00, 0.00000000e+00, 0.00000000e+00,
   0.00000000e+00, 0.00000000e+00, 0.00000000e+00],
 [ 0.00000000e+00, 0.00000000e+00, 0.00000000e+00, 0.00000000e+00,
   0.00000000e+00, 0.00000000e+00, 0.00000000e+00, 0.00000000e+00,
   0.00000000e+00, 0.00000000e+00, 0.00000000e+00],
 [ 0.00000000e+00, 0.00000000e+00, 0.00000000e+00, 0.00000000e+00,
   0.00000000e+00, 0.00000000e+00, 0.00000000e+00, 0.00000000e+00,
   0.00000000e+00, 0.00000000e+00, 0.00000000e+00]]
measureGC
[1.        ,1.05208498,0.98070339,1.13780512,1.16461969,1.05200501,
 1.14859069,1.17614488,1.16077465,1.09968125,1.07080073,1.19760349,
 1.13147759,1.21298174,1.08718487,1.08450047,1.15011931,1.10329132,
 1.09063625,1.19377163]
measureAPL
[1.        ,0.97058824,0.76470588,0.58823529,0.47058824,0.23529412,
 0.23529412,0.23529412,0.20588235,0.11764706,0.08823529,0.08823529,
 0.05882353,0.05882353,0.02941176,0.02941176,0.02941176,0.02941176,
 0.02941176,0.02941176]

Centrality
Tq
[[ 1.30400310e+00, 1.22690129e+00, 1.12721901e+00, 1.01852856e+00,
   9.24137407e-01, 8.52546084e-01, 8.00150640e-01, 7.61298476e-01,
   7.31691805e-01, 7.08496836e-01, 6.89878294e-01],
 [ 7.28484875e-01, 9.47023643e-01, 9.95870665e-01, 9.57920414e-01,
   9.05289808e-01, 8.59041514e-01, 8.22300899e-01, 7.93577651e-01,
   7.70900373e-01, 7.52694871e-01, 7.37824577e-01],
 [ 7.88094792e-01, 1.08847995e+00, 1.16164021e+00, 1.12526168e+00,
   1.06902420e+00, 1.01903604e+00, 9.79667856e-01, 9.49335934e-01,
   9.25736403e-01, 9.07027674e-01, 8.91900201e-01],
 [ 3.76442437e-01, 7.57711934e-01, 9.20955652e-01, 9.21171072e-01,
   8.85803631e-01, 8.48948242e-01, 8.18048416e-01, 7.93538830e-01,
   7.74248728e-01, 7.58932044e-01, 7.46600207e-01],
 [ 2.82806344e-01, 4.44887165e-01, 5.12737978e-01, 5.14725716e-01,
   4.99377863e-01, 4.82842005e-01, 4.68706148e-01, 4.57310160e-01,
   4.48244589e-01, 4.41009769e-01, 4.35179036e-01],
 [ 9.81463376e-02, 2.08886466e-01, 3.10062032e-01, 3.61198473e-01,
   3.82986779e-01, 3.93626565e-01, 4.00021346e-01, 4.04432287e-01,
   4.07660596e-01, 4.10064676e-01, 4.11856737e-01],
 [ 9.72021573e-02, 1.57746064e-01, 2.03094790e-01, 2.21569510e-01,
   2.22918125e-01, 2.17468090e-01, 2.10252694e-01, 2.03174358e-01,
   1.96832732e-01, 1.91337505e-01, 1.86628898e-01],
 [ 6.17336734e-02, 1.11883144e-01, 1.61137630e-01, 1.90653318e-01,
   2.02105471e-01, 2.04214181e-01, 2.02536907e-01, 1.99615447e-01,
   1.96491008e-01, 1.93555511e-01, 1.90931749e-01],
 [ 7.89564654e-02, 1.27517738e-01, 1.71052995e-01, 1.97318760e-01,
   2.08181224e-01, 2.10236052e-01, 2.08181134e-01, 2.04468580e-01,
   2.00258686e-01, 1.96081834e-01, 1.92170521e-01],
 [ 3.70119242e-02, 6.98146996e-02, 1.10080979e-01, 1.45369279e-01,
   1.69098530e-01, 1.82967046e-01, 1.90734459e-01, 1.95054697e-01,
   1.97430134e-01, 1.98694464e-01, 1.99324766e-01],
 [ 1.21776862e-02, 2.26967637e-02, 3.69906140e-02, 5.22991836e-02,
   6.55384051e-02, 7.54771852e-02, 8.25722048e-02, 8.77201818e-02,
   9.16172269e-02, 9.46922608e-02, 9.71961036e-02],
 [-4.12341910e-18, 1.09957843e-17,-5.49789214e-18, 7.69704899e-17,
  -9.77403046e-18, 7.69704899e-17,-8.44476232e-17,-6.84182132e-17,
  -5.02664424e-17, 6.59747056e-17,-7.81922437e-17],
 [ 1.78681494e-17, 7.42215438e-17, 1.23702573e-17, 2.74894607e-17,
  -2.19915685e-17,-9.89620584e-17,-1.12596831e-16, 4.39831371e-17,
  -6.46282831e-17, 4.94810292e-17, 9.55682979e-17],
 [ 1.51192034e-17, 4.67320832e-17, 9.62131124e-18, 5.49789214e-18,
  -1.71045533e-17,-6.59747056e-17,-7.03730193e-17, 3.42091066e-17,
  -3.59046017e-17, 3.84852450e-17, 7.81922437e-17],
 [ 0.00000000e+00, 0.00000000e+00, 0.00000000e+00, 0.00000000e+00,
   0.00000000e+00, 0.00000000e+00, 0.00000000e+00, 0.00000000e+00,
   0.00000000e+00, 0.00000000e+00, 0.00000000e+00],
 [ 0.00000000e+00, 0.00000000e+00, 0.00000000e+00, 0.00000000e+00,
   0.00000000e+00, 0.00000000e+00, 0.00000000e+00, 0.00000000e+00,
   0.00000000e+00, 0.00000000e+00, 0.00000000e+00],
 [ 0.00000000e+00, 0.00000000e+00, 0.00000000e+00, 0.00000000e+00,
   0.00000000e+00, 0.00000000e+00, 0.00000000e+00, 0.00000000e+00,
   0.00000000e+00, 0.00000000e+00, 0.00000000e+00],
 [ 0.00000000e+00, 0.00000000e+00, 0.00000000e+00, 0.00000000e+00,
   0.00000000e+00, 0.00000000e+00, 0.00000000e+00, 0.00000000e+00,
   0.00000000e+00, 0.00000000e+00, 0.00000000e+00],
 [ 0.00000000e+00, 0.00000000e+00, 0.00000000e+00, 0.00000000e+00,
   0.00000000e+00, 0.00000000e+00, 0.00000000e+00, 0.00000000e+00,
   0.00000000e+00, 0.00000000e+00, 0.00000000e+00],
 [ 0.00000000e+00, 0.00000000e+00, 0.00000000e+00, 0.00000000e+00,
   0.00000000e+00, 0.00000000e+00, 0.00000000e+00, 0.00000000e+00,
   0.00000000e+00, 0.00000000e+00, 0.00000000e+00]]
measureGC
[1.        ,1.1858749 ,1.18684263,1.26813559,1.26595862,0.97727273,
 0.86132512,0.99383667,0.77850539,0.45274782,0.41409861,0.298151  ,
 0.03312789,0.33127889,0.33127889,0.33127889,0.33127889,0.33127889,
 0.33127889,0.33127889]
measureAPL
[1.        ,0.79411765,0.76470588,0.58823529,0.29411765,0.23529412,
 0.14705882,0.14705882,0.11764706,0.11764706,0.08823529,0.05882353,
 0.05882353,0.05882353,0.02941176,0.02941176,0.02941176,0.02941176,
 0.02941176,0.02941176]