PercentOfNodes
[0.  ,0.05,0.1 ,0.15,0.2 ,0.25,0.3 ,0.35,0.4 ,0.45,0.5 ,0.55,0.6 ,0.65,
 0.7 ,0.75,0.8 ,0.85,0.9 ]

RandomAttack
Tq
[[1.3150695 ,1.24779081,1.17148438,1.09642887,1.03263057,0.98214177,
  0.94284846,0.91203508,0.88746767,0.86751662,0.85103361],
 [1.3011468 ,1.22662448,1.13220165,1.0331824 ,0.94911665,0.88569368,
  0.83904633,0.80410893,0.77718182,0.75585758,0.73857676],
 [1.30794143,1.2239031 ,1.11881461,1.00669315,0.91082501,0.83892236,
  0.7866064 ,0.74790031,0.71841452,0.69529472,0.67670592],
 [1.33442027,1.23967186,1.1344453 ,1.02955708,0.94109605,0.87385697,
  0.82410072,0.78681402,0.75817909,0.73562927,0.71746851],
 [1.36509944,1.27251102,1.16843365,1.06664329,0.98109244,0.91543863,
  0.86619978,0.82884451,0.79988219,0.77691642,0.75832899],
 [1.39182482,1.30739549,1.2123823 ,1.11826279,1.03889233,0.97811975,
  0.93274511,0.89847426,0.871984  ,0.85100762,0.83403014],
 [1.38729654,1.30806337,1.21849139,1.1292155 ,1.05273245,0.99300513,
  0.94769502,0.91316789,0.88639861,0.8652124 ,0.84810586],
 [1.34651508,1.25709845,1.15065408,1.04988952,0.97136936,0.91489484,
  0.87420208,0.84400862,0.8208841 ,0.80267647,0.78800362],
 [1.31091414,1.24116071,1.15833864,1.07481014,1.0046263 ,0.95144318,
  0.91197902,0.88224852,0.85929318,0.84112552,0.82642411],
 [0.49957926,0.90500311,1.00331058,0.95231652,0.89131688,0.84324066,
  0.8072766 ,0.78004696,0.75894074,0.74219974,0.72865035],
 [0.59289188,0.90390227,0.98396759,0.93564053,0.87535049,0.82586381,
  0.78795296,0.75893702,0.73635444,0.718424  ,0.70391454],
 [0.30134195,0.66029556,0.88710967,0.92566218,0.91357949,0.894997  ,
  0.87820057,0.86418763,0.85264227,0.84309418,0.83513306],
 [0.29877514,0.67451292,0.87261278,0.89036742,0.87197992,0.85136231,
  0.83370664,0.81924252,0.80743502,0.79773345,0.7896899 ],
 [0.3163768 ,0.68830261,0.85511663,0.86931516,0.85504131,0.83941601,
  0.82626555,0.81562405,0.8070232 ,0.80002034,0.79426456],
 [0.40134462,0.69345518,0.81836307,0.82148576,0.80242129,0.78302683,
  0.7663319 ,0.75232109,0.74056894,0.73066428,0.72226656],
 [0.32503868,0.66817303,0.82403128,0.83173092,0.80944739,0.78674892,
  0.76807672,0.75325215,0.74145602,0.73195419,0.72418902],
 [0.27790926,0.57013357,0.75285781,0.78285639,0.76991308,0.75200086,
  0.73619427,0.72319857,0.71262062,0.70396755,0.69682423],
 [0.3921961 ,0.65788483,0.78846444,0.80064488,0.78535785,0.76825991,
  0.75371146,0.74189511,0.73232177,0.72449848,0.71803329],
 [0.43586408,0.61872546,0.7277542 ,0.73714121,0.721369  ,0.70420014,
  0.68971285,0.67802015,0.66860071,0.66094101,0.65463663],
 [0.38791477,0.59617123,0.6932225 ,0.69692349,0.67968192,0.66217099,
  0.64759323,0.63582019,0.626286  ,0.61848881,0.61204397]]
measureGC
[1.        ,0.97058824,0.94117647,0.91176471,0.88235294,0.85294118,
 0.82352941,0.79411765,0.76470588,0.61764706,0.58823529,0.47058824,
 0.47058824,0.44117647,0.44117647,0.41176471,0.38235294,0.38235294,
 0.35294118,0.32352941]
measureAPL
[1.        ,1.05646333,1.10463352,1.08106443,1.11456583,1.17992681,
 1.12249515,1.0952381 ,1.14892624,1.08718487,1.51211073,1.45172736,
 1.49789916,1.32951362,1.21120448,1.54621849,1.48427063,1.2416603 ,
 1.49610955,1.24985994]

Degree
Tq
[[ 1.30756431e+00, 1.23061182e+00, 1.13599685e+00, 1.03672253e+00,
   9.50617764e-01, 8.84130905e-01, 8.34403624e-01, 7.96829374e-01,
   7.67772918e-01, 7.44751787e-01, 7.26110688e-01],
 [ 1.47101160e+00, 1.37561626e+00, 1.26371325e+00, 1.14991872e+00,
   1.05376248e+00, 9.81235532e-01, 9.28027142e-01, 8.88442239e-01,
   8.58224219e-01, 8.34548241e-01, 8.15564653e-01],
 [ 8.33848078e-01, 1.09821517e+00, 1.14451873e+00, 1.10362606e+00,
   1.04755511e+00, 9.97184351e-01, 9.56591142e-01, 9.24715557e-01,
   8.99579830e-01, 8.79471774e-01, 8.63116671e-01],
 [ 2.90736700e-01, 6.50964570e-01, 8.64952596e-01, 9.00051935e-01,
   8.84081094e-01, 8.58332537e-01, 8.33823331e-01, 8.13156807e-01,
   7.96336396e-01, 7.82712831e-01, 7.71604302e-01],
 [ 3.05245073e-01, 4.93588649e-01, 5.71488703e-01, 5.73332439e-01,
   5.53379081e-01, 5.30794494e-01, 5.10683280e-01, 4.93977177e-01,
   4.80391431e-01, 4.69367255e-01, 4.60366685e-01],
 [ 1.22248195e-01, 2.34036105e-01, 3.37644049e-01, 3.90114215e-01,
   4.12711768e-01, 4.24139162e-01, 4.31116145e-01, 4.35789343e-01,
   4.38992870e-01, 4.41174154e-01, 4.42631133e-01],
 [ 9.38466265e-02, 1.54517088e-01, 2.01814973e-01, 2.20114631e-01,
   2.20430713e-01, 2.14165500e-01, 2.06483346e-01, 1.99163158e-01,
   1.92689552e-01, 1.87105489e-01, 1.82319622e-01],
 [ 8.68659670e-02, 1.55624602e-01, 2.15372739e-01, 2.46102159e-01,
   2.54746940e-01, 2.52793320e-01, 2.47209213e-01, 2.41100805e-01,
   2.35598108e-01, 2.30994082e-01, 2.27266749e-01],
 [ 5.71959214e-02, 1.18714698e-01, 1.87762453e-01, 2.32958233e-01,
   2.51673027e-01, 2.56288512e-01, 2.55393364e-01, 2.52731889e-01,
   2.49742029e-01, 2.46947385e-01, 2.44514297e-01],
 [ 4.35904103e-02, 7.88918193e-02, 1.19559217e-01, 1.53228697e-01,
   1.74816024e-01, 1.86719375e-01, 1.92852970e-01, 1.95909123e-01,
   1.97360757e-01, 1.97977338e-01, 1.98165770e-01],
 [ 1.16443882e-02, 2.13616599e-02, 3.47750959e-02, 4.95478442e-02,
   6.27457853e-02, 7.31196723e-02, 8.09903396e-02, 8.70832755e-02,
   9.19652235e-02, 9.59893484e-02, 9.93695033e-02],
 [-6.87236517e-18, 1.92426225e-17, 6.87236517e-18, 8.79662742e-17,
  -1.22175381e-17, 6.04768135e-17,-6.68543684e-17,-6.84182132e-17,
   2.15427610e-17,-1.09957843e-17,-1.30320406e-16],
 [ 1.78681494e-17, 6.32257596e-17, 1.51192034e-17, 2.19915685e-17,
  -2.68785838e-17,-9.34641663e-17,-1.12596831e-16, 5.37571676e-17,
  -4.30855220e-17, 6.04768135e-17, 1.04256325e-16],
 [ 1.23702573e-17, 5.22299753e-17, 9.62131124e-18, 2.19915685e-17,
  -1.71045533e-17,-7.14725978e-17,-8.44476232e-17, 3.42091066e-17,
  -4.30855220e-17, 3.84852450e-17, 6.95042166e-17],
 [ 0.00000000e+00, 0.00000000e+00, 0.00000000e+00, 0.00000000e+00,
   0.00000000e+00, 0.00000000e+00, 0.00000000e+00, 0.00000000e+00,
   0.00000000e+00, 0.00000000e+00, 0.00000000e+00],
 [ 0.00000000e+00, 0.00000000e+00, 0.00000000e+00, 0.00000000e+00,
   0.00000000e+00, 0.00000000e+00, 0.00000000e+00, 0.00000000e+00,
   0.00000000e+00, 0.00000000e+00, 0.00000000e+00],
 [ 0.00000000e+00, 0.00000000e+00, 0.00000000e+00, 0.00000000e+00,
   0.00000000e+00, 0.00000000e+00, 0.00000000e+00, 0.00000000e+00,
   0.00000000e+00, 0.00000000e+00, 0.00000000e+00],
 [ 0.00000000e+00, 0.00000000e+00, 0.00000000e+00, 0.00000000e+00,
   0.00000000e+00, 0.00000000e+00, 0.00000000e+00, 0.00000000e+00,
   0.00000000e+00, 0.00000000e+00, 0.00000000e+00],
 [ 0.00000000e+00, 0.00000000e+00, 0.00000000e+00, 0.00000000e+00,
   0.00000000e+00, 0.00000000e+00, 0.00000000e+00, 0.00000000e+00,
   0.00000000e+00, 0.00000000e+00, 0.00000000e+00],
 [ 0.00000000e+00, 0.00000000e+00, 0.00000000e+00, 0.00000000e+00,
   0.00000000e+00, 0.00000000e+00, 0.00000000e+00, 0.00000000e+00,
   0.00000000e+00, 0.00000000e+00, 0.00000000e+00]]
measureGC
[1.        ,1.05646333,1.10463352,1.08106443,1.11456583,1.17992681,
 1.12249515,1.0952381 ,1.14892624,1.08718487,1.51211073,1.45172736,
 1.49789916,1.32951362,1.21120448,1.54621849,1.48427063,1.2416603 ,
 1.49610955,1.24985994]
measureAPL
[1.        ,0.97058824,0.76470588,0.58823529,0.29411765,0.23529412,
 0.14705882,0.14705882,0.14705882,0.11764706,0.08823529,0.05882353,
 0.05882353,0.05882353,0.02941176,0.02941176,0.02941176,0.02941176,
 0.02941176,0.02941176]

Centrality
Tq
[[ 1.31272588e+00, 1.23609743e+00, 1.13853998e+00, 1.03239217e+00,
   9.38704501e-01, 8.66775715e-01, 8.13886386e-01, 7.74614657e-01,
   7.44683591e-01, 7.21239242e-01, 7.02424635e-01],
 [ 6.76907436e-01, 9.28358558e-01, 9.75346287e-01, 9.30566314e-01,
   8.70623239e-01, 8.19132018e-01, 7.78938370e-01, 7.47834497e-01,
   7.23399052e-01, 7.03817063e-01, 6.87823063e-01],
 [ 8.36638281e-01, 1.09311980e+00, 1.15548385e+00, 1.12013112e+00,
   1.06637310e+00, 1.01825479e+00, 9.80048904e-01, 9.50439561e-01,
   9.27325241e-01, 9.08976061e-01, 8.94139939e-01],
 [ 3.54301002e-01, 7.41539660e-01, 9.13109776e-01, 9.17430113e-01,
   8.81830747e-01, 8.43317890e-01, 8.10746581e-01, 7.84976098e-01,
   7.64831929e-01, 7.48964937e-01, 7.36289827e-01],
 [ 2.85303847e-01, 4.54112106e-01, 5.25005913e-01, 5.29912794e-01,
   5.17103156e-01, 5.02452928e-01, 4.89637880e-01, 4.79138061e-01,
   4.70662332e-01, 4.63804358e-01, 4.58207596e-01],
 [ 9.44748653e-02, 2.07263416e-01, 3.16688264e-01, 3.73322096e-01,
   3.97759044e-01, 4.10332168e-01, 4.18454750e-01, 4.24419789e-01,
   4.29021544e-01, 4.32628007e-01, 4.35470477e-01],
 [ 9.55153863e-02, 1.58195888e-01, 2.07216526e-01, 2.27611977e-01,
   2.29240976e-01, 2.23413708e-01, 2.15673223e-01, 2.08092329e-01,
   2.01310239e-01, 1.95436737e-01, 1.90402929e-01],
 [ 7.09456196e-02, 1.22815116e-01, 1.71281446e-01, 1.99556463e-01,
   2.09597579e-01, 2.10622788e-01, 2.08340864e-01, 2.05151104e-01,
   2.01946704e-01, 1.99029544e-01, 1.96475069e-01],
 [ 7.09297136e-02, 1.22556919e-01, 1.71618235e-01, 2.01833066e-01,
   2.14692624e-01, 2.17787363e-01, 2.16439568e-01, 2.13315828e-01,
   2.09628747e-01, 2.05920726e-01, 2.02430145e-01],
 [ 3.72928979e-02, 6.88484810e-02, 1.08699665e-01, 1.45984627e-01,
   1.73067592e-01, 1.90191627e-01, 2.00599420e-01, 2.06957523e-01,
   2.10900211e-01, 2.13383028e-01, 2.14974757e-01],
 [ 1.38714097e-02, 2.67020749e-02, 4.53534488e-02, 6.61246098e-02,
   8.37417197e-02, 9.61751633e-02, 1.04427231e-01, 1.10062890e-01,
   1.14171167e-01, 1.17358558e-01, 1.19944326e-01],
 [-5.49789214e-18, 5.49789214e-18,-6.87236517e-18, 7.69704899e-17,
  -7.33052285e-18, 7.69704899e-17,-8.09289722e-17,-7.81922437e-17,
  -5.02664424e-17, 5.49789214e-17,-7.81922437e-17],
 [ 1.37447303e-17, 6.04768135e-17, 8.24683820e-18, 1.64936764e-17,
  -2.44350762e-17,-8.24683820e-17,-9.85222271e-17, 4.88701523e-17,
  -6.46282831e-17, 2.19915685e-17, 6.95042166e-17],
 [ 1.23702573e-17, 5.22299753e-17, 1.23702573e-17, 2.74894607e-17,
  -2.19915685e-17,-7.69704899e-17,-9.85222271e-17, 4.39831371e-17,
  -3.59046017e-17, 4.94810292e-17, 7.81922437e-17],
 [ 0.00000000e+00, 0.00000000e+00, 0.00000000e+00, 0.00000000e+00,
   0.00000000e+00, 0.00000000e+00, 0.00000000e+00, 0.00000000e+00,
   0.00000000e+00, 0.00000000e+00, 0.00000000e+00],
 [ 0.00000000e+00, 0.00000000e+00, 0.00000000e+00, 0.00000000e+00,
   0.00000000e+00, 0.00000000e+00, 0.00000000e+00, 0.00000000e+00,
   0.00000000e+00, 0.00000000e+00, 0.00000000e+00],
 [ 0.00000000e+00, 0.00000000e+00, 0.00000000e+00, 0.00000000e+00,
   0.00000000e+00, 0.00000000e+00, 0.00000000e+00, 0.00000000e+00,
   0.00000000e+00, 0.00000000e+00, 0.00000000e+00],
 [ 0.00000000e+00, 0.00000000e+00, 0.00000000e+00, 0.00000000e+00,
   0.00000000e+00, 0.00000000e+00, 0.00000000e+00, 0.00000000e+00,
   0.00000000e+00, 0.00000000e+00, 0.00000000e+00],
 [ 0.00000000e+00, 0.00000000e+00, 0.00000000e+00, 0.00000000e+00,
   0.00000000e+00, 0.00000000e+00, 0.00000000e+00, 0.00000000e+00,
   0.00000000e+00, 0.00000000e+00, 0.00000000e+00],
 [ 0.00000000e+00, 0.00000000e+00, 0.00000000e+00, 0.00000000e+00,
   0.00000000e+00, 0.00000000e+00, 0.00000000e+00, 0.00000000e+00,
   0.00000000e+00, 0.00000000e+00, 0.00000000e+00]]
measureGC
[1.        ,0.99036077,1.02456846,1.13900796,0.85513078,0.79476861,
 0.53118712,0.5583501 ,0.58853119,0.57344064,0.21730382,0.13581489,
 0.15090543,0.15090543,0.30181087,0.30181087,0.30181087,0.30181087,
 0.30181087,0.30181087]
measureAPL
[1.        ,0.79411765,0.76470588,0.58823529,0.29411765,0.23529412,
 0.14705882,0.14705882,0.11764706,0.11764706,0.08823529,0.05882353,
 0.05882353,0.05882353,0.02941176,0.02941176,0.02941176,0.02941176,
 0.02941176,0.02941176]