PercentOfNodes
[0.  ,0.05,0.1 ,0.15,0.2 ,0.25,0.3 ,0.35,0.4 ,0.45,0.5 ,0.55,0.6 ,0.65,
 0.7 ,0.75,0.8 ,0.85,0.9 ]

RandomAttack
Tq
[[1.3150695 ,1.24779081,1.17148438,1.09642887,1.03263057,0.98214177,
  0.94284846,0.91203508,0.88746767,0.86751662,0.85103361],
 [1.2856271 ,1.2073145 ,1.10959339,1.00754313,0.91926846,0.85086943,
  0.79958008,0.76076546,0.73073471,0.70695794,0.68773931],
 [1.30232797,1.22727597,1.13071378,1.02390813,0.92984498,0.85872032,
  0.80711443,0.76908852,0.74019882,0.71757888,0.69940557],
 [1.28848875,1.21732557,1.13019006,1.03570824,0.9518263 ,0.88695929,
  0.8386586 ,0.80228003,0.77420424,0.75199465,0.73403839],
 [1.34617981,1.27128477,1.17917865,1.08156989,0.99633576,0.93038489,
  0.88103908,0.84376632,0.81497494,0.79220077,0.77379333],
 [1.32672654,1.25882693,1.17716063,1.08953352,1.01239366,0.95332324,
  0.90963605,0.87679172,0.85138557,0.83119165,0.81476747],
 [1.36626857,1.30850461,1.22826768,1.13242708,1.04762919,0.98538657,
  0.9411917 ,0.90888223,0.88432225,0.86500649,0.84939266],
 [1.36683632,1.29906714,1.20577723,1.1047697 ,1.02321431,0.96554822,
  0.92471011,0.89460296,0.8715135 ,0.85324256,0.83843022],
 [1.37446448,1.31516156,1.23262745,1.14033357,1.06444478,1.01073737,
  0.97292366,0.94524567,0.92415276,0.90753255,0.89408103],
 [1.36968641,1.30629824,1.2109229 ,1.10138366,1.01052327,0.94550631,
  0.89931622,0.86535946,0.83947103,0.81912218,0.80272877],
 [1.36885918,1.32178259,1.25024386,1.16402269,1.09059423,1.03709957,
  0.99807195,0.96851042,0.94537058,0.92680859,0.91163573],
 [1.31798718,1.26169112,1.17674673,1.0780332 ,0.99571604,0.93630022,
  0.8936613 ,0.86208102,0.8378982 ,0.81884885,0.8034912 ],
 [1.30276486,1.23861359,1.13811645,1.02294981,0.93082629,0.8667944 ,
  0.82191403,0.78911919,0.76421464,0.74471195,0.72906059],
 [1.29972759,1.2304189 ,1.13199611,1.02628167,0.94378387,0.88697199,
  0.84726256,0.81817478,0.79596848,0.77847418,0.76435537],
 [1.30248155,1.24969759,1.16910881,1.07961339,1.00887004,0.96016795,
  0.92610887,0.90103495,0.88174459,0.86642014,0.85395763],
 [1.25404738,1.19605978,1.11527785,1.03263655,0.96962678,0.92613068,
  0.89519622,0.87195891,0.85371682,0.83894994,0.82673978],
 [1.23123848,1.17879128,1.10045757,1.01363816,0.94384987,0.89499947,
  0.86072434,0.83564358,0.81653206,0.80149908,0.78938228],
 [1.17509389,1.11971637,1.04216948,0.9583462 ,0.89129531,0.84454179,
  0.8120547 ,0.78859081,0.77093262,0.75718237,0.74618262],
 [1.13418891,1.07961907,1.00705679,0.93244603,0.87298582,0.83067884,
  0.80067551,0.77869202,0.76201034,0.74897129,0.73853128],
 [1.08586349,1.03808287,0.97598252,0.90990898,0.85437902,0.81295437,
  0.78252539,0.75967629,0.74204049,0.728088  ,0.7168158 ]]
measureGC
[1.        ,0.97058824,0.94117647,0.91176471,0.88235294,0.85294118,
 0.82352941,0.79411765,0.76470588,0.73529412,0.70588235,0.67647059,
 0.64705882,0.61764706,0.58823529,0.55882353,0.52941176,0.5       ,
 0.47058824,0.44117647]
measureAPL
[1.        ,0.99640311,1.13854066,1.08403361,1.05042017,1.01809671,
 1.09397484,1.12125619,1.1210084 ,1.12073996,1.16426571,1.11303995,
 1.15352808,1.17453135,1.25630252,1.20967861,1.21052632,1.23426213,
 1.20347339,1.23765296]

Degree
Tq
[[ 1.31594463e+00, 1.24690057e+00, 1.15975364e+00, 1.06672367e+00,
   9.86157360e-01, 9.24218030e-01, 8.77942970e-01, 8.42881562e-01,
   8.15626648e-01, 7.93898691e-01, 7.76195985e-01],
 [ 1.45142950e+00, 1.35612254e+00, 1.24034745e+00, 1.12205139e+00,
   1.02365590e+00, 9.49850712e-01, 8.95475951e-01, 8.54751370e-01,
   8.23474031e-01, 7.98852001e-01, 7.79040863e-01],
 [ 8.73186272e-01, 1.10934596e+00, 1.16608422e+00, 1.13730287e+00,
   1.09186646e+00, 1.04946627e+00, 1.01447893e+00, 9.86574833e-01,
   9.64352004e-01, 9.46467251e-01, 9.31871453e-01],
 [ 2.70617790e-01, 6.21784363e-01, 8.40444731e-01, 8.69484183e-01,
   8.46000608e-01, 8.15028272e-01, 7.87486807e-01, 7.65175269e-01,
   7.47480038e-01, 7.33390420e-01, 7.22030224e-01],
 [ 2.88199604e-01, 5.84270520e-01, 7.75556407e-01, 8.21765360e-01,
   8.20464122e-01, 8.08403755e-01, 7.95049573e-01, 7.82852358e-01,
   7.72303220e-01, 7.63321078e-01, 7.55684432e-01],
 [ 1.46871671e-01, 2.74407216e-01, 3.74355546e-01, 4.20499265e-01,
   4.38061836e-01, 4.45350165e-01, 4.48868322e-01, 4.50693927e-01,
   4.51601570e-01, 4.51958150e-01, 4.51973150e-01],
 [ 1.07818982e-01, 2.48814585e-01, 3.83489537e-01, 4.42299909e-01,
   4.60842879e-01, 4.67054443e-01, 4.69611512e-01, 4.70827168e-01,
   4.71379622e-01, 4.71529248e-01, 4.71415152e-01],
 [ 8.40646843e-02, 1.85764980e-01, 2.95234885e-01, 3.58827316e-01,
   3.83749381e-01, 3.92538455e-01, 3.95975298e-01, 3.97706504e-01,
   3.98879720e-01, 3.99854460e-01, 4.00740969e-01],
 [ 8.27191512e-02, 1.85076451e-01, 3.15410583e-01, 4.10154000e-01,
   4.57337659e-01, 4.79206271e-01, 4.90543602e-01, 4.97332064e-01,
   5.01865044e-01, 5.05118372e-01, 5.07574393e-01],
 [ 8.22746969e-02, 1.59042371e-01, 2.37014235e-01, 2.88746938e-01,
   3.14333731e-01, 3.24667462e-01, 3.28073720e-01, 3.28665951e-01,
   3.28193195e-01, 3.27383643e-01, 3.26541807e-01],
 [ 3.62121949e-02, 8.87611448e-02, 1.73131205e-01, 2.59816273e-01,
   3.18268969e-01, 3.49167019e-01, 3.64507746e-01, 3.72239264e-01,
   3.76243200e-01, 3.78349246e-01, 3.79452166e-01],
 [ 1.00797372e-02, 1.86914524e-02, 2.99591499e-02, 4.13714018e-02,
   5.06052249e-02, 5.68937744e-02, 6.07816203e-02, 6.31487824e-02,
   6.46529722e-02, 6.56766897e-02, 6.64231063e-02],
 [ 2.06170955e-17, 6.87236517e-17, 9.62131124e-18, 5.49789214e-18,
  -1.71045533e-17,-8.79662742e-17,-8.44476232e-17, 3.42091066e-17,
  -6.46282831e-17, 3.84852450e-17, 9.55682979e-17],
 [ 1.37447303e-17, 3.84852450e-17, 1.37447303e-17, 1.09957843e-17,
  -2.44350762e-17,-6.59747056e-17,-8.44476232e-17, 4.88701523e-17,
  -1.43618407e-17, 5.49789214e-17, 8.68802708e-17],
 [ 0.00000000e+00, 0.00000000e+00, 0.00000000e+00, 0.00000000e+00,
   0.00000000e+00, 0.00000000e+00, 0.00000000e+00, 0.00000000e+00,
   0.00000000e+00, 0.00000000e+00, 0.00000000e+00],
 [ 0.00000000e+00, 0.00000000e+00, 0.00000000e+00, 0.00000000e+00,
   0.00000000e+00, 0.00000000e+00, 0.00000000e+00, 0.00000000e+00,
   0.00000000e+00, 0.00000000e+00, 0.00000000e+00],
 [ 0.00000000e+00, 0.00000000e+00, 0.00000000e+00, 0.00000000e+00,
   0.00000000e+00, 0.00000000e+00, 0.00000000e+00, 0.00000000e+00,
   0.00000000e+00, 0.00000000e+00, 0.00000000e+00],
 [ 0.00000000e+00, 0.00000000e+00, 0.00000000e+00, 0.00000000e+00,
   0.00000000e+00, 0.00000000e+00, 0.00000000e+00, 0.00000000e+00,
   0.00000000e+00, 0.00000000e+00, 0.00000000e+00],
 [ 0.00000000e+00, 0.00000000e+00, 0.00000000e+00, 0.00000000e+00,
   0.00000000e+00, 0.00000000e+00, 0.00000000e+00, 0.00000000e+00,
   0.00000000e+00, 0.00000000e+00, 0.00000000e+00],
 [ 0.00000000e+00, 0.00000000e+00, 0.00000000e+00, 0.00000000e+00,
   0.00000000e+00, 0.00000000e+00, 0.00000000e+00, 0.00000000e+00,
   0.00000000e+00, 0.00000000e+00, 0.00000000e+00]]
measureGC
[1.        ,0.99640311,1.13854066,1.08403361,1.05042017,1.01809671,
 1.09397484,1.12125619,1.1210084 ,1.12073996,1.16426571,1.11303995,
 1.15352808,1.17453135,1.25630252,1.20967861,1.21052632,1.23426213,
 1.20347339,1.23765296]
measureAPL
[1.        ,0.97058824,0.76470588,0.58823529,0.47058824,0.23529412,
 0.23529412,0.20588235,0.20588235,0.14705882,0.14705882,0.08823529,
 0.05882353,0.05882353,0.02941176,0.02941176,0.02941176,0.02941176,
 0.02941176,0.02941176]

Centrality
Tq
[[ 1.29950091e+00, 1.22311404e+00, 1.12302627e+00, 1.01351684e+00,
   9.18984773e-01, 8.47948337e-01, 7.96282520e-01, 7.58058559e-01,
   7.28920494e-01, 7.06052237e-01, 6.87651114e-01],
 [ 7.27837209e-01, 9.22661083e-01, 9.56176368e-01, 8.99840360e-01,
   8.28425619e-01, 7.68006318e-01, 7.21393213e-01, 6.85782898e-01,
   6.58199588e-01, 6.36410373e-01, 6.18855478e-01],
 [ 8.52822453e-01, 1.08612448e+00, 1.13033465e+00, 1.08672227e+00,
   1.02846190e+00, 9.77944328e-01, 9.38512840e-01, 9.08284865e-01,
   8.84872036e-01, 8.66400033e-01, 8.51539990e-01],
 [ 3.88622021e-01, 7.76865878e-01, 9.34922658e-01, 9.26317579e-01,
   8.86551535e-01, 8.48428041e-01, 8.17463804e-01, 7.93164711e-01,
   7.74066281e-01, 7.58868386e-01, 7.46594246e-01],
 [ 3.00230861e-01, 4.67820125e-01, 5.37072260e-01, 5.39059181e-01,
   5.23938940e-01, 5.07613214e-01, 4.93601343e-01, 4.82208793e-01,
   4.73020304e-01, 4.65555346e-01, 4.59415636e-01],
 [ 9.50832449e-02, 2.01506340e-01, 3.01301324e-01, 3.54423086e-01,
   3.77042679e-01, 3.87420236e-01, 3.93207856e-01, 3.97003980e-01,
   3.99717238e-01, 4.01723521e-01, 4.03222669e-01],
 [ 9.87114093e-02, 1.63941526e-01, 2.10998750e-01, 2.28327243e-01,
   2.28209945e-01, 2.21636754e-01, 2.13617765e-01, 2.05957417e-01,
   1.99179207e-01, 1.93344713e-01, 1.88365629e-01],
 [ 6.43434825e-02, 1.11463811e-01, 1.57019617e-01, 1.85535331e-01,
   1.97479827e-01, 2.00481751e-01, 1.99778594e-01, 1.97782525e-01,
   1.95480887e-01, 1.93255742e-01, 1.91239678e-01],
 [ 8.28045499e-02, 1.40077938e-01, 1.90545038e-01, 2.20206545e-01,
   2.32837304e-01, 2.35996407e-01, 2.34649261e-01, 2.31350927e-01,
   2.27340844e-01, 2.23220811e-01, 2.19280653e-01],
 [ 3.79845186e-02, 6.86050803e-02, 1.06707475e-01, 1.43050111e-01,
   1.69767308e-01, 1.86161530e-01, 1.95463019e-01, 2.00609881e-01,
   2.03407943e-01, 2.04879183e-01, 2.05604022e-01],
 [ 1.01222448e-02, 1.86914524e-02, 3.02982998e-02, 4.28913598e-02,
   5.40954719e-02, 6.28216037e-02, 6.93062753e-02, 7.41988248e-02,
   7.80288878e-02, 8.11305133e-02, 8.37037400e-02],
 [-5.49789214e-18, 8.24683820e-18,-5.49789214e-18, 6.59747056e-17,
  -9.77403046e-18, 4.94810292e-17,-9.14849251e-17,-5.86441828e-17,
  -7.18092034e-18, 0.00000000e+00,-1.12944352e-16],
 [ 2.06170955e-17, 7.42215438e-17, 1.23702573e-17, 1.64936764e-17,
  -2.19915685e-17,-9.89620584e-17,-1.05559529e-16, 4.39831371e-17,
  -6.46282831e-17, 4.94810292e-17, 1.04256325e-16],
 [ 2.19915685e-17, 5.49789214e-17, 1.37447303e-17,-5.49789214e-18,
  -2.44350762e-17,-8.24683820e-17,-8.44476232e-17, 4.88701523e-17,
  -3.59046017e-17, 5.49789214e-17, 1.12944352e-16],
 [ 0.00000000e+00, 0.00000000e+00, 0.00000000e+00, 0.00000000e+00,
   0.00000000e+00, 0.00000000e+00, 0.00000000e+00, 0.00000000e+00,
   0.00000000e+00, 0.00000000e+00, 0.00000000e+00],
 [ 0.00000000e+00, 0.00000000e+00, 0.00000000e+00, 0.00000000e+00,
   0.00000000e+00, 0.00000000e+00, 0.00000000e+00, 0.00000000e+00,
   0.00000000e+00, 0.00000000e+00, 0.00000000e+00],
 [ 0.00000000e+00, 0.00000000e+00, 0.00000000e+00, 0.00000000e+00,
   0.00000000e+00, 0.00000000e+00, 0.00000000e+00, 0.00000000e+00,
   0.00000000e+00, 0.00000000e+00, 0.00000000e+00],
 [ 0.00000000e+00, 0.00000000e+00, 0.00000000e+00, 0.00000000e+00,
   0.00000000e+00, 0.00000000e+00, 0.00000000e+00, 0.00000000e+00,
   0.00000000e+00, 0.00000000e+00, 0.00000000e+00],
 [ 0.00000000e+00, 0.00000000e+00, 0.00000000e+00, 0.00000000e+00,
   0.00000000e+00, 0.00000000e+00, 0.00000000e+00, 0.00000000e+00,
   0.00000000e+00, 0.00000000e+00, 0.00000000e+00],
 [ 0.00000000e+00, 0.00000000e+00, 0.00000000e+00, 0.00000000e+00,
   0.00000000e+00, 0.00000000e+00, 0.00000000e+00, 0.00000000e+00,
   0.00000000e+00, 0.00000000e+00, 0.00000000e+00]]
measureGC
[1.        ,1.09527053,1.09253825,1.14064965,1.25681199,0.6897139 ,
 0.70504087,0.84298365,1.20316757,0.76634877,0.73569482,0.27588556,
 0.15326975,0.03065395,0.30653951,0.30653951,0.30653951,0.30653951,
 0.30653951,0.30653951]
measureAPL
[1.        ,0.79411765,0.76470588,0.58823529,0.29411765,0.23529412,
 0.14705882,0.14705882,0.11764706,0.11764706,0.08823529,0.05882353,
 0.05882353,0.05882353,0.02941176,0.02941176,0.02941176,0.02941176,
 0.02941176,0.02941176]