PercentOfNodes
[0.  ,0.05,0.1 ,0.15,0.2 ,0.25,0.3 ,0.35,0.4 ,0.45,0.5 ,0.55,0.6 ,0.65,
 0.7 ,0.75,0.8 ,0.85,0.9 ]

RandomAttack
Tq
[[1.3150695 ,1.24779081,1.17148438,1.09642887,1.03263057,0.98214177,
  0.94284846,0.91203508,0.88746767,0.86751662,0.85103361],
 [1.27388656,1.19304482,1.0937388 ,0.99164437,0.90511115,0.83923025,
  0.79019292,0.7530859 ,0.72427565,0.70134996,0.68271314],
 [1.26946188,1.20110126,1.11538693,1.02338476,0.94184234,0.87766352,
  0.82896377,0.7918108 ,0.76291341,0.73994461,0.72131588],
 [1.30674987,1.22167239,1.1275372 ,1.03429284,0.9561075 ,0.89686998,
  0.85285501,0.81955081,0.79366615,0.77302791,0.75620582],
 [1.22843115,1.15103023,1.06586854,0.98460835,0.91574235,0.86088848,
  0.81808397,0.78457441,0.75798094,0.73652145,0.71891731],
 [1.26262868,1.19374843,1.11170726,1.02476481,0.94733984,0.88605544,
  0.83931496,0.80348556,0.77551826,0.75324552,0.73517078],
 [1.22891219,1.15949258,1.08405566,1.00913049,0.94383758,0.89218475,
  0.85262619,0.82214514,0.79820895,0.77902027,0.76334394],
 [1.20412411,1.14170455,1.06820841,0.99069682,0.92167652,0.8668109 ,
  0.82473376,0.79238689,0.76712723,0.74702649,0.73073458],
 [1.23517987,1.16499055,1.09270825,1.02264467,0.96200572,0.91380969,
  0.87644677,0.84727052,0.82408705,0.80531867,0.7898629 ],
 [1.19398232,1.12793003,1.04996747,0.96906046,0.89816138,0.84267046,
  0.80068789,0.7686711 ,0.74371644,0.72380137,0.70756303],
 [1.19357364,1.12196606,1.04364962,0.96730278,0.90255962,0.85190913,
  0.81305518,0.78296563,0.75923246,0.74015205,0.72454255],
 [1.20461021,1.13474877,1.0578807 ,0.9832712 ,0.92123599,0.87396852,
  0.83855818,0.81158432,0.79050554,0.77361853,0.75979215],
 [0.84516144,0.99762364,0.97068575,0.89263674,0.82293544,0.77018143,
  0.73114021,0.7016956 ,0.6788756 ,0.66072791,0.64597241],
 [0.93664421,1.00761389,0.97912103,0.92238252,0.86932413,0.82703518,
  0.79465551,0.76970046,0.75006811,0.73427885,0.72132618],
 [0.92257469,0.97496263,0.94167195,0.87904173,0.82234062,0.77736413,
  0.74270189,0.71581279,0.694576  ,0.67747191,0.663446  ],
 [0.8951003 ,0.96056422,0.91693352,0.84709482,0.78741044,0.74180829,
  0.70753774,0.68144734,0.6611537 ,0.64501246,0.63190744],
 [0.74750818,0.86280347,0.85082179,0.79720224,0.74821925,0.71007752,
  0.68083991,0.65808372,0.64001446,0.62539272,0.61335975],
 [0.79270881,0.8546398 ,0.84044381,0.8020113 ,0.76604894,0.73679854,
  0.71372771,0.69545469,0.68076304,0.66875229,0.65878009],
 [0.97122492,0.90791688,0.84280293,0.78487904,0.73831289,0.70226951,
  0.67439305,0.6525431 ,0.63512001,0.62098509,0.60933229],
 [0.97485265,0.91748515,0.85603891,0.7973558 ,0.74781294,0.70898615,
  0.67920794,0.65620543,0.6381098 ,0.62357704,0.61167522]]
measureGC
[1.        ,0.97058824,0.94117647,0.91176471,0.88235294,0.85294118,
 0.82352941,0.79411765,0.76470588,0.73529412,0.70588235,0.67647059,
 0.61764706,0.58823529,0.55882353,0.52941176,0.5       ,0.47058824,
 0.47058824,0.44117647]
measureAPL
[1.        ,0.9896098 ,0.95615068,1.15092817,1.06215459,1.12208217,
 0.93718021,1.07956696,1.1179766 ,1.17066339,1.03886555,1.04444085,
 1.01792717,0.89793417,0.93124523,0.95672269,1.08114496,0.86027352,
 0.95895281,1.04691877]

Degree
Tq
[[ 1.30937568e+00, 1.23508215e+00, 1.14455051e+00, 1.04946372e+00,
   9.66223109e-01, 9.00864662e-01, 8.51126195e-01, 8.13033035e-01,
   7.83319251e-01, 7.59669900e-01, 7.40489166e-01],
 [ 1.46716719e+00, 1.36762033e+00, 1.24934569e+00, 1.13117741e+00,
   1.03430273e+00, 9.62785705e-01, 9.10853021e-01, 8.72358531e-01,
   8.42981349e-01, 8.19926611e-01, 8.01388362e-01],
 [ 9.09148786e-01, 1.12654875e+00, 1.15625130e+00, 1.11034171e+00,
   1.05250070e+00, 1.00137723e+00, 9.60378501e-01, 9.28241948e-01,
   9.02916013e-01, 8.82653444e-01, 8.66160048e-01],
 [ 3.05198867e-01, 6.45006299e-01, 8.60201321e-01, 8.98092124e-01,
   8.81575024e-01, 8.54372302e-01, 8.28500521e-01, 8.06767962e-01,
   7.89146348e-01, 7.74914488e-01, 7.63330980e-01],
 [ 2.95746448e-01, 5.74691665e-01, 7.77206596e-01, 8.25214462e-01,
   8.22396739e-01, 8.07807939e-01, 7.91866329e-01, 7.77371187e-01,
   7.64866009e-01, 7.54228017e-01, 7.45179423e-01],
 [ 1.29592695e-01, 2.37349379e-01, 3.35783191e-01, 3.91968362e-01,
   4.18616354e-01, 4.32658839e-01, 4.41382771e-01, 4.47309578e-01,
   4.51462984e-01, 4.54399039e-01, 4.56481119e-01],
 [ 1.11329676e-01, 1.98494540e-01, 2.65864746e-01, 2.93703670e-01,
   2.98969951e-01, 2.96719454e-01, 2.92673442e-01, 2.88527985e-01,
   2.84727253e-01, 2.81354431e-01, 2.78392452e-01],
 [ 6.22090837e-02, 1.12493736e-01, 1.60946778e-01, 1.91157396e-01,
   2.04577197e-01, 2.08954697e-01, 2.09552209e-01, 2.08780222e-01,
   2.07607753e-01, 2.06409373e-01, 2.05322425e-01],
 [ 6.48734623e-02, 1.12099042e-01, 1.58354418e-01, 1.88651874e-01,
   2.02753619e-01, 2.07320160e-01, 2.07432760e-01, 2.05677242e-01,
   2.03243073e-01, 2.00669885e-01, 1.98198714e-01],
 [ 3.76176575e-02, 7.05943401e-02, 1.08752329e-01, 1.40601867e-01,
   1.61750957e-01, 1.74188250e-01, 1.81122811e-01, 1.84889957e-01,
   1.86877124e-01, 1.87867207e-01, 1.88301990e-01],
 [ 1.11171511e-02, 2.13616599e-02, 3.58493205e-02, 5.16324391e-02,
   6.53359726e-02, 7.57524375e-02, 8.34163158e-02, 8.92240175e-02,
   9.38295074e-02, 9.76166665e-02, 1.00803245e-01],
 [-6.87236517e-18, 2.19915685e-17, 5.49789214e-18, 9.89620584e-17,
  -9.77403046e-18, 6.59747056e-17,-7.03730193e-17,-6.84182132e-17,
   2.87236814e-17,-1.09957843e-17,-1.30320406e-16],
 [ 9.62131124e-18, 7.42215438e-17, 1.23702573e-17, 2.74894607e-17,
  -1.22175381e-17,-5.49789214e-17,-9.85222271e-17, 2.44350762e-17,
  -7.18092034e-17, 3.84852450e-17, 5.21281625e-17],
 [ 1.64936764e-17, 4.94810292e-17, 1.37447303e-17, 1.09957843e-17,
  -2.44350762e-17,-7.69704899e-17,-9.14849251e-17, 4.88701523e-17,
  -2.87236814e-17, 5.49789214e-17, 9.55682979e-17],
 [ 0.00000000e+00, 0.00000000e+00, 0.00000000e+00, 0.00000000e+00,
   0.00000000e+00, 0.00000000e+00, 0.00000000e+00, 0.00000000e+00,
   0.00000000e+00, 0.00000000e+00, 0.00000000e+00],
 [ 0.00000000e+00, 0.00000000e+00, 0.00000000e+00, 0.00000000e+00,
   0.00000000e+00, 0.00000000e+00, 0.00000000e+00, 0.00000000e+00,
   0.00000000e+00, 0.00000000e+00, 0.00000000e+00],
 [ 0.00000000e+00, 0.00000000e+00, 0.00000000e+00, 0.00000000e+00,
   0.00000000e+00, 0.00000000e+00, 0.00000000e+00, 0.00000000e+00,
   0.00000000e+00, 0.00000000e+00, 0.00000000e+00],
 [ 0.00000000e+00, 0.00000000e+00, 0.00000000e+00, 0.00000000e+00,
   0.00000000e+00, 0.00000000e+00, 0.00000000e+00, 0.00000000e+00,
   0.00000000e+00, 0.00000000e+00, 0.00000000e+00],
 [ 0.00000000e+00, 0.00000000e+00, 0.00000000e+00, 0.00000000e+00,
   0.00000000e+00, 0.00000000e+00, 0.00000000e+00, 0.00000000e+00,
   0.00000000e+00, 0.00000000e+00, 0.00000000e+00],
 [ 0.00000000e+00, 0.00000000e+00, 0.00000000e+00, 0.00000000e+00,
   0.00000000e+00, 0.00000000e+00, 0.00000000e+00, 0.00000000e+00,
   0.00000000e+00, 0.00000000e+00, 0.00000000e+00]]
measureGC
[1.        ,0.9896098 ,0.95615068,1.15092817,1.06215459,1.12208217,
 0.93718021,1.07956696,1.1179766 ,1.17066339,1.03886555,1.04444085,
 1.01792717,0.89793417,0.93124523,0.95672269,1.08114496,0.86027352,
 0.95895281,1.04691877]
measureAPL
[1.        ,0.97058824,0.76470588,0.58823529,0.47058824,0.23529412,
 0.17647059,0.14705882,0.11764706,0.11764706,0.08823529,0.05882353,
 0.05882353,0.05882353,0.02941176,0.02941176,0.02941176,0.02941176,
 0.02941176,0.02941176]

Centrality
Tq
[[ 1.30895260e+00, 1.23393147e+00, 1.13465886e+00, 1.02319778e+00,
   9.24186781e-01, 8.48716009e-01, 7.93618147e-01, 7.52871783e-01,
   7.21870134e-01, 6.97600525e-01, 6.78126493e-01],
 [ 7.54911114e-01, 9.56892971e-01, 9.87377913e-01, 9.36815731e-01,
   8.76241963e-01, 8.25587365e-01, 7.86200899e-01, 7.55688915e-01,
   7.31706745e-01, 7.12503591e-01, 6.96843876e-01],
 [ 8.60730689e-01, 1.11551284e+00, 1.17235227e+00, 1.13917899e+00,
   1.08881170e+00, 1.04294173e+00, 1.00582984e+00, 9.76584928e-01,
   9.53434187e-01, 9.34840368e-01, 9.19656461e-01],
 [ 3.34346127e-01, 7.30810368e-01, 9.00777398e-01, 9.03019149e-01,
   8.69409497e-01, 8.33989423e-01, 8.04112203e-01, 7.80249588e-01,
   7.61329556e-01, 7.46206611e-01, 7.33967409e-01],
 [ 2.86612267e-01, 4.49996667e-01, 5.20139658e-01, 5.23928437e-01,
   5.10120637e-01, 4.94363618e-01, 4.80345989e-01, 4.68673197e-01,
   4.59142258e-01, 4.51371303e-01, 4.44991914e-01],
 [ 1.01525373e-01, 2.09102911e-01, 3.11879559e-01, 3.65105487e-01,
   3.87328858e-01, 3.98106765e-01, 4.04770256e-01, 4.09565475e-01,
   4.13222044e-01, 4.16047612e-01, 4.18228196e-01],
 [ 9.17098689e-02, 1.56881561e-01, 2.05615457e-01, 2.24528589e-01,
   2.24987064e-01, 2.18385085e-01, 2.10097893e-01, 2.02117596e-01,
   1.95046262e-01, 1.88967112e-01, 1.83789304e-01],
 [ 6.56178535e-02, 1.15330134e-01, 1.65105422e-01, 1.94936872e-01,
   2.05259061e-01, 2.05880992e-01, 2.03083079e-01, 1.99486516e-01,
   1.96026768e-01, 1.92984641e-01, 1.90400490e-01],
 [ 6.37122774e-02, 1.10962938e-01, 1.56483886e-01, 1.85424179e-01,
   1.98863148e-01, 2.03398198e-01, 2.03682678e-01, 2.02104569e-01,
   1.99797246e-01, 1.97297767e-01, 1.94860427e-01],
 [ 3.83115639e-02, 7.07889440e-02, 1.12992650e-01, 1.54521567e-01,
   1.85842673e-01, 2.05592032e-01, 2.17193720e-01, 2.23939751e-01,
   2.27884753e-01, 2.30199338e-01, 2.31554310e-01],
 [ 1.32522406e-02, 2.53669712e-02, 4.24988922e-02, 6.07116115e-02,
   7.55893631e-02, 8.60386971e-02, 9.31694604e-02, 9.82539581e-02,
   1.02113293e-01, 1.05196713e-01, 1.07744700e-01],
 [-4.12341910e-18, 2.47405146e-17,-1.37447303e-18, 1.15455735e-16,
  -7.33052285e-18, 1.04459951e-16,-8.09289722e-17,-7.81922437e-17,
  -3.59046017e-17, 8.79662742e-17,-7.81922437e-17],
 [ 2.47405146e-17, 7.69704899e-17, 2.47405146e-17, 2.74894607e-17,
  -1.46610457e-17,-8.24683820e-17,-1.19634133e-16, 5.86441828e-17,
  -5.02664424e-17, 5.49789214e-17, 1.04256325e-16],
 [ 9.62131124e-18, 5.22299753e-17, 9.62131124e-18, 3.29873528e-17,
  -1.71045533e-17,-7.14725978e-17,-9.14849251e-17, 3.42091066e-17,
  -4.30855220e-17, 3.84852450e-17, 6.08161896e-17],
 [ 0.00000000e+00, 0.00000000e+00, 0.00000000e+00, 0.00000000e+00,
   0.00000000e+00, 0.00000000e+00, 0.00000000e+00, 0.00000000e+00,
   0.00000000e+00, 0.00000000e+00, 0.00000000e+00],
 [ 0.00000000e+00, 0.00000000e+00, 0.00000000e+00, 0.00000000e+00,
   0.00000000e+00, 0.00000000e+00, 0.00000000e+00, 0.00000000e+00,
   0.00000000e+00, 0.00000000e+00, 0.00000000e+00],
 [ 0.00000000e+00, 0.00000000e+00, 0.00000000e+00, 0.00000000e+00,
   0.00000000e+00, 0.00000000e+00, 0.00000000e+00, 0.00000000e+00,
   0.00000000e+00, 0.00000000e+00, 0.00000000e+00],
 [ 0.00000000e+00, 0.00000000e+00, 0.00000000e+00, 0.00000000e+00,
   0.00000000e+00, 0.00000000e+00, 0.00000000e+00, 0.00000000e+00,
   0.00000000e+00, 0.00000000e+00, 0.00000000e+00],
 [ 0.00000000e+00, 0.00000000e+00, 0.00000000e+00, 0.00000000e+00,
   0.00000000e+00, 0.00000000e+00, 0.00000000e+00, 0.00000000e+00,
   0.00000000e+00, 0.00000000e+00, 0.00000000e+00],
 [ 0.00000000e+00, 0.00000000e+00, 0.00000000e+00, 0.00000000e+00,
   0.00000000e+00, 0.00000000e+00, 0.00000000e+00, 0.00000000e+00,
   0.00000000e+00, 0.00000000e+00, 0.00000000e+00]]
measureGC
[1.        ,1.11994791,1.04021769,1.24993437,0.94783033,0.9171136 ,
 0.721843  ,0.50901999,0.54061433,0.61433447,0.39931741,0.        ,
 0.19453925,0.15358362,0.30716724,0.30716724,0.30716724,0.30716724,
 0.30716724,0.30716724]
measureAPL
[1.        ,0.79411765,0.76470588,0.58823529,0.29411765,0.23529412,
 0.14705882,0.14705882,0.11764706,0.11764706,0.08823529,0.05882353,
 0.05882353,0.05882353,0.02941176,0.02941176,0.02941176,0.02941176,
 0.02941176,0.02941176]