PercentOfNodes
[0.  ,0.05,0.1 ,0.15,0.2 ,0.25,0.3 ,0.35,0.4 ,0.45,0.5 ,0.55,0.6 ,0.65,
 0.7 ,0.75,0.8 ,0.85,0.9 ]

RandomAttack
Tq
[[ 2.70385112e+00, 2.83759612e+00, 2.77676146e+00, 2.72534174e+00,
   2.68115816e+00, 2.64200770e+00, 2.60672339e+00, 2.57474606e+00,
   2.54580837e+00, 2.51973524e+00, 2.49634638e+00],
 [ 1.80953775e+00, 2.81998593e+00, 2.76924395e+00, 2.71645466e+00,
   2.67060977e+00, 2.62989335e+00, 2.59319547e+00, 2.55997456e+00,
   2.52997554e+00, 2.50302886e+00, 2.47894718e+00],
 [ 1.26022413e+00, 2.79964981e+00, 2.77631553e+00, 2.72458012e+00,
   2.67988944e+00, 2.64076111e+00, 2.60576731e+00, 2.57401368e+00,
   2.54500152e+00, 2.51848027e+00, 2.49431642e+00],
 [ 1.07000625e+00, 2.77636516e+00, 2.77522977e+00, 2.72249857e+00,
   2.67550930e+00, 2.63344329e+00, 2.59518750e+00, 2.56022590e+00,
   2.52839411e+00, 2.49962665e+00, 2.47381779e+00],
 [ 9.52732151e-01, 2.73749906e+00, 2.76699034e+00, 2.71594111e+00,
   2.66923973e+00, 2.62698278e+00, 2.58797948e+00, 2.55167801e+00,
   2.51807190e+00, 2.48737036e+00, 2.45971650e+00],
 [ 8.58676026e-01, 2.68562033e+00, 2.74497244e+00, 2.69509488e+00,
   2.64817633e+00, 2.60591191e+00, 2.56748615e+00, 2.53235201e+00,
   2.50030330e+00, 2.47128727e+00, 2.44524002e+00],
 [ 7.22914368e-01, 2.58730394e+00, 2.71691662e+00, 2.67391915e+00,
   2.62930551e+00, 2.58826794e+00, 2.55098474e+00, 2.51731848e+00,
   2.48713446e+00, 2.46025984e+00, 2.43645512e+00],
 [ 6.74687630e-01, 2.50336940e+00, 2.67309512e+00, 2.63806085e+00,
   2.59803241e+00, 2.56033089e+00, 2.52555329e+00, 2.49378406e+00,
   2.46509273e+00, 2.43947027e+00, 2.41678006e+00],
 [ 5.57902930e-01, 2.35967464e+00, 2.60741279e+00, 2.57878803e+00,
   2.53964624e+00, 2.50163446e+00, 2.46654377e+00, 2.43492085e+00,
   2.40688218e+00, 2.38227644e+00, 2.36079773e+00],
 [ 5.44557488e-01, 2.26350567e+00, 2.53627325e+00, 2.51649811e+00,
   2.48244537e+00, 2.44804116e+00, 2.41573552e+00, 2.38637373e+00,
   2.36024400e+00, 2.33730579e+00, 2.31732126e+00],
 [ 4.36785678e-01, 1.95464499e+00, 2.35400886e+00, 2.36337671e+00,
   2.34349752e+00, 2.31817129e+00, 2.29228931e+00, 2.26778640e+00,
   2.24555791e+00, 2.22591306e+00, 2.20880975e+00],
 [ 3.51790540e-01, 1.63996724e+00, 2.14552118e+00, 2.18974840e+00,
   2.18766098e+00, 2.17537959e+00, 2.16044368e+00, 2.14544708e+00,
   2.13143224e+00, 2.11878226e+00, 2.10756968e+00],
 [ 2.62823206e-01, 1.24326052e+00, 1.87065190e+00, 1.96376064e+00,
   1.97943295e+00, 1.97508164e+00, 1.96358762e+00, 1.94976612e+00,
   1.93586739e+00, 1.92296213e+00, 1.91147871e+00],
 [ 1.85410810e-01, 7.97072803e-01, 1.41583633e+00, 1.56765200e+00,
   1.60953954e+00, 1.62195133e+00, 1.62357512e+00, 1.62077767e+00,
   1.61625435e+00, 1.61126641e+00, 1.60641263e+00],
 [ 1.23557697e-01, 4.86022010e-01, 1.06089553e+00, 1.29413177e+00,
   1.37221755e+00, 1.40134220e+00, 1.41146035e+00, 1.41330449e+00,
   1.41150244e+00, 1.40822603e+00, 1.40451450e+00],
 [ 8.49222742e-02, 3.00074544e-01, 7.09631340e-01, 9.58535114e-01,
   1.05295341e+00, 1.08557678e+00, 1.09378030e+00, 1.09210609e+00,
   1.08660208e+00, 1.07987020e+00, 1.07303263e+00],
 [ 5.40054918e-02, 1.58037453e-01, 3.23865917e-01, 4.40156939e-01,
   4.93482652e-01, 5.17160310e-01, 5.28263655e-01, 5.33542221e-01,
   5.35835579e-01, 5.36480122e-01, 5.36174448e-01],
 [ 3.26543590e-02, 1.01187562e-01, 2.43666345e-01, 3.79295203e-01,
   4.52105576e-01, 4.85763278e-01, 5.01321163e-01, 5.08439740e-01,
   5.11417806e-01, 5.12275374e-01, 5.12016867e-01],
 [ 8.72943012e-03, 2.44098009e-02, 6.20071363e-02, 1.23197734e-01,
   1.82878909e-01, 2.23394193e-01, 2.47308430e-01, 2.61070434e-01,
   2.69042815e-01, 2.73688404e-01, 2.76374702e-01],
 [ 2.18151256e-18, 6.54453767e-18, 1.16347336e-17, 3.19955175e-17,
  -3.10259563e-17, 5.81736681e-18, 6.32929509e-17,-1.39616804e-16,
   3.79909670e-18, 6.39910350e-17,-1.93050395e-16]]
measureGC
[1.        ,0.94461382,0.88821138,0.83079268,0.77388211,0.71595528,
 0.65142276,0.5945122 ,0.53455285,0.48323171,0.41310976,0.33943089,
 0.25914634,0.16768293,0.08841463,0.02947154,0.00813008,0.00711382,
 0.00355691,0.00101626]
measureAPL
[1.        ,1.02234559,1.04957549,1.10690242,1.16380698,1.19941065,
 1.28448484,1.39370243,1.47044038,1.56598429,1.79901452,2.07964314,
 2.33976252,2.9016645 ,3.11377466,1.42905629,0.67766364,0.66028765,
 0.26665463,0.05627452]

Degree
Tq
[[ 2.57279401e+00, 2.83569659e+00, 2.77593611e+00, 2.72450928e+00,
   2.68030915e+00, 2.64120786e+00, 2.60603730e+00, 2.57419708e+00,
   2.54537040e+00, 2.51934962e+00, 2.49594463e+00],
 [ 1.31431319e+00, 2.87234763e+00, 2.86166686e+00, 2.82210762e+00,
   2.78913981e+00, 2.76178973e+00, 2.73875462e+00, 2.71906116e+00,
   2.70200427e+00, 2.68706651e+00, 2.67386081e+00],
 [ 9.61556777e-01, 2.76083820e+00, 2.84683475e+00, 2.82207467e+00,
   2.79707080e+00, 2.77511870e+00, 2.75599783e+00, 2.73922777e+00,
   2.72440401e+00, 2.71121988e+00, 2.69944175e+00],
 [ 7.73213854e-01, 2.44663603e+00, 2.63365097e+00, 2.64055772e+00,
   2.63545525e+00, 2.62809981e+00, 2.62044491e+00, 2.61308112e+00,
   2.60620672e+00, 2.59987968e+00, 2.59410067e+00],
 [ 5.09813548e-01, 1.66799053e+00, 2.00200062e+00, 2.06171971e+00,
   2.08812807e+00, 2.10475942e+00, 2.11690016e+00, 2.12643877e+00,
   2.13424307e+00, 2.14078858e+00, 2.14637299e+00],
 [ 3.02274738e-01, 8.00683275e-01, 1.12358896e+00, 1.24099355e+00,
   1.30225494e+00, 1.34362871e+00, 1.37478899e+00, 1.39939426e+00,
   1.41928171e+00, 1.43558351e+00, 1.44908946e+00],
 [ 1.44297620e-01, 3.38112641e-01, 5.39446664e-01, 6.58748078e-01,
   7.24103575e-01, 7.63312822e-01, 7.88724701e-01, 8.06027327e-01,
   8.18202428e-01, 8.26989286e-01, 8.33478762e-01],
 [ 4.94982715e-02, 9.76977548e-02, 1.57726964e-01, 2.13427573e-01,
   2.57942290e-01, 2.92052170e-01, 3.18104018e-01, 3.38163990e-01,
   3.53818031e-01, 3.66237603e-01, 3.76270942e-01],
 [ 1.70639546e-02, 3.41974751e-02, 6.00012528e-02, 9.19387059e-02,
   1.26132949e-01, 1.59265559e-01, 1.89010389e-01, 2.14255490e-01,
   2.34962609e-01, 2.51691446e-01, 2.65177928e-01],
 [ 3.23406940e-04, 7.37266911e-04, 1.55947424e-03, 3.02127401e-03,
   5.39879586e-03, 9.03056456e-03, 1.42606485e-02, 2.12402963e-02,
   2.97005349e-02, 3.89293702e-02, 4.80350050e-02],
 [ 1.45434170e-17, 1.59977587e-17, 2.03607839e-17,-5.81736681e-18,
  -8.53213799e-17, 3.49042009e-17, 7.44622952e-18,-6.20519127e-17,
   5.31873537e-17, 6.98084018e-17,-2.34418337e-16],
 [ 3.09047612e-18,-9.08963565e-19,-2.72689069e-18,-3.63585426e-18,
  -2.16535320e-17, 1.09075628e-17,-1.39616804e-17,-6.20519127e-17,
   2.46941285e-17, 4.65389345e-17,-1.14910949e-16],
 [ 0.00000000e+00, 0.00000000e+00, 0.00000000e+00, 0.00000000e+00,
   0.00000000e+00, 0.00000000e+00, 0.00000000e+00, 0.00000000e+00,
   0.00000000e+00, 0.00000000e+00, 0.00000000e+00],
 [ 0.00000000e+00, 0.00000000e+00, 0.00000000e+00, 0.00000000e+00,
   0.00000000e+00, 0.00000000e+00, 0.00000000e+00, 0.00000000e+00,
   0.00000000e+00, 0.00000000e+00, 0.00000000e+00],
 [ 0.00000000e+00, 0.00000000e+00, 0.00000000e+00, 0.00000000e+00,
   0.00000000e+00, 0.00000000e+00, 0.00000000e+00, 0.00000000e+00,
   0.00000000e+00, 0.00000000e+00, 0.00000000e+00],
 [ 0.00000000e+00, 0.00000000e+00, 0.00000000e+00, 0.00000000e+00,
   0.00000000e+00, 0.00000000e+00, 0.00000000e+00, 0.00000000e+00,
   0.00000000e+00, 0.00000000e+00, 0.00000000e+00],
 [ 0.00000000e+00, 0.00000000e+00, 0.00000000e+00, 0.00000000e+00,
   0.00000000e+00, 0.00000000e+00, 0.00000000e+00, 0.00000000e+00,
   0.00000000e+00, 0.00000000e+00, 0.00000000e+00],
 [ 0.00000000e+00, 0.00000000e+00, 0.00000000e+00, 0.00000000e+00,
   0.00000000e+00, 0.00000000e+00, 0.00000000e+00, 0.00000000e+00,
   0.00000000e+00, 0.00000000e+00, 0.00000000e+00],
 [ 0.00000000e+00, 0.00000000e+00, 0.00000000e+00, 0.00000000e+00,
   0.00000000e+00, 0.00000000e+00, 0.00000000e+00, 0.00000000e+00,
   0.00000000e+00, 0.00000000e+00, 0.00000000e+00],
 [ 0.00000000e+00, 0.00000000e+00, 0.00000000e+00, 0.00000000e+00,
   0.00000000e+00, 0.00000000e+00, 0.00000000e+00, 0.00000000e+00,
   0.00000000e+00, 0.00000000e+00, 0.00000000e+00]]
measureGC
[1.        ,1.02234559,1.04957549,1.10690242,1.16380698,1.19941065,
 1.28448484,1.39370243,1.47044038,1.56598429,1.79901452,2.07964314,
 2.33976252,2.9016645 ,3.11377466,1.42905629,0.67766364,0.66028765,
 0.26665463,0.05627452]
measureAPL
[1.00000000e+00,9.38008130e-01,8.63313008e-01,7.88109756e-01,
 6.78353659e-01,4.30386179e-01,1.77845528e-02,5.08130081e-03,
 4.06504065e-03,2.03252033e-03,1.01626016e-03,1.01626016e-03,
 5.08130081e-04,5.08130081e-04,5.08130081e-04,5.08130081e-04,
 5.08130081e-04,5.08130081e-04,5.08130081e-04,5.08130081e-04]

Centrality
Tq
[[ 2.59944915e+00, 2.83612289e+00, 2.77539883e+00, 2.72318258e+00,
   2.67816487e+00, 2.63804480e+00, 2.60168925e+00, 2.56865694e+00,
   2.53878987e+00, 2.51196742e+00, 2.48801236e+00],
 [ 1.68713617e+00, 2.88004694e+00, 2.84593536e+00, 2.80406628e+00,
   2.76899298e+00, 2.73928681e+00, 2.71371047e+00, 2.69137598e+00,
   2.67164064e+00, 2.65402952e+00, 2.63818575e+00],
 [ 1.34177314e+00, 2.86910836e+00, 2.86896991e+00, 2.83543372e+00,
   2.80618290e+00, 2.78118494e+00, 2.75961805e+00, 2.74077973e+00,
   2.72413091e+00, 2.70926587e+00, 2.69587915e+00],
 [ 1.16606673e+00, 2.76285581e+00, 2.80204730e+00, 2.77963129e+00,
   2.75724601e+00, 2.73695713e+00, 2.71870712e+00, 2.70220874e+00,
   2.68719098e+00, 2.67343931e+00, 2.66079340e+00],
 [ 9.69142331e-01, 2.49184707e+00, 2.59351953e+00, 2.58904294e+00,
   2.57792458e+00, 2.56594034e+00, 2.55424133e+00, 2.54313301e+00,
   2.53268218e+00, 2.52288402e+00, 2.51371665e+00],
 [ 7.17947772e-01, 2.06438570e+00, 2.26910477e+00, 2.28798822e+00,
   2.28968872e+00, 2.28683049e+00, 2.28228297e+00, 2.27710258e+00,
   2.27176827e+00, 2.26652495e+00, 2.26150730e+00],
 [ 5.74809098e-01, 1.55764732e+00, 1.81273798e+00, 1.85508583e+00,
   1.86809366e+00, 1.87246845e+00, 1.87327354e+00, 1.87243457e+00,
   1.87084806e+00, 1.86897178e+00, 1.86704683e+00],
 [ 4.37062608e-01, 1.10707066e+00, 1.38683071e+00, 1.45798964e+00,
   1.48655518e+00, 1.50127100e+00, 1.50982428e+00, 1.51517844e+00,
   1.51871734e+00, 1.52116550e+00, 1.52293270e+00],
 [ 3.47475326e-01, 8.51904804e-01, 1.13250417e+00, 1.22520146e+00,
   1.26715209e+00, 1.29056540e+00, 1.30488015e+00, 1.31405574e+00,
   1.32013361e+00, 1.32427648e+00, 1.32718023e+00],
 [ 2.92281302e-01, 7.08018743e-01, 9.73818149e-01, 1.07167476e+00,
   1.11540194e+00, 1.13784529e+00, 1.14951841e+00, 1.15510023e+00,
   1.15713118e+00, 1.15712078e+00, 1.15599276e+00],
 [ 2.20330094e-01, 5.11854182e-01, 7.36018254e-01, 8.36386623e-01,
   8.87483792e-01, 9.18868306e-01, 9.39896684e-01, 9.54227542e-01,
   9.63795627e-01, 9.69916925e-01, 9.73587276e-01],
 [ 1.34042252e-01, 2.74625332e-01, 4.01315050e-01, 4.75202399e-01,
   5.16100360e-01, 5.40209834e-01, 5.55220298e-01, 5.64958124e-01,
   5.71484014e-01, 5.75959333e-01, 5.79062052e-01],
 [ 5.40036089e-02, 1.02147391e-01, 1.54212613e-01, 1.93842685e-01,
   2.19378074e-01, 2.35296383e-01, 2.45414556e-01, 2.52143776e-01,
   2.56931762e-01, 2.60624828e-01, 2.63700135e-01],
 [ 1.63352790e-02, 3.04889187e-02, 4.75352015e-02, 6.23347318e-02,
   7.24753409e-02, 7.86601936e-02, 8.22621404e-02, 8.42905155e-02,
   8.53686320e-02, 8.58766961e-02, 8.60499493e-02],
 [ 8.72605022e-18, 2.90868341e-17,-2.32694673e-17, 2.61781507e-17,
  -1.65471767e-16, 2.32694673e-17,-7.44622952e-18,-1.34445811e-16,
  -1.51963868e-17, 1.16347336e-17,-1.10314511e-16],
 [ 2.63599434e-18, 1.19983191e-17, 1.76338932e-17,-4.36302511e-18,
  -1.93912227e-17,-2.18151256e-18,-1.95463525e-17,-1.02127106e-16,
  -3.79909670e-18, 4.94476179e-17,-1.47086015e-16],
 [ 0.00000000e+00, 0.00000000e+00, 0.00000000e+00, 0.00000000e+00,
   0.00000000e+00, 0.00000000e+00, 0.00000000e+00, 0.00000000e+00,
   0.00000000e+00, 0.00000000e+00, 0.00000000e+00],
 [ 0.00000000e+00, 0.00000000e+00, 0.00000000e+00, 0.00000000e+00,
   0.00000000e+00, 0.00000000e+00, 0.00000000e+00, 0.00000000e+00,
   0.00000000e+00, 0.00000000e+00, 0.00000000e+00],
 [ 0.00000000e+00, 0.00000000e+00, 0.00000000e+00, 0.00000000e+00,
   0.00000000e+00, 0.00000000e+00, 0.00000000e+00, 0.00000000e+00,
   0.00000000e+00, 0.00000000e+00, 0.00000000e+00],
 [ 0.00000000e+00, 0.00000000e+00, 0.00000000e+00, 0.00000000e+00,
   0.00000000e+00, 0.00000000e+00, 0.00000000e+00, 0.00000000e+00,
   0.00000000e+00, 0.00000000e+00, 0.00000000e+00]]
measureGC
[1.        ,1.17949398,1.39246894,1.793902  ,2.70243533,6.88542991,
 1.42024716,0.42853084,0.21873413,0.10209942,0.07579865,0.15009633,
 0.15009633,0.15009633,0.15009633,0.15009633,0.15009633,0.15009633,
 0.15009633,0.15009633]
measureAPL
[1.00000000e+00,9.44105691e-01,8.88211382e-01,8.30284553e-01,
 7.65752033e-01,6.85975610e-01,5.92479675e-01,4.58841463e-01,
 2.75406504e-01,8.89227642e-02,3.35365854e-02,1.01626016e-02,
 4.57317073e-03,2.03252033e-03,1.01626016e-03,1.01626016e-03,
 5.08130081e-04,5.08130081e-04,5.08130081e-04,5.08130081e-04]