PercentOfNodes
[0.  ,0.05,0.1 ,0.15,0.2 ,0.25,0.3 ,0.35,0.4 ,0.45,0.5 ,0.55,0.6 ,0.65,
 0.7 ,0.75,0.8 ,0.85,0.9 ]

RandomAttack
Tq
[[3.19594925,3.17190023,3.15015295,3.13027918,3.11193815,3.09486062,
  3.07883424,3.06369306,3.04931019,3.03559211,3.02247339],
 [3.19450278,3.17028111,3.14832144,3.1281903 ,3.10955655,3.09216722,
  3.07582824,3.0603913 ,3.04574475,3.03180685,3.01851993],
 [3.20128382,3.17522213,3.15160633,3.12995364,3.10991329,3.09122521,
  3.073695  ,3.05717772,3.04156606,3.02678091,3.01276356],
 [3.20747196,3.18012275,3.15552335,3.13297981,3.11201704,3.0923036 ,
  3.07360945,3.05578021,3.03871947,3.02237494,3.00672618],
 [3.21008355,3.18140795,3.15559746,3.13201118,3.11017938,3.08976789,
  3.0705467 ,3.05236401,3.03512535,3.01877648,3.00328918],
 [3.22219532,3.19172182,3.16494066,3.14076463,3.11860986,3.09812571,
  3.07907862,3.06130008,3.04466273,3.02906818,3.01443932],
 [3.21840382,3.18547096,3.15726201,3.13221138,3.10940251,3.0882653 ,
  3.06843281,3.04967046,3.03183635,3.01485423,2.9986916 ],
 [3.23096538,3.1952131 ,3.16385785,3.13575273,3.11006798,3.08622208,
  3.06381961,3.04260888,3.02245049,3.0032881 ,2.98511853],
 [3.22849155,3.19361849,3.16246661,3.13426056,3.10834527,3.08421621,
  3.06151276,3.03999731,3.01953204,3.000056  ,2.98156128],
 [3.23825268,3.19795168,3.16273891,3.13111323,3.10206576,3.07498896,
  3.04955319,3.02560923,3.00311414,2.98207387,2.96250169],
 [3.22001501,3.17907222,3.14315471,3.11073391,3.08093832,3.05328692,
  3.02751942,3.00350271,2.98117285,2.96049256,2.94142191],
 [3.20850387,3.16223524,3.12267263,3.0882065 ,3.05766286,3.0302371 ,
  3.00535594,2.98259356,2.96163407,2.94225652,2.92432154],
 [3.16619874,3.1218359 ,3.08279337,3.04795859,3.01641035,2.98750524,
  2.96083228,2.93615554,2.91336039,2.8923966 ,2.87322397],
 [3.10871789,3.06697356,3.02815145,2.99351026,2.9625617 ,2.93463367,
  2.90921549,2.8859776 ,2.86472288,2.84533056,2.82770767],
 [2.38005582,2.95090693,2.92934832,2.89578481,2.86451085,2.83607275,
  2.8103151 ,2.78702414,2.76601341,2.74711856,2.73017845],
 [2.24507195,2.74233355,2.74937807,2.72999834,2.70762182,2.68551703,
  2.66461222,2.64523275,2.62748974,2.61138779,2.59686565],
 [1.45158532,2.38553452,2.47195408,2.47360444,2.46176626,2.44599722,
  2.42939957,2.41332064,2.39836716,2.38477142,2.37257101],
 [0.91673422,1.88930882,2.10713586,2.13894558,2.14076451,2.13497489,
  2.12736039,2.11982256,2.11298664,2.10700168,2.10183644],
 [0.38958909,0.87523347,1.20848554,1.33523899,1.38786501,1.41190053,
  1.42262196,1.42665622,1.42734272,1.42645136,1.42491301],
 [0.07792017,0.20550578,0.39403497,0.53001709,0.58923619,0.607826  ,
  0.60958392,0.60485779,0.59792071,0.59054466,0.58345043]]
measureGC
[1.    ,0.95  ,0.9   ,0.85  ,0.8   ,0.75  ,0.7   ,0.65  ,0.6   ,0.55  ,
 0.5   ,0.45  ,0.4   ,0.35  ,0.2985,0.248 ,0.195 ,0.137 ,0.0695,0.0045]
measureAPL
[1.        ,1.03429844,1.06409521,1.08014892,1.09977462,1.11842438,
 1.12992494,1.14138559,1.1536444 ,1.16889311,1.1832304 ,1.21239371,
 1.34264491,1.42816738,1.4866664 ,1.72068709,2.02800188,2.32170712,
 4.60454466,1.23101119]

Degree
Tq
[[ 3.69467100e+00, 3.66803517e+00, 3.64430375e+00, 3.62276307e+00,
   3.60292928e+00, 3.58446522e+00, 3.56712552e+00, 3.55072632e+00,
   3.53512976e+00, 3.52023557e+00, 3.50597524e+00],
 [ 3.71163273e+00, 3.68846723e+00, 3.66797143e+00, 3.64978754e+00,
   3.63360727e+00, 3.61916793e+00, 3.60624386e+00, 3.59463970e+00,
   3.58418594e+00, 3.57473571e+00, 3.56616222e+00],
 [ 3.72096642e+00, 3.69894551e+00, 3.67962039e+00, 3.66258713e+00,
   3.64752530e+00, 3.63416628e+00, 3.62227792e+00, 3.61165793e+00,
   3.60213080e+00, 3.59354533e+00, 3.58577231e+00],
 [ 3.72469613e+00, 3.70288695e+00, 3.68410100e+00, 3.66778917e+00,
   3.65355016e+00, 3.64105897e+00, 3.63004391e+00, 3.62027746e+00,
   3.61157003e+00, 3.60376432e+00, 3.59673002e+00],
 [ 3.71450368e+00, 3.69257396e+00, 3.67441246e+00, 3.65892283e+00,
   3.64552501e+00, 3.63383719e+00, 3.62357209e+00, 3.61450056e+00,
   3.60643585e+00, 3.59922456e+00, 3.59274022e+00],
 [ 3.68960085e+00, 3.66781241e+00, 3.65010963e+00, 3.63519202e+00,
   3.62237032e+00, 3.61122391e+00, 3.60145855e+00, 3.59284951e+00,
   3.58521725e+00, 3.57841530e+00, 3.57232290e+00],
 [ 3.52709547e+00, 3.60466702e+00, 3.59109743e+00, 3.57863670e+00,
   3.56785237e+00, 3.55845928e+00, 3.55021679e+00, 3.54293574e+00,
   3.53646592e+00, 3.53068598e+00, 3.52549639e+00],
 [ 3.34561057e+00, 3.48470452e+00, 3.47693575e+00, 3.46852297e+00,
   3.46107130e+00, 3.45452355e+00, 3.44876541e+00, 3.44369006e+00,
   3.43920502e+00, 3.43523126e+00, 3.43170138e+00],
 [ 3.12323381e+00, 3.28670565e+00, 3.28786535e+00, 3.28528915e+00,
   3.28235219e+00, 3.27953242e+00, 3.27696985e+00, 3.27469965e+00,
   3.27271869e+00, 3.27100927e+00, 3.26954847e+00],
 [ 2.66740273e+00, 2.97813371e+00, 2.99949934e+00, 3.00805919e+00,
   3.01321704e+00, 3.01675822e+00, 3.01940464e+00, 3.02150470e+00,
   3.02324365e+00, 3.02472760e+00, 3.02602121e+00],
 [ 2.04624450e+00, 2.53949097e+00, 2.58717480e+00, 2.60621721e+00,
   2.61846297e+00, 2.62731277e+00, 2.63415658e+00, 2.63972188e+00,
   2.64442789e+00, 2.64853066e+00, 2.65219279e+00],
 [ 1.43394226e+00, 1.98170838e+00, 2.07933672e+00, 2.11712588e+00,
   2.14090606e+00, 2.15824913e+00, 2.17178976e+00, 2.18280302e+00,
   2.19201293e+00, 2.19987349e+00, 2.20668973e+00],
 [ 8.69515479e-01, 1.31238590e+00, 1.46066785e+00, 1.51782237e+00,
   1.55073192e+00, 1.57383655e+00, 1.59163879e+00, 1.60608024e+00,
   1.61817686e+00, 1.62853112e+00, 1.63753502e+00],
 [ 3.72448151e-01, 6.29889701e-01, 8.05613781e-01, 9.00359723e-01,
   9.56362461e-01, 9.93974733e-01, 1.02152292e+00, 1.04287093e+00,
   1.06006768e+00, 1.07431214e+00, 1.08636196e+00],
 [ 8.19822670e-02, 1.46963632e-01, 2.21853322e-01, 2.89685237e-01,
   3.43740688e-01, 3.85306522e-01, 4.17524148e-01, 4.43099199e-01,
   4.63988086e-01, 4.81526140e-01, 4.96601721e-01],
 [-7.16796482e-17,-6.14396985e-17,-3.07198492e-17,-1.12639447e-16,
  -7.28174204e-17,-1.02399497e-16,-4.58749749e-17,-1.27430486e-16,
   6.01858271e-17,-1.12639447e-16,-4.85449469e-17],
 [ 0.00000000e+00, 0.00000000e+00, 0.00000000e+00, 0.00000000e+00,
   0.00000000e+00, 0.00000000e+00, 0.00000000e+00, 0.00000000e+00,
   0.00000000e+00, 0.00000000e+00, 0.00000000e+00],
 [ 0.00000000e+00, 0.00000000e+00, 0.00000000e+00, 0.00000000e+00,
   0.00000000e+00, 0.00000000e+00, 0.00000000e+00, 0.00000000e+00,
   0.00000000e+00, 0.00000000e+00, 0.00000000e+00],
 [ 0.00000000e+00, 0.00000000e+00, 0.00000000e+00, 0.00000000e+00,
   0.00000000e+00, 0.00000000e+00, 0.00000000e+00, 0.00000000e+00,
   0.00000000e+00, 0.00000000e+00, 0.00000000e+00],
 [ 0.00000000e+00, 0.00000000e+00, 0.00000000e+00, 0.00000000e+00,
   0.00000000e+00, 0.00000000e+00, 0.00000000e+00, 0.00000000e+00,
   0.00000000e+00, 0.00000000e+00, 0.00000000e+00]]
measureGC
[1.        ,1.03429844,1.06409521,1.08014892,1.09977462,1.11842438,
 1.12992494,1.14138559,1.1536444 ,1.16889311,1.1832304 ,1.21239371,
 1.34264491,1.42816738,1.4866664 ,1.72068709,2.02800188,2.32170712,
 4.60454466,1.23101119]
measureAPL
[1.000e+00,9.500e-01,9.000e-01,8.500e-01,8.000e-01,7.500e-01,6.995e-01,
 6.495e-01,5.995e-01,5.485e-01,4.960e-01,4.405e-01,3.660e-01,1.650e-01,
 4.000e-03,1.000e-03,5.000e-04,5.000e-04,5.000e-04,5.000e-04]

Centrality
Tq
[[3.69206973,3.66608248,3.64265296,3.62125954,3.60151837,3.5831433 ,
  3.56591675,3.54967175,3.53428086,3.51964856,3.50570498],
 [3.70320686,3.68115318,3.661441  ,3.64366831,3.62751479,3.61272812,
  3.59910768,3.5864918 ,3.57474886,3.56377114,3.55347029],
 [3.71547237,3.69448642,3.67590053,3.65934474,3.64450483,3.63111989,
  3.61897401,3.60788856,3.59771582,3.58833383,3.57964195],
 [3.71660886,3.69662418,3.6790433 ,3.66347984,3.64960864,3.6371626 ,
  3.62592392,3.61571512,3.60639129,3.59783348,3.58994351],
 [3.70582034,3.68694086,3.67022001,3.65525637,3.64176609,3.62952714,
  3.61835725,3.60810454,3.59864227,3.58986492,3.58168478],
 [3.68603163,3.66735069,3.65085795,3.63614417,3.62291158,3.61092875,
  3.60000839,3.58999767,3.5807722 ,3.572231  ,3.56429201],
 [3.63726358,3.61953866,3.60384161,3.58985292,3.57728775,3.56592047,
  3.55556906,3.54608287,3.53733534,3.52921957,3.52164523],
 [3.53840584,3.52490824,3.51239466,3.50087252,3.49026836,3.48049477,
  3.47146768,3.46311059,3.45535526,3.44814128,3.44141541],
 [3.36854297,3.36229868,3.35477805,3.34710908,3.33969619,3.3326668 ,
  3.32604249,3.31980353,3.31391456,3.3083359 ,3.30302907],
 [3.13806072,3.13652101,3.13267822,3.12789911,3.12276237,3.11752427,
  3.11230827,3.10717815,3.10216781,3.09729488,3.0925681 ],
 [2.63317361,2.84459554,2.85242999,2.85293643,2.85166524,2.84954029,
  2.84699816,2.84429096,2.84157074,2.83892871,2.83641738],
 [2.11455695,2.45564234,2.48696361,2.49698265,2.50176202,2.50393092,
  2.5045244 ,2.50407335,2.50289289,2.50119769,2.49915112],
 [1.57335212,2.05679974,2.12290907,2.14547649,2.15852574,2.16673167,
  2.17175378,2.17449259,2.17553453,2.17531201,2.17417203],
 [1.11336016,1.56728264,1.68087712,1.72134773,1.74309439,1.75655317,
  1.76521992,1.77077286,1.77420812,1.77619616,1.77721074],
 [0.66757934,1.06642077,1.22927947,1.29459217,1.33217446,1.35818365,
  1.37729429,1.39158215,1.40232395,1.41042773,1.41656629],
 [0.42853424,0.74777896,0.93172926,1.01101093,1.05270088,1.08019055,
  1.10069361,1.11681627,1.12972871,1.14009605,1.14838744],
 [0.32406535,0.61360574,0.82099419,0.91821545,0.96590543,0.99355666,
  1.0116938 ,1.02445634,1.03377881,1.04072397,1.04595865],
 [0.16374017,0.3366328 ,0.52602515,0.6576153 ,0.73715618,0.78820725,
  0.82381459,0.85012879,0.87031285,0.88619078,0.89891869],
 [0.01882247,0.0349169 ,0.05577255,0.07632189,0.09251204,0.10372576,
  0.11110355,0.1158949 ,0.11902281,0.12112325,0.12262979],
 [0.        ,0.        ,0.        ,0.        ,0.        ,0.        ,
  0.        ,0.        ,0.        ,0.        ,0.        ]]
measureGC
[ 1.        , 1.07065576, 1.10987324, 1.13284518, 1.1502708 , 1.17099814,
  1.21120731, 1.38718325, 1.4614189 , 1.66406936, 1.93041817, 2.47911132,
  3.82552282,11.12661604, 0.74448924, 0.17556971, 0.30138669, 0.30138669,
  0.30138669, 0.30138669]
measureAPL
[1.000e+00,9.500e-01,9.000e-01,8.500e-01,8.000e-01,7.500e-01,7.000e-01,
 6.500e-01,6.000e-01,5.500e-01,4.995e-01,4.475e-01,3.925e-01,3.310e-01,
 2.495e-01,1.625e-01,3.400e-02,9.000e-03,2.000e-03,5.000e-04]