PercentOfNodes
[0.  ,0.05,0.1 ,0.15,0.2 ,0.25,0.3 ,0.35,0.4 ,0.45,0.5 ,0.55,0.6 ,0.65,
 0.7 ,0.75,0.8 ,0.85,0.9 ]

RandomAttack
Tq
[[3.36586823,3.32072182,3.28345132,3.25177245,3.22412498,3.19948659,
  3.1771934 ,3.15681444,3.138067  ,3.12075982,3.1047557 ],
 [3.00829211,3.31758237,3.28245449,3.25073608,3.22309564,3.1984783 ,
  3.17622824,3.15594208,3.13735931,3.12029696,3.1046128 ],
 [2.92275759,3.31515315,3.28039338,3.24850568,3.22066313,3.19580154,
  3.17325657,3.15262229,3.13364124,3.11613848,3.09998345],
 [3.063601  ,3.30959728,3.27177866,3.23841149,3.20938295,3.18349661,
  3.16001002,3.13848292,3.11865477,3.10036383,3.0834968 ],
 [3.03930314,3.30054491,3.26089068,3.22611072,3.19597718,3.16918651,
  3.14491998,3.12268268,3.1021801 ,3.08323459,3.06572999],
 [3.04701213,3.28451572,3.24562118,3.21104335,3.1809868 ,3.15432504,
  3.1303252 ,3.10852319,3.0886212 ,3.0704186 ,3.05376684],
 [2.79836513,3.26678034,3.2264251 ,3.18914539,3.15671381,3.12781423,
  3.10165104,3.07776978,3.0558977 ,3.03585009,3.01748109],
 [2.83517081,3.23662277,3.19934648,3.1636691 ,3.13227645,3.10409942,
  3.07847545,3.05504582,3.03361063,3.0140357 ,2.99620181],
 [2.35125069,3.19576793,3.16548788,3.12729526,3.09263923,3.06103035,
  3.03213105,3.00583054,2.98207553,2.96077177,2.94176095],
 [2.0430232 ,3.1331046 ,3.11715235,3.08284018,3.05031134,3.01975793,
  2.99108874,2.96438299,2.93978071,2.91736991,2.89714109],
 [1.72731266,3.04406348,3.04879879,3.01805887,2.98801783,2.95995837,
  2.93392853,2.90987636,2.88776142,2.86754757,2.84918121],
 [1.41416956,2.90243513,2.94671924,2.92335574,2.89730521,2.87209229,
  2.84847156,2.82670059,2.80685448,2.78890774,2.77277025],
 [1.20031835,2.72009334,2.81904995,2.80645885,2.78567361,2.76357847,
  2.74181967,2.72107534,2.70168886,2.68382744,2.66754458],
 [1.06376123,2.51635156,2.6594154 ,2.65975584,2.64694808,2.63132852,
  2.61551337,2.60048617,2.58661905,2.57400696,2.56261866],
 [0.81095433,2.16452466,2.41401696,2.43950801,2.43693122,2.4257226 ,
  2.41143817,2.3965511 ,2.38228134,2.36920311,2.35753227],
 [0.68337023,1.79412189,2.09956259,2.15438151,2.16959166,2.17124415,
  2.16692187,2.1601006 ,2.15261665,2.14541493,2.13891439],
 [0.40221137,1.17430394,1.62502104,1.74495628,1.79077571,1.81226342,
  1.82258733,1.8271112 ,1.82857024,1.82846182,1.82759835],
 [0.26593908,0.79085947,1.26824384,1.42666062,1.47946512,1.50035413,
  1.50960052,1.51405082,1.51636984,1.51768272,1.51849195],
 [0.08750778,0.26185974,0.57455719,0.80259968,0.90315877,0.94268877,
  0.9565852 ,0.95969139,0.95839972,0.95550783,0.95222798],
 [0.00870448,0.02119446,0.04678844,0.08649153,0.12998479,0.16567811,
  0.19059027,0.20685967,0.21723235,0.22375927,0.22780235]]
measureGC
[1.        ,0.94997499,0.89994997,0.85092546,0.8014007 ,0.75187594,
 0.70185093,0.65232616,0.6018009 ,0.55027514,0.49824912,0.44522261,
 0.3891946 ,0.33716858,0.27613807,0.22211106,0.14507254,0.08104052,
 0.0190095 ,0.00250125]
measureAPL
[1.        ,1.03286308,1.05398401,1.06850074,1.08177586,1.09977922,
 1.12018655,1.14642003,1.23758746,1.29249114,1.3350179 ,1.43039939,
 1.54519639,1.679101  ,1.88601563,2.16916971,2.92555778,2.85332052,
 2.75745143,0.29562686]

Degree
Tq
[[ 3.36884375e+00, 3.32322890e+00, 3.28573826e+00, 3.25386453e+00,
   3.22597997e+00, 3.20107040e+00, 3.17850096e+00, 3.15786703e+00,
   3.13890261e+00, 3.12142375e+00, 3.10529368e+00],
 [ 3.20713132e+00, 3.35643854e+00, 3.32434212e+00, 3.29732890e+00,
   3.27473246e+00, 3.25543175e+00, 3.23868528e+00, 3.22397916e+00,
   3.21094012e+00, 3.19928675e+00, 3.18880065e+00],
 [ 2.82078629e+00, 3.37497778e+00, 3.34728774e+00, 3.32173015e+00,
   3.30057142e+00, 3.28271479e+00, 3.26740078e+00, 3.25410189e+00,
   3.24243506e+00, 3.23211209e+00, 3.22291042e+00],
 [ 2.65651520e+00, 3.35152492e+00, 3.33381676e+00, 3.31191452e+00,
   3.29344114e+00, 3.27784343e+00, 3.26452020e+00, 3.25300421e+00,
   3.24294145e+00, 3.23406255e+00, 3.22616050e+00],
 [ 2.20366663e+00, 3.27277454e+00, 3.27253819e+00, 3.25555824e+00,
   3.24075050e+00, 3.22819831e+00, 3.21746113e+00, 3.20815919e+00,
   3.20000363e+00, 3.19277743e+00, 3.18631606e+00],
 [ 1.80945340e+00, 3.09517581e+00, 3.12723123e+00, 3.12039300e+00,
   3.11230585e+00, 3.10498264e+00, 3.09861052e+00, 3.09309269e+00,
   3.08829043e+00, 3.08407668e+00, 3.08034628e+00],
 [ 1.46974985e+00, 2.77131407e+00, 2.85680547e+00, 2.86761239e+00,
   2.87076478e+00, 2.87177962e+00, 2.87200625e+00, 2.87191108e+00,
   2.87168328e+00, 2.87140784e+00, 2.87112568e+00],
 [ 1.03757358e+00, 2.23466536e+00, 2.40024321e+00, 2.43453442e+00,
   2.45213358e+00, 2.46380879e+00, 2.47244044e+00, 2.47922723e+00,
   2.48477842e+00, 2.48944716e+00, 2.49345907e+00],
 [ 7.42302937e-01, 1.59058284e+00, 1.83022700e+00, 1.90354755e+00,
   1.94735490e+00, 1.97939107e+00, 2.00433254e+00, 2.02432531e+00,
   2.04066401e+00, 2.05422889e+00, 2.06565140e+00],
 [ 4.24312534e-01, 8.67851097e-01, 1.12023506e+00, 1.22203389e+00,
   1.27668739e+00, 1.31306869e+00, 1.33981667e+00, 1.36044577e+00,
   1.37678211e+00, 1.38993359e+00, 1.40063723e+00],
 [ 1.99301944e-01, 4.00349636e-01, 5.85951818e-01, 6.98909921e-01,
   7.66440090e-01, 8.12466017e-01, 8.47463644e-01, 8.75695126e-01,
   8.99002878e-01, 9.18352800e-01, 9.34418863e-01],
 [ 5.80402087e-02, 1.13535386e-01, 1.85093228e-01, 2.54430182e-01,
   3.10900769e-01, 3.54064051e-01, 3.86872426e-01, 4.12253121e-01,
   4.32399727e-01, 4.48827340e-01, 4.62554512e-01],
 [ 4.38497469e-03, 8.15669694e-03, 1.34552434e-02, 1.96584355e-02,
   2.59944596e-02, 3.19751227e-02, 3.73522611e-02, 4.19363686e-02,
   4.55416344e-02, 4.80314262e-02, 4.93733900e-02],
 [ 2.02274129e-17, 3.70835903e-17, 4.38260613e-17, 6.40534742e-17,
  -3.89564989e-17, 8.76521226e-17, 4.31518142e-18, 5.99330753e-18,
  -6.16454489e-17, 6.74247097e-18,-6.39286136e-17],
 [ 0.00000000e+00, 0.00000000e+00, 0.00000000e+00, 0.00000000e+00,
   0.00000000e+00, 0.00000000e+00, 0.00000000e+00, 0.00000000e+00,
   0.00000000e+00, 0.00000000e+00, 0.00000000e+00],
 [ 0.00000000e+00, 0.00000000e+00, 0.00000000e+00, 0.00000000e+00,
   0.00000000e+00, 0.00000000e+00, 0.00000000e+00, 0.00000000e+00,
   0.00000000e+00, 0.00000000e+00, 0.00000000e+00],
 [ 0.00000000e+00, 0.00000000e+00, 0.00000000e+00, 0.00000000e+00,
   0.00000000e+00, 0.00000000e+00, 0.00000000e+00, 0.00000000e+00,
   0.00000000e+00, 0.00000000e+00, 0.00000000e+00],
 [ 0.00000000e+00, 0.00000000e+00, 0.00000000e+00, 0.00000000e+00,
   0.00000000e+00, 0.00000000e+00, 0.00000000e+00, 0.00000000e+00,
   0.00000000e+00, 0.00000000e+00, 0.00000000e+00],
 [ 0.00000000e+00, 0.00000000e+00, 0.00000000e+00, 0.00000000e+00,
   0.00000000e+00, 0.00000000e+00, 0.00000000e+00, 0.00000000e+00,
   0.00000000e+00, 0.00000000e+00, 0.00000000e+00],
 [ 0.00000000e+00, 0.00000000e+00, 0.00000000e+00, 0.00000000e+00,
   0.00000000e+00, 0.00000000e+00, 0.00000000e+00, 0.00000000e+00,
   0.00000000e+00, 0.00000000e+00, 0.00000000e+00]]
measureGC
[1.        ,1.03286308,1.05398401,1.06850074,1.08177586,1.09977922,
 1.12018655,1.14642003,1.23758746,1.29249114,1.3350179 ,1.43039939,
 1.54519639,1.679101  ,1.88601563,2.16916971,2.92555778,2.85332052,
 2.75745143,0.29562686]
measureAPL
[1.00000000e+00,9.49974987e-01,8.99949975e-01,8.48924462e-01,
 7.97398699e-01,7.44372186e-01,6.86343172e-01,6.20310155e-01,
 5.39269635e-01,3.88694347e-01,2.35117559e-02,4.50225113e-03,
 1.50075038e-03,1.00050025e-03,5.00250125e-04,5.00250125e-04,
 5.00250125e-04,5.00250125e-04,5.00250125e-04,5.00250125e-04]

Centrality
Tq
[[ 3.09267507e+00, 3.04642222e+00, 3.00879978e+00, 2.97712160e+00,
   2.94964297e+00, 2.92527890e+00, 2.90334800e+00, 2.88341066e+00,
   2.86517216e+00, 2.84842427e+00, 2.83301018e+00],
 [ 2.90025199e+00, 3.10002017e+00, 3.06749094e+00, 3.03961415e+00,
   3.01605746e+00, 2.99566899e+00, 2.97768764e+00, 2.96160185e+00,
   2.94705662e+00, 2.93379801e+00, 2.92163892e+00],
 [ 2.84053043e+00, 3.14491060e+00, 3.11399864e+00, 3.08699245e+00,
   3.06390835e+00, 3.04372701e+00, 3.02577643e+00, 3.00959326e+00,
   2.99484550e+00, 2.98129006e+00, 2.96874679e+00],
 [ 2.92123711e+00, 3.17828576e+00, 3.14904103e+00, 3.12310183e+00,
   3.10093561e+00, 3.08166689e+00, 3.06468870e+00, 3.04956629e+00,
   3.03597388e+00, 3.02365900e+00, 3.01242141e+00],
 [ 2.70616669e+00, 3.18832638e+00, 3.16239434e+00, 3.13723735e+00,
   3.11557671e+00, 3.09658532e+00, 3.07968269e+00, 3.06447371e+00,
   3.05067665e+00, 3.03808145e+00, 3.02652583e+00],
 [ 2.30754165e+00, 3.15388051e+00, 3.13720089e+00, 3.11450970e+00,
   3.09466093e+00, 3.07719165e+00, 3.06162944e+00, 3.04763097e+00,
   3.03494379e+00, 3.02337466e+00, 3.01277016e+00],
 [ 2.03329308e+00, 3.05559473e+00, 3.05279516e+00, 3.03418976e+00,
   3.01733655e+00, 3.00242006e+00, 2.98912441e+00, 2.97716238e+00,
   2.96631513e+00, 2.95642045e+00, 2.94735674e+00],
 [ 1.77145707e+00, 2.84722911e+00, 2.87103648e+00, 2.86172076e+00,
   2.85076595e+00, 2.84003585e+00, 2.82985904e+00, 2.82029505e+00,
   2.81134342e+00, 2.80299274e+00, 2.79523030e+00],
 [ 1.37745927e+00, 2.46907077e+00, 2.54962780e+00, 2.55875066e+00,
   2.55957923e+00, 2.55774676e+00, 2.55471515e+00, 2.55105633e+00,
   2.54706421e+00, 2.54292579e+00, 2.53877509e+00],
 [ 1.00921966e+00, 1.98325394e+00, 2.12290511e+00, 2.15122616e+00,
   2.16376580e+00, 2.17041676e+00, 2.17391422e+00, 2.17545771e+00,
   2.17571072e+00, 2.17509995e+00, 2.17392504e+00],
 [ 7.46642830e-01, 1.51240093e+00, 1.69291157e+00, 1.73572661e+00,
   1.75674025e+00, 1.77041419e+00, 1.78033416e+00, 1.78795843e+00,
   1.79404251e+00, 1.79903083e+00, 1.80320611e+00],
 [ 5.45834403e-01, 1.09831250e+00, 1.30701642e+00, 1.36757021e+00,
   1.39575931e+00, 1.41306713e+00, 1.42499404e+00, 1.43360279e+00,
   1.43990222e+00, 1.44449369e+00, 1.44779444e+00],
 [ 4.07469439e-01, 8.23858214e-01, 1.05054291e+00, 1.13266703e+00,
   1.17078422e+00, 1.19333137e+00, 1.20884844e+00, 1.22057276e+00,
   1.22994155e+00, 1.23766980e+00, 1.24415568e+00],
 [ 2.92511935e-01, 6.26105084e-01, 8.71017294e-01, 9.76200265e-01,
   1.02525540e+00, 1.05321619e+00, 1.07173533e+00, 1.08521692e+00,
   1.09558400e+00, 1.10380239e+00, 1.11043065e+00],
 [ 1.81659993e-01, 3.69355839e-01, 5.37460017e-01, 6.28049849e-01,
   6.71877964e-01, 6.95076893e-01, 7.09329805e-01, 7.19538133e-01,
   7.27727723e-01, 7.34695676e-01, 7.40735062e-01],
 [ 6.24531634e-02, 1.23872253e-01, 2.03145091e-01, 2.79217710e-01,
   3.40773888e-01, 3.87210388e-01, 4.21339401e-01, 4.46305450e-01,
   4.64721782e-01, 4.78514665e-01, 4.89024797e-01],
 [ 6.97903608e-03, 1.35319185e-02, 2.28527329e-02, 3.28290556e-02,
   4.08563744e-02, 4.59029080e-02, 4.83134770e-02, 4.87934707e-02,
   4.79559093e-02, 4.62677232e-02, 4.40809385e-02],
 [-9.01844389e-18,-1.40913186e-17,-3.15645536e-17,-3.72010811e-17,
  -7.91618964e-17,-6.76383292e-17, 9.52347675e-17, 0.00000000e+00,
   1.11902324e-16,-1.21748993e-16,-1.49639365e-16],
 [ 0.00000000e+00, 0.00000000e+00, 0.00000000e+00, 0.00000000e+00,
   0.00000000e+00, 0.00000000e+00, 0.00000000e+00, 0.00000000e+00,
   0.00000000e+00, 0.00000000e+00, 0.00000000e+00],
 [ 0.00000000e+00, 0.00000000e+00, 0.00000000e+00, 0.00000000e+00,
   0.00000000e+00, 0.00000000e+00, 0.00000000e+00, 0.00000000e+00,
   0.00000000e+00, 0.00000000e+00, 0.00000000e+00]]
measureGC
[1.        ,1.06671902,1.10774528,1.21785122,1.31731163,1.49096152,
 1.72057074,2.12470975,2.94637766,6.39440225,3.00007842,0.58742763,
 0.16986974,0.09281729,0.2261934 ,0.2261934 ,0.2261934 ,0.2261934 ,
 0.2261934 ,0.2261934 ]
measureAPL
[1.00000000e+00,9.49974987e-01,9.00450225e-01,8.50925463e-01,
 8.00900450e-01,7.49874937e-01,6.98849425e-01,6.46823412e-01,
 5.88294147e-01,5.26263132e-01,4.53726863e-01,3.71685843e-01,
 9.65482741e-02,4.70235118e-02,1.05052526e-02,5.50275138e-03,
 1.50075038e-03,1.00050025e-03,5.00250125e-04,5.00250125e-04]