PercentOfNodes
[0.  ,0.05,0.1 ,0.15,0.2 ,0.25,0.3 ,0.35,0.4 ,0.45,0.5 ,0.55,0.6 ,0.65,
 0.7 ,0.75,0.8 ,0.85,0.9 ]

RandomAttack
Tq
[[3.19594925,3.17190023,3.15015295,3.13027918,3.11193815,3.09486062,
  3.07883424,3.06369306,3.04931019,3.03559211,3.02247339],
 [3.19786046,3.17347787,3.15150829,3.1314761 ,3.11299832,3.09577297,
  3.07956318,3.06418448,3.04949609,3.03539527,3.02181311],
 [3.2059731 ,3.17918624,3.155333  ,3.1337473 ,3.11397828,3.09570691,
  3.078699  ,3.0627794 ,3.04781666,3.03371273,3.02039476],
 [3.21799894,3.18982691,3.16474166,3.14205099,3.1212672 ,3.10204783,
  3.08415034,3.06740096,3.05167369,3.03687584,3.02293781],
 [3.22512425,3.19380049,3.1666715 ,3.14263255,3.12090467,3.10095228,
  3.08240948,3.06502819,3.04864298,3.03314678,3.0184729 ],
 [3.2288581 ,3.19433204,3.16525575,3.1396268 ,3.11646861,3.09522913,
  3.0755647 ,3.05724821,3.0401226 ,3.02407455,3.00901856],
 [3.22717632,3.19020582,3.1589951 ,3.13165175,3.10716517,3.08492148,
  3.06451599,3.04566923,3.02818224,3.01190924,2.99673959],
 [3.23954945,3.19825299,3.1635168 ,3.1331579 ,3.1059984 ,3.0813912 ,
  3.05895443,3.03843577,3.01964562,3.00242553,2.98663426],
 [3.23494876,3.19177954,3.1559371 ,3.12467363,3.09670808,3.0713662 ,
  3.0482423 ,3.02706607,3.00764094,2.98981064,2.97344024],
 [3.23638145,3.18713217,3.14710955,3.11293746,3.0828601 ,3.0559224 ,
  3.03156433,3.00943086,2.98927404,2.97089981,2.95414051],
 [3.23330071,3.18188956,3.1390722 ,3.10182758,3.06861471,3.03865755,
  3.01153478,2.98697805,2.96477555,2.94473037,2.92664747],
 [2.98763739,3.16009657,3.11762995,3.07766905,3.04180905,3.00952956,
  2.98045103,2.95428779,2.9307908 ,2.90972093,2.89084295],
 [2.93746107,3.1249171 ,3.08262034,3.04211615,3.005349  ,2.97191132,
  2.94154932,2.91409172,2.88937633,2.86721898,2.84740988],
 [2.45596735,3.05891767,3.02531542,2.98449507,2.94726928,2.91362052,
  2.88332171,2.85615639,2.83189207,2.81027011,2.79101577],
 [1.89110855,2.94187118,2.93664034,2.89999693,2.86472887,2.83195009,
  2.80173894,2.77413046,2.74912707,2.72666025,2.7065877 ],
 [1.66623928,2.76086943,2.78444652,2.75677424,2.72801568,2.70091257,
  2.67590316,2.65310457,2.63252076,2.61407255,2.59761854],
 [1.17548497,2.40446717,2.50944829,2.50125257,2.48377555,2.46511469,
  2.44708222,2.43032757,2.41508099,2.40137258,2.3891351 ],
 [0.74291224,1.78010853,2.04023169,2.08136887,2.09064973,2.09046466,
  2.0863724 ,2.08060685,2.07428404,2.06800656,2.06209399],
 [0.45748291,1.10314867,1.46247926,1.57484587,1.62050681,1.64237743,
  1.65353747,1.65944999,1.66272541,1.66466942,1.66594258],
 [0.11635691,0.33257589,0.63146786,0.79940022,0.86381039,0.88758075,
  0.89607357,0.89852364,0.89851496,0.8975299 ,0.89621071]]
measureGC
[1.    ,0.95  ,0.9   ,0.85  ,0.8   ,0.75  ,0.7   ,0.65  ,0.6   ,0.55  ,
 0.5   ,0.4495,0.3995,0.3485,0.2965,0.2455,0.19  ,0.132 ,0.0735,0.0115]
measureAPL
[1.        ,1.03676393,1.06726768,1.08663715,1.10436778,1.11840683,
 1.13002605,1.14270824,1.15399215,1.16922803,1.18305061,1.20878376,
 1.35955555,1.41583166,1.48233917,1.65560131,1.85397018,2.34041556,
 3.91422219,1.78985007]

Degree
Tq
[[ 3.69404579e+00, 3.66759692e+00, 3.64400910e+00, 3.62257856e+00,
   3.60283129e+00, 3.58443813e+00, 3.56715969e+00, 3.55081620e+00,
   3.53527222e+00, 3.52042848e+00, 3.50621638e+00],
 [ 3.71177711e+00, 3.68873143e+00, 3.66826760e+00, 3.65006987e+00,
   3.63385772e+00, 3.61938365e+00, 3.60642879e+00, 3.59479991e+00,
   3.58432736e+00, 3.57486333e+00, 3.56627994e+00],
 [ 3.72044717e+00, 3.69866276e+00, 3.67958930e+00, 3.66280758e+00,
   3.64798518e+00, 3.63484606e+00, 3.62315440e+00, 3.61270693e+00,
   3.60332887e+00, 3.59487088e+00, 3.58720623e+00],
 [ 3.72361301e+00, 3.70245243e+00, 3.68402939e+00, 3.66794316e+00,
   3.65384788e+00, 3.64144752e+00, 3.63048958e+00, 3.62075962e+00,
   3.61207655e+00, 3.60428819e+00, 3.59726708e+00],
 [ 3.71501823e+00, 3.69241664e+00, 3.67386939e+00, 3.65820630e+00,
   3.64477395e+00, 3.63313509e+00, 3.62296288e+00, 3.61400133e+00,
   3.60604652e+00, 3.59893492e+00, 3.59253483e+00],
 [ 3.68976140e+00, 3.66787453e+00, 3.64988724e+00, 3.63474727e+00,
   3.62180236e+00, 3.61061335e+00, 3.60086131e+00, 3.59230256e+00,
   3.58474524e+00, 3.57803559e+00, 3.57204906e+00],
 [ 3.62115599e+00, 3.60399869e+00, 3.58953635e+00, 3.57727394e+00,
   3.56678409e+00, 3.55772350e+00, 3.54982303e+00, 3.54287265e+00,
   3.53670792e+00, 3.53119921e+00, 3.52624345e+00],
 [ 3.34297633e+00, 3.48363349e+00, 3.47637845e+00, 3.46815408e+00,
   3.46076572e+00, 3.45423027e+00, 3.44845909e+00, 3.44335261e+00,
   3.43881943e+00, 3.43478028e+00, 3.43116792e+00],
 [ 2.81127788e+00, 3.27969265e+00, 3.28616652e+00, 3.28386132e+00,
   3.28095147e+00, 3.27812041e+00, 3.27554305e+00, 3.27325687e+00,
   3.27125031e+00, 3.26949527e+00, 3.26796012e+00],
 [ 2.68343359e+00, 2.97501264e+00, 2.99523659e+00, 3.00343549e+00,
   3.00836661e+00, 3.01178937e+00, 3.01443921e+00, 3.01666968e+00,
   3.01865974e+00, 3.02050118e+00, 3.02223997e+00],
 [ 2.13270726e+00, 2.54412241e+00, 2.58722757e+00, 2.60647965e+00,
   2.61948329e+00, 2.62927807e+00, 2.63707866e+00, 2.64351155e+00,
   2.64894837e+00, 2.65363225e+00, 2.65773305e+00],
 [ 1.52705841e+00, 1.99952352e+00, 2.09280514e+00, 2.13420097e+00,
   2.16089936e+00, 2.18056019e+00, 2.19628079e+00, 2.20958427e+00,
   2.22127502e+00, 2.23179495e+00, 2.24139384e+00],
 [ 9.58832458e-01, 1.34214686e+00, 1.46279161e+00, 1.51888673e+00,
   1.55781849e+00, 1.58868077e+00, 1.61438621e+00, 1.63635699e+00,
   1.65544760e+00, 1.67222510e+00, 1.68708858e+00],
 [ 3.81716123e-01, 6.36440569e-01, 7.97918236e-01, 8.80059543e-01,
   9.27793087e-01, 9.60043361e-01, 9.83860945e-01, 1.00239931e+00,
   1.01736576e+00, 1.02980225e+00, 1.04038766e+00],
 [ 8.29769188e-02, 1.55121720e-01, 2.40040155e-01, 3.15271438e-01,
   3.73029354e-01, 4.16581063e-01, 4.50604963e-01, 4.78347988e-01,
   5.01748313e-01, 5.21935978e-01, 5.39593864e-01],
 [-5.11997487e-17,-6.91196608e-17,-3.58398241e-17,-8.19195980e-17,
  -3.18576214e-17,-7.16796482e-17, 6.55356784e-18,-1.63839196e-16,
   2.00619424e-17,-1.22879397e-16,-1.61816490e-17],
 [ 0.00000000e+00, 0.00000000e+00, 0.00000000e+00, 0.00000000e+00,
   0.00000000e+00, 0.00000000e+00, 0.00000000e+00, 0.00000000e+00,
   0.00000000e+00, 0.00000000e+00, 0.00000000e+00],
 [ 0.00000000e+00, 0.00000000e+00, 0.00000000e+00, 0.00000000e+00,
   0.00000000e+00, 0.00000000e+00, 0.00000000e+00, 0.00000000e+00,
   0.00000000e+00, 0.00000000e+00, 0.00000000e+00],
 [ 0.00000000e+00, 0.00000000e+00, 0.00000000e+00, 0.00000000e+00,
   0.00000000e+00, 0.00000000e+00, 0.00000000e+00, 0.00000000e+00,
   0.00000000e+00, 0.00000000e+00, 0.00000000e+00],
 [ 0.00000000e+00, 0.00000000e+00, 0.00000000e+00, 0.00000000e+00,
   0.00000000e+00, 0.00000000e+00, 0.00000000e+00, 0.00000000e+00,
   0.00000000e+00, 0.00000000e+00, 0.00000000e+00]]
measureGC
[1.        ,1.03676393,1.06726768,1.08663715,1.10436778,1.11840683,
 1.13002605,1.14270824,1.15399215,1.16922803,1.18305061,1.20878376,
 1.35955555,1.41583166,1.48233917,1.65560131,1.85397018,2.34041556,
 3.91422219,1.78985007]
measureAPL
[1.000e+00,9.500e-01,9.000e-01,8.500e-01,8.000e-01,7.500e-01,7.000e-01,
 6.495e-01,5.990e-01,5.485e-01,4.965e-01,4.425e-01,3.775e-01,9.050e-02,
 5.500e-03,1.000e-03,5.000e-04,5.000e-04,5.000e-04,5.000e-04]

Centrality
Tq
[[3.19713048,3.17227368,3.14992676,3.12958323,3.11086702,3.09349608,
  3.07725481,3.06197675,3.04753391,3.03382953,3.02079229],
 [3.23057351,3.20904758,3.18984598,3.17256841,3.15689594,3.14257762,
  3.12941424,3.11724548,3.10594086,3.09539334,3.08551474],
 [3.27071961,3.24940316,3.23061935,3.21395048,3.19904989,3.18563602,
  3.17348037,3.16239679,3.15223319,3.14286502,3.13419007],
 [3.3045053 ,3.28362251,3.26531242,3.24914748,3.23477211,3.22189723,
  3.21028922,3.19975915,3.19015358,3.18134711,3.17323648],
 [3.33213344,3.31165482,3.29367615,3.27767331,3.263297  ,3.25028734,
  3.23843849,3.2275828 ,3.21758233,3.20832301,3.19971036],
 [3.36228331,3.34073961,3.32223357,3.30586706,3.29120986,3.27797533,
  3.26594283,3.25493545,3.24481017,3.23545113,3.2267642 ],
 [3.38275168,3.36011125,3.34079133,3.3238927 ,3.30888733,3.29542166,
  3.28323627,3.27212963,3.26193979,3.2525341 ,3.24380276],
 [3.37741895,3.35653457,3.33825347,3.32197315,3.30731039,3.2939981 ,
  3.28183731,3.270673  ,3.2603806 ,3.25085781,3.24201919],
 [3.34207167,3.32334734,3.30666105,3.29167806,3.27811777,3.26575575,
  3.25441164,3.24393886,3.23421701,3.22514636,3.21664392],
 [3.25389358,3.2375011 ,3.22237069,3.20847704,3.19569557,3.18389439,
  3.1729555 ,3.16277702,3.15327164,3.14436478,3.13599319],
 [2.74140521,3.05227388,3.04728535,3.03730294,3.02734836,3.01779147,
  3.00875345,3.00029006,2.99242241,2.98514836,2.97844963],
 [2.20600655,2.70551232,2.72641546,2.72773548,2.72583294,2.72258977,
  2.71865777,2.71435102,2.70984862,2.70526932,2.70070173],
 [1.59737854,2.2867739 ,2.34706938,2.3615977 ,2.36855343,2.37193917,
  2.37306949,2.37263701,2.37108872,2.36875373,2.36589563],
 [1.12734116,1.73233642,1.85128873,1.88635997,1.90370998,1.91363395,
  1.91934991,1.92234841,1.92350256,1.92340922,1.92250587],
 [0.65422066,1.13871001,1.3218487 ,1.38857376,1.42632806,1.45237199,
  1.47141086,1.48556354,1.496161  ,1.50415098,1.51022653],
 [0.40678528,0.77003138,0.97491792,1.05539259,1.09591462,1.12264589,
  1.14295852,1.15929776,1.17268033,1.18366592,1.19265139],
 [0.30368309,0.61774408,0.84352059,0.94169659,0.98694435,1.01226381,
  1.02856336,1.03990374,1.04810261,1.05413435,1.05860576],
 [0.14716217,0.31944536,0.51736701,0.65206513,0.72846248,0.77358817,
  0.80243293,0.82209868,0.83617633,0.84664411,0.85466853],
 [0.01418447,0.02674773,0.04353779,0.06054644,0.07408535,0.08332093,
  0.08913988,0.09262402,0.09458942,0.0956053 ,0.09606723],
 [0.        ,0.        ,0.        ,0.        ,0.        ,0.        ,
  0.        ,0.        ,0.        ,0.        ,0.        ]]
measureGC
[1.        ,1.07203528,1.10627537,1.12867309,1.14678347,1.16616018,
 1.22251812,1.37866736,1.45169627,1.66262856,1.95817414,2.44506759,
 3.87548487,8.98409412,0.83374241,0.19015178,0.30023965,0.30023965,
 0.30023965,0.30023965]
measureAPL
[1.000e+00,9.500e-01,9.000e-01,8.500e-01,8.000e-01,7.500e-01,7.000e-01,
 6.500e-01,6.000e-01,5.500e-01,4.995e-01,4.475e-01,3.925e-01,3.310e-01,
 2.495e-01,1.625e-01,3.400e-02,9.000e-03,2.000e-03,5.000e-04]