PercentOfNodes
[0.  ,0.05,0.1 ,0.15,0.2 ,0.25,0.3 ,0.35,0.4 ,0.45,0.5 ,0.55,0.6 ,0.65,
 0.7 ,0.75,0.8 ,0.85,0.9 ]

RandomAttack
Tq
[[3.9491178 ,3.85409718,3.67946034,3.39645895,3.08978906,2.84988211,
  2.67919188,2.55605598,2.46389181,2.39240254,2.33525173],
 [3.94667201,3.85649693,3.69449405,3.42737957,3.12110772,2.8711989 ,
  2.69006087,2.55831995,2.45930885,2.38235577,2.32081173],
 [3.93606906,3.84513578,3.68278303,3.41726888,3.1153669 ,2.87005015,
  2.69273375,2.56410611,2.46763841,2.39276706,2.33292811],
 [3.93126624,3.83892738,3.67267426,3.39979354,3.09340198,2.84804595,
  2.67196947,2.54469319,2.44949141,2.37577096,2.31695713],
 [3.91370356,3.81737982,3.64353954,3.36260133,3.05651503,2.81639147,
  2.64497118,2.52069137,2.42719865,2.35439313,2.29606196],
 [3.91364417,3.81642294,3.64388688,3.3676187 ,3.06528976,2.82552577,
  2.65326416,2.52811943,2.43395264,2.36062472,2.30185368],
 [3.91163954,3.81128885,3.63323162,3.35386376,3.05501486,2.81971824,
  2.65012596,2.52613927,2.43228607,2.35888566,2.29990964],
 [3.91406591,3.81830387,3.65063609,3.37918457,3.07413878,2.8279071 ,
  2.64976285,2.52006625,2.42249886,2.34667534,2.28611109],
 [3.89062914,3.78765315,3.61106723,3.33578542,3.03895176,2.80475072,
  2.63676641,2.51482445,2.42310344,2.35170004,2.29449706],
 [3.8768154 ,3.77342249,3.59587804,3.32562705,3.0411094 ,2.81825359,
  2.65895823,2.54398056,2.45812972,2.39181682,2.3390895 ],
 [3.86407076,3.76004195,3.58511435,3.31897206,3.03405795,2.80892448,
  2.64825372,2.53283162,2.44706935,2.38110379,2.32883259],
 [3.84994445,3.74965067,3.58249801,3.32536588,3.04590738,2.82261732,
  2.66187292,2.54561271,2.45873334,2.39157475,2.33813008],
 [3.82017361,3.71528075,3.54321639,3.28728305,3.01456443,2.79641049,
  2.63883577,2.52479246,2.43964527,2.3739394 ,2.321764  ],
 [3.79743312,3.68510042,3.49943212,3.21752327,2.92395668,2.69989589,
  2.54386822,2.43356927,2.35247894,2.2905494 ,2.24171658],
 [3.72907763,3.62379626,3.45547066,3.20635415,2.94053678,2.72914104,
  2.57736283,2.46785488,2.38619038,2.32318759,2.27315712],
 [3.66124261,3.55376212,3.38954729,3.15621761,2.90878738,2.7085471 ,
  2.56230595,2.45569894,2.37577303,2.3139617 ,2.26483951],
 [2.85108791,3.39567692,3.25908278,3.03404676,2.79369505,2.60113281,
  2.46298829,2.3640777 ,2.29102004,2.23516683,2.19116327],
 [1.8343293 ,3.1075477 ,3.05872849,2.86182511,2.65785851,2.49439852,
  2.37449875,2.28688554,2.22128894,2.17072499,2.13069764],
 [1.05774985,2.50723525,2.70623117,2.59256698,2.43327355,2.29546463,
  2.19463023,2.12316428,2.07161451,2.03338339,2.00426538],
 [0.63175085,1.5908411 ,1.99396059,1.97063218,1.87783354,1.79893496,
  1.74270456,1.70355754,1.67585854,1.65575452,1.64078066]]
measureGC
[1.    ,0.95  ,0.9   ,0.85  ,0.8   ,0.75  ,0.7   ,0.65  ,0.6   ,0.55  ,
 0.5   ,0.45  ,0.4   ,0.35  ,0.3   ,0.25  ,0.199 ,0.1465,0.0915,0.039 ]
measureAPL
[1.        ,1.00584095,1.00729548,1.01171372,1.01045309,1.01743499,
 1.01994621,1.0248788 ,1.02746697,1.03211917,1.03611915,1.03897254,
 1.04225452,1.04826899,1.064193  ,1.0844324 ,1.2416518 ,1.32040791,
 1.44032751,1.74283872]

Degree
Tq
[[ 3.94751332e+00, 3.85308229e+00, 3.68078340e+00, 3.39996444e+00,
   3.09110179e+00, 2.84777136e+00, 2.67449235e+00, 2.54953294e+00,
   2.45604121e+00, 2.38355890e+00, 2.32566439e+00],
 [ 4.07530314e+00, 4.01874931e+00, 3.94799191e+00, 3.86525358e+00,
   3.77843829e+00, 3.69696709e+00, 3.62638875e+00, 3.56764584e+00,
   3.51927993e+00, 3.47926324e+00, 3.44577496e+00],
 [ 4.13362643e+00, 4.08861997e+00, 4.03803647e+00, 3.98337279e+00,
   3.92772795e+00, 3.87463540e+00, 3.82664353e+00, 3.78478383e+00,
   3.74892886e+00, 3.71838239e+00, 3.69229861e+00],
 [ 4.14259293e+00, 4.10425889e+00, 4.06458819e+00, 4.02449981e+00,
   3.98528934e+00, 3.94825389e+00, 3.91433750e+00, 3.88398781e+00,
   3.85722351e+00, 3.83379286e+00, 3.81332069e+00],
 [ 4.09315786e+00, 4.06118536e+00, 4.03039855e+00, 4.00123320e+00,
   3.97409142e+00, 3.94925897e+00, 3.92686107e+00, 3.90686967e+00,
   3.88914372e+00, 3.87347737e+00, 3.85963990e+00],
 [ 3.98478422e+00, 3.96281693e+00, 3.94175817e+00, 3.92210985e+00,
   3.90413452e+00, 3.88792346e+00, 3.87344925e+00, 3.86060881e+00,
   3.84925791e+00, 3.83923632e+00, 3.83038439e+00],
 [ 3.82775550e+00, 3.81466582e+00, 3.80183254e+00, 3.78990284e+00,
   3.77915416e+00, 3.76965094e+00, 3.76134338e+00, 3.75412637e+00,
   3.74787395e+00, 3.74245874e+00, 3.73776195e+00],
 [ 3.61895702e+00, 3.61706115e+00, 3.61154639e+00, 3.60547280e+00,
   3.59976654e+00, 3.59470786e+00, 3.59035307e+00, 3.58667150e+00,
   3.58359873e+00, 3.58106037e+00, 3.57898332e+00],
 [ 3.33750010e+00, 3.36057686e+00, 3.36636746e+00, 3.36778494e+00,
   3.36781215e+00, 3.36740826e+00, 3.36695771e+00, 3.36662993e+00,
   3.36649762e+00, 3.36658510e+00, 3.36689162e+00],
 [ 2.77678454e+00, 3.04036007e+00, 3.06211284e+00, 3.07143987e+00,
   3.07729385e+00, 3.08139788e+00, 3.08451572e+00, 3.08704814e+00,
   3.08921803e+00, 3.09115321e+00, 3.09292826e+00],
 [ 2.37361470e+00, 2.66548780e+00, 2.70335409e+00, 2.72023373e+00,
   2.73126281e+00, 2.73962302e+00, 2.74656511e+00, 2.75267837e+00,
   2.75827036e+00, 2.76351380e+00, 2.76851021e+00],
 [ 1.84453516e+00, 2.20577001e+00, 2.27187063e+00, 2.30003949e+00,
   2.31840565e+00, 2.33258379e+00, 2.34455616e+00, 2.35518647e+00,
   2.36488930e+00, 2.37387615e+00, 2.38225983e+00],
 [ 1.23306008e+00, 1.63148979e+00, 1.74318650e+00, 1.79231000e+00,
   1.82375075e+00, 1.84693961e+00, 1.86534114e+00, 1.88072440e+00,
   1.89411922e+00, 1.90614921e+00, 1.91718882e+00],
 [ 6.48896708e-01, 9.76780361e-01, 1.12602521e+00, 1.18854415e+00,
   1.22236006e+00, 1.24489277e+00, 1.26181647e+00, 1.27543308e+00,
   1.28685745e+00, 1.29669992e+00, 1.30532757e+00],
 [ 2.19714277e-01, 3.61343718e-01, 4.82878382e-01, 5.65185286e-01,
   6.19050011e-01, 6.55983437e-01, 6.82516924e-01, 7.02191311e-01,
   7.17080740e-01, 7.28501221e-01, 7.37343926e-01],
 [ 2.58306689e-02, 5.06057459e-02, 8.72660923e-02, 1.31629665e-01,
   1.77732530e-01, 2.21472222e-01, 2.60705134e-01, 2.94486357e-01,
   3.22758904e-01, 3.46078944e-01, 3.65279570e-01],
 [-2.62296977e-18,-7.86890932e-18,-7.49419936e-18,-4.49651961e-18,
  -2.29822114e-17, 1.49883987e-18,-2.39814379e-18,-5.86212927e-17,
  -6.46030573e-17,-5.39582354e-17, 2.36853708e-17],
 [ 0.00000000e+00, 0.00000000e+00, 0.00000000e+00, 0.00000000e+00,
   0.00000000e+00, 0.00000000e+00, 0.00000000e+00, 0.00000000e+00,
   0.00000000e+00, 0.00000000e+00, 0.00000000e+00],
 [ 0.00000000e+00, 0.00000000e+00, 0.00000000e+00, 0.00000000e+00,
   0.00000000e+00, 0.00000000e+00, 0.00000000e+00, 0.00000000e+00,
   0.00000000e+00, 0.00000000e+00, 0.00000000e+00],
 [ 0.00000000e+00, 0.00000000e+00, 0.00000000e+00, 0.00000000e+00,
   0.00000000e+00, 0.00000000e+00, 0.00000000e+00, 0.00000000e+00,
   0.00000000e+00, 0.00000000e+00, 0.00000000e+00]]
measureGC
[1.        ,1.00584095,1.00729548,1.01171372,1.01045309,1.01743499,
 1.01994621,1.0248788 ,1.02746697,1.03211917,1.03611915,1.03897254,
 1.04225452,1.04826899,1.064193  ,1.0844324 ,1.2416518 ,1.32040791,
 1.44032751,1.74283872]
measureAPL
[1.000e+00,9.500e-01,9.000e-01,8.500e-01,8.000e-01,7.500e-01,7.000e-01,
 6.500e-01,6.000e-01,5.490e-01,4.980e-01,4.455e-01,3.865e-01,3.000e-01,
 9.500e-03,3.000e-03,1.000e-03,5.000e-04,5.000e-04,5.000e-04]

Centrality
Tq
[[3.95513905,3.86188861,3.68842024,3.40280192,3.09178673,2.84923462,
  2.67688816,2.55237652,2.45889355,2.38609404,2.32764547],
 [4.07770788,4.02111655,3.94946363,3.86417151,3.77275962,3.68520815,
  3.60802101,3.54278861,3.48832451,3.44268088,3.40404696],
 [4.1306056 ,4.08541495,4.03379345,3.97704047,3.91822492,3.86112114,
  3.80865976,3.76219776,3.72179974,3.6868566 ,3.65655355],
 [4.14396171,4.10611826,4.06611046,4.02454144,3.9825611 ,3.94160533,
  3.9029855 ,3.8675779 ,3.83575158,3.80747754,3.78249159],
 [4.10297825,4.07079926,4.03940385,4.00902776,3.98000053,3.95264383,
  3.92718807,3.90373869,3.88228631,3.8627388 ,3.84495595],
 [3.99797838,3.97405156,3.95104356,3.92929645,3.90894622,3.89002523,
  3.87251252,3.85635783,3.84149399,3.82784417,3.81532673],
 [3.84586178,3.8306776 ,3.81556217,3.80105999,3.7874185 ,3.7747057 ,
  3.76289486,3.75191714,3.74169153,3.73214047,3.72319669],
 [3.65058873,3.64175182,3.63232428,3.62289025,3.61376637,3.6051066 ,
  3.59696893,3.58935623,3.58224176,3.57558525,3.56934291],
 [3.41248598,3.41407362,3.41146697,3.4071512 ,3.40217402,3.39702627,
  3.39195511,3.38708642,3.3824814 ,3.37816599,3.37414717],
 [3.13006043,3.14310786,3.14674774,3.14666619,3.14495137,3.1425195 ,
  3.13982615,3.13710628,3.134476  ,3.13198467,3.12964462],
 [2.79977076,2.82147457,2.8320516 ,2.83716294,2.83949727,2.84037722,
  2.84051237,2.84031015,2.84001182,2.83975917,2.83963139],
 [2.26480091,2.44454795,2.47128943,2.48223558,2.48840055,2.49219383,
  2.49456045,2.49597219,2.49670864,2.4969594 ,2.49686445],
 [1.79304135,2.05994051,2.10946296,2.12795407,2.13721016,2.14204712,
  2.1444589 ,2.14550354,2.14580011,2.14572474,2.14550645],
 [1.38594845,1.6484029 ,1.72062384,1.7483348 ,1.76145858,1.76769449,
  1.770009  ,1.76988014,1.76820768,1.76562816,1.76261966],
 [0.853657  ,1.19635447,1.33375218,1.38898832,1.41584137,1.42977214,
  1.43647576,1.43865104,1.43781742,1.43496843,1.43083724],
 [0.53140537,0.81845747,0.98155368,1.05658443,1.09407473,1.11484991,
  1.12711274,1.13461914,1.1393228 ,1.14232597,1.14428082],
 [0.38041901,0.64465506,0.83377384,0.92897401,0.97429941,0.99628973,
  1.00699108,1.01213347,1.01455156,1.01563626,1.01605658],
 [0.2096871 ,0.38689017,0.55863805,0.6746346 ,0.74406958,0.78520252,
  0.80921689,0.82265084,0.82959293,0.83264475,0.83343561],
 [0.03475951,0.06570678,0.10598786,0.14407632,0.17105437,0.18654615,
  0.19407729,0.19692222,0.19723962,0.19634942,0.19504524],
 [0.        ,0.        ,0.        ,0.        ,0.        ,0.        ,
  0.        ,0.        ,0.        ,0.        ,0.        ]]
measureGC
[1.        ,1.04429062,1.05654848,1.08204957,1.23045046,1.33487594,
 1.38387381,1.41506026,1.53724237,1.72580009,1.94945831,2.31200663,
 3.15235623,6.44898487,2.57589661,0.35730938,0.36614742,0.36614742,
 0.36614742,0.36614742]
measureAPL
[1.000e+00,9.500e-01,9.000e-01,8.500e-01,8.000e-01,7.500e-01,7.000e-01,
 6.500e-01,6.000e-01,5.500e-01,5.000e-01,4.485e-01,3.965e-01,3.420e-01,
 2.745e-01,1.530e-01,3.750e-02,8.000e-03,2.000e-03,5.000e-04]