PercentOfNodes
[0.  ,0.05,0.1 ,0.15,0.2 ,0.25,0.3 ,0.35,0.4 ,0.45,0.5 ,0.55,0.6 ,0.65,
 0.7 ,0.75,0.8 ,0.85,0.9 ]

RandomAttack
Tq
[[1.35389996,1.27192525,1.18812778,1.10955605,1.04107379,0.98422464,
  0.93817685,0.90112455,0.87118201,0.84674317,0.82655014],
 [1.35523189,1.27288218,1.18868779,1.10976891,1.04102189,0.98398435,
  0.93780362,0.90065403,0.87063579,0.8461341 ,0.82588598],
 [1.35471038,1.27150475,1.18646338,1.10689161,1.03775703,0.98055529,
  0.93435248,0.89725438,0.86731802,0.84290538,0.82274252],
 [1.35150732,1.26889387,1.18451719,1.10550848,1.03673889,0.97971124,
  0.93354795,0.89641102,0.86639663,0.84188994,0.8216294 ],
 [1.34137542,1.25795298,1.17333595,1.09468467,1.02667713,0.97057012,
  0.92531389,0.88898918,0.85966985,0.83574668,0.8159735 ],
 [1.34029745,1.25773263,1.17376623,1.09543938,1.02745853,0.97118881,
  0.92568437,0.88909265,0.85952077,0.83537216,0.81540292],
 [1.33386866,1.25159929,1.16849013,1.0913419 ,1.0245557 ,0.96930718,
  0.9245987 ,0.88860091,0.85946579,0.83563896,0.81590931],
 [1.33229726,1.24984661,1.16654679,1.08925618,1.02239049,0.967105  ,
  0.92237521,0.88635407,0.85718614,0.833316  ,0.81353436],
 [1.32748968,1.24596736,1.16367641,1.08718752,1.0207893 ,0.9656781 ,
  0.92093474,0.88480513,0.85549336,0.83147576,0.8115575 ],
 [1.3230706 ,1.24044524,1.15726254,1.08027639,1.01378438,0.95886804,
  0.91447544,0.87875644,0.84985997,0.82623533,0.80667667],
 [1.32600304,1.24326097,1.15991342,1.0827587 ,1.01612657,0.96110853,
  0.91664754,0.88088303,0.85195408,0.82830273,0.80871846],
 [1.34145831,1.25950794,1.17627074,1.09855318,1.03093852,0.97480658,
  0.92928629,0.89259546,0.86288757,0.83859162,0.81847608],
 [1.32414911,1.24311743,1.16118005,1.08478868,1.01824717,0.96284099,
  0.91774003,0.88124863,0.85159987,0.82728013,0.80709482],
 [1.31880651,1.23785423,1.15637736,1.08073157,1.01504491,0.9604603 ,
  0.91607631,0.88017899,0.8510094 ,0.82707101,0.80718723],
 [1.3203864 ,1.23869712,1.15624279,1.07946796,1.01266878,0.95711112,
  0.911933  ,0.87540624,0.84573919,0.82140262,0.80119345],
 [1.31733402,1.23426935,1.15186366,1.07630964,1.01129193,0.95755286,
  0.91396786,0.87874144,0.85010509,0.8265791 ,0.80700932],
 [1.30492148,1.22093307,1.13884916,1.06446306,1.00092733,0.94860126,
  0.90619211,0.87187827,0.84392569,0.82090316,0.8017004 ],
 [1.30419884,1.22262675,1.14225027,1.06862989,1.00507861,0.95226812,
  0.90916832,0.87411631,0.84545528,0.82178362,0.80199708],
 [1.22140981,1.13900059,1.06057047,0.99070307,0.93144373,0.8826223 ,
  0.84288996,0.81057277,0.78411539,0.76223268,0.74391863],
 [1.18963756,1.11880615,1.0516196 ,0.99128895,0.93927582,0.89554009,
  0.8591913 ,0.82904486,0.8039409 ,0.7828769 ,0.76503703]]
measureGC
[1.  ,0.95,0.9 ,0.85,0.8 ,0.75,0.7 ,0.65,0.6 ,0.55,0.5 ,0.45,0.4 ,0.35,
 0.3 ,0.25,0.2 ,0.15,0.1 ,0.05]
measureAPL
[1.        ,0.99801776,0.9984263 ,0.997629  ,0.99977685,0.99876957,
 0.99993999,0.99661032,0.99839727,0.99743564,1.00031192,1.00039298,
 0.99722483,0.99981017,0.99536503,0.99673821,0.99679926,0.99811153,
 0.99020574,0.98916303]

Degree
Tq
[[1.35208067,1.27005069,1.18640732,1.10817283,1.04011027,0.98366782,
  0.93796385,0.90118064,0.87143937,0.84714669,0.82705736],
 [1.42548359,1.35015846,1.271577  ,1.19584243,1.12787494,1.06994704,
  1.02201319,0.98280968,0.95074271,0.92433486,0.90236991],
 [1.49456917,1.42468934,1.35099058,1.27871962,1.2125034 ,1.15489588,
  1.10635679,1.0660652 ,1.03271933,1.00500523,0.9817874 ],
 [1.57504001,1.51346068,1.44742292,1.38089965,1.31794416,1.2613734 ,
  1.21232899,1.17065918,1.13553856,1.10593728,1.08086953],
 [1.6599289 ,1.6071132 ,1.55005233,1.49146396,1.43442999,1.38148467,
  1.3340829 ,1.29263183,1.25683632,1.22606153,1.19958018],
 [1.75106124,1.70780309,1.66116343,1.61280429,1.56473266,1.51881173,
  1.47636998,1.43807798,1.40405539,1.37406875,1.34771126],
 [1.84708887,1.81339091,1.77761955,1.74071298,1.70377702,1.66788382,
  1.63389191,1.60235408,1.57352188,1.54741129,1.52388569],
 [1.93300845,1.90689704,1.87973267,1.85208625,1.8245826 ,1.79781319,
  1.77226211,1.74826555,1.72600815,1.70554599,1.686841  ],
 [2.01885866,1.99878215,1.97808165,1.95708277,1.93613831,1.91559064,
  1.89573747,1.87680894,1.85895896,1.84226919,1.82676102],
 [2.09979798,2.08433917,2.06857359,2.05268214,2.03685546,2.02127901,
  2.0061193 ,1.99151366,1.97756478,1.96433999,1.95187431],
 [2.17131699,2.15906515,2.14669607,2.13432119,2.12205386,2.11000238,
  2.09826381,2.08691937,2.07603184,2.06564498,2.05578462],
 [2.24182391,2.23241143,2.22299222,2.21362453,2.20436601,2.19527118,
  2.18638924,2.17776243,2.16942494,2.16140254,2.15371275],
 [2.31029769,2.30299616,2.29578516,2.28868648,2.28172135,2.27490965,
  2.26826922,2.26181534,2.25556041,2.24951389,2.24368226],
 [2.37847913,2.37265823,2.36694392,2.36134584,2.35587366,2.35053656,
  2.34534278,2.34029931,2.33541171,2.330684  ,2.32611864],
 [2.44687667,2.44169368,2.4366709 ,2.43180606,2.42709753,2.42254399,
  2.41814422,2.41389685,2.40980024,2.40585236,2.40205076],
 [2.52034278,2.51543076,2.51070597,2.50615529,2.50176866,2.49753833,
  2.49345818,2.48952317,2.48572894,2.48207153,2.47854715],
 [2.60486352,2.60014288,2.59561738,2.59127997,2.58712298,2.58313843,
  2.57931822,2.5756543 ,2.57213881,2.56876415,2.56552302],
 [2.71774764,2.71115685,2.70503068,2.6993194 ,2.69397964,2.68897363,
  2.68426836,2.67983487,2.6756477 ,2.67168436,2.66792491],
 [2.87517344,2.86502526,2.85569825,2.84710382,2.83916192,2.83180228,
  2.82496385,2.81859373,2.81264589,2.80708006,2.80186077],
 [2.5747298 ,2.56826635,2.56276432,2.55799419,2.5537877 ,2.55002652,
  2.5466271 ,2.54352875,2.5406857 ,2.53806228,2.53562999]]
measureGC
[1.        ,0.99801776,0.9984263 ,0.997629  ,0.99977685,0.99876957,
 0.99993999,0.99661032,0.99839727,0.99743564,1.00031192,1.00039298,
 0.99722483,0.99981017,0.99536503,0.99673821,0.99679926,0.99811153,
 0.99020574,0.98916303]
measureAPL
[1.  ,0.95,0.9 ,0.85,0.8 ,0.75,0.7 ,0.65,0.6 ,0.55,0.5 ,0.45,0.4 ,0.35,
 0.3 ,0.25,0.2 ,0.15,0.1 ,0.05]

Centrality
Tq
[[1.35527806,1.27272189,1.1884778 ,1.10967031,1.04113908,0.98435286,
  0.93841147,0.90146745,0.87161614,0.84724601,0.82710003],
 [1.42505613,1.34903691,1.26976281,1.19348279,1.12519054,1.06714198,
  1.01923112,0.98013408,0.94821409,0.92196765,0.90016427],
 [1.50351559,1.43354118,1.35908477,1.28551337,1.21776558,1.15869825,
  1.10893691,1.06769769,1.03364813,1.00542327,0.98183904],
 [1.57073683,1.50911398,1.44308779,1.37664856,1.31384637,1.25747497,
  1.20864842,1.16719514,1.13227945,1.10286769,1.07797354],
 [1.6545296 ,1.60165151,1.54459863,1.48609507,1.42921941,1.37649398,
  1.32935648,1.28819571,1.25270032,1.222223  ,1.1960279 ],
 [1.74755486,1.70449745,1.65824813,1.61043738,1.56299822,1.51770606,
  1.4758203 ,1.43797634,1.40428859,1.37453615,1.34833156],
 [1.84574102,1.81185547,1.77589114,1.73880857,1.70173455,1.66575377,
  1.63172616,1.60019691,1.57140576,1.5453568 ,1.52190362],
 [1.93691272,1.91135028,1.88468828,1.85746723,1.83029057,1.80374175,
  1.77831005,1.75434625,1.73205383,1.71150754,1.69268531],
 [2.01869668,1.99899863,1.9787125 ,1.95814477,1.93762657,1.91747968,
  1.89798539,1.87936328,1.86176271,1.84526575,1.82989764],
 [2.099749  ,2.08416554,2.0682795 ,2.05227911,2.03636148,2.02071669,
  2.00551355,1.99088921,1.97694414,1.96374202,1.95131342],
 [2.17270988,2.16065332,2.14846876,2.13625895,2.12412887,2.1121797 ,
  2.10050328,2.08917792,2.07826577,2.06781198,2.05784529],
 [2.24031229,2.23048817,2.22066173,2.21089336,2.20124255,2.19176534,
  2.18251211,2.17352592,2.1648415 ,2.15648485,2.14847356],
 [2.30940575,2.30206062,2.29475725,2.28751923,2.28037017,2.27333294,
  2.26642885,2.25967706,2.2530941 ,2.24669363,2.24048625],
 [2.37639499,2.3702365 ,2.36417362,2.35821225,2.35235973,2.3466241 ,
  2.34101341,2.33553527,2.33019638,2.32500231,2.31995734],
 [2.4397605 ,2.43406141,2.42852264,2.42314197,2.41791767,2.41284824,
  2.40793219,2.40316787,2.39855335,2.39408637,2.38976426],
 [2.50718055,2.50177747,2.49653716,2.49144932,2.48650539,2.48169829,
  2.47702212,2.47247198,2.46804368,2.46373357,2.45953839],
 [2.59217348,2.58653568,2.58109469,2.57584195,2.57076885,2.56586695,
  2.56112812,2.55654466,2.5521093 ,2.54781519,2.54365595],
 [2.68812492,2.68021133,2.672651  ,2.66542815,2.65852698,2.65193182,
  2.6456272 ,2.639598  ,2.63382947,2.6283074 ,2.62301812],
 [2.82019367,2.80764094,2.79548503,2.78373029,2.77237326,2.76140585,
  2.75081776,2.74059807,2.73073616,2.72122217,2.71204698],
 [2.66472813,2.64230872,2.61961659,2.59705666,2.57501626,2.55384396,
  2.53382626,2.51516878,2.49798891,2.48232183,2.46813659]]
measureGC
[1.        ,1.00352778,1.00669291,1.01094444,1.01476922,1.01736233,
 1.02031295,1.02244745,1.02434111,1.0259078 ,1.0270281 ,1.02800847,
 1.02916303,1.02966368,1.03047824,1.03122349,1.03210755,1.03327189,
 1.04722534,1.51428324]
measureAPL
[1.  ,0.95,0.9 ,0.85,0.8 ,0.75,0.7 ,0.65,0.6 ,0.55,0.5 ,0.45,0.4 ,0.35,
 0.3 ,0.25,0.2 ,0.15,0.1 ,0.05]