PercentOfNodes
[0.  ,0.05,0.1 ,0.15,0.2 ,0.25,0.3 ,0.35,0.4 ,0.45,0.5 ,0.55,0.6 ,0.65,
 0.7 ,0.75,0.8 ,0.85,0.9 ]

RandomAttack
Tq
[[2.47399192,2.37665257,2.23655492,2.06685091,1.90523645,1.77590294,
  1.67902366,1.60655798,1.55115191,1.50765382,1.47264741],
 [2.47462597,2.37956897,2.24292049,2.07624956,1.9157004 ,1.7859495 ,
  1.68813452,1.61467963,1.5583704 ,1.51407865,1.47837852],
 [2.48037793,2.38799444,2.25496973,2.09081372,1.93010195,1.79859487,
  1.69880605,1.62368319,1.56607866,1.52080444,1.48436132],
 [2.47738524,2.38415425,2.2494442 ,2.08304279,1.92079911,1.78894764,
  1.68953009,1.61504354,1.55812226,1.5134948 ,1.47763614],
 [2.48339209,2.38959041,2.25433894,2.08767205,1.92542915,1.79360942,
  1.69417166,1.61961413,1.56258362,1.51782184,1.48181559],
 [2.47853822,2.38472651,2.24964729,2.08340028,1.92166692,1.79016793,
  1.69078456,1.61609308,1.55882761,1.51378456,1.47747877],
 [2.46582141,2.36585167,2.22328545,2.05234219,1.89106629,1.76269149,
  1.66669076,1.59486038,1.53986894,1.49661328,1.46171679],
 [2.4727844 ,2.37618768,2.23804089,2.07001213,1.90840514,1.77799323,
  1.67988714,1.60638352,1.5501532 ,1.50599771,1.47045387],
 [2.47325151,2.37638714,2.23938013,2.07318027,1.91244755,1.78167661,
  1.68261578,1.6080239 ,1.55075376,1.50565446,1.46926365],
 [2.47334843,2.37362352,2.23302842,2.06448743,1.90390628,1.77458266,
  1.67702547,1.60359609,1.54713324,1.50255807,1.4664791 ],
 [2.45306327,2.35100798,2.20784415,2.03749929,1.87672449,1.74827805,
  1.65185126,1.5794395 ,1.52379866,1.47985943,1.44425982],
 [2.45045422,2.35341566,2.21992566,2.06044481,1.90569414,1.77795388,
  1.67974664,1.6049733 ,1.54711397,1.50128717,1.46413689],
 [2.45383425,2.35162879,2.20897476,2.03891217,1.87734732,1.74732363,
  1.64919695,1.57528968,1.51842078,1.47349187,1.43709573],
 [2.44491579,2.34425561,2.20600039,2.04137504,1.88305367,1.75371316,
  1.65494171,1.57992337,1.52184054,1.47572046,1.43819258],
 [2.43142785,2.32658087,2.18341892,2.0152133 ,1.85610156,1.72772489,
  1.63036   ,1.55663495,1.49960422,1.45430784,1.41742018],
 [2.45718462,2.35694929,2.22369334,2.0676995 ,1.91652996,1.79060165,
  1.69267586,1.61733603,1.55854201,1.51167545,1.47351191],
 [2.43793129,2.33080801,2.19272624,2.03623381,1.88823832,1.7664257 ,
  1.67209888,1.59960023,1.54301449,1.49788278,1.46110603],
 [2.41482481,2.30407553,2.16623409,2.01330199,1.8691284 ,1.74961576,
  1.65638809,1.58447682,1.52834239,1.48366162,1.44736673],
 [2.35548372,2.23257685,2.08530535,1.92968694,1.78956544,1.67677277,
  1.59003095,1.52352747,1.47174643,1.4305784 ,1.39716055],
 [2.19532639,2.04485998,1.88987459,1.74427439,1.62082196,1.52307731,
  1.44777298,1.38973042,1.3443672 ,1.30825741,1.27897498]]
measureGC
[1.  ,0.95,0.9 ,0.85,0.8 ,0.75,0.7 ,0.65,0.6 ,0.55,0.5 ,0.45,0.4 ,0.35,
 0.3 ,0.25,0.2 ,0.15,0.1 ,0.05]
measureAPL
[1.        ,0.99991938,1.00021499,0.99969696,1.00014576,1.00024301,
 1.00018616,1.0001698 ,1.00049371,1.00075196,1.00044475,1.00152043,
 1.00300278,1.00419776,1.00662168,1.01629807,1.02535488,1.05130001,
 1.17929841,1.40151025]

Degree
Tq
[[2.47529256,2.38047802,2.24432637,2.07792329,1.91700205,1.78652314,
  1.68800427,1.61401729,1.55735611,1.51285864,1.47706167],
 [2.62424643,2.55804176,2.47003076,2.3621114 ,2.24654682,2.13870272,
  2.04688021,1.97179722,1.910891  ,1.86113886,1.81999617],
 [2.73627708,2.68743486,2.6296036 ,2.5651009 ,2.49857026,2.43506983,
  2.37797404,2.32844965,2.28617563,2.25020213,2.21947007],
 [2.83325875,2.79596895,2.75420044,2.70936064,2.66365756,2.61944494,
  2.57851351,2.54178325,2.5094252 ,2.4811558 ,2.45649513],
 [2.90700759,2.87820956,2.84718448,2.81475244,2.7820165 ,2.75012794,
  2.7200376 ,2.6923528 ,2.66733194,2.64496709,2.62508796],
 [2.97660967,2.95338741,2.92913493,2.90435553,2.87964093,2.85557611,
  2.83264931,2.8111985 ,2.79140315,2.77330903,2.75686695],
 [3.03098725,3.01147402,2.99173997,2.97209825,2.95286868,2.93433987,
  2.91673974,2.90022115,2.88486277,2.8706805 ,2.85764365],
 [3.08376125,3.0670094 ,3.05046957,3.03432789,3.01875695,3.00390051,
  2.98986368,2.97670982,2.96446339,2.95311661,2.9426377 ],
 [3.12723584,3.11238408,3.09795688,3.08406837,3.07081316,3.05826101,
  3.0464547 ,3.03541129,3.02512557,3.01557493,3.00672433],
 [3.16407328,3.15037941,3.13727772,3.12484842,3.11314319,3.10218678,
  3.09198072,3.08250801,3.07373807,3.06563132,3.05814297],
 [3.20713663,3.1944184 ,3.18233828,3.17094514,3.16026407,3.15029894,
  3.14103628,3.13244944,3.1245028 ,3.11715532,3.11036338],
 [3.24197013,3.22975997,3.21834801,3.20772944,3.1978772 ,3.18874985,
  3.18029808,3.17246949,3.1652119 ,3.15847531,3.15221303],
 [3.27974608,3.26739929,3.25598361,3.24549036,3.23587894,3.22708933,
  3.21905204,3.21169522,3.2049492 ,3.19874903,3.19303569],
 [3.3216491 ,3.30778688,3.29537504,3.28427398,3.27432764,3.26538348,
  3.25730284,3.24996495,3.24326713,3.23712322,3.23146135],
 [3.35337811,3.33753206,3.32368681,3.31154586,3.30083859,3.29133317,
  3.28283698,3.27519216,3.26826982,3.26196467,3.25619037],
 [3.33093584,3.31481671,3.30069456,3.28834137,3.27749379,3.26790886,
  3.25938025,3.2517387 ,3.24484711,3.23859474,3.23289189],
 [3.06603101,3.05733288,3.04894114,3.04109308,3.03387713,3.02730509,
  3.02135229,3.01597768,3.01113388,3.00677223,3.00284545],
 [2.19229189,2.24318909,2.27177828,2.28904632,2.30027845,2.30812439,
  2.31399627,2.31866771,2.32256809,2.32593853,2.32891677],
 [0.34165859,0.4920858 ,0.58514455,0.63567091,0.66721596,0.69081594,
  0.71037897,0.72715018,0.74152242,0.75367753,0.76379173],
 [0.        ,0.        ,0.        ,0.        ,0.        ,0.        ,
  0.        ,0.        ,0.        ,0.        ,0.        ]]
measureGC
[1.        ,0.99991938,1.00021499,0.99969696,1.00014576,1.00024301,
 1.00018616,1.0001698 ,1.00049371,1.00075196,1.00044475,1.00152043,
 1.00300278,1.00419776,1.00662168,1.01629807,1.02535488,1.05130001,
 1.17929841,1.40151025]
measureAPL
[1.0e+00,9.5e-01,9.0e-01,8.5e-01,8.0e-01,7.5e-01,7.0e-01,6.5e-01,6.0e-01,
 5.5e-01,5.0e-01,4.5e-01,4.0e-01,3.5e-01,3.0e-01,2.5e-01,2.0e-01,1.5e-01,
 8.0e-03,5.0e-04]

Centrality
Tq
[[2.4794988 ,2.38362615,2.24526724,2.07641063,1.91427831,1.78379793,
  1.68574774,1.61227248,1.55602841,1.51183283,1.47623649],
 [2.61888957,2.55037215,2.45934142,2.34870518,2.23200828,2.12472913,
  2.03431042,1.96073014,1.90110717,1.85235498,1.81196131],
 [2.74133103,2.69295727,2.63523181,2.57028598,2.50280189,2.43809924,
  2.37983198,2.32931975,2.28627515,2.24972273,2.21856128],
 [2.83151742,2.79459695,2.7532483 ,2.70885101,2.66356776,2.61970576,
  2.579024  ,2.54243084,2.51010166,2.48176618,2.45696101],
 [2.90954022,2.88061531,2.84940647,2.81675104,2.78377441,2.75164633,
  2.72132588,2.69341878,2.66817694,2.64558585,2.62547107],
 [2.97091889,2.94720011,2.9224033 ,2.89705093,2.87175791,2.84713131,
  2.82367585,2.80173814,2.78149895,2.76300032,2.74618672],
 [3.03007172,3.01032255,2.99022852,2.97011754,2.95033096,2.93118179,
  2.91292119,2.89572126,2.87967462,2.86480613,2.85109003],
 [3.07813746,3.06118262,3.04438896,3.02795785,3.01207019,2.99687177,
  2.98246554,2.96891102,2.95622916,2.94441017,2.93342211],
 [3.12285418,3.10826557,3.09393614,3.0799825 ,3.06650599,3.05358735,
  3.04128403,3.02963009,3.01863846,3.00830436,2.99860943],
 [3.16060711,3.14716536,3.13418574,3.12172923,3.10983699,3.09853192,
  3.08782129,3.0776998 ,3.06815254,3.05915785,3.05068966],
 [3.19610079,3.18355202,3.17148652,3.15996168,3.14901287,3.13865561,
  3.1288888 ,3.11969846,3.11106131,3.102948  ,3.0953258 ],
 [3.23236977,3.2195028 ,3.20724278,3.19561224,3.1846095 ,3.1742138 ,
  3.16439041,3.1550952 ,3.14627855,3.13788837,3.12987263],
 [3.26418156,3.25176244,3.23999714,3.22886049,3.21832099,3.20834435,
  3.1988961 ,3.18994325,3.18145512,3.17340371,3.16576366],
 [3.29839474,3.28432015,3.27127988,3.25920666,3.24802575,3.23766156,
  3.22804133,3.21909694,3.21076563,3.20299022,3.19571901],
 [3.32486928,3.30960251,3.29536207,3.28201951,3.26947602,3.25765521,
  3.24649627,3.23594866,3.22596876,3.21651776,3.20756044],
 [3.32156605,3.30410461,3.28806944,3.27331153,3.25968256,3.24704943,
  3.23529905,3.22433798,3.21408977,3.2044916 ,3.19549117],
 [3.16890177,3.15353374,3.1394057 ,3.12643402,3.11448134,3.10340017,
  3.09305635,3.08333907,3.07416322,3.0654678 ,3.05721197],
 [2.44213745,2.6725039 ,2.68006858,2.67786269,2.67503731,2.67219719,
  2.66943727,2.66677709,2.66421946,2.66176537,2.65941778],
 [1.41061831,1.73645471,1.81022357,1.83986744,1.85773811,1.86979144,
  1.8782636 ,1.88438939,1.88894256,1.89242505,1.89516414],
 [0.41694308,0.6966729 ,0.88333701,0.97059574,1.00912633,1.02560524,
  1.03161355,1.03261102,1.03131738,1.02909561,1.02661606]]
measureGC
[1.        ,1.00162429,1.00362143,1.00740769,1.01322339,1.02349104,
 1.04032982,1.0991246 ,1.26162622,1.3450083 ,1.40803363,1.4498065 ,
 1.47784008,1.4954037 ,1.51558835,1.57931952,1.99017615,2.70721869,
 2.52535574,0.52942468]
measureAPL
[1.    ,0.95  ,0.9   ,0.85  ,0.8   ,0.75  ,0.7   ,0.65  ,0.6   ,0.55  ,
 0.5   ,0.45  ,0.4   ,0.35  ,0.3   ,0.25  ,0.2   ,0.1495,0.0975,0.0165]