PercentOfNodes
[0.  ,0.05,0.1 ,0.15,0.2 ,0.25,0.3 ,0.35,0.4 ,0.45,0.5 ,0.55,0.6 ,0.65,
 0.7 ,0.75,0.8 ,0.85,0.9 ]

RandomAttack
Tq
[[2.67794159,2.54806065,2.38519398,2.20975675,2.04986877,1.92016245,
  1.82009422,1.74337196,1.68372702,1.63640666,1.59807629],
 [2.67660101,2.54757538,2.38595548,2.21163267,2.05230061,1.92266454,
  1.8224387 ,1.74549944,1.68564622,1.63814471,1.5996606 ],
 [2.68447571,2.55833015,2.40028343,2.2287577 ,2.07044328,1.94041247,
  1.83914638,1.76100564,1.6999979 ,1.65145757,1.6120622 ],
 [2.69846674,2.57389854,2.41692319,2.24543705,2.08635997,1.95536304,
  1.85326819,1.77450373,1.71304332,1.66417409,1.62453647],
 [2.70032918,2.57553466,2.41918359,2.2489589 ,2.09107973,1.9608061 ,
  1.85899157,1.78022859,1.71862176,1.66953617,1.62965435],
 [2.71333142,2.5897878 ,2.4348488 ,2.26562848,2.10804529,1.97755315,
  1.8753049 ,1.79606451,1.73400006,1.68449121,1.64421861],
 [2.69180501,2.56414875,2.40574371,2.23516845,2.07843762,1.94990733,
  1.84981574,1.77254937,1.71219239,1.66414021,1.62511144],
 [2.73064946,2.60980648,2.45764162,2.28988626,2.13197285,2.00015052,
  1.89640624,1.81586106,1.75274807,1.70241342,1.66148711],
 [2.72779758,2.60673425,2.45494192,2.28806192,2.13105822,1.99982373,
  1.89630557,1.81573096,1.75244269,1.70186212,1.660664  ],
 [2.7103028 ,2.58612564,2.43237466,2.26548935,2.10986318,1.98024354,
  1.87801377,1.79834732,1.73568262,1.68553436,1.644641  ],
 [2.70931606,2.58338   ,2.42591761,2.25448623,2.0954069 ,1.96413031,
  1.86155639,1.78222062,1.72015648,1.67067528,1.63042489],
 [2.71656791,2.59196325,2.43687462,2.26807802,2.11071132,1.9799033 ,
  1.87696375,1.79687656,1.73394077,1.68359339,1.64253393],
 [2.72805326,2.60527961,2.45337931,2.28804283,2.13310114,2.00345736,
  1.90090526,1.82086596,1.7578613 ,1.70741784,1.66626642],
 [2.72766378,2.60620853,2.45673748,2.29401372,2.14091968,2.0121726 ,
  1.90987829,1.82977743,1.76657732,1.71589053,1.6744832 ],
 [2.71763834,2.59215345,2.43634185,2.26739497,2.11063775,1.98093726,
  1.87923777,1.80030521,1.73836043,1.6888333 ,1.64844275],
 [2.7444481 ,2.61754668,2.46152496,2.29263166,2.13506552,2.00364592,
  1.89986997,1.81891298,1.75515619,1.70405365,1.66229775],
 [2.72908322,2.59687353,2.4394517 ,2.2740278 ,2.12239861,1.99641933,
  1.89647911,1.81790736,1.75551996,1.70512519,1.66364852],
 [2.73149223,2.59720884,2.43954412,2.27514532,2.12473223,1.99945349,
  1.89957408,1.82058267,1.75748995,1.70625299,1.66389601],
 [2.75668578,2.62095793,2.46635187,2.30699523,2.16097134,2.03844081,
  1.94013962,1.86220183,1.79997988,1.74955036,1.70796533],
 [2.67228953,2.52015275,2.37770101,2.23935196,2.11004616,1.99665625,
  1.90204499,1.82521903,1.76334281,1.71330501,1.672425  ]]
measureGC
[1.  ,0.95,0.9 ,0.85,0.8 ,0.75,0.7 ,0.65,0.6 ,0.55,0.5 ,0.45,0.4 ,0.35,
 0.3 ,0.25,0.2 ,0.15,0.1 ,0.05]
measureAPL
[1.        ,0.99992525,0.99976645,1.00015342,1.00084531,1.00055843,
 1.00041492,1.00075937,1.00102208,1.00048491,1.00073656,1.00051626,
 1.00084818,1.00086364,1.00001062,1.00083914,1.00112671,1.00210985,
 1.01165444,1.05848364]

Degree
Tq
[[2.68086374,2.55254115,2.39126466,2.21682674,2.05712986,1.9271293 ,
  1.82661527,1.74945225,1.68942082,1.6417761 ,1.60317825],
 [2.83136821,2.72742076,2.59681378,2.44952062,2.30475364,2.17813374,
  2.07465859,1.99219197,1.92646876,1.87349878,1.83016648],
 [2.96501247,2.88352151,2.78505356,2.67430525,2.56093666,2.45490935,
  2.36200653,2.28344201,2.21785557,2.16308289,2.11702649],
 [3.11062793,3.05122609,2.98348934,2.90987263,2.83448111,2.76173342,
  2.69489423,2.63550457,2.58370992,2.53887872,2.50009093],
 [3.22747446,3.1816136 ,3.13168857,3.07921064,3.02620928,2.97474939,
  2.92645515,2.88228   ,2.84255061,2.80715508,2.77574153],
 [3.33506212,3.29939437,3.26169653,3.22291921,3.18419062,3.14660966,
  3.1110588 ,3.07810681,3.04801199,3.02078905,2.99629441],
 [3.42635125,3.39885696,3.37039525,3.34150004,3.31276595,3.2847672 ,
  3.25798477,3.23276235,3.20929737,3.18765896,3.16781953],
 [3.50988325,3.48690737,3.4636007 ,3.4402992 ,3.41734911,3.39507132,
  3.37373172,3.35352398,3.33456594,3.31690701,3.30054176],
 [3.58930358,3.57080957,3.55224443,3.53379479,3.51564896,3.49798265,
  3.48094693,3.46466001,3.449204  ,3.43462583,3.42094148],
 [3.66549884,3.64950271,3.63371756,3.61825983,3.60323582,3.58873619,
  3.5748323 ,3.56157466,3.54899341,3.5371003 ,3.52589157],
 [3.73244534,3.71884839,3.70557339,3.69269566,3.68027764,3.66836743,
  3.65699835,3.64618968,3.63594811,3.62626964,3.61714172],
 [3.78999173,3.77747897,3.76545741,3.75396203,3.74301555,3.732629  ,
  3.7228029 ,3.71352885,3.70479133,3.69656946,3.68883865],
 [3.85115964,3.83884529,3.82714102,3.81605383,3.80558113,3.79571206,
  3.78642911,3.77770954,3.76952689,3.76185225,3.75465538],
 [3.8866752 ,3.87512772,3.86425463,3.85404715,3.84448558,3.83554232,
  3.82718461,3.81937678,3.81208197,3.80526349,3.79888565],
 [3.88799408,3.87662888,3.86604   ,3.85618653,3.84702385,3.83850602,
  3.83058737,3.82322352,3.81637206,3.80999297,3.80404875],
 [3.83262166,3.82144195,3.81111964,3.80158473,3.79277138,3.78461887,
  3.77707154,3.77007853,3.76359327,3.75757317,3.75197927],
 [3.64871781,3.64015336,3.6324105 ,3.62543268,3.61915184,3.61349753,
  3.60840223,3.60380403,3.59964757,3.59588408,3.59247088],
 [3.26891097,3.26203961,3.25660215,3.25230841,3.24890775,3.2462056 ,
  3.24405713,3.24235544,3.24102079,3.23999259,3.23922375],
 [2.38599687,2.39907864,2.40783129,2.41441833,2.42005433,2.42532686,
  2.43049486,2.43565672,2.44083229,2.44600259,2.45113047],
 [0.16325177,0.24827892,0.32154605,0.37195318,0.40435435,0.42644934,
  0.44322868,0.45725531,0.4697524 ,0.48128477,0.49210268]]
measureGC
[1.        ,0.99992525,0.99976645,1.00015342,1.00084531,1.00055843,
 1.00041492,1.00075937,1.00102208,1.00048491,1.00073656,1.00051626,
 1.00084818,1.00086364,1.00001062,1.00083914,1.00112671,1.00210985,
 1.01165444,1.05848364]
measureAPL
[1.   ,0.95 ,0.9  ,0.85 ,0.8  ,0.75 ,0.7  ,0.65 ,0.6  ,0.55 ,0.5  ,0.45 ,
 0.4  ,0.35 ,0.3  ,0.25 ,0.2  ,0.15 ,0.1  ,0.003]

Centrality
Tq
[[2.67629479,2.54950324,2.38993635,2.21664037,2.05729141,1.92719742,
  1.82648151,1.74914106,1.68897962,1.64124212,1.60257501],
 [2.82478924,2.72137345,2.59153188,2.44507485,2.30100751,2.17488528,
  2.07175574,1.98954394,1.92402234,1.87121975,1.82803012],
 [2.97034127,2.88976713,2.79232697,2.68253138,2.56983396,2.46411222,
  2.37119478,2.29238642,2.22640821,2.1711548 ,2.12456918],
 [3.10346539,3.043298  ,2.97470458,2.90029671,2.82435012,2.75137143,
  2.68460051,2.62548785,2.57408144,2.52967524,2.49130231],
 [3.23209065,3.18668791,3.13697445,3.0843937 ,3.03097225,2.97883997,
  2.92972178,2.88466828,2.84407726,2.8078784 ,2.77573849],
 [3.33707774,3.30165452,3.26418641,3.22556549,3.18687122,3.14917793,
  3.11337138,3.08004437,3.04948818,3.02174981,2.99671199],
 [3.43017381,3.40232233,3.37350863,3.34427469,3.31521999,3.28691919,
  3.25984958,3.23434887,3.2106081 ,3.18869114,3.16856682],
 [3.50882555,3.48567362,3.4621245 ,3.43852195,3.4152244 ,3.39256632,
  3.37082593,3.35020616,3.33083067,3.31275165,3.2959644 ],
 [3.59147034,3.57230277,3.5530605 ,3.53395514,3.51519582,3.49697275,
  3.4794442 ,3.462729  ,3.44690474,3.43201065,3.41805363],
 [3.66293588,3.64706152,3.63133003,3.61586368,3.60077704,3.58617054,
  3.57212587,3.55870353,3.54594266,3.53386257,3.52246552],
 [3.73432409,3.72039997,3.70674665,3.6934445 ,3.68056259,3.66815643,
  3.65626687,3.64492025,3.63412942,3.62389554,3.61421007],
 [3.79712585,3.7840386 ,3.77129219,3.75893795,3.7470164 ,3.73555689,
  3.7245779 ,3.71408804,3.70408734,3.69456878,3.68551981],
 [3.84448778,3.83204525,3.82009591,3.80865602,3.79773234,3.78732327,
  3.77742009,3.76800839,3.75906945,3.75058143,3.74252062],
 [3.875035  ,3.86302718,3.85165585,3.84087714,3.83065094,3.82094103,
  3.81171468,3.80294208,3.79459579,3.78665025,3.77908148],
 [3.87537939,3.8640658 ,3.8532193 ,3.84283834,3.83291297,3.82342689,
  3.81435946,3.80568738,3.79738619,3.78943138,3.78179933],
 [3.81430021,3.80225984,3.790748  ,3.77975149,3.76925282,3.75923139,
  3.74966452,3.74052834,3.73179855,3.72345106,3.71546245],
 [3.66564672,3.65355821,3.64224548,3.63159423,3.62152408,3.61197983,
  3.602924  ,3.59433089,3.58618193,3.57846247,3.57115937],
 [3.34119052,3.3310877 ,3.32154914,3.31254524,3.30404283,3.29601769,
  3.28845539,3.28134782,3.27468914,3.26847268,3.26268905],
 [2.68620114,2.68976411,2.69256381,2.69460339,2.69609391,2.6972808 ,
  2.69836044,2.69945999,2.70064666,2.7019451 ,2.7033532 ],
 [1.15063107,1.37507786,1.47313412,1.52432537,1.55670865,1.57991942,
  1.59804921,1.61296066,1.62550947,1.63612656,1.64509285]]
measureGC
[1.        ,1.00150876,1.00341   ,1.00462867,1.00527889,1.00610663,
 1.00651055,1.00689762,1.00747469,1.00821037,1.00972209,1.01342005,
 1.02083968,1.03877401,1.11557134,1.34439521,1.45090989,1.50888314,
 1.97980947,1.10545036]
measureAPL
[1.   ,0.95 ,0.9  ,0.85 ,0.8  ,0.75 ,0.7  ,0.65 ,0.6  ,0.55 ,0.5  ,0.45 ,
 0.4  ,0.35 ,0.3  ,0.25 ,0.2  ,0.15 ,0.1  ,0.049]