PercentOfNodes
[0.  ,0.05,0.1 ,0.15,0.2 ,0.25,0.3 ,0.35,0.4 ,0.45,0.5 ,0.55,0.6 ,0.65,
 0.7 ,0.75,0.8 ,0.85,0.9 ]

RandomAttack
Tq
[[1.05527825,1.05520882,1.05513938,1.05506995,1.05500052,1.05493109,
  1.05486166,1.05479223,1.05472281,1.05465338,1.05458396],
 [1.05543181,1.05532068,1.05520954,1.0550984 ,1.05498725,1.05487609,
  1.05476493,1.05465377,1.05454261,1.05443144,1.05432028],
 [1.05487063,1.05474093,1.05461122,1.05448151,1.0543518 ,1.05422208,
  1.05409237,1.05396266,1.05383295,1.05370326,1.05357357],
 [1.05487037,1.05464166,1.05441315,1.05418487,1.05395684,1.05372907,
  1.0535016 ,1.05327443,1.0530476 ,1.05282111,1.05259499],
 [1.05427791,1.05397182,1.05366614,1.05336093,1.05305622,1.05275206,
  1.05244849,1.05214555,1.05184328,1.05154171,1.0512409 ],
 [1.05452693,1.05404414,1.05356209,1.05308092,1.05260074,1.05212167,
  1.05164384,1.05116737,1.05069237,1.05021895,1.04974722],
 [1.0550036 ,1.05446495,1.05392722,1.05339057,1.05285515,1.05232109,
  1.05178855,1.05125768,1.0507286 ,1.05020147,1.0496764 ],
 [1.05259598,1.05209335,1.05159211,1.05109237,1.05059422,1.05009776,
  1.04960308,1.04911027,1.04861942,1.04813062,1.04764394],
 [1.05388317,1.05335057,1.05281958,1.05229025,1.05176261,1.0512367 ,
  1.05071257,1.05019024,1.04966974,1.04915113,1.04863441],
 [1.05558645,1.05501361,1.05444143,1.05387001,1.05329943,1.05272975,
  1.05216107,1.05159346,1.051027  ,1.05046177,1.04989784],
 [1.05374384,1.0530634 ,1.05238462,1.05170768,1.05103272,1.05035989,
  1.04968935,1.04902123,1.04835567,1.04769281,1.04703277],
 [1.05619551,1.05571642,1.05523792,1.05476009,1.05428299,1.05380671,
  1.05333133,1.0528569 ,1.05238352,1.05191124,1.05144015],
 [1.05625043,1.05572588,1.05520194,1.05467869,1.05415621,1.05363458,
  1.05311386,1.05259413,1.05207547,1.05155792,1.05104156],
 [1.05638114,1.05591639,1.05545173,1.05498717,1.05452269,1.05405829,
  1.05359396,1.05312969,1.05266548,1.05220132,1.0517372 ],
 [1.05551889,1.05481751,1.0541167 ,1.05341661,1.05271738,1.05201918,
  1.05132215,1.05062643,1.04993218,1.04923953,1.04854863],
 [1.05648893,1.05561198,1.05473602,1.0538614 ,1.05298844,1.05211746,
  1.05124878,1.05038271,1.04951956,1.04865964,1.04780323],
 [1.05781788,1.05647888,1.05514304,1.05381064,1.0524819 ,1.05115706,
  1.04983632,1.04851985,1.04720783,1.04590041,1.04459775],
 [1.06210904,1.05952901,1.05697578,1.05445075,1.0519551 ,1.04948979,
  1.04705558,1.04465305,1.04228263,1.03994458,1.03763906],
 [1.06277834,1.06041275,1.05808388,1.05579251,1.05353919,1.05132432,
  1.04914811,1.04701061,1.04491176,1.0428514 ,1.04082924],
 [1.06644598,1.06225402,1.05810007,1.05398519,1.04991062,1.04587777,
  1.04188823,1.03794373,1.03404618,1.03019753,1.02639981]]
measureGC
[1.  ,0.95,0.9 ,0.85,0.8 ,0.75,0.7 ,0.65,0.6 ,0.55,0.5 ,0.45,0.4 ,0.35,
 0.3 ,0.25,0.2 ,0.15,0.1 ,0.05]
measureAPL
[1.        ,1.00001145,0.99994691,0.99995175,0.99992365,0.99982701,
 0.99984248,0.99982128,0.9999177 ,0.99989652,0.99975863,0.99985865,
 0.99995543,1.00034566,0.99967499,1.00018265,0.9998153 ,1.0006153 ,
 0.99945606,1.00048522]

Degree
Tq
[[1.05536408,1.05529544,1.05522678,1.0551581 ,1.05508939,1.05502066,
  1.05495191,1.05488313,1.05481433,1.05474551,1.05467667],
 [1.05927352,1.05915101,1.0590287 ,1.0589066 ,1.0587847 ,1.05866302,
  1.05854156,1.05842032,1.05829932,1.05817855,1.05805802],
 [1.0649462 ,1.06456253,1.06417883,1.06379522,1.06341182,1.06302874,
  1.0626461 ,1.06226402,1.0618826 ,1.06150198,1.06112225],
 [1.07378322,1.07288356,1.07198161,1.07107814,1.07017391,1.06926969,
  1.06836626,1.06746438,1.06656483,1.06566835,1.06477568],
 [1.08896676,1.08728899,1.08559774,1.08389565,1.08218545,1.08046995,
  1.07875201,1.0770345 ,1.07532026,1.07361212,1.07191281],
 [1.10969536,1.10702994,1.10432782,1.10159546,1.09883972,1.09606779,
  1.09328705,1.090505  ,1.08772906,1.08496654,1.08222445],
 [1.13698252,1.13327953,1.12951779,1.12570949,1.12186771,1.11800611,
  1.11413863,1.11027921,1.10644146,1.10263836,1.09888203],
 [1.1704307 ,1.16596481,1.16145216,1.15691136,1.15236159,1.1478221 ,
  1.14331171,1.13884833,1.13444859,1.13012744,1.12589801],
 [1.20682667,1.20147322,1.19609956,1.19073161,1.18539505,1.18011451,
  1.17491296,1.16981111,1.16482701,1.15997577,1.15526952],
 [1.25020154,1.24397133,1.23776857,1.23162451,1.22556866,1.21962785,
  1.21382567,1.20818198,1.2027127 ,1.19742984,1.19234163],
 [1.30105466,1.29389902,1.28681203,1.27983148,1.27299194,1.26632373,
  1.25985231,1.25359783,1.24757524,1.24179441,1.23626066],
 [1.34790218,1.34064237,1.33343777,1.32633083,1.31936068,1.31256184,
  1.30596343,1.2995886 ,1.29345457,1.28757281,1.2819496 ],
 [1.40769349,1.40139904,1.39505501,1.38869882,1.38236817,1.37609966,
  1.36992755,1.36388265,1.35799159,1.3522763 ,1.34675387],
 [1.46819953,1.4641595 ,1.46003324,1.45583421,1.45157744,1.44727926,
  1.44295686,1.43862789,1.43431002,1.4300205 ,1.4257757 ],
 [1.52709284,1.52554699,1.52397799,1.52238677,1.52077441,1.51914215,
  1.51749139,1.51582365,1.51414064,1.51244416,1.51073613],
 [1.56918859,1.56865006,1.56811349,1.56757895,1.56704651,1.56651624,
  1.56598822,1.5654625 ,1.56493917,1.56441828,1.5638999 ],
 [1.60110466,1.60060432,1.60010942,1.59961981,1.59913535,1.59865591,
  1.59818135,1.59771156,1.59724644,1.59678588,1.59632979],
 [1.63729598,1.63679704,1.63630558,1.63582141,1.63534436,1.63487424,
  1.6344109 ,1.63395417,1.63350389,1.63305991,1.63262209],
 [1.67938431,1.67873438,1.67809993,1.67748048,1.67687553,1.67628458,
  1.67570717,1.67514279,1.674591  ,1.67405132,1.67352332],
 [1.47786686,1.49142445,1.50457547,1.51716818,1.52909524,1.54029238,
  1.55073263,1.56041817,1.5693718 ,1.57762949,1.58523437]]
measureGC
[1.        ,1.00001145,0.99994691,0.99995175,0.99992365,0.99982701,
 0.99984248,0.99982128,0.9999177 ,0.99989652,0.99975863,0.99985865,
 0.99995543,1.00034566,0.99967499,1.00018265,0.9998153 ,1.0006153 ,
 0.99945606,1.00048522]
measureAPL
[1.  ,0.95,0.9 ,0.85,0.8 ,0.75,0.7 ,0.65,0.6 ,0.55,0.5 ,0.45,0.4 ,0.35,
 0.3 ,0.25,0.2 ,0.15,0.1 ,0.05]

Centrality
Tq
[[1.05536765,1.05529931,1.05523095,1.05516257,1.05509417,1.05502576,
  1.05495732,1.05488887,1.05482041,1.05475192,1.05468343],
 [1.05845999,1.05837246,1.05828504,1.05819773,1.05811055,1.05802347,
  1.05793652,1.05784969,1.05776298,1.05767639,1.05758992],
 [1.0604763 ,1.05992704,1.05937846,1.05883069,1.05828387,1.05773814,
  1.05719364,1.05665049,1.05610884,1.05556881,1.05503053],
 [1.0645574 ,1.06393315,1.06330938,1.06268637,1.06206439,1.0614437 ,
  1.06082456,1.06020723,1.05959197,1.05897902,1.05836863],
 [1.07505123,1.07413361,1.07321538,1.0722971 ,1.07137935,1.0704627 ,
  1.0695477 ,1.06863492,1.06772491,1.06681821,1.06591535],
 [1.08958074,1.08715157,1.08471113,1.08226416,1.07981545,1.07736983,
  1.07493207,1.07250683,1.07009864,1.0677118 ,1.06535039],
 [1.11193457,1.10919482,1.10641619,1.10360544,1.10076978,1.09791677,
  1.09505421,1.09218998,1.08933194,1.0864878 ,1.08366497],
 [1.14262462,1.13851948,1.13433809,1.13009439,1.12580361,1.12148189,
  1.11714596,1.11281267,1.10849861,1.10421972,1.0999909 ],
 [1.17870427,1.1735599 ,1.16835595,1.16311399,1.15785636,1.15260558,
  1.14738373,1.14221184,1.13710941,1.13209399,1.12718086],
 [1.22315819,1.21660508,1.20995804,1.20324741,1.19650528,1.18976446,
  1.1830574 ,1.17641518,1.1698666 ,1.16343744,1.15714995],
 [1.27359597,1.26556325,1.25754416,1.2495797 ,1.24170923,1.23396907,
  1.22639152,1.21900406,1.211829  ,1.20488335,1.19817906],
 [1.32351573,1.31531387,1.30711776,1.29896952,1.29090988,1.28297675,
  1.27520409,1.26762112,1.26025179,1.25311464,1.24622295],
 [1.39224615,1.38390594,1.37545207,1.3669343 ,1.35840458,1.349915  ,
  1.34151564,1.33325267,1.32516687,1.31729262,1.30965735],
 [1.45392128,1.44632132,1.43865766,1.43095604,1.42324382,1.41554934,
  1.40790137,1.40032835,1.39285766,1.38551498,1.37832365],
 [1.51313229,1.50870062,1.50410801,1.49935961,1.4944633 ,1.48942982,
  1.48427274,1.47900833,1.47365525,1.46823415,1.46276708],
 [1.56003521,1.55191837,1.54420837,1.53693186,1.53010033,1.5237122 ,
  1.51775544,1.51221026,1.50705158,1.50225124,1.49777973],
 [1.58269571,1.56384462,1.54666674,1.53125379,1.5175732 ,1.50550782,
  1.49489424,1.48555268,1.47730677,1.46999472,1.46347421],
 [1.59178298,1.52643866,1.47093198,1.42549438,1.38884956,1.35927313,
  1.3351788 ,1.31530227,1.29869246,1.28464556,1.2726383 ],
 [1.62555338,1.54058072,1.4629657 ,1.39713603,1.34403811,1.30228673,
  1.26967351,1.24406388,1.22371625,1.20730915,1.19386979],
 [1.21844983,1.14355944,1.10647197,1.08045042,1.05895153,1.04045314,
  1.02444896,1.01062362,0.99869467,0.98839385,0.97947378]]
measureGC
[1.        ,1.00026841,1.00062767,1.00124075,1.00204877,1.00303842,
 1.00453657,1.00656035,1.00859407,1.01050886,1.01287507,1.01509355,
 1.01794529,1.01979329,1.02170151,1.02327005,1.02410407,1.02533139,
 1.03579393,1.36090527]
measureAPL
[1.  ,0.95,0.9 ,0.85,0.8 ,0.75,0.7 ,0.65,0.6 ,0.55,0.5 ,0.45,0.4 ,0.35,
 0.3 ,0.25,0.2 ,0.15,0.1 ,0.05]