PercentOfNodes
[0.  ,0.05,0.1 ,0.15,0.2 ,0.25,0.3 ,0.35,0.4 ,0.45,0.5 ,0.55,0.6 ,0.65,
 0.7 ,0.75,0.8 ,0.85,0.9 ]

RandomAttack
Tq
[[1.05527825,1.05520882,1.05513938,1.05506995,1.05500052,1.05493109,
  1.05486166,1.05479223,1.05472281,1.05465338,1.05458396],
 [1.05520508,1.05512638,1.05504763,1.05496882,1.05488996,1.05481104,
  1.05473207,1.05465304,1.05457396,1.05449482,1.05441563],
 [1.0547058 ,1.05461971,1.05453359,1.05444744,1.05436125,1.05427502,
  1.05418876,1.05410246,1.05401612,1.05392974,1.05384332],
 [1.05511037,1.05500806,1.05490572,1.05480335,1.05470095,1.05459852,
  1.05449605,1.05439356,1.05429104,1.05418848,1.05408589],
 [1.0550753 ,1.05494482,1.05481414,1.05468328,1.05455222,1.05442096,
  1.05428951,1.05415787,1.05402604,1.05389401,1.05376179],
 [1.05504738,1.054834  ,1.05462053,1.05440698,1.05419335,1.05397965,
  1.05376589,1.05355207,1.05333821,1.05312431,1.05291037],
 [1.05559192,1.05530636,1.05502074,1.0547351 ,1.05444945,1.05416382,
  1.05387824,1.05359273,1.05330731,1.05302201,1.05273685],
 [1.05486182,1.05450876,1.05415586,1.05380317,1.05345074,1.0530986 ,
  1.0527468 ,1.05239538,1.05204439,1.05169387,1.05134386],
 [1.05505721,1.05440903,1.05376156,1.05311509,1.05246987,1.05182617,
  1.05118426,1.05054438,1.04990678,1.04927171,1.04863938],
 [1.05450501,1.05383057,1.05315795,1.05248746,1.05181939,1.05115405,
  1.05049173,1.04983269,1.0491772 ,1.04852553,1.04787792],
 [1.0540564 ,1.05332565,1.0525966 ,1.05186959,1.05114496,1.05042305,
  1.04970419,1.04898868,1.04827684,1.04756896,1.04686532],
 [1.05471602,1.05396834,1.05322198,1.05247724,1.05173443,1.05099384,
  1.05025577,1.0495205 ,1.0487883 ,1.04805946,1.04733422],
 [1.05461716,1.05367568,1.05273625,1.05179942,1.05086575,1.04993578,
  1.04901004,1.04808904,1.04717327,1.0462632 ,1.04535929],
 [1.05424492,1.05238428,1.05053323,1.04869466,1.04687132,1.04506584,
  1.04328066,1.04151804,1.03978003,1.03806849,1.03638504],
 [1.05338134,1.0510815 ,1.04879803,1.04653489,1.04429582,1.04208427,
  1.03990341,1.03775606,1.03564473,1.03357156,1.03153837],
 [1.05114962,1.04902122,1.04689916,1.04478646,1.04268604,1.04060069,
  1.03853304,1.03648555,1.03446048,1.03245988,1.03048557],
 [1.05162923,1.0493442 ,1.04707132,1.04481381,1.04257474,1.04035698,
  1.03816321,1.03599585,1.03385707,1.03174881,1.02967272],
 [1.05295846,1.05121319,1.0494789 ,1.04775661,1.0460473 ,1.04435184,
  1.04267103,1.04100559,1.03935616,1.03772328,1.03610744],
 [1.04309723,1.03754454,1.03206958,1.02669129,1.02142626,1.01628842,
  1.01128894,1.00643617,1.00173582,0.99719114,0.99280318],
 [1.03513125,1.01979696,1.00525426,0.99159007,0.9788441 ,0.96701541,
  0.95607199,0.94596097,0.93661765,0.92797257,0.91995651]]
measureGC
[1.  ,0.95,0.9 ,0.85,0.8 ,0.75,0.7 ,0.65,0.6 ,0.55,0.5 ,0.45,0.4 ,0.35,
 0.3 ,0.25,0.2 ,0.15,0.1 ,0.05]
measureAPL
[1.        ,0.99997925,1.00004549,1.00000018,1.00000166,0.99990332,
 0.99999543,0.99996033,0.99977156,0.9997797 ,0.99982885,1.00002328,
 1.00000286,0.99969728,0.99964767,0.99969867,0.99925109,0.99962897,
 0.99810129,0.99859689]

Degree
Tq
[[1.05536907,1.05530043,1.05523178,1.0551631 ,1.05509441,1.0550257 ,
  1.05495697,1.05488822,1.05481945,1.05475067,1.05468186],
 [1.0591921 ,1.0590672 ,1.05894251,1.05881805,1.05869382,1.05856982,
  1.05844606,1.05832254,1.05819928,1.05807627,1.05795352],
 [1.06482245,1.0644431 ,1.06406378,1.06368463,1.06330573,1.06292722,
  1.06254919,1.06217177,1.06179505,1.06141916,1.0610442 ],
 [1.07389953,1.07299039,1.07207877,1.07116545,1.07025122,1.06933688,
  1.06842323,1.06751105,1.06660114,1.06569427,1.06479121],
 [1.08923332,1.08752466,1.08580146,1.08406647,1.08232257,1.0805727 ,
  1.07881986,1.07706707,1.07531734,1.07357364,1.07183886],
 [1.1102847 ,1.10759135,1.10485941,1.1020955 ,1.09930664,1.09650021,
  1.09368382,1.09086517,1.08805192,1.08525157,1.08247136],
 [1.13637637,1.13265719,1.12888157,1.12506199,1.1212117 ,1.11734451,
  1.11347442,1.10961537,1.10578089,1.10198385,1.09823618],
 [1.17036764,1.16590517,1.16139852,1.15686626,1.15232749,1.14780129,
  1.14330627,1.13886011,1.13447914,1.13017803,1.12596959],
 [1.20764358,1.2023246 ,1.19698285,1.19164379,1.18633268,1.1810739 ,
  1.17589026,1.17080242,1.16582847,1.1609837 ,1.15628044],
 [1.2502144 ,1.24403823,1.23788821,1.23179498,1.22578759,1.21989257,
  1.21413335,1.20852979,1.20309792,1.19784996,1.19279443],
 [1.30052212,1.2933804 ,1.2863081 ,1.27934225,1.27251668,1.26586112,
  1.25940048,1.25315456,1.24713802,1.24136062,1.23582765],
 [1.34742448,1.34022171,1.33307034,1.32601186,1.31908465,1.31232273,
  1.30575497,1.29940454,1.29328888,1.28741984,1.28180422],
 [1.40830931,1.40200834,1.39565421,1.38928417,1.38293594,1.37664624,
  1.37044959,1.36437716,1.35845602,1.35270857,1.34715241],
 [1.46792606,1.46384733,1.45967877,1.45543409,1.45112864,1.44677914,
  1.44240329,1.43801933,1.43364552,1.42929973,1.42499898],
 [1.52815085,1.52664302,1.52511077,1.52355501,1.52197683,1.5203775 ,
  1.51875843,1.51712118,1.51546747,1.51379915,1.51211819],
 [1.56686198,1.56632169,1.56578648,1.56525633,1.56473121,1.56421108,
  1.56369592,1.5631857 ,1.56268039,1.56217997,1.5616844 ],
 [1.59803114,1.59754555,1.5970652 ,1.59659006,1.59612009,1.59565525,
  1.59519552,1.59474085,1.59429121,1.59384655,1.59340685],
 [1.63700858,1.63643051,1.63586185,1.63530244,1.63475208,1.63421063,
  1.6336779 ,1.63315372,1.63263794,1.63213038,1.63163089],
 [1.67687264,1.67627011,1.67567619,1.67509091,1.67451424,1.67394616,
  1.67338662,1.67283557,1.67229292,1.67175858,1.67123245],
 [1.47460941,1.48289682,1.49095141,1.49876078,1.50631926,1.51362613,
  1.52068391,1.52749678,1.53406943,1.54040618,1.54651061]]
measureGC
[1.        ,0.99997925,1.00004549,1.00000018,1.00000166,0.99990332,
 0.99999543,0.99996033,0.99977156,0.9997797 ,0.99982885,1.00002328,
 1.00000286,0.99969728,0.99964767,0.99969867,0.99925109,0.99962897,
 0.99810129,0.99859689]
measureAPL
[1.  ,0.95,0.9 ,0.85,0.8 ,0.75,0.7 ,0.65,0.6 ,0.55,0.5 ,0.45,0.4 ,0.35,
 0.3 ,0.25,0.2 ,0.15,0.1 ,0.05]

Centrality
Tq
[[1.05535541,1.05528709,1.05521874,1.05515038,1.055082  ,1.0550136 ,
  1.05494519,1.05487676,1.05480832,1.05473987,1.0546714 ],
 [1.05847449,1.05838674,1.05829909,1.05821156,1.05812413,1.05803682,
  1.05794963,1.05786255,1.05777559,1.05768875,1.05760203],
 [1.06038145,1.05982767,1.05927467,1.05872258,1.05817155,1.05762173,
  1.05707324,1.05652624,1.05598085,1.05543721,1.05489545],
 [1.06455625,1.06393293,1.06330998,1.06268769,1.06206632,1.06144612,
  1.06082737,1.06021033,1.05959524,1.05898237,1.05837194],
 [1.07473493,1.07381905,1.07290279,1.07198672,1.07107141,1.0701574 ,
  1.06924527,1.06833555,1.06742879,1.06652553,1.06562627],
 [1.08997775,1.08755916,1.08512884,1.08269146,1.08025176,1.07781451,
  1.07538444,1.07296619,1.07056423,1.06818286,1.06582613],
 [1.11190612,1.10915554,1.1063661 ,1.10354463,1.10069842,1.09783511,
  1.09496258,1.0920888 ,1.08922169,1.08636902,1.08353825],
 [1.14346726,1.13939775,1.13525148,1.13104218,1.12678487,1.12249551,
  1.11819065,1.11388699,1.10960101,1.10534853,1.10114441],
 [1.17896317,1.17381512,1.16860663,1.16335929,1.15809552,1.15283792,
  1.14760868,1.14242896,1.13731838,1.13229461,1.12737307],
 [1.22435289,1.21779982,1.21115292,1.20444228,1.19769976,1.19095791,
  1.18424899,1.1776039 ,1.17105126,1.16461673,1.15832249],
 [1.27198746,1.26404266,1.25611264,1.24823686,1.24045314,1.23279649,
  1.22529809,1.2179846 ,1.21087773,1.20399424,1.19734603],
 [1.32466312,1.31641858,1.3081707 ,1.29996251,1.29183594,1.2838303 ,
  1.27598107,1.26831894,1.26086926,1.25365181,1.24668092],
 [1.39117653,1.38277637,1.37426635,1.36569792,1.35712454,1.34859943,
  1.34017338,1.33189286,1.32379855,1.31592432,1.30829689],
 [1.45343202,1.44585608,1.43821708,1.43054096,1.42285524,1.41518847,
  1.40756951,1.40002685,1.39258785,1.38527801,1.37812046],
 [1.5130068 ,1.50854557,1.50391935,1.49913308,1.49419454,1.48911444,
  1.48390648,1.47858718,1.4731756 ,1.46769291,1.46216184],
 [1.56018393,1.55206123,1.54434498,1.53706176,1.53022304,1.5238273 ,
  1.51786252,1.51230897,1.50714167,1.50233254,1.49785217],
 [1.58203865,1.56334378,1.54630684,1.53101464,1.51743301,1.50544567,
  1.49489153,1.48559374,1.47737888,1.4700878 ,1.46358047],
 [1.60842646,1.54116817,1.48345484,1.43592088,1.39747439,1.36642345,
  1.34114466,1.32031777,1.30293915,1.28826253,1.2757324 ],
 [1.64390605,1.55626264,1.47564986,1.40706554,1.35173628,1.30830119,
  1.27445651,1.24795079,1.22694446,1.21004445,1.19622853],
 [1.24178484,1.14709043,1.10592128,1.07905418,1.05741826,1.03893465,
  1.02296086,1.0091509 ,0.99722019,0.98690506,0.97796289]]
measureGC
[1.        ,1.00019997,1.000548  ,1.00111549,1.00192778,1.003023  ,
 1.00479349,1.00642563,1.00860017,1.01093837,1.01315756,1.01531385,
 1.0175222 ,1.019696  ,1.02183839,1.02304976,1.02402288,1.02516941,
 1.03729898,1.36089723]
measureAPL
[1.  ,0.95,0.9 ,0.85,0.8 ,0.75,0.7 ,0.65,0.6 ,0.55,0.5 ,0.45,0.4 ,0.35,
 0.3 ,0.25,0.2 ,0.15,0.1 ,0.05]