PercentOfNodes
[0.  ,0.05,0.1 ,0.15,0.2 ,0.25,0.3 ,0.35,0.4 ,0.45,0.5 ,0.55,0.6 ,0.65,
 0.7 ,0.75,0.8 ,0.85,0.9 ]

RandomAttack
Tq
[[0.99855803,0.99855803,0.99855803,0.99855803,0.99855803,0.99855803,
  0.99855803,0.99855803,0.99855803,0.99855803,0.99855803],
 [0.99858893,0.99857631,0.99856368,0.99855105,0.99853843,0.9985258 ,
  0.99851318,0.99850056,0.99848794,0.99847532,0.9984627 ],
 [0.99861468,0.99855211,0.99848954,0.998427  ,0.99836447,0.99830196,
  0.99823948,0.99817703,0.99811462,0.99805224,0.9979899 ],
 [0.99865059,0.99862737,0.99860415,0.99858092,0.9985577 ,0.99853447,
  0.99851125,0.99848802,0.9984648 ,0.99844158,0.99841836],
 [0.99857289,0.99853738,0.99850186,0.99846635,0.99843083,0.99839531,
  0.99835979,0.99832428,0.99828876,0.99825325,0.99821773],
 [0.99845595,0.99840636,0.99835677,0.99830719,0.99825761,0.99820804,
  0.99815848,0.99810892,0.99805938,0.99800984,0.99796031],
 [0.99855411,0.99852366,0.9984932 ,0.99846274,0.99843229,0.99840182,
  0.99837136,0.9983409 ,0.99831043,0.99827997,0.9982495 ],
 [0.99810269,0.99806334,0.998024  ,0.99798465,0.99794531,0.99790596,
  0.99786662,0.99782727,0.99778792,0.99774856,0.99770921],
 [0.99766238,0.99762661,0.99759086,0.99755512,0.99751938,0.99748366,
  0.99744795,0.99741226,0.99737657,0.9973409 ,0.99730524],
 [0.9977759 ,0.99773374,0.99769158,0.9976494 ,0.99760722,0.99756503,
  0.99752283,0.99748063,0.99743843,0.99739622,0.99735401],
 [0.99774225,0.99755251,0.99736287,0.99717337,0.99698403,0.9967949 ,
  0.99660599,0.99641734,0.99622898,0.99604095,0.99585326],
 [0.99636135,0.99574187,0.99512398,0.994508  ,0.99389426,0.9932831 ,
  0.99267482,0.99206974,0.99146814,0.99087032,0.99027654],
 [0.99690905,0.9965303 ,0.99615232,0.99577513,0.99539878,0.99502332,
  0.99464879,0.99427522,0.99390266,0.99353113,0.99316069],
 [0.99687336,0.99644956,0.99602652,0.99560421,0.99518262,0.99476173,
  0.99434153,0.993922  ,0.99350312,0.99308488,0.99266726],
 [0.99566428,0.99552126,0.99537828,0.99523535,0.99509248,0.9949497 ,
  0.99480701,0.99466442,0.99452195,0.99437961,0.99423741],
 [0.99456499,0.9943645 ,0.99416392,0.99396326,0.99376253,0.99356174,
  0.9933609 ,0.99316001,0.9929591 ,0.99275816,0.9925572 ],
 [0.99212438,0.99128317,0.9904437 ,0.98960656,0.98877231,0.98794152,
  0.98711472,0.98629245,0.9854752 ,0.98466348,0.98385775],
 [0.98724442,0.98558408,0.9839335 ,0.98229502,0.98067087,0.97906317,
  0.9774739 ,0.97590491,0.97435787,0.97283432,0.97133558],
 [0.98134803,0.97938095,0.97743016,0.97549821,0.97358747,0.97170016,
  0.96983829,0.96800368,0.96619793,0.96442245,0.96267845],
 [0.97019291,0.96843169,0.96670382,0.9650072 ,0.96333975,0.9616994 ,
  0.96008411,0.95849192,0.95692096,0.95536945,0.95383575]]
measureGC
[1.  ,0.95,0.9 ,0.85,0.8 ,0.75,0.7 ,0.65,0.6 ,0.55,0.5 ,0.45,0.4 ,0.35,
 0.3 ,0.25,0.2 ,0.15,0.1 ,0.05]
measureAPL
[1.        ,1.00000709,0.99997901,1.00004542,0.99999514,1.00012483,
 1.00014019,1.00014878,1.00022723,1.00035603,1.00036596,1.00053781,
 1.0010475 ,1.00140118,1.00126449,1.00192889,1.00359633,1.00466635,
 1.01150303,1.01994017]

Degree
Tq
[[0.99855803,0.99855803,0.99855803,0.99855803,0.99855803,0.99855803,
  0.99855803,0.99855803,0.99855803,0.99855803,0.99855803],
 [0.99968584,0.99954295,0.99939997,0.99925691,0.9991138 ,0.99897067,
  0.99882754,0.99868442,0.99854136,0.99839836,0.99825547],
 [1.00422489,1.00366052,1.00309389,1.00252536,1.00195531,1.00138413,
  1.0008122 ,1.0002399 ,0.99966763,0.99909576,0.99852468],
 [1.00716686,1.00597754,1.00477549,1.0035626 ,1.00234082,1.00111214,
  0.99987856,0.99864213,0.99740485,0.99616872,0.9949357 ],
 [1.01393711,1.01203252,1.01009197,1.00812072,1.0061243 ,1.00410842,
  1.00207895,1.00004176,0.99800268,0.99596742,0.99394148],
 [1.02318739,1.02048944,1.0177275 ,1.01491209,1.01205443,1.00916618,
  1.00625925,1.00334551,1.00043659,0.99754361,0.99467703],
 [1.03740329,1.03357567,1.02965105,1.02564981,1.02159368,1.01750516,
  1.01340685,1.00932083,1.00526803,1.00126775,0.99733724],
 [1.02662543,1.02231897,1.01794745,1.01354005,1.00912719,1.00473943,
  1.00040634,0.99615546,0.9920114 ,0.98799526,0.98412415],
 [1.0176478 ,1.01261087,1.00760997,1.00269058,0.99789723,0.99327149,
  0.98885036,0.98466486,0.98073914,0.9770901 ,0.97372743],
 [1.01768641,1.01074409,1.00394913,0.99737325,0.99108393,0.98514159,
  0.97959748,0.97449218,0.96985495,0.96570368,0.96204544],
 [1.02018656,1.01043189,1.00080245,0.99137646,0.98222379,0.97340339,
  0.96496199,0.9569339 ,0.94934177,0.94219805,0.93550679],
 [1.00101206,0.99603671,0.99045381,0.98441735,0.97807551,0.97156342,
  0.96499847,0.95847795,0.95207874,0.94585858,0.93985813],
 [0.94931133,0.95420916,0.95771064,0.95984847,0.96072672,0.96049618,
  0.95933076,0.95740856,0.95489845,0.951952  ,0.94869955],
 [0.82739049,0.84719196,0.86601402,0.88315383,0.89813498,0.91073686,
  0.92096127,0.92896705,0.93500214,0.93934934,0.94229021],
 [0.57533014,0.60923136,0.64700473,0.68680276,0.72632023,0.76342986,
  0.79668348,0.82544557,0.84972689,0.86991883,0.88656992],
 [0.        ,0.        ,0.        ,0.        ,0.        ,0.        ,
  0.        ,0.        ,0.        ,0.        ,0.        ],
 [0.        ,0.        ,0.        ,0.        ,0.        ,0.        ,
  0.        ,0.        ,0.        ,0.        ,0.        ],
 [0.        ,0.        ,0.        ,0.        ,0.        ,0.        ,
  0.        ,0.        ,0.        ,0.        ,0.        ],
 [0.        ,0.        ,0.        ,0.        ,0.        ,0.        ,
  0.        ,0.        ,0.        ,0.        ,0.        ],
 [0.        ,0.        ,0.        ,0.        ,0.        ,0.        ,
  0.        ,0.        ,0.        ,0.        ,0.        ]]
measureGC
[1.        ,1.00000709,0.99997901,1.00004542,0.99999514,1.00012483,
 1.00014019,1.00014878,1.00022723,1.00035603,1.00036596,1.00053781,
 1.0010475 ,1.00140118,1.00126449,1.00192889,1.00359633,1.00466635,
 1.01150303,1.01994017]
measureAPL
[1.    ,0.95  ,0.9   ,0.85  ,0.8   ,0.75  ,0.7   ,0.65  ,0.6   ,0.55  ,
 0.5   ,0.45  ,0.4   ,0.35  ,0.3   ,0.0835,0.067 ,0.05  ,0.0335,0.017 ]

Centrality
Tq
[[0.99855803,0.99855803,0.99855803,0.99855803,0.99855803,0.99855803,
  0.99855803,0.99855803,0.99855803,0.99855803,0.99855803],
 [0.99624849,0.99448696,0.99273098,0.99098467,0.98925206,0.987537  ,
  0.98584313,0.98417385,0.98253227,0.98092122,0.97934319],
 [0.99374969,0.99377252,0.99379418,0.99381468,0.99383404,0.99385226,
  0.99386937,0.99388537,0.99390027,0.99391408,0.99392681],
 [0.99435794,0.99304978,0.9917416 ,0.99043579,0.98913471,0.98784064,
  0.98655583,0.9852824 ,0.98402237,0.98277763,0.98154995],
 [0.99538852,0.99328199,0.99118332,0.98909205,0.98700767,0.98492967,
  0.9828576 ,0.98079105,0.97872973,0.97667348,0.97462227],
 [1.00932797,1.00713072,1.00491103,1.0026728 ,1.00042014,0.99815736,
  0.99588887,0.99361916,0.99135272,0.98909402,0.98684738],
 [1.01066815,1.00685947,1.00304288,0.99922931,0.99542918,0.99165223,
  0.98790745,0.98420299,0.98054609,0.9769431 ,0.97339951],
 [0.99448896,0.99148226,0.9883712 ,0.98517307,0.98190661,0.97859149,
  0.97524783,0.97189556,0.96855394,0.96524105,0.9619734 ],
 [0.98265194,0.97978867,0.97678169,0.9736522 ,0.97042415,0.96712336,
  0.96377658,0.96041052,0.95705093,0.95372174,0.95044446],
 [0.98864338,0.98458661,0.98052276,0.97648654,0.97251202,0.96863133,
  0.96487337,0.96126284,0.95781958,0.9545582 ,0.95148814],
 [0.98101185,0.97625951,0.97145268,0.96663444,0.96184905,0.9571399 ,
  0.95254738,0.94810717,0.94384877,0.9397947 ,0.93596016],
 [0.98035269,0.97618254,0.9722207 ,0.96852341,0.96513007,0.9620633 ,
  0.95933034,0.9569254 ,0.95483255,0.95302857,0.95148566],
 [0.79793635,0.80641692,0.81569683,0.8256167 ,0.8359605 ,0.84647053,
  0.8568719 ,0.86690134,0.87633344,0.88499855,0.89278967],
 [0.41225781,0.41040484,0.41325   ,0.42134496,0.43508164,0.45453102,
  0.4792442 ,0.50814909,0.53967181,0.57206669,0.6037828 ],
 [0.24776684,0.24720319,0.24628584,0.24474751,0.24239134,0.23910759,
  0.23487526,0.22975141,0.22385269,0.21733365,0.21036555],
 [0.37677678,0.31050619,0.24945926,0.19775285,0.1564787 ,0.12462182,
  0.10035952,0.08187844,0.06768711,0.05665693,0.0479647 ],
 [0.3794213 ,0.39136411,0.40383782,0.41620192,0.4278613 ,0.43835707,
  0.4474074 ,0.4548993 ,0.46085101,0.46536612,0.46859373],
 [0.        ,0.        ,0.        ,0.        ,0.        ,0.        ,
  0.        ,0.        ,0.        ,0.        ,0.        ],
 [0.        ,0.        ,0.        ,0.        ,0.        ,0.        ,
  0.        ,0.        ,0.        ,0.        ,0.        ],
 [0.        ,0.        ,0.        ,0.        ,0.        ,0.        ,
  0.        ,0.        ,0.        ,0.        ,0.        ]]
measureGC
[1.        ,1.00023285,1.00126046,1.00577272,1.01319779,1.02273313,
 1.03484541,1.07359112,1.11482861,1.2402812 ,1.32890585,1.40014387,
 1.45713567,1.50515552,1.54562462,0.49972017,0.49963581,0.49949439,
 0.49921009,0.4983381 ]
measureAPL
[1.    ,0.95  ,0.9   ,0.85  ,0.8   ,0.75  ,0.7   ,0.65  ,0.6   ,0.55  ,
 0.5   ,0.45  ,0.4   ,0.35  ,0.1715,0.1285,0.1215,0.0785,0.036 ,0.0285]