PercentOfNodes
[0.  ,0.05,0.1 ,0.15,0.2 ,0.25,0.3 ,0.35,0.4 ,0.45,0.5 ,0.55,0.6 ,0.65,
 0.7 ,0.75,0.8 ,0.85,0.9 ]

RandomAttack
Tq
[[1.05527825,1.05520882,1.05513938,1.05506995,1.05500052,1.05493109,
  1.05486166,1.05479223,1.05472281,1.05465338,1.05458396],
 [1.05559048,1.05548267,1.05537493,1.05526725,1.05515964,1.05505209,
  1.05494461,1.05483719,1.05472984,1.05462256,1.05451535],
 [1.05535659,1.05522052,1.05508447,1.05494843,1.0548124 ,1.0546764 ,
  1.05454042,1.05440447,1.05426855,1.05413267,1.05399683],
 [1.055878  ,1.05572217,1.05556641,1.05541071,1.05525508,1.05509954,
  1.05494408,1.05478871,1.05463345,1.05447831,1.05432328],
 [1.05566488,1.05550511,1.05534543,1.05518583,1.05502633,1.05486693,
  1.05470763,1.05454843,1.05438935,1.05423037,1.05407151],
 [1.05589386,1.05573395,1.05557414,1.05541444,1.05525486,1.05509539,
  1.05493603,1.0547768 ,1.05461768,1.0544587 ,1.05429983],
 [1.0562915 ,1.05603254,1.05577384,1.05551541,1.05525727,1.05499945,
  1.05474196,1.05448482,1.05422804,1.05397164,1.05371564],
 [1.0563766 ,1.05613432,1.05589223,1.05565036,1.05540873,1.05516733,
  1.05492619,1.05468532,1.05444474,1.05420445,1.05396448],
 [1.05592654,1.05551583,1.05510596,1.05469701,1.05428906,1.05388215,
  1.05347638,1.05307179,1.05266846,1.05226645,1.05186582],
 [1.0562413 ,1.05590843,1.05557631,1.05524498,1.05491445,1.05458477,
  1.05425594,1.05392799,1.05360095,1.05327484,1.05294968],
 [1.0550916 ,1.05482621,1.05456137,1.05429709,1.05403338,1.05377023,
  1.05350765,1.05324565,1.05298423,1.05272339,1.05246314],
 [1.05614718,1.05559342,1.05504142,1.05449124,1.05394295,1.05339661,
  1.05285226,1.05230998,1.0517698 ,1.0512318 ,1.05069601],
 [1.05488933,1.05427639,1.05366604,1.05305833,1.05245331,1.05185103,
  1.05125155,1.05065489,1.05006112,1.04947026,1.04888237],
 [1.0551775 ,1.05375764,1.05234747,1.05094752,1.04955829,1.04818022,
  1.04681376,1.04545929,1.04411717,1.04278773,1.04147126],
 [1.05364246,1.05158283,1.04953553,1.04750285,1.045487  ,1.04349008,
  1.04151405,1.03956074,1.03763184,1.03572887,1.0338532 ],
 [1.05641421,1.05466316,1.05291962,1.05118451,1.04945869,1.04774299,
  1.04603824,1.04434519,1.04266458,1.04099711,1.03934343],
 [1.05464358,1.05270575,1.05076865,1.04883304,1.04689963,1.04496913,
  1.04304222,1.04111959,1.03920191,1.03728984,1.03538405],
 [1.05074262,1.04835573,1.04598593,1.04363533,1.04130584,1.0389991 ,
  1.03671655,1.03445939,1.03222857,1.03002486,1.02784883],
 [1.04490873,1.04117467,1.03750272,1.03389544,1.03035445,1.02688045,
  1.02347341,1.02013258,1.01685673,1.01364415,1.01049284],
 [1.04952498,1.0364557 ,1.02370476,1.01135748,0.99948251,0.9881299 ,
  0.97733105,0.9671002 ,0.95743691,0.94832909,0.9397561 ]]
measureGC
[1.  ,0.95,0.9 ,0.85,0.8 ,0.75,0.7 ,0.65,0.6 ,0.55,0.5 ,0.45,0.4 ,0.35,
 0.3 ,0.25,0.2 ,0.15,0.1 ,0.05]
measureAPL
[1.        ,1.00000447,0.99998408,1.00005532,1.00006209,1.00009716,
 1.0000686 ,1.00008627,1.00014294,1.00002073,0.99998238,1.00002138,
 0.9998983 ,0.99963707,0.99953538,0.9999443 ,0.9997669 ,0.99984146,
 0.99839352,0.9937659 ]

Degree
Tq
[[1.05537317,1.05530463,1.05523607,1.05516748,1.05509887,1.05503023,
  1.05496158,1.0548929 ,1.0548242 ,1.05475548,1.05468674],
 [1.05925751,1.059136  ,1.05901469,1.05889357,1.05877267,1.05865197,
  1.05853149,1.05841123,1.05829119,1.05817139,1.05805182],
 [1.06494213,1.06456034,1.06417852,1.06379678,1.06341524,1.06303402,
  1.06265322,1.06227297,1.06189338,1.06151457,1.06113665],
 [1.07392235,1.07302044,1.07211592,1.07120958,1.0703022 ,1.06939456,
  1.06848746,1.06758167,1.066678  ,1.06577719,1.06488001],
 [1.088668  ,1.08696735,1.08525265,1.08352664,1.08179214,1.08005207,
  1.07830939,1.07656706,1.07482806,1.0730953 ,1.07137162],
 [1.11022587,1.10755042,1.10483619,1.10208967,1.0993178 ,1.09652786,
  1.09372739,1.09092401,1.08812532,1.08533878,1.08257161],
 [1.13688344,1.13317289,1.12940485,1.12559174,1.12174681,1.11788388,
  1.11401699,1.11016014,1.10632695,1.10253038,1.09878247],
 [1.17052235,1.1660549 ,1.16154055,1.15699795,1.15244634,1.14790502,
  1.14339286,1.13892783,1.1345266 ,1.13020415,1.12597364],
 [1.20707462,1.20172451,1.19635326,1.1909867 ,1.18565041,1.18036898,
  1.17516535,1.17006025,1.16507174,1.16021502,1.15550226],
 [1.25060075,1.24435378,1.23813542,1.23197701,1.22590812,1.21995562,
  1.21414308,1.20849029,1.20301312,1.19772346,1.19262944],
 [1.30096033,1.29385542,1.28681558,1.27987846,1.27307858,1.26644626,
  1.26000696,1.25378095,1.24778326,1.24202393,1.23650843],
 [1.34802035,1.34077534,1.33358311,1.32648595,1.31952289,1.31272848,
  1.30613188,1.29975644,1.29361953,1.28773287,1.28210297],
 [1.40814051,1.40183743,1.39548519,1.38912136,1.38278379,1.37650924,
  1.37033208,1.36428325,1.35838944,1.35267265,1.34714996],
 [1.46844579,1.46441524,1.4602974 ,1.4561055 ,1.45185436,1.4475601 ,
  1.44323975,1.43891084,1.43459097,1.43029734,1.42604634],
 [1.52811721,1.52660564,1.52507187,1.52351677,1.52194135,1.52034677,
  1.51873432,1.51710542,1.51546163,1.51380463,1.5121362 ],
 [1.57007767,1.56950771,1.56893974,1.56837384,1.56781011,1.56724866,
  1.56668957,1.56613293,1.56557883,1.56502736,1.5644786 ],
 [1.60113026,1.6006394 ,1.60015498,1.59967686,1.59920487,1.59873886,
  1.59827871,1.59782427,1.59737543,1.59693208,1.59649409],
 [1.63759245,1.63700001,1.63641907,1.63584914,1.63528975,1.63474046,
  1.63420085,1.63367056,1.6331492 ,1.63263646,1.63213202],
 [1.67923895,1.67865688,1.67808819,1.6775321 ,1.6769879 ,1.67645492,
  1.67593252,1.67542015,1.67491727,1.67442339,1.67393807],
 [1.54754922,1.55521524,1.56258455,1.56961715,1.57628737,1.58258196,
  1.58849776,1.59403937,1.59921693,1.60404434,1.60853782]]
measureGC
[1.        ,1.00000447,0.99998408,1.00005532,1.00006209,1.00009716,
 1.0000686 ,1.00008627,1.00014294,1.00002073,0.99998238,1.00002138,
 0.9998983 ,0.99963707,0.99953538,0.9999443 ,0.9997669 ,0.99984146,
 0.99839352,0.9937659 ]
measureAPL
[1.  ,0.95,0.9 ,0.85,0.8 ,0.75,0.7 ,0.65,0.6 ,0.55,0.5 ,0.45,0.4 ,0.35,
 0.3 ,0.25,0.2 ,0.15,0.1 ,0.05]

Centrality
Tq
[[1.05536844,1.05530006,1.05523167,1.05516326,1.05509483,1.05502639,
  1.05495793,1.05488946,1.05482097,1.05475246,1.05468394],
 [1.05846578,1.05837834,1.05829102,1.05820381,1.05811671,1.05802973,
  1.05794286,1.05785612,1.05776949,1.05768299,1.05759661],
 [1.06046412,1.05991448,1.05936553,1.05881742,1.05827029,1.05772427,
  1.0571795 ,1.05663613,1.05609427,1.05555407,1.05501564],
 [1.0646404 ,1.06401705,1.06339412,1.06277187,1.06215057,1.06153049,
  1.06091187,1.06029499,1.05968011,1.05906745,1.05845728],
 [1.07516109,1.07424179,1.07332183,1.07240179,1.07148224,1.07056377,
  1.06964693,1.0687323 ,1.06782043,1.06691186,1.06600714],
 [1.0895446 ,1.08711104,1.08466602,1.08221427,1.07976062,1.0773099 ,
  1.07486691,1.07243635,1.07002275,1.06763047,1.06526359],
 [1.11185879,1.10911133,1.1063251 ,1.1035069 ,1.100664  ,1.09780403,
  1.09493483,1.09206435,1.08920048,1.08635097,1.08352324],
 [1.14256945,1.13847222,1.134299  ,1.13006371,1.1257815 ,1.12146847,
  1.11714126,1.11281664,1.1085111 ,1.10424051,1.10001968],
 [1.17855048,1.17341806,1.16822741,1.16299985,1.15775747,1.15252248,
  1.14731667,1.14216077,1.13707402,1.13207371,1.12717495],
 [1.22311887,1.21659306,1.20997363,1.20329041,1.19657495,1.18985954,
  1.18317615,1.17655544,1.17002588,1.16361301,1.15733895],
 [1.27377361,1.26570407,1.25764546,1.24963933,1.24172567,1.23394152,
  1.22631988,1.21888897,1.21167171,1.20468569,1.19794331],
 [1.32320576,1.31499464,1.30678988,1.29863376,1.29056714,1.28262805,
  1.27485055,1.26726387,1.25989193,1.2527532 ,1.24586085],
 [1.39182537,1.38351331,1.3750943 ,1.36661746,1.35813389,1.34969462,
  1.34134853,1.33314059,1.32511037,1.31729117,1.30970949],
 [1.45375672,1.44614188,1.43846589,1.43075453,1.42303509,1.41533583,
  1.40768534,1.4001119 ,1.39264267,1.3853031 ,1.37811633],
 [1.51293245,1.50848482,1.50387738,1.49911558,1.49420759,1.48916442,
  1.48399987,1.47873038,1.47337475,1.46795367,1.46248923],
 [1.56041196,1.55224165,1.54447804,1.53714888,1.53026652,1.52383001,
  1.51782766,1.51223984,1.5070415 ,1.5022044 ,1.49769885],
 [1.58354944,1.56464058,1.54739835,1.53191856,1.51817235,1.50604534,
  1.49537581,1.48598472,1.47769573,1.47034667,1.46379459],
 [1.58912365,1.52361452,1.46799829,1.42253285,1.3859268 ,1.35643093,
  1.33243877,1.31267254,1.29617285,1.28223099,1.27032109],
 [1.61958988,1.53463743,1.45734019,1.39197473,1.33934648,1.29800386,
  1.26572624,1.24038817,1.22026132,1.20403594,1.19074834],
 [1.22172404,1.1383864 ,1.09973879,1.07380805,1.05279388,1.03486362,
  1.01941773,1.00610916,0.99464589,0.98475943,0.9762061 ]]
measureGC
[1.        ,1.00027851,1.0006861 ,1.00120398,1.00222718,1.00347731,
 1.00475251,1.00660042,1.00872879,1.01095623,1.01255869,1.01505343,
 1.01763646,1.01963845,1.02179233,1.02316064,1.02406902,1.02502074,
 1.03370912,1.30533724]
measureAPL
[1.  ,0.95,0.9 ,0.85,0.8 ,0.75,0.7 ,0.65,0.6 ,0.55,0.5 ,0.45,0.4 ,0.35,
 0.3 ,0.25,0.2 ,0.15,0.1 ,0.05]