PercentOfNodes
[0.  ,0.05,0.1 ,0.15,0.2 ,0.25,0.3 ,0.35,0.4 ,0.45,0.5 ,0.55,0.6 ,0.65,
 0.7 ,0.75,0.8 ,0.85,0.9 ]

RandomAttack
Tq
[[0.80318257,2.79890321,2.69816399,2.47419164,2.30306617,2.17846668,
  2.08635898,2.01642749,1.96186844,1.91824237,1.88260976],
 [0.67688749,2.72087713,2.6933468 ,2.47844236,2.31046055,2.18656978,
  2.0940242 ,2.02316511,1.96751114,1.92277816,1.88609815],
 [0.58737472,2.65220807,2.68517618,2.47271881,2.30301039,2.17749365,
  2.08415747,2.0131895 ,1.95784543,1.91363786,1.87757118],
 [0.4766781 ,2.53085624,2.65728329,2.45696691,2.29633748,2.17799343,
  2.0899386 ,2.02268762,1.96988916,1.92738883,1.89244489],
 [0.42955155,2.45589805,2.64550774,2.45405564,2.29900967,2.18403549,
  2.097792  ,2.03150845,1.97931343,1.93729059,1.9027873 ],
 [0.40924152,2.38544303,2.61675895,2.43515633,2.28274219,2.16834015,
  2.08211087,2.01564801,1.96317449,1.92082073,1.88597095],
 [0.3377102 ,2.22033205,2.56543975,2.39500042,2.24795033,2.13664301,
  2.05221992,1.98688882,1.93521379,1.89349289,1.85918588],
 [0.31568056,2.14714127,2.54169037,2.37816365,2.23161466,2.11882148,
  2.03236256,1.9649822 ,1.91144865,1.86812027,1.8324558 ],
 [0.27589865,1.99855565,2.48211525,2.33453339,2.19567155,2.08769055,
  2.00431922,1.93889249,1.88659025,1.84405604,1.80893158],
 [0.26083511,1.91524385,2.43933222,2.30138616,2.16702797,2.06085272,
  1.97799312,1.91270603,1.86058723,1.81838724,1.78372476],
 [0.22552385,1.77279883,2.40018728,2.28303414,2.15989811,2.0623645 ,
  1.98664669,1.92720462,1.87975584,1.8412132 ,1.80938049],
 [0.18835674,1.57949215,2.31222841,2.20969136,2.08613284,1.98572096,
  1.90757594,1.84658749,1.79828629,1.75935684,1.72743876],
 [0.1739729 ,1.47653139,2.25871293,2.17504998,2.06060573,1.96478773,
  1.88898717,1.82939372,1.78209746,1.74398533,1.71277002],
 [0.16502487,1.36618946,2.1903568 ,2.12878925,2.01787545,1.92048623,
  1.84258548,1.78129758,1.73275907,1.69377721,1.66197945],
 [0.13682864,1.18153933,2.08525515,2.04988785,1.94483944,1.84793947,
  1.76896971,1.70650294,1.65712821,1.61768599,1.58571617],
 [0.12873073,1.09219692,1.9855898 ,1.96451277,1.86813538,1.7796699 ,
  1.70833275,1.65223554,1.60803494,1.57279631,1.54427676],
 [0.10967051,0.84879359,1.77728841,1.83598575,1.77679687,1.70930928,
  1.65156685,1.60522995,1.56840224,1.53889084,1.51491911],
 [0.09396826,0.68063961,1.52822851,1.62155801,1.58247886,1.53042311,
  1.48468221,1.44757937,1.41797516,1.39427586,1.37511162],
 [0.03383529,0.12410732,0.32515702,0.46395886,0.50029792,0.50193725,
  0.49585869,0.48859459,0.48155471,0.47503149,0.46906994],
 [0.0126511 ,0.03755469,0.09155642,0.14921199,0.17487963,0.17730201,
  0.17236683,0.16646883,0.16124952,0.15694547,0.15345572]]
measureGC
[1.        ,0.87420584,0.81363829,0.73782296,0.68022025,0.62177044,
 0.55273189,0.50063532,0.44387971,0.39474799,0.34180432,0.27996612,
 0.23930538,0.1948327 ,0.15671326,0.12452351,0.08682762,0.05844981,
 0.00720034,0.00296485]
measureAPL
[1.        ,1.02389435,1.03584846,1.0477151 ,1.06475018,1.06694796,
 1.07821772,1.09661313,1.08808122,1.10150012,1.12263582,1.11000985,
 1.14470375,1.27295598,1.27570079,1.3844786 ,1.50886521,1.87323771,
 0.65831759,0.28557376]

Degree
Tq
[[ 7.08242629e-01, 2.46809627e+00, 2.35645956e+00, 2.15433332e+00,
   2.00233209e+00, 1.89204084e+00, 1.81041374e+00, 1.74825802e+00,
   1.69960105e+00, 1.66056419e+00, 1.62857939e+00],
 [ 2.56156131e-01, 2.11411639e+00, 2.63498579e+00, 2.52203907e+00,
   2.41944450e+00, 2.34287847e+00, 2.28546009e+00, 2.24100666e+00,
   2.20550391e+00, 2.17641685e+00, 2.15209828e+00],
 [ 1.69386297e-01, 1.60430685e+00, 2.60112529e+00, 2.59024631e+00,
   2.52834438e+00, 2.47167866e+00, 2.42510323e+00, 2.38718375e+00,
   2.35600170e+00, 2.33002646e+00, 2.30812272e+00],
 [ 8.82727051e-02, 6.39287163e-01, 1.69966998e+00, 1.92833276e+00,
   1.97573675e+00, 1.98487520e+00, 1.98324553e+00, 1.97838754e+00,
   1.97275727e+00, 1.96724330e+00, 1.96218097e+00],
 [ 2.70265618e-02, 8.73920407e-02, 2.31539554e-01, 3.96456808e-01,
   5.06715605e-01, 5.74838546e-01, 6.19547375e-01, 6.50398426e-01,
   6.72394196e-01, 6.88452617e-01, 7.00400939e-01],
 [ 4.10487654e-03, 9.63258791e-03, 2.07128191e-02, 3.79906599e-02,
   5.75483897e-02, 7.46137298e-02, 8.78534812e-02, 9.80107772e-02,
   1.05975409e-01, 1.12342592e-01, 1.17500879e-01],
 [ 2.90868341e-18, 1.38162462e-17, 1.23619045e-17, 1.45434170e-18,
  -6.72229054e-17, 2.03607839e-17, 0.00000000e+00,-7.23938981e-17,
   3.79909670e-17, 5.23563013e-17,-1.47086015e-16],
 [ 1.09075628e-18, 2.90868341e-18, 2.54509798e-18, 6.18095224e-18,
  -9.69561136e-18, 1.23619045e-17, 1.11693443e-17,-3.61969491e-17,
  -3.41918703e-17,-2.32694673e-17,-9.19287595e-17],
 [ 0.00000000e+00, 0.00000000e+00, 0.00000000e+00, 0.00000000e+00,
   0.00000000e+00, 0.00000000e+00, 0.00000000e+00, 0.00000000e+00,
   0.00000000e+00, 0.00000000e+00, 0.00000000e+00],
 [ 0.00000000e+00, 0.00000000e+00, 0.00000000e+00, 0.00000000e+00,
   0.00000000e+00, 0.00000000e+00, 0.00000000e+00, 0.00000000e+00,
   0.00000000e+00, 0.00000000e+00, 0.00000000e+00],
 [ 0.00000000e+00, 0.00000000e+00, 0.00000000e+00, 0.00000000e+00,
   0.00000000e+00, 0.00000000e+00, 0.00000000e+00, 0.00000000e+00,
   0.00000000e+00, 0.00000000e+00, 0.00000000e+00],
 [ 0.00000000e+00, 0.00000000e+00, 0.00000000e+00, 0.00000000e+00,
   0.00000000e+00, 0.00000000e+00, 0.00000000e+00, 0.00000000e+00,
   0.00000000e+00, 0.00000000e+00, 0.00000000e+00],
 [ 0.00000000e+00, 0.00000000e+00, 0.00000000e+00, 0.00000000e+00,
   0.00000000e+00, 0.00000000e+00, 0.00000000e+00, 0.00000000e+00,
   0.00000000e+00, 0.00000000e+00, 0.00000000e+00],
 [ 0.00000000e+00, 0.00000000e+00, 0.00000000e+00, 0.00000000e+00,
   0.00000000e+00, 0.00000000e+00, 0.00000000e+00, 0.00000000e+00,
   0.00000000e+00, 0.00000000e+00, 0.00000000e+00],
 [ 0.00000000e+00, 0.00000000e+00, 0.00000000e+00, 0.00000000e+00,
   0.00000000e+00, 0.00000000e+00, 0.00000000e+00, 0.00000000e+00,
   0.00000000e+00, 0.00000000e+00, 0.00000000e+00],
 [ 0.00000000e+00, 0.00000000e+00, 0.00000000e+00, 0.00000000e+00,
   0.00000000e+00, 0.00000000e+00, 0.00000000e+00, 0.00000000e+00,
   0.00000000e+00, 0.00000000e+00, 0.00000000e+00],
 [ 0.00000000e+00, 0.00000000e+00, 0.00000000e+00, 0.00000000e+00,
   0.00000000e+00, 0.00000000e+00, 0.00000000e+00, 0.00000000e+00,
   0.00000000e+00, 0.00000000e+00, 0.00000000e+00],
 [ 0.00000000e+00, 0.00000000e+00, 0.00000000e+00, 0.00000000e+00,
   0.00000000e+00, 0.00000000e+00, 0.00000000e+00, 0.00000000e+00,
   0.00000000e+00, 0.00000000e+00, 0.00000000e+00],
 [ 0.00000000e+00, 0.00000000e+00, 0.00000000e+00, 0.00000000e+00,
   0.00000000e+00, 0.00000000e+00, 0.00000000e+00, 0.00000000e+00,
   0.00000000e+00, 0.00000000e+00, 0.00000000e+00],
 [ 0.00000000e+00, 0.00000000e+00, 0.00000000e+00, 0.00000000e+00,
   0.00000000e+00, 0.00000000e+00, 0.00000000e+00, 0.00000000e+00,
   0.00000000e+00, 0.00000000e+00, 0.00000000e+00]]
measureGC
[1.        ,1.02389435,1.03584846,1.0477151 ,1.06475018,1.06694796,
 1.07821772,1.09661313,1.08808122,1.10150012,1.12263582,1.11000985,
 1.14470375,1.27295598,1.27570079,1.3844786 ,1.50886521,1.87323771,
 0.65831759,0.28557376]
measureAPL
[1.00000000e+00,7.10292249e-01,5.20965693e-01,2.62177044e-01,
 1.22829310e-02,2.11774672e-03,8.47098687e-04,8.47098687e-04,
 4.23549343e-04,4.23549343e-04,4.23549343e-04,4.23549343e-04,
 4.23549343e-04,4.23549343e-04,4.23549343e-04,4.23549343e-04,
 4.23549343e-04,4.23549343e-04,4.23549343e-04,4.23549343e-04]

Centrality
Tq
[[ 6.76761387e-01, 2.46599178e+00, 2.36780609e+00, 2.16666859e+00,
   2.01461001e+00, 1.90364945e+00, 1.82117576e+00, 1.75823434e+00,
   1.70890331e+00, 1.66929244e+00, 1.63681533e+00],
 [ 3.27210180e-01, 2.26908788e+00, 2.62126040e+00, 2.49223559e+00,
   2.37616099e+00, 2.28464885e+00, 2.21224299e+00, 2.15396128e+00,
   2.10633317e+00, 2.06690438e+00, 2.03387985e+00],
 [ 2.29781962e-01, 1.87075882e+00, 2.58614605e+00, 2.50635286e+00,
   2.39961089e+00, 2.30975316e+00, 2.23869500e+00, 2.18251859e+00,
   2.13749336e+00, 2.10082620e+00, 2.07050816e+00],
 [ 1.76330870e-01, 1.29130855e+00, 2.17907783e+00, 2.22498590e+00,
   2.18989803e+00, 2.14792895e+00, 2.11145032e+00, 2.08170873e+00,
   2.05772126e+00, 2.03830959e+00, 2.02248896e+00],
 [ 1.21264919e-01, 6.62045996e-01, 1.37525452e+00, 1.49626767e+00,
   1.48208636e+00, 1.44640411e+00, 1.41321718e+00, 1.38622691e+00,
   1.36479399e+00, 1.34772485e+00, 1.33399573e+00],
 [ 1.01812464e-01, 4.65398807e-01, 1.00963190e+00, 1.16600710e+00,
   1.18178188e+00, 1.16096076e+00, 1.13390678e+00, 1.10923587e+00,
   1.08848159e+00, 1.07136973e+00, 1.05729444e+00],
 [ 7.45888638e-02, 2.99360184e-01, 6.98195278e-01, 8.70683849e-01,
   9.07004608e-01, 9.02817133e-01, 8.88794889e-01, 8.74105280e-01,
   8.61117296e-01, 8.50185972e-01, 8.41122412e-01],
 [ 4.87046771e-02, 1.54093391e-01, 3.52871023e-01, 4.99242852e-01,
   5.60394556e-01, 5.79408760e-01, 5.81261695e-01, 5.76642066e-01,
   5.69863766e-01, 5.62648985e-01, 5.55679574e-01],
 [ 1.88046777e-02, 4.88913439e-02, 1.07286570e-01, 1.74298663e-01,
   2.21722354e-01, 2.48599103e-01, 2.62745583e-01, 2.69572232e-01,
   2.72145485e-01, 2.72238620e-01, 2.70907167e-01],
 [ 4.94102034e-03, 1.09180884e-02, 2.15102860e-02, 3.53664543e-02,
   4.79558780e-02, 5.64534832e-02, 6.13884888e-02, 6.42316123e-02,
   6.60322056e-02, 6.73496767e-02, 6.84507633e-02],
 [ 7.99887937e-18, 1.01803919e-17, 1.45434170e-17, 5.81736681e-18,
  -7.75648909e-17, 2.90868341e-17, 2.60618033e-17,-9.30778690e-17,
  -3.41918703e-17, 3.49042009e-17,-1.37893139e-16],
 [ 3.63585426e-19, 2.90868341e-18, 2.18151256e-18,-1.81792713e-18,
  -1.35738559e-17,-1.45434170e-18, 1.86155738e-18,-7.75648909e-18,
   9.49774174e-18,-8.72605022e-18,-6.43501317e-17],
 [ 0.00000000e+00, 0.00000000e+00, 0.00000000e+00, 0.00000000e+00,
   0.00000000e+00, 0.00000000e+00, 0.00000000e+00, 0.00000000e+00,
   0.00000000e+00, 0.00000000e+00, 0.00000000e+00],
 [ 0.00000000e+00, 0.00000000e+00, 0.00000000e+00, 0.00000000e+00,
   0.00000000e+00, 0.00000000e+00, 0.00000000e+00, 0.00000000e+00,
   0.00000000e+00, 0.00000000e+00, 0.00000000e+00],
 [ 0.00000000e+00, 0.00000000e+00, 0.00000000e+00, 0.00000000e+00,
   0.00000000e+00, 0.00000000e+00, 0.00000000e+00, 0.00000000e+00,
   0.00000000e+00, 0.00000000e+00, 0.00000000e+00],
 [ 0.00000000e+00, 0.00000000e+00, 0.00000000e+00, 0.00000000e+00,
   0.00000000e+00, 0.00000000e+00, 0.00000000e+00, 0.00000000e+00,
   0.00000000e+00, 0.00000000e+00, 0.00000000e+00],
 [ 0.00000000e+00, 0.00000000e+00, 0.00000000e+00, 0.00000000e+00,
   0.00000000e+00, 0.00000000e+00, 0.00000000e+00, 0.00000000e+00,
   0.00000000e+00, 0.00000000e+00, 0.00000000e+00],
 [ 0.00000000e+00, 0.00000000e+00, 0.00000000e+00, 0.00000000e+00,
   0.00000000e+00, 0.00000000e+00, 0.00000000e+00, 0.00000000e+00,
   0.00000000e+00, 0.00000000e+00, 0.00000000e+00],
 [ 0.00000000e+00, 0.00000000e+00, 0.00000000e+00, 0.00000000e+00,
   0.00000000e+00, 0.00000000e+00, 0.00000000e+00, 0.00000000e+00,
   0.00000000e+00, 0.00000000e+00, 0.00000000e+00],
 [ 0.00000000e+00, 0.00000000e+00, 0.00000000e+00, 0.00000000e+00,
   0.00000000e+00, 0.00000000e+00, 0.00000000e+00, 0.00000000e+00,
   0.00000000e+00, 0.00000000e+00, 0.00000000e+00]]
measureGC
[1.        ,1.26027555,1.71794172,3.04869446,0.86648827,0.15212433,
 0.18375414,0.18375414,0.18375414,0.18375414,0.18375414,0.18375414,
 0.18375414,0.18375414,0.18375414,0.18375414,0.18375414,0.18375414,
 0.18375414,0.18375414]
measureAPL
[1.00000000e+00,7.60271072e-01,6.06099111e-01,4.65904278e-01,
 2.96484540e-01,6.90385430e-02,3.30368488e-02,1.18593816e-02,
 4.23549343e-03,1.69419737e-03,8.47098687e-04,8.47098687e-04,
 4.23549343e-04,4.23549343e-04,4.23549343e-04,4.23549343e-04,
 4.23549343e-04,4.23549343e-04,4.23549343e-04,4.23549343e-04]