PercentOfNodes
[0.  ,0.05,0.1 ,0.15,0.2 ,0.25,0.3 ,0.35,0.4 ,0.45,0.5 ,0.55,0.6 ,0.65,
 0.7 ,0.75,0.8 ,0.85,0.9 ]

RandomAttack
Tq
[[0.80318257,2.79890321,2.69816399,2.47419164,2.30306617,2.17846668,
  2.08635898,2.01642749,1.96186844,1.91824237,1.88260976],
 [0.71230805,2.74613116,2.69053453,2.46997428,2.29918507,2.17356368,
  2.07983232,2.00819076,1.95207733,1.90712798,1.87040107],
 [0.63662124,2.68849259,2.68225217,2.4613434 ,2.28484835,2.15461186,
  2.05828785,1.98543515,1.92884172,1.88374914,1.84701568],
 [0.58666561,2.61458243,2.6447885 ,2.43277193,2.26323041,2.13748797,
  2.04366239,1.97209853,1.91616712,1.87143731,1.83492877],
 [0.51865703,2.53110858,2.61482997,2.40417199,2.23562648,2.11191703,
  2.0204333 ,1.95110162,1.89714462,1.8541049 ,1.81902169],
 [0.48040453,2.46962787,2.58743592,2.38424455,2.21837409,2.09532935,
  2.00383809,1.93422267,1.87983358,1.83628252,1.80065866],
 [0.42360775,2.3873381 ,2.58058645,2.38214888,2.21849855,2.0968754 ,
  2.00602086,1.9366734 ,1.88249632,1.83922973,1.80398679],
 [0.33670145,2.22318765,2.55168266,2.36880007,2.20957615,2.08925848,
  1.99878297,1.92947367,1.87519855,1.83179098,1.79640315],
 [0.30707881,2.1135708 ,2.52842596,2.36149334,2.20657425,2.08700127,
  1.99652028,1.92715264,1.87285645,1.82943948,1.79403179],
 [0.27880763,2.00359939,2.49204939,2.33910926,2.18984588,2.07253093,
  1.98317669,1.91461992,1.86099803,1.81815491,1.78324071],
 [0.2525451 ,1.88167033,2.45599189,2.32071327,2.18058207,2.06790839,
  1.98023565,1.91190748,1.85795421,1.81462715,1.77923604],
 [0.22337597,1.74710053,2.40051653,2.2728091 ,2.12725538,2.00859634,
  1.9172332 ,1.84700654,1.79216046,1.7484647 ,1.7129779 ],
 [0.20961298,1.64038981,2.33614126,2.22028225,2.07944088,1.96504053,
  1.87788166,1.81139634,1.75971721,1.71866537,1.68538864],
 [0.18894815,1.47170254,2.24141765,2.15097459,2.01634449,1.903112  ,
  1.8162569 ,1.75012533,1.69895022,1.65850263,1.62587181],
 [0.15520697,1.23749458,2.11568663,2.06248949,1.94228711,1.83796373,
  1.75748847,1.69625646,1.64897521,1.61168587,1.581658  ],
 [0.12002413,0.92949033,1.888457  ,1.93863785,1.88166069,1.82070313,
  1.76962349,1.72869664,1.69596785,1.66953082,1.64789545],
 [0.10262349,0.7486791 ,1.65143687,1.72930337,1.67850494,1.61891927,
  1.56874978,1.52899014,1.4975961 ,1.47251291,1.45216293],
 [0.08140478,0.48887177,1.25527769,1.43462999,1.43378461,1.39919376,
  1.36209573,1.32970422,1.3029239 ,1.28106649,1.26319017],
 [0.0437975 ,0.23581295,0.75704624,1.01429418,1.06555367,1.06308443,
  1.04785248,1.03109474,1.01587976,1.00281534,0.99177961],
 [0.00615092,0.01529243,0.03392269,0.0603526 ,0.08417144,0.09925203,
  0.10742787,0.11189322,0.11455511,0.11631546,0.11759278]]
measureGC
[1.        ,0.88013554,0.82507412,0.76154172,0.70605676,0.64845404,
 0.58703939,0.5158831 ,0.45531554,0.40448962,0.34900466,0.30241423,
 0.25201186,0.20160949,0.15756036,0.10758153,0.07581533,0.03939009,
 0.01736552,0.00211775]
measureAPL
[1.        ,1.00383407,1.02709443,1.00680792,1.0123105 ,1.01986175,
 1.0582338 ,1.07108881,1.09401362,1.10026963,1.10581283,1.13551054,
 1.17988056,1.21725256,1.34011593,1.59420133,1.80927429,1.67110535,
 1.65033815,0.1778494 ]

Degree
Tq
[[ 7.04648873e-01, 2.46766596e+00, 2.35711846e+00, 2.15503930e+00,
   2.00281128e+00, 1.89225559e+00, 1.81041365e+00, 1.74809807e+00,
   1.69931970e+00, 1.66018531e+00, 1.62811871e+00],
 [ 2.56681630e-01, 2.11181237e+00, 2.63482285e+00, 2.52382075e+00,
   2.42252751e+00, 2.34665294e+00, 2.28947911e+00, 2.24499113e+00,
   2.20929598e+00, 2.17993634e+00, 2.15531304e+00],
 [ 1.67928877e-01, 1.60077080e+00, 2.59770318e+00, 2.58895237e+00,
   2.53049743e+00, 2.47795586e+00, 2.43562599e+00, 2.40172133e+00,
   2.37413957e+00, 2.35128350e+00, 2.33202480e+00],
 [ 9.01773373e-02, 6.63585498e-01, 1.73898980e+00, 1.96106630e+00,
   2.00559008e+00, 2.01294366e+00, 2.01012286e+00, 2.00457987e+00,
   1.99866976e+00, 1.99314329e+00, 1.98820444e+00],
 [ 2.69588612e-02, 9.86351833e-02, 3.31276554e-01, 6.28549182e-01,
   7.97882520e-01, 8.81519677e-01, 9.25462664e-01, 9.50144869e-01,
   9.64752837e-01, 9.73747172e-01, 9.79442414e-01],
 [ 3.97451902e-03, 9.64017181e-03, 2.17081607e-02, 4.21924829e-02,
   6.79640055e-02, 9.32230547e-02, 1.15078111e-01, 1.33262194e-01,
   1.48189231e-01, 1.60330922e-01, 1.70155762e-01],
 [ 6.18095224e-18, 1.23619045e-17, 7.27170852e-18, 7.27170852e-18,
  -4.65389345e-17, 2.03607839e-17, 3.35080329e-17,-6.46374090e-17,
   7.59819339e-18, 4.07215677e-17,-5.51572557e-17],
 [-1.81792713e-19, 2.72689069e-18, 0.00000000e+00, 3.99943968e-18,
  -1.29274818e-17, 1.52705879e-17,-3.08148791e-34,-1.29274818e-17,
  -2.84932252e-17, 8.72605022e-18,-8.27358836e-17],
 [ 0.00000000e+00, 0.00000000e+00, 0.00000000e+00, 0.00000000e+00,
   0.00000000e+00, 0.00000000e+00, 0.00000000e+00, 0.00000000e+00,
   0.00000000e+00, 0.00000000e+00, 0.00000000e+00],
 [ 0.00000000e+00, 0.00000000e+00, 0.00000000e+00, 0.00000000e+00,
   0.00000000e+00, 0.00000000e+00, 0.00000000e+00, 0.00000000e+00,
   0.00000000e+00, 0.00000000e+00, 0.00000000e+00],
 [ 0.00000000e+00, 0.00000000e+00, 0.00000000e+00, 0.00000000e+00,
   0.00000000e+00, 0.00000000e+00, 0.00000000e+00, 0.00000000e+00,
   0.00000000e+00, 0.00000000e+00, 0.00000000e+00],
 [ 0.00000000e+00, 0.00000000e+00, 0.00000000e+00, 0.00000000e+00,
   0.00000000e+00, 0.00000000e+00, 0.00000000e+00, 0.00000000e+00,
   0.00000000e+00, 0.00000000e+00, 0.00000000e+00],
 [ 0.00000000e+00, 0.00000000e+00, 0.00000000e+00, 0.00000000e+00,
   0.00000000e+00, 0.00000000e+00, 0.00000000e+00, 0.00000000e+00,
   0.00000000e+00, 0.00000000e+00, 0.00000000e+00],
 [ 0.00000000e+00, 0.00000000e+00, 0.00000000e+00, 0.00000000e+00,
   0.00000000e+00, 0.00000000e+00, 0.00000000e+00, 0.00000000e+00,
   0.00000000e+00, 0.00000000e+00, 0.00000000e+00],
 [ 0.00000000e+00, 0.00000000e+00, 0.00000000e+00, 0.00000000e+00,
   0.00000000e+00, 0.00000000e+00, 0.00000000e+00, 0.00000000e+00,
   0.00000000e+00, 0.00000000e+00, 0.00000000e+00],
 [ 0.00000000e+00, 0.00000000e+00, 0.00000000e+00, 0.00000000e+00,
   0.00000000e+00, 0.00000000e+00, 0.00000000e+00, 0.00000000e+00,
   0.00000000e+00, 0.00000000e+00, 0.00000000e+00],
 [ 0.00000000e+00, 0.00000000e+00, 0.00000000e+00, 0.00000000e+00,
   0.00000000e+00, 0.00000000e+00, 0.00000000e+00, 0.00000000e+00,
   0.00000000e+00, 0.00000000e+00, 0.00000000e+00],
 [ 0.00000000e+00, 0.00000000e+00, 0.00000000e+00, 0.00000000e+00,
   0.00000000e+00, 0.00000000e+00, 0.00000000e+00, 0.00000000e+00,
   0.00000000e+00, 0.00000000e+00, 0.00000000e+00],
 [ 0.00000000e+00, 0.00000000e+00, 0.00000000e+00, 0.00000000e+00,
   0.00000000e+00, 0.00000000e+00, 0.00000000e+00, 0.00000000e+00,
   0.00000000e+00, 0.00000000e+00, 0.00000000e+00],
 [ 0.00000000e+00, 0.00000000e+00, 0.00000000e+00, 0.00000000e+00,
   0.00000000e+00, 0.00000000e+00, 0.00000000e+00, 0.00000000e+00,
   0.00000000e+00, 0.00000000e+00, 0.00000000e+00]]
measureGC
[1.        ,1.00383407,1.02709443,1.00680792,1.0123105 ,1.01986175,
 1.0582338 ,1.07108881,1.09401362,1.10026963,1.10581283,1.13551054,
 1.17988056,1.21725256,1.34011593,1.59420133,1.80927429,1.67110535,
 1.65033815,0.1778494 ]
measureAPL
[1.00000000e+00,7.09868700e-01,5.21812791e-01,2.68953833e-01,
 1.90597205e-02,2.54129606e-03,8.47098687e-04,8.47098687e-04,
 4.23549343e-04,4.23549343e-04,4.23549343e-04,4.23549343e-04,
 4.23549343e-04,4.23549343e-04,4.23549343e-04,4.23549343e-04,
 4.23549343e-04,4.23549343e-04,4.23549343e-04,4.23549343e-04]

Centrality
Tq
[[ 7.32991623e-01, 2.62419346e+00, 2.52532109e+00, 2.31325595e+00,
   2.15236222e+00, 2.03503417e+00, 1.94787630e+00, 1.88135286e+00,
   1.82919678e+00, 1.78730375e+00, 1.75294575e+00],
 [ 3.53209745e-01, 2.38093002e+00, 2.75635270e+00, 2.62540778e+00,
   2.50580902e+00, 2.41122614e+00, 2.33631747e+00, 2.27594749e+00,
   2.22652750e+00, 2.18554474e+00, 2.15117393e+00],
 [ 2.45782996e-01, 1.89894396e+00, 2.63708971e+00, 2.56477560e+00,
   2.45962868e+00, 2.37030301e+00, 2.29973864e+00, 2.24418535e+00,
   2.19988015e+00, 2.16397140e+00, 2.13440713e+00],
 [ 1.87943367e-01, 1.26501785e+00, 2.13352658e+00, 2.19287523e+00,
   2.16452659e+00, 2.12705496e+00, 2.09425554e+00, 2.06779802e+00,
   2.04682347e+00, 2.03018858e+00, 2.01691755e+00],
 [ 1.28800588e-01, 6.60340742e-01, 1.35073713e+00, 1.47677249e+00,
   1.46393983e+00, 1.42820435e+00, 1.39487569e+00, 1.36787970e+00,
   1.34657675e+00, 1.32973816e+00, 1.31630048e+00],
 [ 1.08701278e-01, 4.76486603e-01, 1.01557432e+00, 1.17392833e+00,
   1.18922457e+00, 1.16721845e+00, 1.13953271e+00, 1.11481852e+00,
   1.09432790e+00, 1.07758295e+00, 1.06387973e+00],
 [ 7.98876848e-02, 3.12797411e-01, 7.17458997e-01, 8.92204950e-01,
   9.27635653e-01, 9.21553973e-01, 9.05735711e-01, 8.89612299e-01,
   8.75545760e-01, 8.63831814e-01, 8.54224410e-01],
 [ 5.23628682e-02, 1.63529721e-01, 3.68939751e-01, 5.17636894e-01,
   5.78527128e-01, 5.96811513e-01, 5.98271831e-01, 5.93679771e-01,
   5.87214454e-01, 5.80464822e-01, 5.74025228e-01],
 [ 2.03246982e-02, 5.26245538e-02, 1.14866055e-01, 1.85932093e-01,
   2.36228943e-01, 2.64897126e-01, 2.80197282e-01, 2.87794667e-01,
   2.90885398e-01, 2.91322506e-01, 2.90216479e-01],
 [ 5.38086556e-03, 1.18893181e-02, 2.34234800e-02, 3.85126024e-02,
   5.22215138e-02, 6.14679902e-02, 6.68232688e-02, 6.98905191e-02,
   7.18183383e-02, 7.32229300e-02, 7.44019506e-02],
 [-1.37747188e-17,-2.02029209e-17,-2.57128084e-17,-2.57128084e-17,
   9.79535559e-18,-5.87721335e-17,-2.82106241e-17, 2.28558297e-17,
  -9.11567785e-17,-7.34651669e-17,-1.16093103e-17],
 [-1.95141850e-18,-2.06620782e-18,-5.05073022e-18,-8.95356721e-18,
   8.57093614e-18,-1.10197750e-17,-5.87721335e-18, 1.14279148e-17,
  -3.59829389e-17,-4.77523585e-17, 3.48279310e-17],
 [ 0.00000000e+00, 0.00000000e+00, 0.00000000e+00, 0.00000000e+00,
   0.00000000e+00, 0.00000000e+00, 0.00000000e+00, 0.00000000e+00,
   0.00000000e+00, 0.00000000e+00, 0.00000000e+00],
 [ 0.00000000e+00, 0.00000000e+00, 0.00000000e+00, 0.00000000e+00,
   0.00000000e+00, 0.00000000e+00, 0.00000000e+00, 0.00000000e+00,
   0.00000000e+00, 0.00000000e+00, 0.00000000e+00],
 [ 0.00000000e+00, 0.00000000e+00, 0.00000000e+00, 0.00000000e+00,
   0.00000000e+00, 0.00000000e+00, 0.00000000e+00, 0.00000000e+00,
   0.00000000e+00, 0.00000000e+00, 0.00000000e+00],
 [ 0.00000000e+00, 0.00000000e+00, 0.00000000e+00, 0.00000000e+00,
   0.00000000e+00, 0.00000000e+00, 0.00000000e+00, 0.00000000e+00,
   0.00000000e+00, 0.00000000e+00, 0.00000000e+00],
 [ 0.00000000e+00, 0.00000000e+00, 0.00000000e+00, 0.00000000e+00,
   0.00000000e+00, 0.00000000e+00, 0.00000000e+00, 0.00000000e+00,
   0.00000000e+00, 0.00000000e+00, 0.00000000e+00],
 [ 0.00000000e+00, 0.00000000e+00, 0.00000000e+00, 0.00000000e+00,
   0.00000000e+00, 0.00000000e+00, 0.00000000e+00, 0.00000000e+00,
   0.00000000e+00, 0.00000000e+00, 0.00000000e+00],
 [ 0.00000000e+00, 0.00000000e+00, 0.00000000e+00, 0.00000000e+00,
   0.00000000e+00, 0.00000000e+00, 0.00000000e+00, 0.00000000e+00,
   0.00000000e+00, 0.00000000e+00, 0.00000000e+00],
 [ 0.00000000e+00, 0.00000000e+00, 0.00000000e+00, 0.00000000e+00,
   0.00000000e+00, 0.00000000e+00, 0.00000000e+00, 0.00000000e+00,
   0.00000000e+00, 0.00000000e+00, 0.00000000e+00]]
measureGC
[1.        ,1.29447702,1.75462743,3.06143927,1.80247791,0.15418182,
 0.18708254,0.18708254,0.18708254,0.18708254,0.18708254,0.18708254,
 0.18708254,0.18708254,0.18708254,0.18708254,0.18708254,0.18708254,
 0.18708254,0.18708254]
measureAPL
[1.00000000e+00,7.60271072e-01,6.06099111e-01,4.65904278e-01,
 2.96484540e-01,6.90385430e-02,3.30368488e-02,1.18593816e-02,
 4.23549343e-03,1.69419737e-03,8.47098687e-04,8.47098687e-04,
 4.23549343e-04,4.23549343e-04,4.23549343e-04,4.23549343e-04,
 4.23549343e-04,4.23549343e-04,4.23549343e-04,4.23549343e-04]