PercentOfNodes
[0.  ,0.05,0.1 ,0.15,0.2 ,0.25,0.3 ,0.35,0.4 ,0.45,0.5 ,0.55,0.6 ,0.65,
 0.7 ,0.75,0.8 ,0.85,0.9 ]

RandomAttack
Tq
[[0.80318257,2.79890321,2.69816399,2.47419164,2.30306617,2.17846668,
  2.08635898,2.01642749,1.96186844,1.91824237,1.88260976],
 [0.65647351,2.72521575,2.69466894,2.47517181,2.30401174,2.17850983,
  2.08545815,2.01470606,1.95945905,1.91525654,1.87913611],
 [0.57712555,2.64421207,2.67759132,2.45983935,2.28556518,2.15789025,
  2.06409924,1.99346526,1.93871761,1.89513455,1.85963179],
 [0.4966407 ,2.55372564,2.64665245,2.43641236,2.2678033 ,2.14423332,
  2.05309895,1.98410142,1.93036266,1.88742073,1.85234502],
 [0.41018944,2.43276905,2.63707699,2.4387991 ,2.27450476,2.15312782,
  2.06352937,1.9957894 ,1.9431197 ,1.90108642,1.86677872],
 [0.38636247,2.37030346,2.61727005,2.43130401,2.27300112,2.15416496,
  2.06548355,1.99792994,1.94511731,1.90278613,1.86810469],
 [0.34478573,2.27066681,2.56902997,2.38399331,2.22739253,2.11173266,
  2.02662566,1.96251377,1.91284493,1.87333957,1.84118733],
 [0.31080463,2.18777038,2.55639401,2.38373117,2.23471776,2.12345394,
  2.04050236,1.97730433,1.92794036,1.88846441,1.85623288],
 [0.27789567,2.05738006,2.51665399,2.35181166,2.20178392,2.08880926,
  2.00482272,1.9411946 ,1.89179715,1.85253081,1.82064985],
 [0.24559676,1.92146286,2.47253823,2.32085317,2.17388596,2.06102999,
  1.97645409,1.91222643,1.86235792,1.82273186,1.79056426],
 [0.22976089,1.84199209,2.43106117,2.28749924,2.14500338,2.03562673,
  1.95372579,1.89145269,1.84296919,1.80431564,1.77283237],
 [0.20987655,1.70282545,2.35182783,2.22526361,2.08883167,1.98192062,
  1.90126301,1.83980659,1.79196264,1.75385795,1.72286929],
 [0.17991657,1.521258  ,2.29169209,2.19427822,2.06387213,1.95567387,
  1.87217326,1.80812079,1.75822114,1.71854008,1.68634969],
 [0.16600997,1.37184128,2.21235522,2.15031804,2.03614847,1.9381838 ,
  1.86171712,1.80261599,1.75635147,1.71947755,1.68955876],
 [0.14518007,1.15577198,2.06891078,2.04584692,1.94538276,1.85494156,
  1.78401662,1.72942488,1.68691182,1.65318382,1.62592065],
 [0.12390859,0.91709369,1.8461918 ,1.8666832 ,1.77830484,1.69323501,
  1.62565523,1.57335395,1.53250084,1.50004513,1.47380412],
 [0.10520018,0.73746853,1.64923595,1.73522112,1.67990371,1.61139447,
  1.55297044,1.50658455,1.47000964,1.44086645,1.41729802],
 [0.07915509,0.5451318 ,1.40563958,1.53204236,1.48836589,1.426925  ,
  1.37399907,1.33191863,1.29868006,1.27212197,1.25057755],
 [0.04260057,0.23732776,0.75829157,1.01951228,1.08266081,1.09504969,
  1.09444143,1.09048385,1.0859503 ,1.08169177,1.07794338],
 [0.01035628,0.02519969,0.05320012,0.08694116,0.10991278,0.11902343,
  0.12060908,0.11940315,0.11742369,0.11538348,0.11351001]]
measureGC
[1.        ,0.87335875,0.80982634,0.7441762 ,0.67344346,0.61965269,
 0.56247353,0.50783566,0.44811521,0.39220669,0.34688691,0.29648454,
 0.24269377,0.19822109,0.14824227,0.10673443,0.07073274,0.04404913,
 0.02033037,0.00211775]
measureAPL
[1.        ,1.03775355,1.03176715,1.03764679,1.05719097,1.07159017,
 1.06718301,1.07814546,1.11422597,1.12661892,1.12208363,1.1604756 ,
 1.24786747,1.42852831,1.4700944 ,1.5741336 ,1.48389134,1.32971094,
 2.27668561,0.21537108]

Degree
Tq
[[ 7.04380832e-01, 2.46644740e+00, 2.35606731e+00, 2.15397092e+00,
   2.00158897e+00, 1.89080322e+00, 1.80879905e+00, 1.74640635e+00,
   1.69760552e+00, 1.65847609e+00, 1.62642479e+00],
 [ 2.54062105e-01, 2.10338118e+00, 2.63301394e+00, 2.52270271e+00,
   2.42159357e+00, 2.34572205e+00, 2.28851601e+00, 2.24402452e+00,
   2.20837226e+00, 2.17909824e+00, 2.15459044e+00],
 [ 1.71986903e-01, 1.62148596e+00, 2.60819832e+00, 2.59443440e+00,
   2.53190805e+00, 2.47594529e+00, 2.43092151e+00, 2.39500253e+00,
   2.36597394e+00, 2.34211278e+00, 2.32217717e+00],
 [ 8.99398239e-02, 6.26649012e-01, 1.66683880e+00, 1.90378831e+00,
   1.95412403e+00, 1.96280976e+00, 1.95930978e+00, 1.95231153e+00,
   1.94480243e+00, 1.93781976e+00, 1.93166339e+00],
 [ 2.61073729e-02, 9.50064648e-02, 3.14654963e-01, 5.94239757e-01,
   7.53573520e-01, 8.32225105e-01, 8.74557380e-01, 8.99958970e-01,
   9.16731395e-01, 9.28645249e-01, 9.37536338e-01],
 [ 3.92005047e-03, 9.06147384e-03, 1.91257831e-02, 3.44940343e-02,
   5.17024964e-02, 6.66632468e-02, 7.82195808e-02, 8.70428833e-02,
   9.39740146e-02, 9.95898376e-02, 1.04256027e-01],
 [ 4.72661054e-18, 4.36302511e-18, 1.30890753e-17, 8.72605022e-18,
  -4.78316827e-17, 2.03607839e-17, 1.23259516e-33,-3.10259563e-17,
   1.51963868e-17, 1.74521004e-17,-1.24103825e-16],
 [ 1.81792713e-19, 2.54509798e-18, 0.00000000e+00, 5.09019596e-18,
  -1.03419854e-17, 8.72605022e-18, 4.65389345e-18,-2.45622154e-17,
  -3.41918703e-17, 1.16347336e-17,-6.43501317e-17],
 [ 0.00000000e+00, 0.00000000e+00, 0.00000000e+00, 0.00000000e+00,
   0.00000000e+00, 0.00000000e+00, 0.00000000e+00, 0.00000000e+00,
   0.00000000e+00, 0.00000000e+00, 0.00000000e+00],
 [ 0.00000000e+00, 0.00000000e+00, 0.00000000e+00, 0.00000000e+00,
   0.00000000e+00, 0.00000000e+00, 0.00000000e+00, 0.00000000e+00,
   0.00000000e+00, 0.00000000e+00, 0.00000000e+00],
 [ 0.00000000e+00, 0.00000000e+00, 0.00000000e+00, 0.00000000e+00,
   0.00000000e+00, 0.00000000e+00, 0.00000000e+00, 0.00000000e+00,
   0.00000000e+00, 0.00000000e+00, 0.00000000e+00],
 [ 0.00000000e+00, 0.00000000e+00, 0.00000000e+00, 0.00000000e+00,
   0.00000000e+00, 0.00000000e+00, 0.00000000e+00, 0.00000000e+00,
   0.00000000e+00, 0.00000000e+00, 0.00000000e+00],
 [ 0.00000000e+00, 0.00000000e+00, 0.00000000e+00, 0.00000000e+00,
   0.00000000e+00, 0.00000000e+00, 0.00000000e+00, 0.00000000e+00,
   0.00000000e+00, 0.00000000e+00, 0.00000000e+00],
 [ 0.00000000e+00, 0.00000000e+00, 0.00000000e+00, 0.00000000e+00,
   0.00000000e+00, 0.00000000e+00, 0.00000000e+00, 0.00000000e+00,
   0.00000000e+00, 0.00000000e+00, 0.00000000e+00],
 [ 0.00000000e+00, 0.00000000e+00, 0.00000000e+00, 0.00000000e+00,
   0.00000000e+00, 0.00000000e+00, 0.00000000e+00, 0.00000000e+00,
   0.00000000e+00, 0.00000000e+00, 0.00000000e+00],
 [ 0.00000000e+00, 0.00000000e+00, 0.00000000e+00, 0.00000000e+00,
   0.00000000e+00, 0.00000000e+00, 0.00000000e+00, 0.00000000e+00,
   0.00000000e+00, 0.00000000e+00, 0.00000000e+00],
 [ 0.00000000e+00, 0.00000000e+00, 0.00000000e+00, 0.00000000e+00,
   0.00000000e+00, 0.00000000e+00, 0.00000000e+00, 0.00000000e+00,
   0.00000000e+00, 0.00000000e+00, 0.00000000e+00],
 [ 0.00000000e+00, 0.00000000e+00, 0.00000000e+00, 0.00000000e+00,
   0.00000000e+00, 0.00000000e+00, 0.00000000e+00, 0.00000000e+00,
   0.00000000e+00, 0.00000000e+00, 0.00000000e+00],
 [ 0.00000000e+00, 0.00000000e+00, 0.00000000e+00, 0.00000000e+00,
   0.00000000e+00, 0.00000000e+00, 0.00000000e+00, 0.00000000e+00,
   0.00000000e+00, 0.00000000e+00, 0.00000000e+00],
 [ 0.00000000e+00, 0.00000000e+00, 0.00000000e+00, 0.00000000e+00,
   0.00000000e+00, 0.00000000e+00, 0.00000000e+00, 0.00000000e+00,
   0.00000000e+00, 0.00000000e+00, 0.00000000e+00]]
measureGC
[1.        ,1.03775355,1.03176715,1.03764679,1.05719097,1.07159017,
 1.06718301,1.07814546,1.11422597,1.12661892,1.12208363,1.1604756 ,
 1.24786747,1.42852831,1.4700944 ,1.5741336 ,1.48389134,1.32971094,
 2.27668561,0.21537108]
measureAPL
[1.00000000e+00,7.08174502e-01,5.25201186e-01,2.55823803e-01,
 1.90597205e-02,2.11774672e-03,8.47098687e-04,8.47098687e-04,
 4.23549343e-04,4.23549343e-04,4.23549343e-04,4.23549343e-04,
 4.23549343e-04,4.23549343e-04,4.23549343e-04,4.23549343e-04,
 4.23549343e-04,4.23549343e-04,4.23549343e-04,4.23549343e-04]

Centrality
Tq
[[ 7.26039806e-01, 2.62174937e+00, 2.52682649e+00, 2.31583689e+00,
   2.15553050e+00, 2.03828904e+00, 1.95088153e+00, 1.88396205e+00,
   1.83138679e+00, 1.78911213e+00, 1.75443113e+00],
 [ 3.54718738e-01, 2.38149010e+00, 2.75510865e+00, 2.62439465e+00,
   2.50543524e+00, 2.41164555e+00, 2.33752023e+00, 2.27788270e+00,
   2.22914418e+00, 2.18878993e+00, 2.15499138e+00],
 [ 2.45893120e-01, 1.89769026e+00, 2.63759878e+00, 2.56576281e+00,
   2.46058250e+00, 2.37104706e+00, 2.30021759e+00, 2.24437256e+00,
   2.19976855e+00, 2.16356904e+00, 2.13373139e+00],
 [ 1.87574807e-01, 1.26420345e+00, 2.13316745e+00, 2.19221177e+00,
   2.16352636e+00, 2.12599241e+00, 2.09336234e+00, 2.06715571e+00,
   2.04640431e+00, 2.02991611e+00, 2.01670934e+00],
 [ 1.28666333e-01, 6.61013630e-01, 1.35174834e+00, 1.47855708e+00,
   1.46742980e+00, 1.43334734e+00, 1.40122519e+00, 1.37496231e+00,
   1.35401053e+00, 1.33725487e+00, 1.32372868e+00],
 [ 1.08258217e-01, 4.74933718e-01, 1.01355900e+00, 1.17200318e+00,
   1.18762023e+00, 1.16625940e+00, 1.13907462e+00, 1.11454819e+00,
   1.09403450e+00, 1.07717810e+00, 1.06334787e+00],
 [ 7.98013139e-02, 3.12135759e-01, 7.17504426e-01, 8.93354180e-01,
   9.29140881e-01, 9.23008015e-01, 9.06826373e-01, 8.90099019e-01,
   8.75287247e-01, 8.62775526e-01, 8.52377203e-01],
 [ 5.23733276e-02, 1.62950734e-01, 3.67052074e-01, 5.15395462e-01,
   5.76408334e-01, 5.95010521e-01, 5.96938880e-01, 5.92856521e-01,
   5.86874750e-01, 5.80557389e-01, 5.74491277e-01],
 [ 2.02184018e-02, 5.24749147e-02, 1.14953720e-01, 1.86588775e-01,
   2.37279868e-01, 2.66016112e-01, 2.81180153e-01, 2.88577718e-01,
   2.91488277e-01, 2.91795570e-01, 2.90611924e-01],
 [ 5.45417905e-03, 1.20308961e-02, 2.36658552e-02, 3.88835278e-02,
   5.27337828e-02, 6.21013096e-02, 6.75368251e-02, 7.06455140e-02,
   7.25853890e-02, 7.39801687e-02, 7.51309348e-02],
 [-1.37747188e-17,-1.74479771e-17,-3.30593251e-17,-2.02029209e-17,
   3.75488631e-17,-3.67325834e-17, 4.70177068e-18, 3.26511853e-17,
  -9.59545037e-17,-6.61186502e-17, 5.80465516e-18],
 [-2.52536511e-18,-2.52536511e-18,-4.13241564e-18,-7.80567398e-18,
   7.75465651e-18,-7.34651669e-18,-1.05789840e-17, 4.89767779e-18,
  -2.87863511e-17,-4.77523585e-17, 2.90232758e-17],
 [ 0.00000000e+00, 0.00000000e+00, 0.00000000e+00, 0.00000000e+00,
   0.00000000e+00, 0.00000000e+00, 0.00000000e+00, 0.00000000e+00,
   0.00000000e+00, 0.00000000e+00, 0.00000000e+00],
 [ 0.00000000e+00, 0.00000000e+00, 0.00000000e+00, 0.00000000e+00,
   0.00000000e+00, 0.00000000e+00, 0.00000000e+00, 0.00000000e+00,
   0.00000000e+00, 0.00000000e+00, 0.00000000e+00],
 [ 0.00000000e+00, 0.00000000e+00, 0.00000000e+00, 0.00000000e+00,
   0.00000000e+00, 0.00000000e+00, 0.00000000e+00, 0.00000000e+00,
   0.00000000e+00, 0.00000000e+00, 0.00000000e+00],
 [ 0.00000000e+00, 0.00000000e+00, 0.00000000e+00, 0.00000000e+00,
   0.00000000e+00, 0.00000000e+00, 0.00000000e+00, 0.00000000e+00,
   0.00000000e+00, 0.00000000e+00, 0.00000000e+00],
 [ 0.00000000e+00, 0.00000000e+00, 0.00000000e+00, 0.00000000e+00,
   0.00000000e+00, 0.00000000e+00, 0.00000000e+00, 0.00000000e+00,
   0.00000000e+00, 0.00000000e+00, 0.00000000e+00],
 [ 0.00000000e+00, 0.00000000e+00, 0.00000000e+00, 0.00000000e+00,
   0.00000000e+00, 0.00000000e+00, 0.00000000e+00, 0.00000000e+00,
   0.00000000e+00, 0.00000000e+00, 0.00000000e+00],
 [ 0.00000000e+00, 0.00000000e+00, 0.00000000e+00, 0.00000000e+00,
   0.00000000e+00, 0.00000000e+00, 0.00000000e+00, 0.00000000e+00,
   0.00000000e+00, 0.00000000e+00, 0.00000000e+00],
 [ 0.00000000e+00, 0.00000000e+00, 0.00000000e+00, 0.00000000e+00,
   0.00000000e+00, 0.00000000e+00, 0.00000000e+00, 0.00000000e+00,
   0.00000000e+00, 0.00000000e+00, 0.00000000e+00]]
measureGC
[1.        ,1.28547453,1.74224254,3.24839375,1.75730541,0.13915398,
 0.18593425,0.18593425,0.18593425,0.18593425,0.18593425,0.18593425,
 0.18593425,0.18593425,0.18593425,0.18593425,0.18593425,0.18593425,
 0.18593425,0.18593425]
measureAPL
[1.00000000e+00,7.60271072e-01,6.06099111e-01,4.65904278e-01,
 2.96484540e-01,6.90385430e-02,3.30368488e-02,1.18593816e-02,
 4.23549343e-03,1.69419737e-03,8.47098687e-04,8.47098687e-04,
 4.23549343e-04,4.23549343e-04,4.23549343e-04,4.23549343e-04,
 4.23549343e-04,4.23549343e-04,4.23549343e-04,4.23549343e-04]