PercentOfNodes
[0.  ,0.05,0.1 ,0.15,0.2 ,0.25,0.3 ,0.35,0.4 ,0.45,0.5 ,0.55,0.6 ,0.65,
 0.7 ,0.75,0.8 ,0.85,0.9 ]

RandomAttack
Tq
[[0.80318257,2.79890321,2.69816399,2.47419164,2.30306617,2.17846668,
  2.08635898,2.01642749,1.96186844,1.91824237,1.88260976],
 [0.69239984,2.74186869,2.69748907,2.48038042,2.311427  ,2.18693298,
  2.09419065,2.02347679,1.96818335,1.92391517,1.88773014],
 [0.60858165,2.65730101,2.67952273,2.46407816,2.29059025,2.16191993,
  2.06629665,1.99365611,1.93702712,1.89178546,1.85485688],
 [0.55166514,2.58771405,2.65678745,2.45214257,2.28584744,2.16124826,
  2.06756572,1.9956581 ,1.9391597 ,1.89379091,1.85665615],
 [0.480881  ,2.47795706,2.61146847,2.41226051,2.25123586,2.13142264,
  2.04138016,1.97216713,1.91769396,1.87386081,1.83788631],
 [0.44472307,2.42331091,2.60043526,2.41091026,2.25128879,2.13042164,
  2.03903409,1.96865969,1.91325442,1.86868989,1.83215187],
 [0.39470671,2.33305135,2.55305647,2.36619082,2.21027574,2.09332014,
  2.00548394,1.93820531,1.88548152,1.84324003,1.80871124],
 [0.35543996,2.23364914,2.53171692,2.3596087 ,2.20753931,2.08999719,
  2.00028655,1.93108137,1.8767234 ,1.83317693,1.79762984],
 [0.33009652,2.15933096,2.51795984,2.35364994,2.20632625,2.09318128,
  2.00682018,1.93975497,1.88661564,1.84370153,1.80844655],
 [0.28915666,2.04276414,2.47074317,2.31798808,2.17926931,2.07277198,
  1.99134076,1.92800519,1.87777802,1.83719044,1.80382145],
 [0.28616027,1.99924657,2.44724973,2.30202647,2.1637955 ,2.05542216,
  1.97184172,1.90665968,1.85498556,1.81331646,1.77916435],
 [0.23422308,1.80670682,2.38318872,2.25166577,2.11507938,2.00710941,
  1.92428347,1.86011151,1.80946829,1.76872437,1.73535071],
 [0.23617679,1.75800132,2.34474892,2.2254424 ,2.09363852,1.98665773,
  1.90319443,1.83789419,1.78611941,1.74441586,1.71029645],
 [0.20501165,1.60091864,2.27937986,2.17934391,2.05712952,1.95778683,
  1.88067694,1.82045888,1.77265941,1.73405847,1.70238237],
 [0.18234237,1.41942546,2.17575047,2.10647597,1.99606854,1.90207773,
  1.82776417,1.76929928,1.72279475,1.68525888,1.65450788],
 [0.13366755,1.09412167,1.99865059,1.98884193,1.90054269,1.81766941,
  1.75051537,1.69761729,1.65575389,1.62213877,1.59470253],
 [0.09858057,0.72805242,1.64088506,1.70950166,1.64930533,1.58255424,
  1.52684492,1.48265499,1.44762473,1.41949344,1.39654184],
 [0.07792323,0.52274636,1.36176931,1.50089307,1.47081977,1.41995306,
  1.37396552,1.33634372,1.30607674,1.28158454,1.26152595],
 [0.04798856,0.21612865,0.64993068,0.89523608,0.9452924 ,0.93879594,
  0.92002392,0.90082602,0.88394616,0.86966216,0.85765428],
 [0.01689766,0.04942956,0.12360898,0.21426067,0.27348262,0.30243604,
  0.3159758 ,0.32247798,0.32561007,0.32700372,0.3274496 ]]
measureGC
[1.        ,0.87971199,0.81279119,0.75391783,0.69292673,0.63574756,
 0.57983905,0.52477764,0.47013977,0.4197374 ,0.37187632,0.31427361,
 0.27064803,0.22702245,0.17704363,0.12282931,0.07285049,0.04362558,
 0.01397713,0.00338839]
measureAPL
[1.        ,1.02748728,1.0307704 ,1.03060621,1.01874885,1.02883528,
 1.06489247,1.06622497,1.09887653,1.09829365,1.12054888,1.13014047,
 1.14049801,1.2075023 ,1.26016937,1.31656252,1.39652281,1.40028276,
 0.98156296,0.29295361]

Degree
Tq
[[ 7.59473519e-01, 2.62464195e+00, 2.51375022e+00, 2.30037139e+00,
   2.13852972e+00, 2.02089956e+00, 1.93410049e+00, 1.86832323e+00,
   1.81707092e+00, 1.77611124e+00, 1.74265436e+00],
 [ 2.75643773e-01, 2.20628302e+00, 2.76518391e+00, 2.65596898e+00,
   2.55410162e+00, 2.47797257e+00, 2.42097249e+00, 2.37691061e+00,
   2.34174988e+00, 2.31294525e+00, 2.28884955e+00],
 [ 1.84309816e-01, 1.65485626e+00, 2.65446534e+00, 2.65702134e+00,
   2.60450846e+00, 2.55589246e+00, 2.51670891e+00, 2.48558298e+00,
   2.46054220e+00, 2.44003147e+00, 2.42293886e+00],
 [ 9.61471617e-02, 6.47355945e-01, 1.66939616e+00, 1.91060890e+00,
   1.96674909e+00, 1.98064745e+00, 1.98167582e+00, 1.97861472e+00,
   1.97456565e+00, 1.97065324e+00, 1.96724048e+00],
 [ 2.96396997e-02, 1.07302046e-01, 3.36919298e-01, 6.10165570e-01,
   7.69421020e-01, 8.53600780e-01, 9.01708615e-01, 9.31430274e-01,
   9.50994034e-01, 9.64549033e-01, 9.74332453e-01],
 [ 4.13726410e-03, 1.03298445e-02, 2.45598970e-02, 5.16004858e-02,
   8.99387304e-02, 1.30571951e-01, 1.66259894e-01, 1.94923344e-01,
   2.17087958e-01, 2.33991685e-01, 2.46881754e-01],
 [-7.80567398e-18,-6.42820210e-18,-1.19380896e-17,-1.65296626e-17,
   1.46930334e-17,-2.75494376e-17,-7.05265602e-18,-6.53023706e-18,
  -6.71681526e-17,-5.50988752e-17, 2.32186206e-17],
 [-1.83662917e-18,-1.72183985e-18,-3.90283699e-18,-7.57609534e-18,
   6.12209724e-18,-1.60705053e-17, 8.22809869e-18, 2.12232704e-17,
  -2.39886259e-17,-4.22424710e-17,-3.19256034e-17],
 [ 0.00000000e+00, 0.00000000e+00, 0.00000000e+00, 0.00000000e+00,
   0.00000000e+00, 0.00000000e+00, 0.00000000e+00, 0.00000000e+00,
   0.00000000e+00, 0.00000000e+00, 0.00000000e+00],
 [ 0.00000000e+00, 0.00000000e+00, 0.00000000e+00, 0.00000000e+00,
   0.00000000e+00, 0.00000000e+00, 0.00000000e+00, 0.00000000e+00,
   0.00000000e+00, 0.00000000e+00, 0.00000000e+00],
 [ 0.00000000e+00, 0.00000000e+00, 0.00000000e+00, 0.00000000e+00,
   0.00000000e+00, 0.00000000e+00, 0.00000000e+00, 0.00000000e+00,
   0.00000000e+00, 0.00000000e+00, 0.00000000e+00],
 [ 0.00000000e+00, 0.00000000e+00, 0.00000000e+00, 0.00000000e+00,
   0.00000000e+00, 0.00000000e+00, 0.00000000e+00, 0.00000000e+00,
   0.00000000e+00, 0.00000000e+00, 0.00000000e+00],
 [ 0.00000000e+00, 0.00000000e+00, 0.00000000e+00, 0.00000000e+00,
   0.00000000e+00, 0.00000000e+00, 0.00000000e+00, 0.00000000e+00,
   0.00000000e+00, 0.00000000e+00, 0.00000000e+00],
 [ 0.00000000e+00, 0.00000000e+00, 0.00000000e+00, 0.00000000e+00,
   0.00000000e+00, 0.00000000e+00, 0.00000000e+00, 0.00000000e+00,
   0.00000000e+00, 0.00000000e+00, 0.00000000e+00],
 [ 0.00000000e+00, 0.00000000e+00, 0.00000000e+00, 0.00000000e+00,
   0.00000000e+00, 0.00000000e+00, 0.00000000e+00, 0.00000000e+00,
   0.00000000e+00, 0.00000000e+00, 0.00000000e+00],
 [ 0.00000000e+00, 0.00000000e+00, 0.00000000e+00, 0.00000000e+00,
   0.00000000e+00, 0.00000000e+00, 0.00000000e+00, 0.00000000e+00,
   0.00000000e+00, 0.00000000e+00, 0.00000000e+00],
 [ 0.00000000e+00, 0.00000000e+00, 0.00000000e+00, 0.00000000e+00,
   0.00000000e+00, 0.00000000e+00, 0.00000000e+00, 0.00000000e+00,
   0.00000000e+00, 0.00000000e+00, 0.00000000e+00],
 [ 0.00000000e+00, 0.00000000e+00, 0.00000000e+00, 0.00000000e+00,
   0.00000000e+00, 0.00000000e+00, 0.00000000e+00, 0.00000000e+00,
   0.00000000e+00, 0.00000000e+00, 0.00000000e+00],
 [ 0.00000000e+00, 0.00000000e+00, 0.00000000e+00, 0.00000000e+00,
   0.00000000e+00, 0.00000000e+00, 0.00000000e+00, 0.00000000e+00,
   0.00000000e+00, 0.00000000e+00, 0.00000000e+00],
 [ 0.00000000e+00, 0.00000000e+00, 0.00000000e+00, 0.00000000e+00,
   0.00000000e+00, 0.00000000e+00, 0.00000000e+00, 0.00000000e+00,
   0.00000000e+00, 0.00000000e+00, 0.00000000e+00]]
measureGC
[1.        ,1.02748728,1.0307704 ,1.03060621,1.01874885,1.02883528,
 1.06489247,1.06622497,1.09887653,1.09829365,1.12054888,1.13014047,
 1.14049801,1.2075023 ,1.26016937,1.31656252,1.39652281,1.40028276,
 0.98156296,0.29295361]
measureAPL
[1.00000000e+00,7.10292249e-01,5.31554426e-01,2.71918679e-01,
 2.24481152e-02,2.96484540e-03,8.47098687e-04,8.47098687e-04,
 4.23549343e-04,4.23549343e-04,4.23549343e-04,4.23549343e-04,
 4.23549343e-04,4.23549343e-04,4.23549343e-04,4.23549343e-04,
 4.23549343e-04,4.23549343e-04,4.23549343e-04,4.23549343e-04]

Centrality
Tq
[[ 6.77014236e-01, 2.46551948e+00, 2.36797409e+00, 2.16700418e+00,
   2.01509824e+00, 1.90426300e+00, 1.82180084e+00, 1.75878062e+00,
   1.70933274e+00, 1.66959752e+00, 1.63699892e+00],
 [ 3.28527562e-01, 2.27115351e+00, 2.62163312e+00, 2.49317081e+00,
   2.37797642e+00, 2.28754982e+00, 2.21625097e+00, 2.15892135e+00,
   2.11200336e+00, 2.07303577e+00, 2.04026084e+00],
 [ 2.29514317e-01, 1.86989320e+00, 2.58573208e+00, 2.50597122e+00,
   2.39946390e+00, 2.31005584e+00, 2.23955189e+00, 2.18395458e+00,
   2.13948358e+00, 2.10332169e+00, 2.07345427e+00],
 [ 1.76421516e-01, 1.29235472e+00, 2.17961443e+00, 2.22533948e+00,
   2.19002425e+00, 2.14786329e+00, 2.11133097e+00, 2.08163843e+00,
   2.05773807e+00, 2.03841222e+00, 2.02266013e+00],
 [ 1.20742845e-01, 6.61557594e-01, 1.37516603e+00, 1.49565946e+00,
   1.48106581e+00, 1.44527235e+00, 1.41214882e+00, 1.38529145e+00,
   1.36402967e+00, 1.34715223e+00, 1.33361817e+00],
 [ 1.01279476e-01, 4.63515186e-01, 1.00830906e+00, 1.16473903e+00,
   1.17976957e+00, 1.15809381e+00, 1.13043064e+00, 1.10547676e+00,
   1.08466284e+00, 1.06760443e+00, 1.05362771e+00],
 [ 7.46336941e-02, 2.99564278e-01, 6.98397630e-01, 8.70817621e-01,
   9.07117834e-01, 9.03071277e-01, 8.89324114e-01, 8.74951560e-01,
   8.62271527e-01, 8.51628551e-01, 8.42839658e-01],
 [ 4.87753631e-02, 1.54062555e-01, 3.52329639e-01, 4.98405371e-01,
   5.59927060e-01, 5.79713501e-01, 5.82541971e-01, 5.78962214e-01,
   5.73190220e-01, 5.66893847e-01, 5.60733306e-01],
 [ 1.87112858e-02, 4.87396260e-02, 1.07158623e-01, 1.74359314e-01,
   2.22097860e-01, 2.49321703e-01, 2.63801712e-01, 2.70953900e-01,
   2.73859843e-01, 2.74299013e-01, 2.73324554e-01],
 [ 4.94696349e-03, 1.09335576e-02, 2.15565762e-02, 3.54910759e-02,
   4.81988626e-02, 5.67950973e-02, 6.17646308e-02, 6.45739444e-02,
   6.62858751e-02, 6.74764434e-02, 6.84285410e-02],
 [ 1.96336130e-17, 2.90868341e-18, 2.18151256e-17, 2.76324924e-17,
  -8.01503872e-17, 2.03607839e-17, 2.97849181e-17,-1.34445811e-16,
  -3.79909670e-17, 4.07215677e-17,-1.33296701e-16],
 [-6.36274495e-19, 4.72661054e-18, 1.27254899e-18, 1.63613442e-18,
  -1.77752875e-17, 9.45322107e-18,-2.79233607e-18,-1.80984745e-17,
   7.59819339e-18, 0.00000000e+00,-5.51572557e-17],
 [ 0.00000000e+00, 0.00000000e+00, 0.00000000e+00, 0.00000000e+00,
   0.00000000e+00, 0.00000000e+00, 0.00000000e+00, 0.00000000e+00,
   0.00000000e+00, 0.00000000e+00, 0.00000000e+00],
 [ 0.00000000e+00, 0.00000000e+00, 0.00000000e+00, 0.00000000e+00,
   0.00000000e+00, 0.00000000e+00, 0.00000000e+00, 0.00000000e+00,
   0.00000000e+00, 0.00000000e+00, 0.00000000e+00],
 [ 0.00000000e+00, 0.00000000e+00, 0.00000000e+00, 0.00000000e+00,
   0.00000000e+00, 0.00000000e+00, 0.00000000e+00, 0.00000000e+00,
   0.00000000e+00, 0.00000000e+00, 0.00000000e+00],
 [ 0.00000000e+00, 0.00000000e+00, 0.00000000e+00, 0.00000000e+00,
   0.00000000e+00, 0.00000000e+00, 0.00000000e+00, 0.00000000e+00,
   0.00000000e+00, 0.00000000e+00, 0.00000000e+00],
 [ 0.00000000e+00, 0.00000000e+00, 0.00000000e+00, 0.00000000e+00,
   0.00000000e+00, 0.00000000e+00, 0.00000000e+00, 0.00000000e+00,
   0.00000000e+00, 0.00000000e+00, 0.00000000e+00],
 [ 0.00000000e+00, 0.00000000e+00, 0.00000000e+00, 0.00000000e+00,
   0.00000000e+00, 0.00000000e+00, 0.00000000e+00, 0.00000000e+00,
   0.00000000e+00, 0.00000000e+00, 0.00000000e+00],
 [ 0.00000000e+00, 0.00000000e+00, 0.00000000e+00, 0.00000000e+00,
   0.00000000e+00, 0.00000000e+00, 0.00000000e+00, 0.00000000e+00,
   0.00000000e+00, 0.00000000e+00, 0.00000000e+00],
 [ 0.00000000e+00, 0.00000000e+00, 0.00000000e+00, 0.00000000e+00,
   0.00000000e+00, 0.00000000e+00, 0.00000000e+00, 0.00000000e+00,
   0.00000000e+00, 0.00000000e+00, 0.00000000e+00]]
measureGC
[1.        ,1.29448783,1.78995104,3.09820425,2.39012128,0.14987938,
 0.18784095,0.18784095,0.18784095,0.18784095,0.18784095,0.18784095,
 0.18784095,0.18784095,0.18784095,0.18784095,0.18784095,0.18784095,
 0.18784095,0.18784095]
measureAPL
[1.00000000e+00,7.60271072e-01,6.06099111e-01,4.65904278e-01,
 2.96484540e-01,6.90385430e-02,3.30368488e-02,1.18593816e-02,
 4.23549343e-03,1.69419737e-03,8.47098687e-04,8.47098687e-04,
 4.23549343e-04,4.23549343e-04,4.23549343e-04,4.23549343e-04,
 4.23549343e-04,4.23549343e-04,4.23549343e-04,4.23549343e-04]